tree
version=v4
num_class=1
num_tree_per_iteration=1
label_index=0
max_feature_idx=567
objective=binary sigmoid:1
feature_names=Column_0 Column_1 Column_2 Column_3 Column_4 Column_5 Column_6 Column_7 Column_8 Column_9 Column_10 Column_11 Column_12 Column_13 Column_14 Column_15 Column_16 Column_17 Column_18 Column_19 Column_20 Column_21 Column_22 Column_23 Column_24 Column_25 Column_26 Column_27 Column_28 Column_29 Column_30 Column_31 Column_32 Column_33 Column_34 Column_35 Column_36 Column_37 Column_38 Column_39 Column_40 Column_41 Column_42 Column_43 Column_44 Column_45 Column_46 Column_47 Column_48 Column_49 Column_50 Column_51 Column_52 Column_53 Column_54 Column_55 Column_56 Column_57 Column_58 Column_59 Column_60 Column_61 Column_62 Column_63 Column_64 Column_65 Column_66 Column_67 Column_68 Column_69 Column_70 Column_71 Column_72 Column_73 Column_74 Column_75 Column_76 Column_77 Column_78 Column_79 Column_80 Column_81 Column_82 Column_83 Column_84 Column_85 Column_86 Column_87 Column_88 Column_89 Column_90 Column_91 Column_92 Column_93 Column_94 Column_95 Column_96 Column_97 Column_98 Column_99 Column_100 Column_101 Column_102 Column_103 Column_104 Column_105 Column_106 Column_107 Column_108 Column_109 Column_110 Column_111 Column_112 Column_113 Column_114 Column_115 Column_116 Column_117 Column_118 Column_119 Column_120 Column_121 Column_122 Column_123 Column_124 Column_125 Column_126 Column_127 Column_128 Column_129 Column_130 Column_131 Column_132 Column_133 Column_134 Column_135 Column_136 Column_137 Column_138 Column_139 Column_140 Column_141 Column_142 Column_143 Column_144 Column_145 Column_146 Column_147 Column_148 Column_149 Column_150 Column_151 Column_152 Column_153 Column_154 Column_155 Column_156 Column_157 Column_158 Column_159 Column_160 Column_161 Column_162 Column_163 Column_164 Column_165 Column_166 Column_167 Column_168 Column_169 Column_170 Column_171 Column_172 Column_173 Column_174 Column_175 Column_176 Column_177 Column_178 Column_179 Column_180 Column_181 Column_182 Column_183 Column_184 Column_185 Column_186 Column_187 Column_188 Column_189 Column_190 Column_191 Column_192 Column_193 Column_194 Column_195 Column_196 Column_197 Column_198 Column_199 Column_200 Column_201 Column_202 Column_203 Column_204 Column_205 Column_206 Column_207 Column_208 Column_209 Column_210 Column_211 Column_212 Column_213 Column_214 Column_215 Column_216 Column_217 Column_218 Column_219 Column_220 Column_221 Column_222 Column_223 Column_224 Column_225 Column_226 Column_227 Column_228 Column_229 Column_230 Column_231 Column_232 Column_233 Column_234 Column_235 Column_236 Column_237 Column_238 Column_239 Column_240 Column_241 Column_242 Column_243 Column_244 Column_245 Column_246 Column_247 Column_248 Column_249 Column_250 Column_251 Column_252 Column_253 Column_254 Column_255 Column_256 Column_257 Column_258 Column_259 Column_260 Column_261 Column_262 Column_263 Column_264 Column_265 Column_266 Column_267 Column_268 Column_269 Column_270 Column_271 Column_272 Column_273 Column_274 Column_275 Column_276 Column_277 Column_278 Column_279 Column_280 Column_281 Column_282 Column_283 Column_284 Column_285 Column_286 Column_287 Column_288 Column_289 Column_290 Column_291 Column_292 Column_293 Column_294 Column_295 Column_296 Column_297 Column_298 Column_299 Column_300 Column_301 Column_302 Column_303 Column_304 Column_305 Column_306 Column_307 Column_308 Column_309 Column_310 Column_311 Column_312 Column_313 Column_314 Column_315 Column_316 Column_317 Column_318 Column_319 Column_320 Column_321 Column_322 Column_323 Column_324 Column_325 Column_326 Column_327 Column_328 Column_329 Column_330 Column_331 Column_332 Column_333 Column_334 Column_335 Column_336 Column_337 Column_338 Column_339 Column_340 Column_341 Column_342 Column_343 Column_344 Column_345 Column_346 Column_347 Column_348 Column_349 Column_350 Column_351 Column_352 Column_353 Column_354 Column_355 Column_356 Column_357 Column_358 Column_359 Column_360 Column_361 Column_362 Column_363 Column_364 Column_365 Column_366 Column_367 Column_368 Column_369 Column_370 Column_371 Column_372 Column_373 Column_374 Column_375 Column_376 Column_377 Column_378 Column_379 Column_380 Column_381 Column_382 Column_383 Column_384 Column_385 Column_386 Column_387 Column_388 Column_389 Column_390 Column_391 Column_392 Column_393 Column_394 Column_395 Column_396 Column_397 Column_398 Column_399 Column_400 Column_401 Column_402 Column_403 Column_404 Column_405 Column_406 Column_407 Column_408 Column_409 Column_410 Column_411 Column_412 Column_413 Column_414 Column_415 Column_416 Column_417 Column_418 Column_419 Column_420 Column_421 Column_422 Column_423 Column_424 Column_425 Column_426 Column_427 Column_428 Column_429 Column_430 Column_431 Column_432 Column_433 Column_434 Column_435 Column_436 Column_437 Column_438 Column_439 Column_440 Column_441 Column_442 Column_443 Column_444 Column_445 Column_446 Column_447 Column_448 Column_449 Column_450 Column_451 Column_452 Column_453 Column_454 Column_455 Column_456 Column_457 Column_458 Column_459 Column_460 Column_461 Column_462 Column_463 Column_464 Column_465 Column_466 Column_467 Column_468 Column_469 Column_470 Column_471 Column_472 Column_473 Column_474 Column_475 Column_476 Column_477 Column_478 Column_479 Column_480 Column_481 Column_482 Column_483 Column_484 Column_485 Column_486 Column_487 Column_488 Column_489 Column_490 Column_491 Column_492 Column_493 Column_494 Column_495 Column_496 Column_497 Column_498 Column_499 Column_500 Column_501 Column_502 Column_503 Column_504 Column_505 Column_506 Column_507 Column_508 Column_509 Column_510 Column_511 Column_512 Column_513 Column_514 Column_515 Column_516 Column_517 Column_518 Column_519 Column_520 Column_521 Column_522 Column_523 Column_524 Column_525 Column_526 Column_527 Column_528 Column_529 Column_530 Column_531 Column_532 Column_533 Column_534 Column_535 Column_536 Column_537 Column_538 Column_539 Column_540 Column_541 Column_542 Column_543 Column_544 Column_545 Column_546 Column_547 Column_548 Column_549 Column_550 Column_551 Column_552 Column_553 Column_554 Column_555 Column_556 Column_557 Column_558 Column_559 Column_560 Column_561 Column_562 Column_563 Column_564 Column_565 Column_566 Column_567
feature_infos=[2.0013689994812012:17.993154525756836] [-0.7776256799697876:0.99923950433731079] none none none [0:1] [0:1] [0:1] [0:1] [0:1] [0:1] [0:1] [0:1] [0:1] [0:1] [0:1] [0:1] [0:1] [0:1] [0:1] [0:1] [0:1] [0:1] [0:1] [0:1] [0:1] [0:1] [0:1] [0:1] [0:1] [0:1] [0:1] [0:1] [0:1] [0:1] [0:1] [0:1] [0:1] [0:1] [0:1] [0:1] [0:1] [0:1] [0:1] [0:1] [0:1] [0:1] [0:1] [0:1] [0:1] [0:1] [0:1] [0:1] [0:1] [0:1] [0:1] [0:1] [0:1] [0:1] [0:1] [0:1] [0:1] [0:1] [0:1] [0:1] [0:1] [0:1] [0:1] [0:1] [0:1] [0:1] [0:1] [0:1] [0:1] [0:1] [0:1] [0:1] [0:1] [0:1] [0:1] [0:1] [0:1] [0:1] [0:1] [0:1] [0:1] [0:1] [0:1] [0:1] [0:1] [0:1] [0:1] [0:1] [0:1] [0:1] [0:1] [0:1] [0:1] [0:1] [0:1] [0:1] [0:1] [0:1] [0:1] [0:1] [0:1] [0:1] [0:1] [0:1] none none none none [0:1] [0:1] none [0:1] none [0:1] none none [0:1] none none none none [0:1] [0:1] [0:1] [0:1] [0:1] none [0:1] [0:1] [0:1] [0:1] none [0:1] [0:1] [0:1] [0:1] [0:1] [0:1] [0:1] [0:1] [0:1] [0:1] [0:1] [0:1] [0:1] [0:1] [0:1] [0:1] [0:1] [0:1] [0:1] [0:1] none none none none none none none none none none [0:1] [0:1] none none none none none [0:1] [0:1] [0:1] [0:1] [0:1] [0:1] [0:1] [0:1] [0:1] [0:1] [0:1] [0:1] [0:1] [0:1] [0:1] [0:1] [0:1] [0:1] [0:1] [0:1] [0:1] [0:1] [0:1] [0:1] [0:1] [0:1] [0:1] [0:1] none none [0:1] [0:1] [0:1] none [0:1] [0:1] [0:1] [0:1] [0:1] none [0:1] none none [0:1] none [0:1] [0:1] [0:1] [0:1] [0:1] [0:1] [0:1] [0:1] [0:1] [0:1] [0:1] [0:1] [0:1] [0:1] [0:1] [0:1] [0:1] [0:1] [0:1] [0:1] [0:1] [0:1] [0:1] [0:1] [0:1] none none none none none none none none none none none none none none none none none [0:1] [0:1] [0:1] [0:1] [0:1] [0:1] [0:1] [0:1] [0:1] [0:1] none [0:1] [0:1] [0:1] [0:1] none [0:1] [0:1] none none none [0:1] [0:1] none none none none none [0:1] [0:1] [0:1] [0:1] [0:1] [0:1] [0:1] none none none [0:1] none [0:1] [0:1] [0:1] none [0:1] [0:1] [0:1] [0:1] none none [0:1] [0:1] none none none none [0:1] [0:1] none none none [0:1] none none [0:1] [0:1] none none [0:1] [0:1] none none none none none none none none none none none none none none none none none none none none none none none none none none none none none none none none none none none none none none none none none none none none none none none none none none none none none none none none none none none none none none none none none none none none none none none none none none none none none none none none none none none none none none none none none none none none none none none none none none none none none none none none none none none none none none none none none none none none none none none none none none none none none none none none none none none none none none none none none none none none none none none none none none none none none none none none none none none none none none none none none none none none none none none none none none none none none none none none none none none none none none none none none none none none none none none none none none none none none none none none none none none none none none none none none none none none none none none none none none none none none none none none none none none none none none none none none none none none none
tree_sizes=3385 3401 3451 3465 3441 3477 3493 3478 3501 3516

Tree=0
num_leaves=31
num_cat=0
split_feature=0 0 82 130 0 128 56 10 67 0 1 0 16 0 26 13 6 0 14 7 54 15 8 1 81 80 15 5 0 15
split_gain=252.569 50.1899 20.2838 15.5367 9.86611 11.1277 10.0202 8.62056 8.05008 8.77671 6.85309 11.8117 7.65045 6.43575 6.32591 8.6436 6.10143 5.97594 5.83283 6.55459 5.41857 5.03087 7.57376 4.89511 4.84424 4.60153 4.36418 5.05904 4.35562 4.51276
threshold=6.9705681800842294 11.623545169830324 1.0000000180025095e-35 1.0000000180025095e-35 5.3018479347229013 1.0000000180025095e-35 1.0000000180025095e-35 1.0000000180025095e-35 1.0000000180025095e-35 4.2108144760131845 -0.48056885600090021 4.507871389389039 1.0000000180025095e-35 13.211498737335207 1.0000000180025095e-35 1.0000000180025095e-35 1.0000000180025095e-35 5.6454484462738046 1.0000000180025095e-35 1.0000000180025095e-35 1.0000000180025095e-35 1.0000000180025095e-35 1.0000000180025095e-35 -0.46003498136997217 1.0000000180025095e-35 1.0000000180025095e-35 1.0000000180025095e-35 1.0000000180025095e-35 12.881587982177736 1.0000000180025095e-35
decision_type=2 2 2 2 2 2 2 2 2 2 2 2 2 2 2 2 2 2 2 2 2 2 2 2 2 2 2 2 2 2
left_child=2 25 3 -1 5 8 16 17 9 -5 11 12 21 28 -7 18 -6 -8 19 -16 23 22 -10 -12 -21 -2 -27 -28 -3 -30
right_child=1 13 -4 4 6 14 7 -9 10 -11 20 -13 -14 -15 15 -17 -18 -19 -20 24 -22 -23 -24 -25 -26 26 27 -29 29 -31
leaf_value=-1.0575105782643788 -1.1050886734665937 -1.1481213735558207 -1.0922127533128589 -1.0491727503061477 -1.0654402607980813 -0.93958033962315568 -0.72334054015660043 -0.98350020794982251 -0.90156015510156351 -0.93703420237123658 -1.1374909969232745 -0.88692800280723161 -1.0992643523807928 -1.166892744628752 -0.94253018152569301 -0.95300372211532003 -0.93168517453107058 -0.89960920146231937 -1.0670010237094767 -1.0997664991534331 -1.1583056540261081 -1.0662763837863289 -1.0517835853233715 -1.0216926054638416 -0.96301519473775776 -1.0303230952916846 -1.1550026441438528 -1.0209076233805494 -1.059502575809077 -1.1516480247321872
leaf_weight=64.02429361641407 226.9952228218317 72.661001846194267 37.926414400339127 12.767307817935945 7.3224265426397324 23.469315841794014 3.7550905346870422 4.8816176950931549 7.3224265426397324 15.395871192216871 5.4448812752962139 5.2571267485618582 16.146889299154282 253.09310203790665 12.204044237732887 24.971352055668831 6.3836539089679718 3.9428450614213943 19.714225307106972 6.9469174891710281 8.4489537030458468 9.1999718099832535 6.1958993822336197 11.077517077326773 4.1305995881557465 17.085661932826042 8.0734446495771426 4.3183541148900977 12.955062344670296 9.0122172832489014
leaf_count=341 1209 387 202 68 39 125 20 26 39 82 29 28 86 1348 65 133 34 21 105 37 45 49 33 59 22 91 43 23 69 48
internal_value=-1.0959 -1.13382 -1.0236 -1.01427 -1.00139 -1.00939 -0.943993 -0.879546 -1.03293 -0.98787 -1.0513 -1.02761 -1.04664 -1.15857 -0.984341 -0.999798 -1.00314 -0.813624 -1.02697 -0.993082 -1.09316 -1.00923 -0.970413 -1.05985 -1.04877 -1.10026 -1.06309 -1.10827 -1.13632 -1.09731
internal_weight=921.124 604.194 316.93 279.003 214.979 188.693 26.2856 12.5796 97.2568 28.1632 69.0937 44.1223 38.8652 347.721 91.4365 67.9671 13.7061 7.69794 42.9958 23.2816 24.9714 22.7183 13.5183 16.5224 11.0775 256.473 29.4775 12.3918 94.6283 21.9673
internal_count=4906 3218 1688 1486 1145 1005 140 67 518 150 368 235 207 1852 487 362 73 41 229 124 133 121 72 88 59 1366 157 66 504 117
is_linear=0
shrinkage=1


Tree=1
num_leaves=31
num_cat=0
split_feature=0 0 82 130 0 1 1 67 83 13 0 16 15 0 0 5 13 6 9 0 15 73 14 0 6 0 0 14 55 15
split_gain=200.603 43.0817 15.106 11.2139 6.74101 8.11734 7.3286 7.73504 6.98896 5.7725 5.51562 5.27511 8.12762 10.2133 8.0263 8.33379 6.48167 12.7301 5.14138 4.48866 3.98443 5.47328 5.24171 5.70536 4.68586 5.49802 3.93045 3.90613 3.78724 3.75168
threshold=6.9705681800842294 11.741273403167726 1.0000000180025095e-35 1.0000000180025095e-35 5.3018479347229013 -0.4741805493831634 -0.44832307100296015 1.0000000180025095e-35 1.0000000180025095e-35 1.0000000180025095e-35 16.56947231292725 1.0000000180025095e-35 1.0000000180025095e-35 3.1252566576004033 4.3367555141448983 1.0000000180025095e-35 1.0000000180025095e-35 1.0000000180025095e-35 1.0000000180025095e-35 3.5414099693298344 1.0000000180025095e-35 1.0000000180025095e-35 1.0000000180025095e-35 2.5407255887985234 1.0000000180025095e-35 2.7748117446899419 2.5407255887985234 1.0000000180025095e-35 1.0000000180025095e-35 1.0000000180025095e-35
decision_type=2 2 2 2 2 2 2 2 2 2 2 2 2 2 2 2 2 2 2 2 2 2 2 2 2 2 2 2 2 2
left_child=2 -2 3 -1 5 11 27 -8 9 18 -3 14 16 26 19 -16 -13 -18 -6 20 22 -22 23 -5 25 -24 -14 -7 -11 -4
right_child=1 10 29 4 8 6 7 -9 -10 28 -12 12 13 -15 15 -17 17 -19 -20 -21 21 -23 24 -25 -26 -27 -28 -29 -30 -31
leaf_value=0.033865284806225131 -0.0046658196918103467 -0.052329827576711264 0.029018313420627842 0.079008613749276785 0.2557907442400818 -0.065368595147763484 0.19043375556970421 0.033215701626266428 0.0068858724695714914 0.026616799650493878 -0.084250918157838084 0.0046925929029395094 0.13175891875625487 0.060011998978498127 0.24030100337953406 0.070881077561716466 0.165169376282538 -0.013128313225476862 0.13394984505695143 0.055492747037629291 0.050014045188167683 0.17641647409210476 0.11921853421645945 0.19677786350512982 0.15069309583135929 -0.035533939660493279 0.27182551486950385 0.037510388959053564 0.14941212674023727 -0.035096667867811536
leaf_weight=65.244251802563667 262.85194790363312 261.55724458396435 22.760036319494247 5.9873290210962322 6.3106863200664556 8.8022875785827654 4.2474109232425699 11.888504147529602 4.1523791700601569 4.8983757793903351 68.255929619073868 26.332235008478165 4.1011220663785952 14.781049475073813 7.3932296037673932 4.7810420393943787 8.9175140261650103 7.2682770341634741 7.6758848875761032 29.693477928638458 19.751969859004024 4.1443622410297385 4.3016530573368055 13.144336014986036 5.9079181104898444 4.9233937859535217 3.916805699467659 6.3551070988178244 5.1547701805830002 15.236057370901106
leaf_count=341 1404 1437 121 30 31 47 21 62 21 25 377 136 21 76 37 24 45 37 38 152 100 21 22 66 30 25 20 33 25 81
internal_value=-0.00013862 -0.0348667 0.0625981 0.0703642 0.080956 0.0743996 0.0276968 0.0745998 0.126686 0.14738 -0.058936 0.0832386 0.0611347 0.109307 0.097672 0.173767 0.0353038 0.0851043 0.188924 0.0871273 0.103278 0.0719361 0.125136 0.159922 0.0811587 0.0366274 0.200182 -0.0222341 0.0895803 0.00330884
internal_weight=920.737 592.665 328.071 290.075 224.831 196.639 31.2933 16.1359 28.1921 24.0397 329.813 165.346 65.317 22.799 100.029 12.1743 42.518 16.1858 13.9866 87.8544 58.161 23.8963 34.2646 19.1317 15.133 9.22505 8.01793 15.1574 10.0531 37.9961
internal_count=4906 3218 1688 1486 1145 1005 163 83 140 119 1814 842 335 117 507 61 218 82 69 446 294 121 173 96 77 47 41 80 50 202
is_linear=0
shrinkage=0.1


Tree=2
num_leaves=31
num_cat=0
split_feature=0 130 0 82 1 76 129 128 104 34 16 0 83 1 138 1 16 1 0 5 1 26 13 83 67 0 10 0 0 11
split_gain=161.258 28.495 21.2789 8.14003 6.62021 6.23933 5.36895 4.49504 4.47735 4.22694 5.92212 6.74614 5.59632 4.84108 4.7448 4.1106 4.23156 4.84834 7.73553 5.49184 5.35156 4.05726 5.32522 3.76621 3.6136 4.97041 5.66164 5.10309 4.64878 3.71025
threshold=9.0047912597656268 1.0000000180025095e-35 13.211498737335207 1.0000000180025095e-35 -0.011027454398572443 1.0000000180025095e-35 1.0000000180025095e-35 1.0000000180025095e-35 1.0000000180025095e-35 1.0000000180025095e-35 1.0000000180025095e-35 6.2258727550506601 1.0000000180025095e-35 -0.14837630838155744 1.0000000180025095e-35 -0.40634268522262568 1.0000000180025095e-35 -0.4741805493831634 4.3367555141448983 1.0000000180025095e-35 -0.46003498136997217 1.0000000180025095e-35 1.0000000180025095e-35 1.0000000180025095e-35 1.0000000180025095e-35 12.881587982177736 1.0000000180025095e-35 11.377138614654543 11.190965175628664 1.0000000180025095e-35
decision_type=2 2 2 2 2 2 2 2 2 2 2 2 2 2 2 2 2 2 2 2 2 2 2 2 2 2 2 2 2 2
left_child=1 4 5 6 8 24 -3 15 9 12 14 -12 -1 -13 -11 16 17 18 -8 -20 -19 -9 23 -23 25 27 -27 28 29 -2
right_child=2 3 -4 -5 -6 -7 7 21 -10 10 11 13 -14 -15 -16 -17 -18 20 19 -21 -22 22 -24 -25 -26 26 -28 -29 -30 -31
leaf_value=0.0041443479149747718 -0.059181434473469553 0.14011531526579338 -0.062388498994034286 0.010738636082301073 0.11231994569897404 0.085258341985230995 0.052491277095730718 0.11633550017752819 0.08696588840886206 -0.0070222450123050553 0.15842708129406813 0.015285779954992629 -0.057423547669524712 0.1241469565919769 0.10400692894024162 0.094759509816431067 0.021275072784659153 -0.070270790865687868 0.19552320571281828 0.061756670049898557 0.053004987451240229 0.03852481879685965 0.10507868750265026 0.12298330184480984 -0.011420132293530947 0.10363623228084318 -0.047961866016350573 -0.070766065968255312 0.063198812977314819 0.00077923147267531243
leaf_weight=76.147375985980034 24.31791740655899 10.468071654438971 236.16935324668884 25.619217708706856 6.5234130173921576 5.5188942700624457 29.286906972527504 26.21709606051445 7.2282113134860984 46.99529168009758 5.4374129176139858 21.355551064014442 18.314526662230492 5.0512798279523805 4.1923183947801581 20.531529977917671 41.761485457420349 4.8971379697322872 8.131196051836012 4.9300832301378241 12.535923466086386 39.979067102074623 27.836179628968239 6.0831751972436896 129.90184183418751 5.1015653014183027 4.7640252709388733 40.044576600193977 5.6036835908889762 17.927809149026871
leaf_count=404 130 49 1348 136 35 30 146 125 38 246 28 112 97 27 22 98 214 27 37 24 63 199 133 30 705 28 26 223 30 96
internal_value=-0.000233466 0.0425726 -0.0412312 0.0642377 0.0133138 -0.0198027 0.0701288 0.0668315 0.00981742 0.00667564 0.0231356 0.0569953 -0.0077926 0.0361095 0.00207116 0.0539507 0.0456993 0.0627613 0.0810332 0.145032 0.0183755 0.0825375 0.0705469 0.0496788 -0.0223496 -0.0368724 0.0304306 -0.0444268 -0.0223838 -0.0337359
internal_weight=918.872 449.522 469.35 258.277 191.245 233.18 232.658 222.19 184.722 177.494 83.0319 31.8442 94.4619 26.4068 51.1876 122.074 101.543 59.7812 42.3482 13.0613 17.4331 100.116 73.8984 46.0622 227.661 97.7596 9.86559 87.894 47.8494 42.2457
internal_count=4906 2290 2616 1281 1009 1268 1145 1096 974 936 435 167 501 139 268 609 511 297 207 61 90 487 362 229 1238 533 54 479 256 226
is_linear=0
shrinkage=0.1


Tree=3
num_leaves=31
num_cat=0
split_feature=0 130 0 82 1 76 308 129 229 5 104 34 73 6 0 44 83 0 26 13 15 99 8 5 11 16 0 60 0 134
split_gain=130.932 21.9979 18.5286 6.21341 4.99234 4.93617 4.1031 4.33241 3.63912 3.58561 3.44021 3.37406 4.93159 5.90401 6.30418 4.74137 6.30391 5.6417 3.8288 5.04398 6.91858 4.21437 6.65498 5.60241 3.80926 3.4748 7.42606 4.28062 3.4472 5.99055
threshold=9.0047912597656268 1.0000000180025095e-35 13.211498737335207 1.0000000180025095e-35 -0.011027454398572443 1.0000000180025095e-35 1.0000000180025095e-35 1.0000000180025095e-35 1.0000000180025095e-35 1.0000000180025095e-35 1.0000000180025095e-35 1.0000000180025095e-35 1.0000000180025095e-35 1.0000000180025095e-35 6.8391511440277108 1.0000000180025095e-35 1.0000000180025095e-35 5.3018479347229013 1.0000000180025095e-35 1.0000000180025095e-35 1.0000000180025095e-35 1.0000000180025095e-35 1.0000000180025095e-35 1.0000000180025095e-35 1.0000000180025095e-35 1.0000000180025095e-35 6.2258727550506601 1.0000000180025095e-35 6.1615331172943124 1.0000000180025095e-35
decision_type=2 2 2 2 2 2 2 2 2 2 2 2 2 2 2 2 2 2 2 2 2 2 2 2 2 2 2 2 2 2
left_child=1 4 5 6 10 -2 7 9 -4 -3 11 15 25 14 -14 -1 17 -17 21 -20 24 22 -19 -24 -21 28 -27 -28 -13 -30
right_child=2 3 8 -5 -6 -7 -8 -9 -10 -11 -12 12 13 -15 -16 16 -18 18 19 20 -22 -23 23 -25 -26 26 27 -29 29 -31
leaf_value=-0.11089441170428918 -0.020397551979344855 0.17600638836172755 -0.055935278687057159 0.0096107817233686971 0.095451437996951827 0.073368869282211965 -0.026730340506831429 0.060266422268182678 -0.12722759735223438 0.059618907764449336 0.074948355651960216 -0.070420938022272006 0.053699669593897395 -0.0038638171909535948 0.21409418896684299 0.1223033214141096 -0.056567061596168582 -0.030401876097326141 -0.048100422643915036 -0.080493836034113697 0.10830160311285962 0.10698158692183089 0.011872110875710429 0.16777599159872603 0.042586963874327449 0.15544422939369673 0.032930387378933869 -0.083107764657558633 -0.032666769968171326 0.054252177812716768
leaf_weight=4.2010723501443854 225.0019346177578 6.0667524188756925 220.69281962513924 25.755521550774574 6.8871048837900153 5.75796915590763 5.1792753934860221 223.0555729418993 7.4000426083803168 4.6958030760288239 7.530843883752822 7.7066839188337317 6.2934685647487658 6.805493712425231 4.013001874089241 4.2634098529815665 17.239935398101807 14.514731809496883 22.211144849658012 5.6464774459600466 6.2020271420478812 5.8221809715032569 5.4845834821462631 3.9758215546607971 4.5334073454141617 4.3714078366756466 18.386383295059208 3.8437034487724295 18.815483242273331 13.705033421516417
leaf_count=22 1238 27 1304 136 35 30 25 1072 44 21 38 40 32 35 21 22 94 77 118 30 33 31 29 21 24 21 95 20 100 71
internal_value=-0.00029815 0.0375758 -0.0380362 0.0562774 0.0118487 -0.0180579 0.0613064 0.0632565 -0.0582482 0.125225 0.00874585 0.00594551 0.0205209 0.0684213 0.116152 -0.00705698 -0.00220427 0.0106954 0.00373786 -0.0170528 0.0250427 0.0306656 0.0121328 0.0773921 -0.0256823 0.00825565 0.0362964 0.0128668 -0.0102872 0.00396325
internal_weight=916.059 457.206 458.853 264.753 192.453 230.76 238.997 233.818 228.093 10.7626 185.566 178.035 83.9407 17.112 10.3065 94.0948 89.8937 72.6538 68.3904 38.5931 16.3819 29.7973 23.9751 9.46041 10.1799 66.8287 26.6015 22.2301 40.2272 32.5205
internal_count=4906 2290 2616 1281 1009 1268 1145 1120 1348 48 974 936 435 88 53 501 479 385 363 205 87 158 127 50 54 347 136 115 211 171
is_linear=0
shrinkage=0.1


Tree=4
num_leaves=31
num_cat=0
split_feature=0 127 0 82 76 1 231 21 5 0 1 1 128 26 67 0 15 1 0 1 63 13 14 0 1 0 54 55 1 11
split_gain=106.362 17.2897 16.1236 4.89429 3.92599 3.92069 3.44033 3.3059 10.2897 4.47978 6.01393 4.00994 3.56024 5.41393 4.49982 5.29165 3.26621 4.47945 4.25521 6.44386 3.16153 3.0267 3.8613 3.65374 2.97634 5.99845 3.69161 4.95569 4.96567 2.96633
threshold=9.0047912597656268 1.0000000180025095e-35 13.211498737335207 1.0000000180025095e-35 1.0000000180025095e-35 -0.011027454398572443 1.0000000180025095e-35 1.0000000180025095e-35 1.0000000180025095e-35 5.6960985660552987 -0.37987679243087763 -0.39508707821369166 1.0000000180025095e-35 1.0000000180025095e-35 1.0000000180025095e-35 4.1437373161315927 1.0000000180025095e-35 -0.53988897800445546 4.507871389389039 -0.59129971265792836 1.0000000180025095e-35 1.0000000180025095e-35 1.0000000180025095e-35 2.7748117446899419 -0.48056885600090021 4.507871389389039 1.0000000180025095e-35 1.0000000180025095e-35 -0.46003498136997217 1.0000000180025095e-35
decision_type=2 2 2 2 2 2 2 2 2 2 2 2 2 2 2 2 2 2 2 2 2 2 2 2 2 2 2 2 2 2
left_child=1 5 4 7 20 -1 -4 9 -9 10 11 12 14 -14 15 -3 18 -18 19 -5 29 22 -15 -24 25 -16 27 28 -26 -2
right_child=2 3 6 16 -6 -7 -8 8 -10 -11 -12 -13 13 21 24 -17 17 -19 -20 -21 -22 -23 23 -25 26 -27 -28 -29 -30 -31
leaf_value=0.0068178515038006182 -0.026138225298100056 0.012055870263969442 -0.052084770567516848 0.007919860614188208 0.063683608137139996 0.082156606416915579 -0.12399840404640897 0.1345960061684793 0.010291172739737077 0.11280484768112356 -0.057616839359867993 0.1219543633589486 0.10120438571459101 0.056870600823917677 0.022739526970204385 0.096845439434261715 -0.11074077318791348 0.022432129497595724 -0.023034913629059142 0.17142070887428396 -0.085524975648083645 0.073033100013377136 0.039628465541072605 -0.046859896698907305 -0.10942175522540121 0.13740387283662639 -0.058268723820522186 0.10208218348270724 0.02453521354057257 -0.0022621738356611923
leaf_weight=179.48170219361782 128.17470821738243 11.750216603279116 213.672038808465 5.5879611670970943 5.9586837738752356 7.1840588003396979 6.8661617636680594 16.995647221803665 10.949572876095774 10.608817234635351 5.4351428747177115 7.259051799774169 24.149315625429153 24.193280458450317 39.456109464168549 19.702197805047035 4.4811984300613403 5.788214638829233 7.1288012415170661 4.2391429543495169 6.8350255489349356 26.419706702232361 9.9349304884672183 9.6086056232452375 3.7983236908912685 5.1587918549776068 9.0191105604171771 5.2530716955661765 10.194022491574286 87.596135571599007
leaf_count=939 715 57 1304 29 30 35 44 79 52 48 25 33 108 113 191 89 24 31 37 22 39 119 48 47 20 23 47 25 49 484
internal_value=-0.000347069 0.0332426 -0.0350342 0.0490894 -0.0164221 0.00971736 -0.0543237 0.0534761 0.0858905 0.0493947 0.0462115 0.0489523 0.0462845 0.060366 0.0335562 0.0651691 0.00882679 -0.0356797 0.0357823 0.0784496 -0.0185664 0.0463086 0.0301653 -0.00289365 0.0199131 0.0359981 -0.00547661 0.0192637 -0.0118284 -0.0164453
internal_weight=912.88 463.777 449.103 277.111 228.565 186.666 220.538 249.886 27.9452 221.941 211.332 205.897 198.638 94.3058 104.332 31.4524 27.2253 10.2694 16.9559 9.8271 222.606 70.1565 43.7368 19.5435 72.8794 44.6149 28.2645 19.2454 13.9923 215.771
internal_count=4906 2290 2616 1316 1268 974 1348 1173 131 1042 994 969 936 435 501 146 143 55 88 51 1238 327 208 95 355 214 141 94 69 1199
is_linear=0
shrinkage=0.1


Tree=5
num_leaves=31
num_cat=0
split_feature=0 127 238 232 265 104 0 1 13 262 0 61 9 10 95 12 13 82 99 31 94 73 15 0 0 0 16 67 0 56
split_gain=87.0602 24.1198 5.36052 5.28097 4.63627 4.69372 5.41299 4.61737 4.4992 3.94328 3.83175 4.58642 5.45748 5.89473 4.11508 8.34829 4.82157 3.82583 3.57709 3.63952 4.82346 3.3579 3.22161 3.7452 3.19823 3.10694 3.0285 4.37409 5.73554 6.45108
threshold=11.377138614654543 1.0000000180025095e-35 1.0000000180025095e-35 1.0000000180025095e-35 1.0000000180025095e-35 1.0000000180025095e-35 11.190965175628664 0.62826070189476024 1.0000000180025095e-35 1.0000000180025095e-35 9.2238192558288592 1.0000000180025095e-35 1.0000000180025095e-35 1.0000000180025095e-35 1.0000000180025095e-35 1.0000000180025095e-35 1.0000000180025095e-35 1.0000000180025095e-35 1.0000000180025095e-35 1.0000000180025095e-35 1.0000000180025095e-35 1.0000000180025095e-35 1.0000000180025095e-35 13.726214885711672 11.296372413635256 9.8631072044372576 1.0000000180025095e-35 1.0000000180025095e-35 12.262833595275881 1.0000000180025095e-35
decision_type=2 2 2 2 2 2 2 2 2 2 2 2 2 2 2 2 2 2 2 2 2 2 2 2 2 2 2 2 2 2
left_child=1 2 4 7 5 6 10 18 -7 17 14 -12 13 -13 -1 16 -16 -3 26 20 22 -22 23 -20 -8 -15 27 -2 29 -29
right_child=3 9 -4 -5 -6 8 24 -9 -10 -11 11 12 -14 25 15 -17 -18 -19 19 -21 21 -23 -24 -25 -26 -27 -28 28 -30 -31
leaf_value=0.0014945296480381107 -0.033019673396775959 0.045740877205711544 -0.096716707887084752 -0.12320427564589172 0.11032498537580984 0.014789501251603535 0.11983578938167611 -0.054036002575145119 0.13492299696547749 0.1358128825262111 0.0028569339983383424 -0.048044646099871351 -0.078749787922634928 -0.022311700516548853 -0.059529731526180241 0.12919597609435976 0.07186517123100486 0.0060724669560535856 -0.062925251527601353 -0.10837082743932079 0.089427817086146832 -0.031122314629600429 -0.10610152157559126 0.050434306178356605 0.001581685557583673 0.093913564855014162 -0.039817508685326727 -0.0088672526316900518 -0.0093588643158457087 0.14417847259289862
leaf_weight=164.36945322155952 35.11175774037838 249.94060300290585 5.2953774631023398 7.9770695865154257 4.104745775461196 7.94288821518421 5.9387977272272092 141.68577416241169 5.1316135078668594 4.5426510125398627 50.527172923088074 15.522111654281616 20.778482854366302 3.6548009365797043 6.6472569853067416 7.9163519740104666 4.8162040412425995 26.932723447680473 10.79742583632469 9.6025989651679975 4.1601422280073148 5.1974060237407684 9.8690555691719055 3.9919927716255197 3.719424843788147 6.2047820836305618 49.067214697599411 4.9554319679737073 26.336247026920319 6.2001111805438995
leaf_count=859 211 1154 28 53 22 41 32 894 26 21 277 85 114 20 35 41 25 141 64 55 25 31 60 25 20 34 292 28 158 35
internal_value=-0.000374868 0.0221612 0.00304061 -0.0428768 0.00475977 0.00333047 0.000688923 -0.0407894 0.0619407 0.0433984 -0.00184609 -0.0179603 -0.040747 -0.00963631 0.00663308 0.0502156 -0.0043261 0.0418822 -0.0294344 -0.0540041 -0.0386565 0.0224714 -0.0618538 -0.032327 0.0742956 0.0508306 -0.0206262 -0.0076563 0.016097 0.0761936
internal_weight=908.938 593.985 312.569 314.952 307.274 303.169 290.095 306.975 13.0745 281.416 280.437 96.6874 46.1602 25.3817 183.749 19.3798 11.4635 276.873 165.289 43.6186 34.016 9.35755 24.6585 14.7894 9.65822 9.85958 121.671 72.6035 37.4918 11.1555
internal_count=4906 2975 1659 1931 1631 1609 1542 1878 67 1316 1490 530 253 139 960 101 60 1295 984 260 205 56 149 89 52 54 724 432 221 63
is_linear=0
shrinkage=0.1


Tree=6
num_leaves=31
num_cat=0
split_feature=0 1 177 229 7 108 130 138 55 0 16 1 82 142 14 1 12 265 99 70 15 0 0 214 85 0 104 73 62 1
split_gain=71.7096 19.378 7.06106 4.93936 4.22874 8.7645 5.29432 4.59435 6.21915 4.77702 4.3285 4.0967 4.01048 3.8622 3.83373 3.44988 4.8267 3.33767 3.12509 3.38669 4.18612 3.45286 2.79175 3.82763 3.53693 3.16079 3.75094 3.81795 3.48717 3.34725
threshold=11.377138614654543 -0.29652445018291468 1.0000000180025095e-35 1.0000000180025095e-35 1.0000000180025095e-35 1.0000000180025095e-35 1.0000000180025095e-35 1.0000000180025095e-35 1.0000000180025095e-35 4.5790553092956552 1.0000000180025095e-35 0.62826070189476024 1.0000000180025095e-35 1.0000000180025095e-35 1.0000000180025095e-35 -0.6132025122642516 1.0000000180025095e-35 1.0000000180025095e-35 1.0000000180025095e-35 1.0000000180025095e-35 1.0000000180025095e-35 14.017796039581301 11.190965175628664 1.0000000180025095e-35 1.0000000180025095e-35 11.02532482147217 1.0000000180025095e-35 1.0000000180025095e-35 1.0000000180025095e-35 -0.0050954443868249646
decision_type=2 2 2 2 2 2 2 2 2 2 2 2 2 2 2 2 2 2 2 2 2 2 2 2 2 2 2 2 2 2
left_child=1 2 4 11 -1 6 -6 8 12 -9 15 18 14 17 -8 -10 -17 22 -2 -20 21 -21 23 24 25 26 28 -28 -3 -30
right_child=3 13 -4 -5 5 -7 7 9 10 -11 -12 -13 -14 -15 -16 16 -18 -19 19 20 -22 -23 -24 -25 -26 -27 27 -29 29 -31
leaf_value=0.047315940255590681 -0.018726150423376931 0.016344726327996672 -0.083937663323472855 -0.12055492177882288 -0.035811542959257286 0.15423720348885053 -0.017539635425776523 0.11948035873025185 0.13742733649931257 -0.0079063336634760985 0.0038105582144646061 -0.050432610333553229 -0.092542511945286288 -0.089452614576196993 0.043284035080169231 0.097832967842475027 -0.0030527480103925823 0.093478261076606881 -0.090459087345360456 -0.023471354865809795 -0.078933845385967705 0.084449151293886776 0.050288464222288602 0.085115459087503231 -0.080893351298800528 -0.070192073413921627 0.13686241953566033 0.0012144665404775891 0.0045672173313036175 -0.024491211476574883
leaf_weight=194.97076784074306 120.05711632966995 70.938431277871132 4.810151442885398 7.3742321431636801 15.703417271375654 4.9389492720365515 29.280977562069893 9.5485733151435834 6.2108943015336981 4.2558871805667868 14.268426164984701 137.20445856451988 4.7557547241449347 4.7217508405446997 16.039148539304733 10.356117591261867 8.7484641373157501 3.9115110188722602 14.04918125271797 13.548590928316118 10.902617633342745 3.7950475215911856 10.774483174085615 4.9819217771291724 5.755151852965354 6.53499612212181 3.9882461577653867 4.3251195400953293 77.340942248702035 81.322649613022818
leaf_count=908 723 374 23 53 80 23 133 43 28 20 66 895 25 26 73 47 40 20 86 82 69 23 56 26 31 36 20 22 406 449
internal_value=-0.000403957 0.01975 0.0363183 -0.0397019 0.0381311 0.0237019 0.0182918 0.0265034 0.0182348 0.0802073 0.0478573 -0.0377116 -0.0051811 0.000207528 0.00398634 0.0726832 0.0516349 0.00177624 -0.026961 -0.0503359 -0.0303793 0.000143266 0.000427572 -0.00167765 -0.00340581 -0.0015815 0.000303073 0.0662901 -0.00208617 -0.0103266
internal_weight=905.414 598.483 323.888 306.931 319.077 124.107 119.168 103.464 89.6598 13.8045 39.5839 299.557 50.0759 274.595 45.3201 25.3155 19.1046 269.873 162.353 42.2954 28.2463 17.3436 265.962 255.187 250.206 244.45 237.915 8.31337 229.602 158.664
internal_count=4906 2975 1509 1931 1486 578 555 475 412 63 181 1878 231 1466 206 115 87 1440 983 260 174 105 1420 1364 1338 1307 1271 42 1229 855
is_linear=0
shrinkage=0.1


Tree=7
num_leaves=31
num_cat=0
split_feature=0 1 177 231 0 30 65 101 7 108 0 138 9 14 8 55 142 15 8 1 0 55 44 67 6 16 11 51 104 140
split_gain=59.0589 15.5873 5.76278 4.59371 3.62532 6.54478 4.64168 3.41841 3.28959 6.62892 4.41544 5.93137 6.84129 4.95034 5.63552 3.63836 3.28447 3.2494 4.11538 3.07963 5.60452 6.8241 3.06128 2.7051 3.96759 7.41776 5.77643 3.42928 2.70231 2.57092
threshold=11.43189573287964 -0.29652445018291468 1.0000000180025095e-35 1.0000000180025095e-35 15.868583202362062 1.0000000180025095e-35 1.0000000180025095e-35 1.0000000180025095e-35 1.0000000180025095e-35 1.0000000180025095e-35 3.9917863607406621 1.0000000180025095e-35 1.0000000180025095e-35 1.0000000180025095e-35 1.0000000180025095e-35 1.0000000180025095e-35 1.0000000180025095e-35 1.0000000180025095e-35 1.0000000180025095e-35 -0.506730556488037 4.8911705017089853 1.0000000180025095e-35 1.0000000180025095e-35 1.0000000180025095e-35 1.0000000180025095e-35 1.0000000180025095e-35 1.0000000180025095e-35 1.0000000180025095e-35 1.0000000180025095e-35 1.0000000180025095e-35
decision_type=2 2 2 2 2 2 2 2 2 2 2 2 2 2 2 2 2 2 2 2 2 2 2 2 2 2 2 2 2 2
left_child=1 2 8 4 5 -2 23 29 28 10 11 12 13 -10 -15 -14 22 18 19 -12 -21 -22 -3 24 27 26 -26 -6 -1 -7
right_child=3 16 -4 -5 6 7 -8 -9 9 -11 17 -13 15 14 -16 -17 -18 -19 -20 20 21 -23 -24 -25 25 -27 -28 -29 -30 -31
leaf_value=0.03982375658728203 0.08052449266843989 -0.083667656455856346 -0.07823993956843045 -0.11825094433534898 -0.12197119404178128 -0.029619762805423368 -0.098972984665044214 0.055748909471924672 -0.043081784778713474 0.13181663270508112 0.075329348237214752 0.11897652116800334 0.035752803301704258 0.10071119410878249 -0.041527152320345012 0.1223700668194119 -0.084669559203415568 0.025285492467604476 -0.065029357692380926 -0.10654350261196917 -0.079361638355344058 0.068742828087005214 0.0027684431627146883 -0.063775641185734616 -0.089736293523616895 0.1162252689933107 0.079856213194063067 -0.02617569862627539 0.10884693648637621 -0.070570352966617803
leaf_weight=192.32081507146358 5.3893307149410239 4.160793498158454 4.6527698189020148 6.7999249994754782 5.0205636620521554 184.12314096093178 17.411701887845993 4.4329266697168341 16.696817338466644 5.1862556189298621 4.8462966382503501 7.5668528825044623 13.409058198332788 6.768516734242441 4.7334723621606827 7.5970164686441413 4.5012629181146613 25.849004730582237 13.460113063454626 4.8573250323534074 4.7182305902242634 9.1332791149616241 269.09018677473068 27.483015686273575 6.2031157314777357 5.03565689921379 2.9699640870094299 14.615592643618584 5.8444852232933036 16.723381325602531
leaf_count=881 35 23 23 53 34 1156 118 28 76 23 22 33 61 31 22 34 26 123 64 23 23 43 1436 186 42 34 20 99 27 107
internal_value=-0.00041843 0.0174841 0.0322581 -0.0370078 -0.035099 -0.0282565 -0.0534061 -0.0311124 0.0338499 0.021134 0.0163359 0.0365517 0.0238762 -0.00830641 0.0421751 0.0670786 5.65868e-05 -0.00192072 -0.0209197 0.00428581 -0.0141172 0.0182941 0.00145228 -0.0404692 -0.0215436 0.0187065 -0.0348274 -0.0506686 0.0418595 -0.0330295
internal_weight=901.601 605.393 327.64 296.208 289.408 210.669 78.7396 205.279 322.988 124.822 119.636 56.7717 49.2049 28.1988 11.502 21.0061 277.752 62.8642 37.0152 23.5551 18.7088 13.8515 273.251 61.3279 33.8449 14.2087 9.17308 19.6362 198.165 200.847
internal_count=4906 2994 1509 1912 1859 1326 533 1291 1486 578 555 257 224 129 53 95 1485 298 175 111 89 66 1459 415 229 96 62 133 908 1263
is_linear=0
shrinkage=0.1


Tree=8
num_leaves=31
num_cat=0
split_feature=0 1 177 82 232 15 54 85 289 20 267 1 101 108 0 44 265 104 5 22 308 80 34 7 73 0 1 6 8 33
split_gain=48.6575 12.4505 4.68309 4.37294 4.31013 4.26809 5.23659 3.67272 4.28698 3.61898 3.98724 3.32569 3.29179 2.92583 5.13485 2.99787 2.81519 2.77168 2.78768 2.76107 2.48351 2.40243 3.27355 3.96339 5.15112 5.79038 3.28105 3.26799 4.85232 4.12988
threshold=11.43189573287964 -0.27872842550277704 1.0000000180025095e-35 1.0000000180025095e-35 1.0000000180025095e-35 1.0000000180025095e-35 1.0000000180025095e-35 1.0000000180025095e-35 1.0000000180025095e-35 1.0000000180025095e-35 1.0000000180025095e-35 0.62826070189476024 1.0000000180025095e-35 1.0000000180025095e-35 10.843257904052736 1.0000000180025095e-35 1.0000000180025095e-35 1.0000000180025095e-35 1.0000000180025095e-35 1.0000000180025095e-35 1.0000000180025095e-35 1.0000000180025095e-35 1.0000000180025095e-35 1.0000000180025095e-35 1.0000000180025095e-35 8.0082135200500506 -0.26367023587226862 1.0000000180025095e-35 1.0000000180025095e-35 1.0000000180025095e-35
decision_type=2 2 2 2 2 2 2 2 2 2 2 2 2 2 2 2 2 2 2 2 2 2 2 2 2 2 2 2 2 2
left_child=1 2 3 7 9 19 -7 8 20 10 11 12 -2 15 -15 -3 17 21 -19 -5 -1 22 -17 26 25 -25 -24 29 -29 -23
right_child=4 13 -4 5 -6 6 -8 -9 -10 -11 -12 -13 -14 14 -16 16 -18 18 -20 -21 -22 27 23 24 -26 -27 -28 28 -30 -31
leaf_value=0.035031407154521792 -0.023966862120397694 -0.084660258140898087 -0.072948032080459455 0.042520173589088363 -0.11625377947519258 -0.090451264223145672 0.040538006717503995 -0.046142130561199875 0.13107655719876121 0.066043650599135875 -0.10817718468987725 -0.043846764191558446 0.074446165739029777 0.011938992915307258 0.13391076041821823 -0.018541637490306226 0.080130278401685406 0.0036736843833821199 0.11330896854161523 -0.046602270460442255 -0.030679114966997635 0.024358248477454873 -0.093293655028808931 -0.010149541241603062 0.12665505393897133 0.11321033346127676 -0.0016071780337488081 0.12785238971029142 -0.014200609883712793 -0.089418690478257012
leaf_weight=282.86049020290375 145.07225365191698 4.4909890890121451 4.4994396567344657 17.043179094791416 6.2605419978499404 9.2051169127225858 4.5657086372375479 5.6550516933202735 4.5925521552562705 3.6880690455436698 7.001957267522811 123.94220599532127 3.4803439974784842 20.616367712616924 4.1455405056476584 134.48160354793072 4.0828950554132453 5.5924834758043271 3.9624686241149902 4.3668651431798926 5.8710722774267188 12.618812635540964 4.4148078560829154 17.542123302817352 5.2504610121250144 4.8589950799942008 33.66935296356678 5.7105902433395404 4.1536770612001419 4.2697605192661277
leaf_count=1272 909 26 23 85 53 49 24 26 21 24 47 858 21 111 23 735 20 28 20 22 27 67 22 91 26 26 176 30 22 22
internal_value=-0.000430573 0.0156237 0.0283924 0.0297569 -0.0341826 -0.00359163 -0.0470219 0.033681 0.0352199 -0.0323682 -0.0336667 -0.0317521 -0.0216612 -0.00040019 0.032359 -0.00370979 -0.00219884 -0.00362 0.0491398 0.0243425 0.0336952 -0.00584108 -0.00960184 0.00868713 0.0375039 0.0166083 -0.0122357 0.0223043 0.0680363 -0.00440678
internal_weight=897.966 608.52 338.659 334.16 289.445 35.1809 13.7708 298.979 293.324 283.185 279.497 272.495 148.553 269.861 24.7619 245.099 240.608 236.525 9.55495 21.41 288.732 226.97 200.217 65.7357 27.6516 22.4011 38.0842 26.7528 9.86427 16.8886
internal_count=4906 2994 1549 1526 1912 180 73 1346 1320 1859 1835 1788 930 1445 134 1311 1285 1265 48 107 1299 1217 1076 341 143 117 198 141 52 89
is_linear=0
shrinkage=0.1


Tree=9
num_leaves=31
num_cat=0
split_feature=0 130 229 238 0 104 13 0 65 63 20 126 267 99 11 6 13 16 33 64 64 7 8 86 13 57 67 214 85 1
split_gain=40.1367 9.86275 4.09565 3.62617 3.60452 3.53998 3.65947 3.22171 3.37994 3.73108 3.33815 3.19782 2.91743 2.92332 5.85069 13.2963 5.53695 3.4168 2.86774 2.86659 2.80625 2.75817 5.68758 3.40994 4.13432 2.89221 5.59013 2.69411 3.03078 3.37075
threshold=11.296372413635256 1.0000000180025095e-35 1.0000000180025095e-35 1.0000000180025095e-35 11.190965175628664 1.0000000180025095e-35 1.0000000180025095e-35 16.56947231292725 1.0000000180025095e-35 1.0000000180025095e-35 1.0000000180025095e-35 1.0000000180025095e-35 1.0000000180025095e-35 1.0000000180025095e-35 1.0000000180025095e-35 1.0000000180025095e-35 1.0000000180025095e-35 1.0000000180025095e-35 1.0000000180025095e-35 1.0000000180025095e-35 1.0000000180025095e-35 1.0000000180025095e-35 1.0000000180025095e-35 1.0000000180025095e-35 1.0000000180025095e-35 1.0000000180025095e-35 1.0000000180025095e-35 1.0000000180025095e-35 1.0000000180025095e-35 1.0000000180025095e-35
decision_type=2 2 2 2 2 2 2 2 2 2 2 2 2 2 2 2 2 2 2 2 2 2 2 2 2 2 2 2 2 2
left_child=1 3 7 4 5 27 -7 10 9 18 11 12 13 19 20 16 17 -16 -9 21 -15 -2 25 24 -24 26 -23 28 29 -1
right_child=2 -3 -4 -5 -6 6 -8 8 -10 -11 -12 -13 -14 14 15 -17 -18 -19 -20 -21 -22 22 23 -25 -26 -27 -28 -29 -30 -31
leaf_value=0.0079414421874653383 -0.020456848367768409 0.027691130903618806 -0.11450497460240761 -0.08590438497875813 0.071674602106612556 0.0064317484635384326 0.11277247966208991 -0.029037043623152483 -0.10100155026623361 0.042979838086817629 0.071809091744743009 -0.093584299586616224 -0.10014263341777595 -0.08204393200293901 0.042195176237194543 -0.10950300879546836 -0.04504295304361039 0.15967842158652965 -0.092213200637122419 -0.04343906255251076 -0.0068372863336419029 0.099190690480777152 -0.011076648937353235 0.1222628918036241 0.11366239577989118 -0.039594405154188592 -0.033755020367525104 0.063525923315950694 -0.069715208073858406 -0.014862560212850108
leaf_weight=176.01956948637962 85.531214728951454 286.92813098430634 5.7541770935058585 4.6141259670257559 7.5454345345497122 7.4886439144611341 5.6986478120088577 20.89253293722868 11.206805437803267 4.8988765031099311 3.5447950214147559 6.7905639559030524 4.9149669855833045 27.356168702244759 5.4105397313833254 7.3976318985223761 3.8646467328071585 4.5635107755661011 10.951385304331781 30.408549591898918 6.0607279986143103 5.3725317865610105 8.8706666231155413 5.2309423536062232 3.7932491153478614 19.966991931200027 7.6898127645254135 6.4104993641376486 6.4649243950843802 102.60301773250103
leaf_count=906 549 1281 53 27 37 37 26 151 84 35 22 45 35 185 35 49 26 29 80 205 41 35 58 32 25 128 49 32 36 573
internal_value=-0.000434163 0.0142604 -0.0309783 0.00209785 0.00339834 0.0017075 0.052385 -0.0292902 -0.0529279 -0.0382651 -0.0245032 -0.025967 -0.0239392 -0.0222484 -0.0423212 -0.00127824 0.0565745 0.0959483 -0.0507638 -0.015674 -0.0684039 -0.00948663 0.00893871 0.054342 0.0262867 -0.0156602 0.0209254 -0.000585132 -0.00202674 -0.000456152
internal_weight=894.244 603.773 290.471 316.845 312.231 304.685 13.1873 284.717 47.9496 36.7428 236.768 233.223 226.432 221.517 54.6532 21.2363 13.8387 9.97405 31.8439 166.864 33.4169 136.455 50.9242 17.8949 12.6639 33.0293 13.0623 291.498 285.088 278.623
internal_count=4906 2955 1951 1674 1647 1610 63 1898 350 266 1548 1526 1481 1446 365 139 90 64 231 1081 226 876 327 115 83 212 84 1547 1515 1479
is_linear=0
shrinkage=0.1


end of trees

feature_importances:
Column_0=60
Column_1=28
Column_15=12
Column_13=11
Column_16=9
Column_82=8
Column_5=7
Column_6=7
Column_67=7
Column_104=7
Column_8=6
Column_14=6
Column_130=6
Column_7=5
Column_11=5
Column_55=5
Column_73=5
Column_26=4
Column_83=4
Column_99=4
Column_9=3
Column_10=3
Column_34=3
Column_44=3
Column_54=3
Column_76=3
Column_85=3
Column_108=3
Column_128=3
Column_138=3
Column_177=3
Column_229=3
Column_265=3
Column_12=2
Column_20=2
Column_33=2
Column_56=2
Column_63=2
Column_64=2
Column_65=2
Column_80=2
Column_101=2
Column_127=2
Column_129=2
Column_142=2
Column_214=2
Column_231=2
Column_232=2
Column_238=2
Column_267=2
Column_308=2
Column_21=1
Column_22=1
Column_30=1
Column_31=1
Column_51=1
Column_57=1
Column_60=1
Column_61=1
Column_62=1
Column_70=1
Column_81=1
Column_86=1
Column_94=1
Column_95=1
Column_126=1
Column_134=1
Column_140=1
Column_262=1
Column_289=1

parameters:
[boosting: gbdt]
[objective: binary]
[metric: binary_logloss]
[tree_learner: serial]
[device_type: cpu]
[data_sample_strategy: bagging]
[data: ]
[valid: ]
[num_iterations: 300]
[learning_rate: 0.1]
[num_leaves: 31]
[num_threads: 0]
[seed: 0]
[deterministic: 0]
[force_col_wise: 0]
[force_row_wise: 0]
[histogram_pool_size: -1]
[max_depth: -1]
[min_data_in_leaf: 20]
[min_sum_hessian_in_leaf: 0.001]
[bagging_fraction: 1]
[pos_bagging_fraction: 1]
[neg_bagging_fraction: 1]
[bagging_freq: 0]
[bagging_seed: 7719]
[bagging_by_query: 0]
[feature_fraction: 1]
[feature_fraction_bynode: 1]
[feature_fraction_seed: 2437]
[extra_trees: 0]
[extra_seed: 11797]
[early_stopping_round: 0]
[early_stopping_min_delta: 0]
[first_metric_only: 0]
[max_delta_step: 0]
[lambda_l1: 0]
[lambda_l2: 0]
[linear_lambda: 0]
[min_gain_to_split: 0]
[drop_rate: 0.1]
[max_drop: 50]
[skip_drop: 0.5]
[xgboost_dart_mode: 0]
[uniform_drop: 0]
[drop_seed: 21238]
[top_rate: 0.2]
[other_rate: 0.1]
[min_data_per_group: 100]
[max_cat_threshold: 32]
[cat_l2: 10]
[cat_smooth: 10]
[max_cat_to_onehot: 4]
[top_k: 20]
[monotone_constraints: ]
[monotone_constraints_method: basic]
[monotone_penalty: 0]
[feature_contri: ]
[forcedsplits_filename: ]
[refit_decay_rate: 0.9]
[cegb_tradeoff: 1]
[cegb_penalty_split: 0]
[cegb_penalty_feature_lazy: ]
[cegb_penalty_feature_coupled: ]
[path_smooth: 0]
[interaction_constraints: ]
[verbosity: -1]
[saved_feature_importance_type: 0]
[use_quantized_grad: 0]
[num_grad_quant_bins: 4]
[quant_train_renew_leaf: 0]
[stochastic_rounding: 1]
[linear_tree: 0]
[max_bin: 255]
[max_bin_by_feature: ]
[min_data_in_bin: 3]
[bin_construct_sample_cnt: 200000]
[data_random_seed: 38]
[is_enable_sparse: 1]
[enable_bundle: 1]
[use_missing: 1]
[zero_as_missing: 0]
[feature_pre_filter: 1]
[pre_partition: 0]
[two_round: 0]
[header: 0]
[label_column: ]
[weight_column: ]
[group_column: ]
[ignore_column: ]
[categorical_feature: ]
[forcedbins_filename: ]
[precise_float_parser: 0]
[parser_config_file: ]
[objective_seed: 8855]
[num_class: 1]
[is_unbalance: 0]
[scale_pos_weight: 1]
[sigmoid: 1]
[boost_from_average: 1]
[reg_sqrt: 0]
[alpha: 0.9]
[fair_c: 1]
[poisson_max_delta_step: 0.7]
[tweedie_variance_power: 1.5]
[lambdarank_truncation_level: 30]
[lambdarank_norm: 1]
[label_gain: ]
[lambdarank_position_bias_regularization: 0]
[eval_at: ]
[multi_error_top_k: 1]
[auc_mu_weights: ]
[num_machines: 1]
[local_listen_port: 12400]
[time_out: 120]
[machine_list_filename: ]
[machines: ]
[gpu_platform_id: -1]
[gpu_device_id: -1]
[gpu_device_id_list: ]
[gpu_use_dp: 0]
[num_gpu: 1]

end of parameters

pandas_categorical:null
