tree
version=v4
num_class=1
num_tree_per_iteration=1
label_index=0
max_feature_idx=567
objective=binary sigmoid:1
feature_names=Column_0 Column_1 Column_2 Column_3 Column_4 Column_5 Column_6 Column_7 Column_8 Column_9 Column_10 Column_11 Column_12 Column_13 Column_14 Column_15 Column_16 Column_17 Column_18 Column_19 Column_20 Column_21 Column_22 Column_23 Column_24 Column_25 Column_26 Column_27 Column_28 Column_29 Column_30 Column_31 Column_32 Column_33 Column_34 Column_35 Column_36 Column_37 Column_38 Column_39 Column_40 Column_41 Column_42 Column_43 Column_44 Column_45 Column_46 Column_47 Column_48 Column_49 Column_50 Column_51 Column_52 Column_53 Column_54 Column_55 Column_56 Column_57 Column_58 Column_59 Column_60 Column_61 Column_62 Column_63 Column_64 Column_65 Column_66 Column_67 Column_68 Column_69 Column_70 Column_71 Column_72 Column_73 Column_74 Column_75 Column_76 Column_77 Column_78 Column_79 Column_80 Column_81 Column_82 Column_83 Column_84 Column_85 Column_86 Column_87 Column_88 Column_89 Column_90 Column_91 Column_92 Column_93 Column_94 Column_95 Column_96 Column_97 Column_98 Column_99 Column_100 Column_101 Column_102 Column_103 Column_104 Column_105 Column_106 Column_107 Column_108 Column_109 Column_110 Column_111 Column_112 Column_113 Column_114 Column_115 Column_116 Column_117 Column_118 Column_119 Column_120 Column_121 Column_122 Column_123 Column_124 Column_125 Column_126 Column_127 Column_128 Column_129 Column_130 Column_131 Column_132 Column_133 Column_134 Column_135 Column_136 Column_137 Column_138 Column_139 Column_140 Column_141 Column_142 Column_143 Column_144 Column_145 Column_146 Column_147 Column_148 Column_149 Column_150 Column_151 Column_152 Column_153 Column_154 Column_155 Column_156 Column_157 Column_158 Column_159 Column_160 Column_161 Column_162 Column_163 Column_164 Column_165 Column_166 Column_167 Column_168 Column_169 Column_170 Column_171 Column_172 Column_173 Column_174 Column_175 Column_176 Column_177 Column_178 Column_179 Column_180 Column_181 Column_182 Column_183 Column_184 Column_185 Column_186 Column_187 Column_188 Column_189 Column_190 Column_191 Column_192 Column_193 Column_194 Column_195 Column_196 Column_197 Column_198 Column_199 Column_200 Column_201 Column_202 Column_203 Column_204 Column_205 Column_206 Column_207 Column_208 Column_209 Column_210 Column_211 Column_212 Column_213 Column_214 Column_215 Column_216 Column_217 Column_218 Column_219 Column_220 Column_221 Column_222 Column_223 Column_224 Column_225 Column_226 Column_227 Column_228 Column_229 Column_230 Column_231 Column_232 Column_233 Column_234 Column_235 Column_236 Column_237 Column_238 Column_239 Column_240 Column_241 Column_242 Column_243 Column_244 Column_245 Column_246 Column_247 Column_248 Column_249 Column_250 Column_251 Column_252 Column_253 Column_254 Column_255 Column_256 Column_257 Column_258 Column_259 Column_260 Column_261 Column_262 Column_263 Column_264 Column_265 Column_266 Column_267 Column_268 Column_269 Column_270 Column_271 Column_272 Column_273 Column_274 Column_275 Column_276 Column_277 Column_278 Column_279 Column_280 Column_281 Column_282 Column_283 Column_284 Column_285 Column_286 Column_287 Column_288 Column_289 Column_290 Column_291 Column_292 Column_293 Column_294 Column_295 Column_296 Column_297 Column_298 Column_299 Column_300 Column_301 Column_302 Column_303 Column_304 Column_305 Column_306 Column_307 Column_308 Column_309 Column_310 Column_311 Column_312 Column_313 Column_314 Column_315 Column_316 Column_317 Column_318 Column_319 Column_320 Column_321 Column_322 Column_323 Column_324 Column_325 Column_326 Column_327 Column_328 Column_329 Column_330 Column_331 Column_332 Column_333 Column_334 Column_335 Column_336 Column_337 Column_338 Column_339 Column_340 Column_341 Column_342 Column_343 Column_344 Column_345 Column_346 Column_347 Column_348 Column_349 Column_350 Column_351 Column_352 Column_353 Column_354 Column_355 Column_356 Column_357 Column_358 Column_359 Column_360 Column_361 Column_362 Column_363 Column_364 Column_365 Column_366 Column_367 Column_368 Column_369 Column_370 Column_371 Column_372 Column_373 Column_374 Column_375 Column_376 Column_377 Column_378 Column_379 Column_380 Column_381 Column_382 Column_383 Column_384 Column_385 Column_386 Column_387 Column_388 Column_389 Column_390 Column_391 Column_392 Column_393 Column_394 Column_395 Column_396 Column_397 Column_398 Column_399 Column_400 Column_401 Column_402 Column_403 Column_404 Column_405 Column_406 Column_407 Column_408 Column_409 Column_410 Column_411 Column_412 Column_413 Column_414 Column_415 Column_416 Column_417 Column_418 Column_419 Column_420 Column_421 Column_422 Column_423 Column_424 Column_425 Column_426 Column_427 Column_428 Column_429 Column_430 Column_431 Column_432 Column_433 Column_434 Column_435 Column_436 Column_437 Column_438 Column_439 Column_440 Column_441 Column_442 Column_443 Column_444 Column_445 Column_446 Column_447 Column_448 Column_449 Column_450 Column_451 Column_452 Column_453 Column_454 Column_455 Column_456 Column_457 Column_458 Column_459 Column_460 Column_461 Column_462 Column_463 Column_464 Column_465 Column_466 Column_467 Column_468 Column_469 Column_470 Column_471 Column_472 Column_473 Column_474 Column_475 Column_476 Column_477 Column_478 Column_479 Column_480 Column_481 Column_482 Column_483 Column_484 Column_485 Column_486 Column_487 Column_488 Column_489 Column_490 Column_491 Column_492 Column_493 Column_494 Column_495 Column_496 Column_497 Column_498 Column_499 Column_500 Column_501 Column_502 Column_503 Column_504 Column_505 Column_506 Column_507 Column_508 Column_509 Column_510 Column_511 Column_512 Column_513 Column_514 Column_515 Column_516 Column_517 Column_518 Column_519 Column_520 Column_521 Column_522 Column_523 Column_524 Column_525 Column_526 Column_527 Column_528 Column_529 Column_530 Column_531 Column_532 Column_533 Column_534 Column_535 Column_536 Column_537 Column_538 Column_539 Column_540 Column_541 Column_542 Column_543 Column_544 Column_545 Column_546 Column_547 Column_548 Column_549 Column_550 Column_551 Column_552 Column_553 Column_554 Column_555 Column_556 Column_557 Column_558 Column_559 Column_560 Column_561 Column_562 Column_563 Column_564 Column_565 Column_566 Column_567
feature_infos=[2.0013689994812012:17.993154525756836] [-0.7776256799697876:0.99923950433731079] none none none [0:1] [0:1] [0:1] [0:1] [0:1] [0:1] [0:1] [0:1] [0:1] [0:1] [0:1] [0:1] [0:1] [0:1] [0:1] [0:1] [0:1] [0:1] [0:1] [0:1] [0:1] [0:1] [0:1] [0:1] [0:1] [0:1] [0:1] [0:1] [0:1] [0:1] [0:1] [0:1] [0:1] [0:1] [0:1] [0:1] [0:1] [0:1] [0:1] [0:1] [0:1] [0:1] [0:1] [0:1] [0:1] [0:1] [0:1] [0:1] [0:1] [0:1] [0:1] [0:1] [0:1] [0:1] [0:1] [0:1] [0:1] [0:1] [0:1] [0:1] [0:1] [0:1] [0:1] [0:1] [0:1] [0:1] [0:1] [0:1] [0:1] [0:1] [0:1] [0:1] [0:1] [0:1] [0:1] [0:1] [0:1] [0:1] [0:1] [0:1] [0:1] [0:1] [0:1] [0:1] [0:1] [0:1] [0:1] [0:1] [0:1] [0:1] [0:1] [0:1] [0:1] [0:1] [0:1] [0:1] [0:1] [0:1] [0:1] [0:1] [0:1] [0:1] [0:1] [0:1] none none none none [0:1] [0:1] none [0:1] none [0:1] none none [0:1] none none none none [0:1] [0:1] [0:1] [0:1] [0:1] none [0:1] [0:1] [0:1] [0:1] none [0:1] [0:1] [0:1] [0:1] [0:1] [0:1] [0:1] [0:1] [0:1] [0:1] [0:1] [0:1] [0:1] [0:1] [0:1] [0:1] [0:1] [0:1] [0:1] [0:1] none none none none none none none none none none [0:1] [0:1] none none none none none [0:1] [0:1] [0:1] [0:1] [0:1] [0:1] [0:1] [0:1] [0:1] [0:1] [0:1] [0:1] [0:1] [0:1] [0:1] [0:1] [0:1] [0:1] [0:1] [0:1] [0:1] [0:1] [0:1] [0:1] [0:1] [0:1] [0:1] [0:1] none none [0:1] [0:1] [0:1] none [0:1] [0:1] [0:1] [0:1] [0:1] none [0:1] none none [0:1] none [0:1] [0:1] [0:1] [0:1] [0:1] [0:1] [0:1] [0:1] [0:1] [0:1] [0:1] [0:1] [0:1] [0:1] [0:1] [0:1] [0:1] [0:1] [0:1] [0:1] [0:1] [0:1] [0:1] [0:1] [0:1] none none none none none none none none none none none none none none none none none [0:1] [0:1] [0:1] [0:1] [0:1] [0:1] [0:1] [0:1] [0:1] [0:1] none [0:1] [0:1] [0:1] [0:1] none [0:1] [0:1] none none none [0:1] [0:1] none none none none none [0:1] [0:1] [0:1] [0:1] [0:1] [0:1] [0:1] none none none [0:1] none [0:1] [0:1] [0:1] none [0:1] [0:1] [0:1] [0:1] none none [0:1] [0:1] none none none none [0:1] [0:1] none none none [0:1] none none [0:1] [0:1] none none [0:1] [0:1] none none none none none none none none none none none none none none none none none none none none none none none none none none none none none none none none none none none none none none none none none none none none none none none none none none none none none none none none none none none none none none none none none none none none none none none none none none none none none none none none none none none none none none none none none none none none none none none none none none none none none none none none none none none none none none none none none none none none none none none none none none none none none none none none none none none none none none none none none none none none none none none none none none none none none none none none none none none none none none none none none none none none none none none none none none none none none none none none none none none none none none none none none none none none none none none none none none none none none none none none none none none none none none none none none none none none none none none none none none none none none none none none none none none none none none none none none none none none none
tree_sizes=3392 3453 3452 3435 3472 3446 3461 3444 3469 3454 3473 3464 3463 3476 3485 3493 3491 3452 3465 3499 3493 3488 3496 3452

Tree=0
num_leaves=31
num_cat=0
split_feature=1 0 102 261 1 21 1 74 7 87 81 0 186 59 11 82 70 26 102 21 0 96 87 71 0 5 45 0 55 53
split_gain=201.958 25.9413 14.6989 10.6045 8.21144 7.33102 12.936 6.41997 5.91971 9.17094 9.16687 11.5453 5.62733 5.41486 6.95649 10.4568 5.34618 8.23574 5.31362 11.2038 10.9853 5.18175 7.08695 6.58454 9.46574 6.3828 6.04359 11.2637 14.2061 7.42666
threshold=0.082515783607959761 12.581793308258058 1.0000000180025095e-35 1.0000000180025095e-35 -0.51387938857078541 1.0000000180025095e-35 -0.64696934819221485 1.0000000180025095e-35 1.0000000180025095e-35 1.0000000180025095e-35 1.0000000180025095e-35 13.211498737335207 1.0000000180025095e-35 1.0000000180025095e-35 1.0000000180025095e-35 1.0000000180025095e-35 1.0000000180025095e-35 1.0000000180025095e-35 1.0000000180025095e-35 1.0000000180025095e-35 16.119096755981449 1.0000000180025095e-35 1.0000000180025095e-35 1.0000000180025095e-35 16.425735473632816 1.0000000180025095e-35 1.0000000180025095e-35 17.006159782409672 1.0000000180025095e-35 1.0000000180025095e-35
decision_type=2 2 2 2 2 2 2 2 2 2 2 2 2 2 2 2 2 2 2 2 2 2 2 2 2 2 2 2 2 2
left_child=4 2 -2 7 5 -1 -7 12 9 16 11 -10 18 -6 -15 -16 -9 -18 19 21 -21 22 23 24 25 -3 -25 29 -29 -28
right_child=1 3 -4 -5 13 6 -8 8 10 -11 -12 -13 -14 14 15 -17 17 -19 -20 20 -22 -23 -24 26 -26 -27 27 28 -30 -31
leaf_value=-1.147932362705542 -1.0541107232728595 -0.93622719644000607 -1.1875945901569935 -0.87141949248116868 -1.1283895744574894 -1.1688844739323812 -0.98059168310950251 -0.97974632322631849 -0.83932265374186499 -1.1741499460178393 -1.0808153335223991 -1.0023040843197022 -1.1013906953824164 -1.1177615267753864 -1.0951379472809346 -0.99473224842821661 -1.0912990869894894 -1.0131897332812021 -1.0535341644585221 -0.84851663312499026 -1.0426872090742909 -1.0569522923044523 -1.0698616867737329 -1.0125306581918156 -1.0426872090742909 -0.76215068929475671 -1.0755865425407838 -0.97230170231956903 -0.73097996487480832 -0.95431306731223986
leaf_weight=142.17885956168175 152.79488107562065 4.7392953187227231 8.7203033864498121 5.308010756969451 132.7002689242363 7.2037288844585419 7.3933006972074491 12.132596015930174 5.118438944220542 5.49758256971836 11.563880577683447 28.814915537834167 5.49758256971836 109.95165139436722 60.662980079650879 12.511739641427992 27.677484661340714 26.350481972098351 15.924032270908354 9.668162450194357 4.170579880475997 14.976173207163809 11.374308764934538 67.677137151360512 4.170579880475997 3.7914362549781799 8.1515879482030904 5.8767261952161771 4.1705798804759979 13.27002689242363
leaf_count=750 806 25 46 28 700 38 39 64 27 29 61 152 29 580 320 66 146 139 84 51 22 79 60 357 22 20 43 31 22 70
internal_value=-1.07645 -1.02908 -1.06132 -1.01149 -1.12229 -1.141 -1.07352 -1.01405 -1.03213 -1.05005 -1.00392 -0.97772 -1.00183 -1.11301 -1.10186 -1.07797 -1.03973 -1.0532 -0.998575 -0.992819 -0.907034 -1.00141 -0.994658 -0.987011 -0.919221 -0.85886 -0.995695 -0.959488 -0.87213 -1.00046
internal_weight=930.039 457.437 161.515 295.922 472.603 156.776 14.597 290.614 117.155 71.6581 45.4972 33.9334 173.458 315.827 183.126 73.1747 66.1606 54.028 167.961 152.037 13.8387 138.198 123.222 111.847 12.7013 8.53073 99.1461 31.4689 10.0473 21.4216
internal_count=4906 2413 852 1561 2493 827 77 1533 618 378 240 179 915 1666 966 386 349 285 886 802 73 729 650 590 67 45 523 166 53 113
is_linear=0
shrinkage=1


Tree=1
num_leaves=31
num_cat=0
split_feature=1 0 102 1 261 83 73 268 102 13 7 87 14 73 81 21 26 83 26 11 140 67 12 0 68 64 0 0 1 70
split_gain=163.296 19.6013 12.4339 7.29901 7.29056 6.53555 5.05744 4.99405 4.88584 4.87257 9.45308 9.87074 9.1987 10.7043 7.40142 6.94679 7.84129 6.47215 5.7292 5.6893 5.26157 5.22936 13.5428 6.83104 5.81533 5.38124 6.21654 4.88375 4.7348 4.44728
threshold=0.082515783607959761 12.581793308258058 1.0000000180025095e-35 -0.16024032235145566 1.0000000180025095e-35 1.0000000180025095e-35 1.0000000180025095e-35 1.0000000180025095e-35 1.0000000180025095e-35 1.0000000180025095e-35 1.0000000180025095e-35 1.0000000180025095e-35 1.0000000180025095e-35 1.0000000180025095e-35 1.0000000180025095e-35 1.0000000180025095e-35 1.0000000180025095e-35 1.0000000180025095e-35 1.0000000180025095e-35 1.0000000180025095e-35 1.0000000180025095e-35 1.0000000180025095e-35 1.0000000180025095e-35 14.752909183502199 1.0000000180025095e-35 1.0000000180025095e-35 14.680356025695803 16.661190986633304 0.099551297724246993 1.0000000180025095e-35
decision_type=2 2 2 2 2 2 2 2 2 2 2 2 2 2 2 2 2 2 2 2 2 2 2 2 2 2 2 2 2 2
left_child=3 2 28 6 7 -5 -1 8 9 10 11 15 13 -12 -14 17 -17 21 19 -15 29 22 23 -3 -25 26 -23 -28 -2 -11
right_child=1 4 -4 5 -6 -7 -8 -9 -10 20 12 -13 14 18 -16 16 -18 -19 -20 -21 -22 25 -24 24 -26 -27 27 -29 -30 -31
leaf_value=-0.056747391454555762 0.098583248696319348 0.15597536424918385 -0.10621653265528791 -0.0317678143433631 0.16729234440403057 0.029862471303371732 -0.028794181277436721 0.15118987913781154 0.0077367809520685659 0.080203148412135605 0.16247127559947175 -0.065152935421609839 0.07945483462863405 0.044732242814090439 -0.0448828917839642 0.041680663122699385 0.23790800105887719 0.11915694588833592 -0.0039441763278211684 0.18959215035274987 0.11047741421824749 0.10560874497178599 -0.06015009375560381 0.099017168165296779 -0.041289382645658908 0.14266709794950364 -0.041254363162205245 0.076140705456147373 0.015980414918711432 0.024144654241516492
leaf_weight=256.58033260703087 7.2825891375541678 5.8246274143457439 8.2376187443733198 97.835560977458954 5.8228293657302848 20.878479942679405 86.559685364365578 5.2283166646957389 22.432241871953011 16.990860030055046 26.666891276836395 7.3104655593633643 17.478840664029125 6.0661335885524768 6.5934793651103965 3.9177885800600034 4.2406951189041138 10.559380248188971 7.4982237815856925 4.9021943509578705 9.7323283553123456 9.5194861441850716 15.774689942598341 5.508103743195532 6.3707535117864609 6.8135532885789862 9.5081532895565015 5.6490816324949256 147.18495941162109 84.693327665328979
leaf_count=1390 38 30 46 525 28 112 466 27 117 86 135 39 88 31 34 20 21 54 38 25 50 49 81 28 33 35 49 29 768 434
internal_value=-0.00012174 0.0415214 0.0134909 -0.0423017 0.0564695 -0.0209288 -0.049696 0.0543134 0.0525909 0.0562952 0.0674649 0.0462808 0.0953193 0.121945 0.0453984 0.0560151 0.143678 0.0465459 0.0634225 0.109476 0.0402347 0.0347443 0.00722864 0.0672665 0.0237693 0.063997 0.0422752 0.00249863 0.0198748 0.0335117
internal_weight=929.662 467.808 162.705 461.854 305.102 118.714 343.14 299.28 294.051 271.619 160.203 90.9968 69.2058 45.1334 24.0723 83.6863 8.15848 75.5278 18.4666 10.9683 111.417 64.9684 33.4782 17.7035 11.8789 31.4903 24.6767 15.1572 154.468 101.684
internal_count=4906 2413 852 2493 1561 637 1856 1533 1506 1389 819 468 351 229 122 429 41 388 94 56 570 334 172 91 61 162 127 78 806 520
is_linear=0
shrinkage=0.1


Tree=2
num_leaves=31
num_cat=0
split_feature=1 0 102 1 21 0 261 59 11 82 74 26 108 15 8 61 67 61 7 7 53 61 15 87 81 5 168 80 45 0
split_gain=132.318 15.0066 10.5469 6.83326 6.54654 10.7574 5.29442 4.31886 5.99284 8.27739 4.11833 4.26 7.25165 6.00964 6.44439 9.32282 5.45972 5.42818 4.7202 4.07803 7.96436 9.00338 7.66493 6.8383 4.91131 5.16274 3.76081 5.45787 4.70095 9.89902
threshold=0.082515783607959761 12.581793308258058 1.0000000180025095e-35 -0.51387938857078541 1.0000000180025095e-35 3.1772758960723881 1.0000000180025095e-35 1.0000000180025095e-35 1.0000000180025095e-35 1.0000000180025095e-35 1.0000000180025095e-35 1.0000000180025095e-35 1.0000000180025095e-35 1.0000000180025095e-35 1.0000000180025095e-35 1.0000000180025095e-35 1.0000000180025095e-35 1.0000000180025095e-35 1.0000000180025095e-35 1.0000000180025095e-35 1.0000000180025095e-35 1.0000000180025095e-35 1.0000000180025095e-35 1.0000000180025095e-35 1.0000000180025095e-35 1.0000000180025095e-35 1.0000000180025095e-35 1.0000000180025095e-35 1.0000000180025095e-35 17.166323661804203
decision_type=2 2 2 2 2 2 2 2 2 2 2 2 2 2 2 2 2 2 2 2 2 2 2 2 2 2 2 2 2 2
left_child=3 2 -2 4 -1 -6 10 -5 -9 -10 11 13 26 -3 16 -16 17 18 -15 23 24 22 -22 -12 25 -21 27 28 29 -13
right_child=1 6 -4 7 5 -7 -8 8 9 -11 19 12 -14 14 15 -17 -18 -19 -20 20 21 -23 -24 -25 -26 -27 -28 -29 -30 -31
leaf_value=-0.063489272091041271 0.017701593191169741 0.021329246157504166 -0.10167940444497395 -0.044549282461098572 -0.084559102045008341 0.089671822019338862 0.140900211078236 -0.03548079262255488 -0.013883326657761541 0.074761787273648225 0.026926365936816105 0.06076424239583026 0.1797201406999096 0.097230962076270244 0.18653201201556308 0.022055829756038332 -0.011764063717858715 0.17991523431724429 -0.040907836213209814 -0.019414237097346073 0.074655902808142424 0.041367982893136333 0.22936893580242909 -0.092088200340342097 -0.090348615843626079 0.11457673031825764 -0.02489418032015453 0.17353228130505391 0.10291842658762214 -0.093637224201883737
leaf_weight=133.49883452057838 155.94183045625687 56.128972426056862 7.7691133916378012 126.21850793063641 6.6801662892103177 7.5474464446306229 6.1993245482444754 105.99465334415436 59.0866559445858 12.819118142127989 68.793679803609848 47.015513092279434 5.9265355765819541 6.3714894354343397 9.1722809821367246 5.5202853977680197 10.943009734153748 4.0601289570331582 4.0433447957038879 7.3961858451366442 6.5771116167306918 18.863551795482635 6.2406869232654572 5.1921608448028556 4.4335253089666358 4.704820841550827 4.3874737471342078 4.8019268661737433 21.357999116182327 4.5545550882816306
leaf_count=750 806 280 46 700 38 39 28 580 320 66 349 234 29 32 45 27 54 20 20 36 33 94 31 29 23 23 22 24 105 23
internal_value=-0.000204895 0.0365648 0.0120362 -0.0389724 -0.0566169 0.0078667 0.0494071 -0.0304015 -0.0203637 0.00192002 0.0475564 0.056996 0.072892 0.0424536 0.0720141 0.124735 0.0415394 0.0818365 0.0436014 0.0333213 0.0559504 0.0853116 0.149982 0.0185742 -0.000307913 0.0326809 0.065182 0.0702664 0.0634669 0.0471278
internal_weight=928.241 476.396 163.711 451.845 147.726 14.2276 312.685 304.119 177.9 71.9058 306.485 184.284 88.044 96.2395 40.1105 14.6926 25.418 14.475 10.4148 122.202 48.2159 31.6814 12.8178 73.9858 16.5345 12.101 82.1175 77.73 72.9281 51.5701
internal_count=4906 2413 852 2493 827 77 1561 1666 966 386 1533 915 437 478 198 72 126 72 52 618 240 158 64 378 82 59 408 386 362 257
is_linear=0
shrinkage=0.1


Tree=3
num_leaves=31
num_cat=0
split_feature=1 0 102 15 182 0 0 8 21 10 68 0 1 0 0 21 0 14 83 5 10 12 1 95 45 34 10 68 26 7
split_gain=107.506 11.6889 6.48605 6.31197 6.88128 5.98643 6.11822 5.28888 14.3703 10.6196 11.0799 5.80385 5.09005 5.02432 6.58362 4.83232 7.52218 5.75008 4.81136 7.76131 4.48377 4.47205 6.61643 6.43722 7.67577 7.51191 5.92934 7.27249 4.13222 5.25036
threshold=0.082515783607959761 14.205338954925539 1.0000000180025095e-35 1.0000000180025095e-35 1.0000000180025095e-35 4.4558520317077646 4.7049965858459482 1.0000000180025095e-35 1.0000000180025095e-35 1.0000000180025095e-35 1.0000000180025095e-35 15.034907817840578 0.85185185074806224 16.286105155944828 15.585215568542482 1.0000000180025095e-35 3.1772758960723881 1.0000000180025095e-35 1.0000000180025095e-35 1.0000000180025095e-35 1.0000000180025095e-35 1.0000000180025095e-35 0.63586583733558666 1.0000000180025095e-35 1.0000000180025095e-35 1.0000000180025095e-35 1.0000000180025095e-35 1.0000000180025095e-35 1.0000000180025095e-35 1.0000000180025095e-35
decision_type=2 2 2 2 2 2 2 2 2 2 2 2 2 2 2 2 2 2 2 2 2 2 2 2 2 2 2 2 2 2
left_child=5 2 -2 4 18 15 20 8 11 10 -9 -5 13 14 -13 -1 -17 -18 21 -20 -7 22 -3 24 26 -26 27 -24 -23 -30
right_child=1 3 -4 7 -6 6 -8 9 -10 -11 -12 12 -14 -15 -16 16 17 -19 19 -21 -22 28 23 -25 25 -27 -28 -29 29 -31
leaf_value=-0.058360997676643905 0.022469464152313625 0.12661778645848484 -0.041833485366455966 -0.030640665044746468 -0.079580824525734617 0.082903686587379108 -0.030929012414013985 -0.01823376067483147 0.19124598328218234 0.17467734057070911 0.13385103464130563 0.11924401421221012 0.011012903295418453 0.159408676101467 -0.011261768952238516 -0.079994369034259216 -0.018837808618293168 0.14666405584159578 0.15114533516549011 0.012415609176584063 -0.030121245681570475 -0.02080595723269835 -0.0084770162140138435 -0.059217919103731136 0.19114652031944684 0.054680384713524668 -0.031592657162313513 0.12619941017534805 0.083784659919266327 -0.034978105803099513
leaf_weight=132.85876579582691 253.08414858579636 9.3100257962942106 16.72271329164505 10.955121800303457 4.9972709417343131 8.4248331785202009 280.31412753462791 9.7825102657079697 6.5459256470203391 12.511675029993059 9.386906698346138 7.6480662077665347 17.135866820812225 6.2698664218187323 7.8157344460487366 6.3715223073959342 4.1889408230781537 4.2081811428070068 9.2303165495395678 7.1615722775459281 6.0164269208908072 23.578572362661362 8.1460830867290515 6.3521831333637229 5.9369173198938379 12.582505643367767 13.798320025205614 7.8961737453937522 11.156813099980356 5.5863028019666663
leaf_count=772 1277 45 94 54 25 47 1560 48 31 59 45 37 84 30 39 38 21 21 45 35 34 117 39 32 28 60 68 39 55 27
internal_value=-0.000266317 0.0323231 0.0184839 0.0497888 0.0354095 -0.0358915 -0.0276589 0.0703217 0.0519484 0.103014 0.0562393 0.0336476 0.0517669 0.0838992 0.0532836 -0.0523289 0.00193603 0.0641027 0.040169 0.0905347 0.035816 0.0322568 0.0486863 0.0354251 0.0478567 0.0984284 0.0164713 0.0578122 0.0061703 0.0441597
internal_weight=925.974 483.592 269.807 213.785 125.733 442.383 294.755 88.0517 56.3706 31.6811 19.1694 49.8247 38.8695 21.7337 15.4638 147.627 14.7686 8.39712 120.736 16.3919 14.4413 104.344 64.0222 54.7122 48.36 18.5194 29.8406 16.0423 40.3217 16.7431
internal_count=4906 2413 1371 1042 615 2493 1641 427 275 152 93 244 190 106 76 852 80 42 590 80 81 510 311 266 234 88 146 78 199 82
is_linear=0
shrinkage=0.1


Tree=4
num_leaves=31
num_cat=0
split_feature=1 0 102 1 83 73 0 13 5 8 261 1 10 8 108 0 0 9 74 13 26 56 7 16 10 57 312 21 317 82
split_gain=87.4177 9.98829 8.13056 5.77323 5.51485 4.26656 4.17059 3.9238 3.90044 7.63205 3.84156 3.52839 8.37222 4.65471 7.58907 5.95254 5.40977 19.0132 5.37741 8.44677 5.66242 7.22366 4.19446 3.91266 3.70517 3.47954 3.44459 3.4123 3.39446 3.52714
threshold=0.082515783607959761 12.581793308258058 1.0000000180025095e-35 -0.16024032235145566 1.0000000180025095e-35 1.0000000180025095e-35 9.6605067253112811 1.0000000180025095e-35 1.0000000180025095e-35 1.0000000180025095e-35 1.0000000180025095e-35 0.1041143834590912 1.0000000180025095e-35 1.0000000180025095e-35 1.0000000180025095e-35 10.709103107452394 10.843257904052736 1.0000000180025095e-35 1.0000000180025095e-35 1.0000000180025095e-35 1.0000000180025095e-35 1.0000000180025095e-35 1.0000000180025095e-35 1.0000000180025095e-35 1.0000000180025095e-35 1.0000000180025095e-35 1.0000000180025095e-35 1.0000000180025095e-35 1.0000000180025095e-35 1.0000000180025095e-35
decision_type=2 2 2 2 2 2 2 2 2 2 2 2 2 2 2 2 2 2 2 2 2 2 2 2 2 2 2 2 2 2
left_child=3 2 11 5 6 27 -5 -7 -9 -10 26 12 -2 14 15 -13 17 -15 19 20 21 -17 -20 -22 -24 -6 28 -1 29 -3
right_child=1 10 -4 4 25 7 -8 8 9 -11 -12 13 -14 16 -16 18 -18 -19 22 -21 23 -23 24 -25 -26 -27 -28 -29 -30 -31
leaf_value=-0.051160058664585943 0.0048004733064327077 0.038132462404664308 -0.095725922827324353 -0.01979465529126553 -0.026117561243253557 -0.037405268863854056 -0.13020750214684793 -0.023031195481975492 -0.0016168516518849695 0.16198335233106195 0.11467630772800985 -0.03081708602911707 0.18274683041509676 -0.060163149910806804 0.099683491643038594 0.056712948665619857 -0.034209129914431757 0.14030260155373184 -0.044474525883147265 -0.0043055851359996324 -0.0098288144887324295 0.23446786842060288 0.11720546062412192 0.11720546062412195 -0.0098288144887324295 0.061723579800550765 0.10808228286816318 -0.014632850398968403 0.12607469470500862 0.0023161533427930397
leaf_weight=208.56270125508308 7.6550818085670453 275.72387635707855 7.1351245045661917 89.7162696570158 6.6775650978088388 50.791063696146011 3.5566635578870764 17.860423043370247 9.3527724444866198 4.1021918803453437 6.5500766336917868 22.631687372922897 4.0390702784061432 10.430255919694901 11.414242327213286 4.1327429115772247 38.965861737728119 8.6590803861618042 12.988620579242706 13.579012423753737 5.5103238821029663 5.1167293190956116 3.9359456300735474 4.3295401930809021 5.5103238821029663 13.888829827308655 6.7306010574102393 29.149362370371819 4.107547089457511 30.541082918643951
leaf_count=1226 38 1332 46 505 37 288 20 102 53 23 28 115 20 53 58 21 198 44 66 69 28 26 20 22 28 75 32 164 20 149
internal_value=-0.000312295 0.0286433 0.00870314 -0.033009 -0.0136696 -0.0398928 -0.0240049 -0.02024 0.00760067 0.0482621 0.0388725 0.0133924 0.0662618 0.00919236 0.0235422 0.012362 -0.0128432 0.0307698 0.0300962 0.0559841 0.0988706 0.155045 -0.00760014 0.0460663 0.0431021 0.033203 0.0373067 -0.0466809 0.0357719 0.0345608
internal_weight=923.345 489.687 166.034 433.658 113.839 319.819 93.2729 82.1065 31.3154 13.455 323.653 158.899 11.6942 147.204 89.1492 77.7349 58.0552 19.0893 55.1032 32.6683 19.0893 9.24947 22.4349 9.83986 9.44627 20.5664 317.103 237.712 310.373 306.265
internal_count=4906 2413 852 2493 637 1856 525 466 178 76 1561 806 58 748 453 395 295 97 280 166 97 47 114 50 48 112 1533 1390 1501 1481
is_linear=0
shrinkage=0.1


Tree=5
num_leaves=31
num_cat=0
split_feature=1 0 102 0 83 73 74 6 23 0 0 61 94 139 67 11 0 14 0 76 13 1 0 9 0 11 1 26 108 15
split_gain=71.1462 7.91171 6.92751 4.92643 4.49958 3.99239 3.44911 3.36542 6.36897 6.4945 5.07828 4.63986 4.26062 7.62354 3.85467 3.49248 3.26925 3.24906 4.48039 3.24738 3.24016 3.49576 9.77998 3.21724 3.23226 3.11303 2.98433 2.97652 4.63344 4.5194
threshold=0.082515783607959761 12.581793308258058 1.0000000180025095e-35 7.5277206897735605 1.0000000180025095e-35 1.0000000180025095e-35 1.0000000180025095e-35 1.0000000180025095e-35 1.0000000180025095e-35 13.151266574859621 15.034907817840578 1.0000000180025095e-35 1.0000000180025095e-35 1.0000000180025095e-35 1.0000000180025095e-35 1.0000000180025095e-35 14.109513759613039 1.0000000180025095e-35 16.735113143920902 1.0000000180025095e-35 1.0000000180025095e-35 -0.51387938857078541 5.1663243770599374 1.0000000180025095e-35 6.3449692726135263 1.0000000180025095e-35 0.066088676452636733 1.0000000180025095e-35 1.0000000180025095e-35 1.0000000180025095e-35
decision_type=2 2 2 2 2 2 2 2 2 2 2 2 2 2 2 2 2 2 2 2 2 2 2 2 2 2 2 2 2 2
left_child=3 2 -2 5 26 19 27 8 -8 -10 11 14 13 16 -11 17 -9 18 -12 -1 21 -7 25 24 -24 -23 -5 29 -29 -3
right_child=1 6 -4 4 -6 20 7 12 9 10 15 -13 -14 -15 -16 -17 -18 -19 -20 -21 -22 22 23 -25 -26 -27 -28 28 -30 -31
leaf_value=-0.045425866928307947 0.011853810683428686 0.01361218482093121 -0.091813022182245421 -0.017470593222716865 0.029327161597323542 -0.06965486051912663 0.11662791131855671 -0.076703695102016869 0.10245798147784183 -0.043455629803424295 0.1793860832961896 -0.05365587986108207 0.068920315670470592 0.0959864803121879 0.081766202432797364 0.0023625580187906963 -0.0094503354564877459 0.025625124236926224 0.038486225193175155 0.03280938517251622 0.0074746779409107155 0.026088849786107388 -0.068880308753715244 -0.096206458172133608 0.028811307994891035 0.14426649226935157 -0.092597591337892332 0.049473236272458691 0.13672207838529349 0.055679780751706355
leaf_weight=224.6613477319479 159.75910764932632 61.57760301232338 6.7171329557895652 88.354380071163177 20.906305924057961 17.45378865301609 8.493835508823393 9.6993823647499067 9.2934792935848218 4.0610414445400256 4.632513165473938 16.07257641851902 8.0426347404718381 5.8546250760555258 6.2285990118980408 14.397988498210905 28.36825492978096 8.9052803069353104 4.4006753414869308 5.4338431358337393 31.256321966648102 5.7875736206769961 6.6353119164705276 8.9753388464450836 6.9178484976291656 3.6252303570508957 5.6241382211446753 88.324558183550835 6.537233278155326 43.63419097661972
leaf_count=1352 806 295 46 503 112 105 41 49 44 20 22 79 39 28 30 69 136 43 21 30 177 33 38 51 39 20 33 414 29 202
internal_value=-0.000347005 0.0254309 0.00767097 -0.0303261 -0.0126323 -0.0368676 0.0344305 0.0216427 0.0349845 0.0247853 0.0124877 -0.0200884 0.00200516 -0.0102477 0.0323445 0.0390454 -0.026586 0.0684882 0.110744 -0.0435783 -0.0177224 -0.0336666 -0.0140015 -0.0497688 -0.0190162 0.0716036 -0.0219666 0.0426405 0.0554858 0.0310588
internal_weight=920.632 495.001 166.476 425.631 114.885 310.747 328.524 128.451 76.486 67.9922 58.6987 26.3622 51.9649 43.9223 10.2896 32.3365 38.0676 17.9385 9.03319 230.095 80.6514 49.3951 31.9413 22.5285 13.5532 9.4128 93.9785 200.074 94.8618 105.212
internal_count=4906 2413 852 2493 648 1845 1561 621 369 328 284 129 252 213 50 155 185 86 43 1382 463 286 181 128 77 53 536 940 443 497
is_linear=0
shrinkage=0.1


Tree=6
num_leaves=31
num_cat=0
split_feature=1 68 73 13 26 23 8 178 1 57 94 5 108 7 53 54 61 0 26 99 10 67 39 15 0 0 67 21 0 0
split_gain=57.9906 6.46345 6.4197 5.68133 6.4224 6.10299 5.31629 5.2501 4.88933 4.65023 4.80442 4.92301 4.64482 6.41909 8.65981 8.36241 8.68442 15.4085 7.73787 6.50702 5.6277 5.60649 6.41624 4.75517 4.31973 5.16809 4.06469 5.11364 4.86285 4.69823
threshold=0.082515783607959761 1.0000000180025095e-35 1.0000000180025095e-35 1.0000000180025095e-35 1.0000000180025095e-35 1.0000000180025095e-35 1.0000000180025095e-35 1.0000000180025095e-35 0.12905924767255786 1.0000000180025095e-35 1.0000000180025095e-35 1.0000000180025095e-35 1.0000000180025095e-35 1.0000000180025095e-35 1.0000000180025095e-35 1.0000000180025095e-35 1.0000000180025095e-35 14.680356025695803 1.0000000180025095e-35 1.0000000180025095e-35 1.0000000180025095e-35 1.0000000180025095e-35 1.0000000180025095e-35 1.0000000180025095e-35 4.4558520317077646 4.7049965858459482 1.0000000180025095e-35 1.0000000180025095e-35 17.370294570922855 14.205338954925539
decision_type=2 2 2 2 2 2 2 2 2 2 2 2 2 2 2 2 2 2 2 2 2 2 2 2 2 2 2 2 2 2
left_child=24 2 3 4 -2 -5 8 9 -6 -4 -11 -12 13 26 21 18 19 -18 20 23 -16 22 -15 -17 -1 -26 27 28 29 -3
right_child=1 12 7 5 6 -7 -8 -9 -10 10 11 -13 -14 14 15 16 17 -19 -20 -21 -22 -23 -24 -25 25 -27 -28 -29 -30 -31
leaf_value=-0.042458568028860194 0.066624857666420664 -0.050228751927416264 0.10694433452253552 -0.075109381953167201 -0.051215696676978506 0.015129799915735296 -0.018781413894842086 -0.10107808430155883 0.059787963544000004 -0.010394412417240003 0.09336332837818026 -0.010688096788142587 0.086932399109639902 -0.0095953406131044465 -0.12329572197033443 0.057832272164137825 -0.053240947207809454 0.15565917322225456 0.090592593166932939 0.26189918152186642 0.037973796450827199 -0.052101887605639711 0.14592562534601897 0.19635365584052819 0.037846421725531459 -0.023899522327742787 0.034619218630993508 0.080958835561172116 -0.11744184737329387 0.021890964212178166
leaf_weight=136.23812410235405 50.319180130958557 14.493564784526823 4.0259834975004187 8.6105083972215635 4.6370261758565894 57.833400920033455 23.533969357609749 5.2262012362480155 27.503508448600769 106.32114042341709 9.8029771596193314 8.4809966087341309 16.969534739851952 6.7486274093389511 4.2655633091926575 5.4612192660570127 6.6707399040460587 7.5015257596969604 9.096064105629921 4.8445032984018335 4.3916508853435516 9.8373673558235168 4.3709469437599182 4.5369418114423752 14.278573974967001 267.65273934602737 59.516715168952942 6.151659667491912 4.2973808497190467 23.97470660507679
leaf_count=852 239 72 20 41 24 283 116 26 133 529 48 42 79 33 20 26 32 34 41 22 21 47 20 20 81 1560 281 29 21 114
internal_value=-0.000364264 0.0226393 0.0136059 0.0263613 0.0407326 0.00343565 0.0173309 -0.00282578 0.0437731 0.00116615 -0.00225154 0.0450992 0.0369659 0.0321526 0.0563068 0.0802437 0.11332 0.057332 0.0261855 0.166779 -0.0414866 0.00288842 0.0515377 0.12069 -0.0278377 -0.0207724 0.0170666 -0.00428939 -0.016552 -0.00528135
internal_weight=917.593 499.424 306.295 172.438 105.994 66.4439 55.6745 133.857 32.1405 128.631 124.605 18.284 193.129 176.159 67.7252 46.7682 29.0149 14.1723 17.7533 14.8427 8.65721 20.9569 11.1196 9.99816 418.169 281.931 108.434 48.9173 42.7657 38.4683
internal_count=4906 2413 1501 836 512 324 273 665 157 639 619 90 912 833 316 216 134 66 82 68 41 100 53 46 2493 1641 517 236 207 186
is_linear=0
shrinkage=0.1


Tree=7
num_leaves=31
num_cat=0
split_feature=1 102 68 272 73 6 94 61 8 13 26 42 31 0 0 26 23 108 6 1 0 0 0 55 8 7 0 99 7 8
split_gain=47.5225 8.07311 6.29302 7.10887 5.49601 6.77838 7.63956 6.86454 4.5703 5.62431 5.04796 4.92182 4.91115 4.2671 4.26415 4.0327 6.48384 4.36207 4.12769 6.46396 10.6493 6.01089 3.94173 3.92145 5.76625 3.90272 3.73689 3.70949 4.99234 4.58141
threshold=-0.0050954443868249646 1.0000000180025095e-35 1.0000000180025095e-35 1.0000000180025095e-35 1.0000000180025095e-35 1.0000000180025095e-35 1.0000000180025095e-35 1.0000000180025095e-35 1.0000000180025095e-35 1.0000000180025095e-35 1.0000000180025095e-35 1.0000000180025095e-35 1.0000000180025095e-35 12.881587982177736 12.581793308258058 1.0000000180025095e-35 1.0000000180025095e-35 1.0000000180025095e-35 1.0000000180025095e-35 0.59692752361297619 13.151266574859621 15.51813840866089 14.351813793182375 1.0000000180025095e-35 1.0000000180025095e-35 1.0000000180025095e-35 16.379192352294925 1.0000000180025095e-35 1.0000000180025095e-35 1.0000000180025095e-35
decision_type=2 2 2 2 2 2 2 2 2 2 2 2 2 2 2 2 2 2 2 2 2 2 2 2 2 2 2 2 2 2
left_child=-1 2 3 4 5 -2 7 8 9 12 13 -12 -7 -10 -3 16 25 18 19 20 -17 -21 -9 24 -20 -4 -23 29 -29 -18
right_child=1 14 15 -5 -6 6 -8 22 10 -11 11 -13 -14 -15 -16 17 27 -19 23 21 -22 26 -24 -25 -26 -27 -28 28 -30 -31
leaf_value=-0.027817517617857803 0.0099663478891618626 -0.088696726959520134 0.045459401434193247 -0.1161283800184984 0.00038571976764790198 0.078299093501125627 0.15416925738446779 -0.04637626810323664 -0.0096441614399344847 0.025458576277787248 0.032819797635398024 -0.11333179622353876 0.18199305614270211 0.12579677879944318 -0.0076294860798490531 0.10048658040056346 -0.023212682208051821 0.12104915641453085 0.0051562844050325601 0.16594786593828376 -0.035665952620770797 -0.015527484259109353 0.047973744479630716 -0.0087684928796613222 0.13969683497466301 0.16909537255216364 0.092911501855684836 0.0045108359978380487 0.10032308406640054 0.032976220502723939
leaf_weight=373.44445469975471 102.5150683671236 8.8372440189123136 6.3053466677665693 4.1865933388471595 142.49412797391415 13.301846683025362 6.375527322292327 11.961736783385279 3.9042619913816452 11.145338073372843 5.1895081251859665 4.1443014889955521 6.9559466242790213 5.7547560334205627 24.412590265274048 10.470768898725511 35.791638240218163 8.2201094478368741 7.6848589479923231 8.7409083694219607 12.727785751223562 4.4130974411964408 7.0304549634456626 20.971954628825188 5.4410012811422348 4.2904341667890549 11.353842943906782 12.101395487785339 9.876885399222374 24.405970498919487
leaf_count=2273 500 60 30 21 717 63 31 61 20 54 26 21 32 26 118 49 172 36 35 39 60 20 32 98 24 19 51 58 45 115
internal_value=-0.000379194 0.0185609 0.0216869 0.0133372 0.0150269 0.0267293 0.049411 0.0397856 0.0590943 0.0825141 0.0203716 -0.0320729 0.113905 0.0710503 -0.0291758 0.0365303 0.0218989 0.0516082 0.0446305 0.0636212 0.0257871 0.099434 -0.0114502 0.0180605 0.0609267 0.095522 0.0625599 0.0124059 0.0475682 -0.000431965
internal_weight=914.45 541.005 507.755 324.959 320.773 178.279 75.7637 69.3882 50.396 31.4031 18.9928 9.33381 20.2578 9.65902 33.2498 182.796 92.7717 90.0243 81.8042 47.7064 23.1986 24.5078 18.9922 34.0978 13.1259 10.5958 15.7669 82.1759 21.9783 60.1976
internal_count=4906 2633 2455 1604 1583 866 366 335 242 149 93 47 95 46 178 851 439 412 376 219 109 110 93 157 59 49 71 390 103 287
is_linear=0
shrinkage=0.1


Tree=8
num_leaves=31
num_cat=0
split_feature=1 102 0 0 6 113 12 126 0 26 19 54 74 10 67 0 13 8 10 0 81 0 61 8 84 99 6 15 10 14
split_gain=38.7445 6.53468 5.0123 3.77168 3.54675 3.3986 4.53606 4.39942 4.3764 3.44458 6.08262 4.20886 6.36391 6.34898 5.90575 4.48142 4.17875 5.02724 7.65161 4.54324 3.57754 4.2164 3.31685 3.60061 4.44245 4.83459 4.31852 9.25745 7.41512 4.448
threshold=-0.0050954443868249646 1.0000000180025095e-35 12.581793308258058 12.581793308258058 1.0000000180025095e-35 1.0000000180025095e-35 1.0000000180025095e-35 1.0000000180025095e-35 10.965092182159426 1.0000000180025095e-35 1.0000000180025095e-35 1.0000000180025095e-35 1.0000000180025095e-35 1.0000000180025095e-35 1.0000000180025095e-35 9.4346337318420428 1.0000000180025095e-35 1.0000000180025095e-35 1.0000000180025095e-35 11.880903720855715 1.0000000180025095e-35 11.377138614654543 1.0000000180025095e-35 1.0000000180025095e-35 1.0000000180025095e-35 1.0000000180025095e-35 1.0000000180025095e-35 1.0000000180025095e-35 1.0000000180025095e-35 1.0000000180025095e-35
decision_type=2 2 2 2 2 2 2 2 2 2 2 2 2 2 2 2 2 2 2 2 2 2 2 2 2 2 2 2 2 2
left_child=22 2 5 -3 -5 7 8 9 -7 10 16 12 15 -13 -15 -11 17 19 -19 20 21 -2 -1 24 25 -24 28 29 -25 -28
right_child=1 3 -4 4 -6 6 -8 -9 -10 11 -12 13 -14 14 -16 -17 -18 18 -20 -21 -22 -23 23 26 -26 -27 27 -29 -30 -31
leaf_value=-0.031116643007803688 0.12167521638068449 -0.084794462165948242 0.027216729455177863 0.025402547621641042 -0.052019806288349804 0.064741388168113409 -0.10431267367006579 0.1089034962134819 -0.069531799805022304 0.11104792574778483 -0.091205662671375171 -0.052434798726652514 0.096814743746123227 0.072748998171535392 -0.025951979918954496 -0.010953819278485655 0.00025603491926526502 -0.043855487440253207 0.10147766975748088 0.15384778727059439 0.004787850533550065 0.0069611218981022157 -0.025889296533388714 0.031773622810443165 -0.12601920562519109 0.094219259634606645 0.062767497961410443 -0.042503717386588813 -0.083376007930914042 0.20426644264733615
leaf_weight=271.50575956702232 10.027376145124437 8.3453459218144399 313.0365000218153 14.186514914035797 10.150602072477341 5.4525861442089099 6.1916062384843817 4.4568288326263419 4.3750841319561005 3.3229661732912055 4.3210749179124823 30.955221980810165 8.512305945158003 10.431821659207344 14.472773998975754 32.050533667206764 27.723024487495422 10.809847712516786 5.4485667645931235 5.7524630576372138 8.9228019416332245 4.7087281495332727 49.352368667721748 14.413502261042595 4.0805786699056616 3.5954358577728263 5.7908038794994336 5.9325867891311637 9.1376842260360718 3.6042975932359695
leaf_count=1697 52 60 1443 68 50 28 32 23 22 19 22 160 43 53 75 161 143 56 28 28 44 23 297 86 25 21 35 36 55 21
internal_value=-0.000384586 0.0165684 0.0193411 -0.0267819 -0.00688901 0.00688578 -0.0372715 0.0107742 0.00496562 0.00830973 0.0240937 -0.00398788 0.0191873 -0.0221953 0.015391 0.000506954 0.0308821 0.049473 0.00484898 0.0741409 0.0547609 0.0850198 -0.0254696 -0.00948323 -0.0254815 -0.0177333 0.0139834 0.0552956 -0.0129036 0.117052
internal_weight=911.068 543.655 510.972 32.6825 24.3371 197.936 16.0193 181.916 9.82767 177.46 77.7139 99.7456 43.8858 55.8598 24.9046 35.3735 73.3928 45.6698 16.2584 29.4114 23.6589 14.7361 367.413 95.9073 57.0284 52.9478 38.8789 15.3277 23.5512 9.3951
internal_count=4906 2633 2455 178 118 1012 82 930 50 907 396 511 223 288 128 180 374 231 84 147 119 75 2273 576 343 318 233 92 141 56
is_linear=0
shrinkage=0.1


Tree=9
num_leaves=31
num_cat=0
split_feature=1 268 102 73 51 13 63 81 86 0 70 7 64 54 67 0 9 10 1 8 0 81 7 0 39 16 99 6 0 0
split_gain=31.7572 4.35245 4.55446 3.7427 5.22501 3.82837 5.2079 5.4721 5.09561 4.04363 5.7469 6.48624 6.4347 6.43701 7.11964 12.0905 4.69282 3.92556 4.24534 4.25797 8.43711 4.62303 4.39681 4.18489 4.12946 6.64374 3.528 4.08008 3.51387 4.45673
threshold=0.082515783607959761 1.0000000180025095e-35 1.0000000180025095e-35 1.0000000180025095e-35 1.0000000180025095e-35 1.0000000180025095e-35 1.0000000180025095e-35 1.0000000180025095e-35 1.0000000180025095e-35 14.29021215438843 1.0000000180025095e-35 1.0000000180025095e-35 1.0000000180025095e-35 1.0000000180025095e-35 1.0000000180025095e-35 16.425735473632816 1.0000000180025095e-35 1.0000000180025095e-35 0.12905924767255786 1.0000000180025095e-35 12.581793308258058 1.0000000180025095e-35 1.0000000180025095e-35 13.289527893066408 1.0000000180025095e-35 1.0000000180025095e-35 1.0000000180025095e-35 1.0000000180025095e-35 4.4558520317077646 4.7049965858459482
decision_type=2 2 2 2 2 2 2 2 2 2 2 2 2 2 2 2 2 2 2 2 2 2 2 2 2 2 2 2 2 2
left_child=28 2 3 5 -5 9 7 -7 -9 17 11 -11 13 -12 15 -15 -14 18 -2 20 21 -20 -21 -22 -19 -26 27 -4 -1 -30
right_child=1 -3 26 4 -6 6 -8 8 -10 10 12 -13 16 14 -16 -17 -18 24 19 22 23 -23 -24 -25 25 -27 -28 -29 29 -31
leaf_value=-0.035103360198369488 -0.082455958499615331 0.093303505108109933 0.03123426013506559 -0.010773728227471536 0.021952425088810193 0.035032509797002592 -0.053401827725207907 -0.033160900425609173 0.072290020949694764 -0.072743674695512767 0.012870097979232331 0.067774935947098755 0.17510462982681205 0.21795769469599646 0.024539213524875952 0.018024633993207209 0.060958329685912499 0.069767975000374807 0.13867257585916068 -0.063398428929884607 -0.093002763232278851 0.026986331064381353 0.029968775236342601 0.036734913631359979 -0.045050629788478964 0.091819565555128782 -0.087955803547078021 -0.053688433209964685 0.039592180258857107 -0.018032023824418934
leaf_weight=128.40618295967579 5.3632853776216498 7.2160747796297064 13.392805725336078 90.150630950927734 106.32600890100002 63.350280597805977 11.470505714416502 27.145077094435692 5.5131045430898658 7.2074147909879667 26.46238075196743 6.0359124690294266 7.7840359807014448 7.3923507779836655 10.520717769861221 5.1192223280668259 6.7034551501274109 23.947855442762375 8.0169384628534335 11.423082679510117 5.2678160369396192 6.8926038742065421 9.031355544924736 4.7086728662252426 9.9954466670751554 5.4967484325170508 6.5090016424655905 9.7951908633112907 14.159759402275084 257.48695722222328
leaf_count=852 27 32 71 446 500 296 53 131 26 32 117 26 34 32 47 23 29 112 37 56 24 32 43 21 48 26 38 54 81 1560
internal_value=-0.000396104 0.0161934 0.0150828 0.0174761 0.00693648 0.0250103 0.0102826 0.0178912 -0.0153595 0.034468 0.0512613 -0.00869949 0.0636722 0.0465148 0.0851701 0.136153 0.122288 0.0200813 0.00167651 0.0116285 0.0394111 0.0870406 -0.0221735 -0.0317696 0.0437424 0.00351195 -0.0229006 -0.00463921 -0.0214719 -0.0150283
internal_weight=908.291 508.238 501.022 471.325 196.477 274.848 107.479 96.0085 32.6582 167.369 77.2255 13.2433 63.9822 49.4947 23.0323 12.5116 14.4875 90.1438 50.7038 45.3405 24.886 14.9095 20.4544 9.97649 39.4401 15.4922 29.697 23.188 400.053 271.647
internal_count=4906 2413 2381 2218 946 1272 506 453 157 766 340 58 282 219 102 55 63 426 240 213 114 69 99 45 186 74 163 125 2493 1641
is_linear=0
shrinkage=0.1


Tree=10
num_leaves=31
num_cat=0
split_feature=0 0 101 214 0 91 15 54 98 14 1 0 113 74 11 49 54 56 67 61 1 15 140 168 168 9 9 8 67 10
split_gain=26.5749 5.052 6.77649 4.46008 4.25185 4.5366 4.70583 4.7 8.09798 6.80282 4.48969 4.17656 4.09407 3.59138 4.62176 3.99593 7.45408 5.18574 4.64282 3.38592 7.28296 4.36113 6.02855 3.83933 3.63569 8.00727 3.32783 6.6672 5.98397 9.25538
threshold=8.0082135200500506 12.581793308258058 1.0000000180025095e-35 1.0000000180025095e-35 12.462697029113771 1.0000000180025095e-35 1.0000000180025095e-35 1.0000000180025095e-35 1.0000000180025095e-35 1.0000000180025095e-35 0.066088676452636733 10.584530830383303 1.0000000180025095e-35 1.0000000180025095e-35 1.0000000180025095e-35 1.0000000180025095e-35 1.0000000180025095e-35 1.0000000180025095e-35 1.0000000180025095e-35 1.0000000180025095e-35 -0.14837630838155744 1.0000000180025095e-35 1.0000000180025095e-35 1.0000000180025095e-35 1.0000000180025095e-35 1.0000000180025095e-35 1.0000000180025095e-35 1.0000000180025095e-35 1.0000000180025095e-35 1.0000000180025095e-35
decision_type=2 2 2 2 2 2 2 2 2 2 2 2 2 2 2 2 2 2 2 2 2 2 2 2 2 2 2 2 2 2
left_child=3 2 4 19 5 6 13 8 9 10 -8 -12 -9 14 26 17 -17 -16 -19 21 23 22 24 -21 -1 -26 27 28 -2 -30
right_child=1 -3 -4 -5 -6 -7 7 12 -10 -11 11 -13 -14 -15 15 16 -18 18 -20 20 -22 -23 -24 -25 25 -27 -28 -29 29 -31
leaf_value=-0.025045273169957478 -0.022926802098347979 0.019926167626533521 -0.089471767665223703 -0.12351417416077617 -0.070874228060769706 -0.069396807184960538 0.07288724192925114 0.016637407292271773 0.192564847073739 0.11012063720026322 -0.11143219474251456 0.0091955458223967751 -0.086702121448206826 -0.019854709420262604 0.16506248616910799 -0.049539530439208244 0.10992895774857599 0.12534403111348022 -0.0055253709165682509 -0.018490090928460445 0.10683298368045964 -0.045677266968540173 0.10527495074267706 0.085926708510910804 -0.066784982374669108 0.13911596914333221 -0.037948199410704014 -0.04456947908289547 0.21186674546475995 0.0056895027795759445
leaf_weight=128.62269172072411 5.1970977038145056 341.79192432761192 7.9697547703981391 4.446430727839469 7.3122552260756484 7.6132132560014716 6.965682968497279 52.705008767545223 3.8553327098488799 9.2560802251100558 4.0193634778261176 10.039881631731985 4.1344718337059012 64.232780009508133 4.6612617895007142 9.0394202321767825 4.3378036618232718 4.1863029450178146 7.6914859712123871 66.132197767496109 5.4756753742694846 91.039834082126617 3.8843593895435324 3.719444975256919 3.4473157525062552 4.1774928271770477 20.24052932113409 10.148625656962395 4.5235321670770645 4.1977319270372391
leaf_count=838 27 1561 51 29 37 41 41 283 19 48 21 50 22 342 25 47 21 22 41 412 31 594 24 22 22 27 107 56 23 22
internal_value=-0.000393507 0.012003 0.00127073 -0.0240794 0.00423031 0.00654709 0.00906713 0.026735 0.0560644 0.0386853 0.00723642 -0.0252904 0.00912055 -0.00254193 0.0124404 0.0428085 0.00217097 0.0756772 0.0405993 -0.0226369 -0.00422434 -0.0286367 -0.0175659 -0.0129301 -0.021068 0.0460244 -0.00806397 0.0170689 0.0620128 0.112629
internal_weight=905.065 594.12 252.328 310.945 244.358 237.046 229.432 90.9758 34.1363 30.281 21.0249 14.0592 56.8395 138.457 74.2238 29.9163 13.3772 16.5391 11.8778 306.499 75.3273 231.172 140.132 69.8516 136.248 7.62481 44.3075 24.067 13.9184 8.72126
internal_count=4906 2907 1346 1999 1295 1258 1217 484 179 160 112 71 305 733 391 156 68 88 63 1970 465 1505 911 434 887 49 235 128 72 45
is_linear=0
shrinkage=0.1


Tree=11
num_leaves=31
num_cat=0
split_feature=1 0 1 15 79 95 182 8 6 14 26 0 214 7 0 0 9 81 7 102 9 47 54 13 40 0 69 73 13 76
split_gain=21.7713 4.07077 5.07541 5.26881 4.83503 4.75561 5.00003 4.45134 4.26097 11.1602 5.56167 5.06603 4.0625 4.02364 4.00048 4.19871 3.72144 4.92527 3.63197 3.36643 4.2404 3.24751 6.46801 3.12121 5.33355 3.90152 3.07583 3.00845 4.39261 4.09782
threshold=-0.10852536559104918 14.47091054916382 0.63586583733558666 1.0000000180025095e-35 1.0000000180025095e-35 1.0000000180025095e-35 1.0000000180025095e-35 1.0000000180025095e-35 1.0000000180025095e-35 1.0000000180025095e-35 1.0000000180025095e-35 17.006159782409672 1.0000000180025095e-35 1.0000000180025095e-35 16.880219459533695 15.727583885192873 1.0000000180025095e-35 1.0000000180025095e-35 1.0000000180025095e-35 1.0000000180025095e-35 1.0000000180025095e-35 1.0000000180025095e-35 1.0000000180025095e-35 1.0000000180025095e-35 1.0000000180025095e-35 15.63039016723633 1.0000000180025095e-35 1.0000000180025095e-35 1.0000000180025095e-35 1.0000000180025095e-35
decision_type=2 2 2 2 2 2 2 2 2 2 2 2 2 2 2 2 2 2 2 2 2 2 2 2 2 2 2 2 2 2
left_child=12 19 7 5 16 6 8 -3 10 23 14 -11 27 -12 15 -4 21 18 -18 -2 -21 -5 -23 24 25 -10 -7 29 -29 -1
right_child=1 2 3 4 -6 26 -8 -9 9 11 13 -13 -14 -15 -16 -17 17 -19 -20 20 -22 22 -24 -25 -26 -27 -28 28 -30 -31
leaf_value=-0.028824920519016223 0.0067893375587816081 0.025584487603847191 0.029971199984841226 0.041380361080455695 -0.042375299419015917 -0.099002365582824312 -0.084641591511077086 0.13472001995942512 -0.0033138810770928884 0.018090115975080617 0.10226977023052458 0.13151734825206959 -0.12078873325789714 0.018303756457493006 0.062275287277788187 -0.067395304900838102 -0.045867124698649397 0.076614927659766061 0.04630756840874322 0.0011494387376413367 -0.091419942173893542 0.018007615232096676 0.14311777513386309 -0.081250374276119267 0.064805008689205038 -0.11543451203620546 -0.008322477246544795 -0.023134383187269028 0.024447726266988642 0.060351643722189846
leaf_weight=216.78498457372189 358.5532251149416 7.7997709810733777 8.3044438064098411 30.738278567790985 7.0518227815628043 6.6919902563095066 5.1224987506866446 7.1754591912031174 7.2003124207258242 10.589470237493517 15.390107080340385 6.2685159742832175 4.1093780398368827 9.0707066208124161 8.2539014369249326 9.4901850372552854 12.318578273057939 8.8287858664989489 6.5466675013303748 12.849376648664474 8.0478104874491692 6.6852653175592431 10.820548489689827 11.867344439029695 5.7072210013866416 5.4547607004642487 8.4814189374446869 48.72274574637413 32.239172965288162 5.2783579975366584
leaf_count=1445 1802 35 38 137 32 32 25 32 32 48 68 28 29 40 37 43 56 39 28 79 51 29 47 55 25 25 39 306 193 31
internal_value=-0.000404043 0.0107524 0.0217162 0.0175295 0.0368321 0.00394158 0.0116608 0.0778773 0.0167154 -0.00492518 0.0368899 0.0602672 -0.0220282 0.071133 0.00473402 -0.0219561 0.0441875 0.0149693 -0.0138804 0.00451542 -0.0345004 0.06096 0.0953397 -0.0412806 -0.0154486 -0.0516416 -0.0483154 -0.0206889 -0.00418711 -0.0267052
internal_weight=902.443 595.308 215.858 200.883 82.9899 117.893 102.719 14.9752 97.597 47.0876 50.5093 16.858 307.135 24.4608 26.0485 17.7946 75.9381 27.694 18.8652 379.45 20.8972 48.2441 17.5058 30.2296 18.3623 12.6551 15.1734 303.025 80.9619 222.063
internal_count=4906 2902 970 903 368 535 464 67 439 213 226 76 2004 108 118 81 336 123 84 1932 130 213 76 137 82 57 71 1975 499 1476
is_linear=0
shrinkage=0.1


Tree=12
num_leaves=31
num_cat=0
split_feature=1 261 268 102 55 9 68 7 53 13 36 5 0 0 9 26 73 9 42 1 67 13 0 9 15 54 178 0 94 0
split_gain=17.9554 3.66052 3.301 3.04654 3.35005 3.61723 3.02109 3.61088 6.43135 5.20523 5.00601 4.67841 8.43717 5.86478 4.60536 3.78674 4.85166 6.57333 4.43461 4.29846 4.64735 3.8042 3.51433 3.46886 3.28709 3.21343 3.10326 3.09544 3.08 6.11737
threshold=0.082515783607959761 1.0000000180025095e-35 1.0000000180025095e-35 1.0000000180025095e-35 1.0000000180025095e-35 1.0000000180025095e-35 1.0000000180025095e-35 1.0000000180025095e-35 1.0000000180025095e-35 1.0000000180025095e-35 1.0000000180025095e-35 1.0000000180025095e-35 14.528405189514162 13.351129055023195 1.0000000180025095e-35 1.0000000180025095e-35 1.0000000180025095e-35 1.0000000180025095e-35 1.0000000180025095e-35 0.72499811649322521 1.0000000180025095e-35 1.0000000180025095e-35 13.882272243499758 1.0000000180025095e-35 1.0000000180025095e-35 1.0000000180025095e-35 1.0000000180025095e-35 14.800821304321291 1.0000000180025095e-35 15.868583202362062
decision_type=2 2 2 2 2 2 2 2 2 2 2 2 2 2 2 2 2 2 2 2 2 2 2 2 2 2 2 2 2 2
left_child=-1 2 3 6 -5 -6 26 10 9 14 15 12 22 -13 27 16 17 -8 19 -17 -21 -19 -10 -18 -25 -14 28 -9 -2 -30
right_child=1 -3 -4 4 5 -7 7 8 11 -11 -12 13 25 -15 -16 18 23 21 -20 20 -22 -23 -24 24 -26 -27 -28 -29 29 -31
leaf_value=-0.01667825839547139 0.0033443463096088444 0.084471616391803658 0.076879508920426803 0.051256704334514659 -0.0053773376909654821 -0.084555413092556916 0.082813754921656435 0.01961233034459622 0.058434166496422982 -0.066261474950886995 -0.035586281393744645 0.11319349872456148 0.071556276677748817 -0.022280377050092698 -0.039678627205781386 0.11887895806293441 -0.073071356427598849 -0.070949404582002107 0.0088357292560526154 -0.029520357881522932 0.085724535087939341 0.046877798445818214 -0.047327765184342258 -0.052116311183499998 0.067233653245394362 0.15999647267815081 -0.052700793449127953 0.13141885713884921 0.051768198210829446 -0.07661002271286993
leaf_weight=386.37903951108456 243.01757146418095 6.8505989313125601 7.4665235728025428 5.2078907415270832 14.345752060413361 9.6518649533390999 11.779312923550606 5.2447759807109815 10.234916791319845 8.4467382729053497 19.438550591468811 4.4377633184194556 6.4185409545898446 11.415514171123503 5.8101921528577813 10.252821788191797 11.422486037015915 6.8316693156957626 23.688485741615295 6.365448519587515 7.7708437144756317 4.5752336084842682 4.5334909707307807 4.4815369844436646 4.7572395503520966 11.414591372013092 8.9050841927528364 4.6909537315368652 29.468127384781837 4.2466879636049262
leaf_count=2493 1158 28 32 27 80 56 53 24 46 39 87 20 28 50 26 44 55 33 108 29 34 21 20 22 23 48 44 20 138 20
internal_value=-0.000396223 0.0118629 0.0108805 0.00989268 -0.0214453 -0.0372228 0.0118415 0.0218341 0.039178 -0.0029303 0.0105199 0.0602019 0.0818701 0.0156424 0.0310431 0.0202696 -0.000983135 0.0304173 0.0396524 0.0695838 0.0338308 -0.0236897 0.0259682 -0.036221 0.00933949 0.128165 0.00540406 0.0723995 0.00727384 0.0355978
internal_weight=899.55 513.171 506.321 498.854 29.2055 23.9976 469.649 184.011 72.6475 24.1927 111.364 48.4548 32.6015 15.8533 15.7459 91.9251 43.8475 23.1862 48.0776 24.3891 14.1363 11.4069 14.7684 20.6613 9.23878 17.8331 285.637 9.93573 276.732 33.7148
internal_count=4906 2413 2385 2353 163 136 2190 830 321 109 509 212 142 70 70 422 207 107 215 107 63 54 66 100 45 76 1360 44 1316 158
is_linear=0
shrinkage=0.1


Tree=13
num_leaves=31
num_cat=0
split_feature=1 214 74 167 80 9 43 91 6 0 42 95 95 0 26 12 28 101 51 0 54 14 81 15 96 0 15 69 80 140
split_gain=15.0616 3.75123 3.5353 4.11207 4.40669 3.45503 4.61879 3.70115 4.05669 5.55103 7.09546 4.96693 4.25094 4.14601 4.6372 4.04748 3.56365 3.38325 3.18312 6.15795 4.74607 4.74122 4.12289 3.89225 2.95886 3.90842 5.57086 3.77345 4.2247 4.12181
threshold=-0.10852536559104918 1.0000000180025095e-35 1.0000000180025095e-35 1.0000000180025095e-35 1.0000000180025095e-35 1.0000000180025095e-35 1.0000000180025095e-35 1.0000000180025095e-35 1.0000000180025095e-35 10.035592079162599 1.0000000180025095e-35 1.0000000180025095e-35 1.0000000180025095e-35 13.938398361206056 1.0000000180025095e-35 1.0000000180025095e-35 1.0000000180025095e-35 1.0000000180025095e-35 1.0000000180025095e-35 8.2737851142883319 1.0000000180025095e-35 1.0000000180025095e-35 1.0000000180025095e-35 1.0000000180025095e-35 1.0000000180025095e-35 9.0704994201660174 1.0000000180025095e-35 1.0000000180025095e-35 1.0000000180025095e-35 1.0000000180025095e-35
decision_type=2 2 2 2 2 2 2 2 2 2 2 2 2 2 2 2 2 2 2 2 2 2 2 2 2 2 2 2 2 2
left_child=1 -1 3 5 -5 16 -7 8 9 -8 12 -10 13 -11 -15 -16 -2 24 19 -4 21 23 -23 -21 25 26 -18 28 29 -27
right_child=2 -3 18 4 -6 6 7 -9 11 10 -12 -13 -14 14 15 -17 17 -19 -20 20 -22 22 -24 -25 -26 27 -28 -29 -30 -31
leaf_value=-0.017412459186732423 -0.05202994438395861 -0.11812470243297675 0.10767033459582537 -0.00016482163181628996 -0.12170730216633435 0.11090499814536828 -0.068971048246332156 -0.090826816814266673 0.014913829692198476 0.11393831670539725 -0.033251950098514865 0.10642050801352843 -0.058220700143542949 -0.025280453557187291 0.021930393395009171 0.13413756364475157 0.027166119731734512 -0.047657642225866242 0.011818079565185787 -0.059463554138469987 -0.023517204537547933 0.020099396437661905 0.1482703092111918 0.057785405959029978 -0.008133286965921166 0.0024800021567147161 0.16444818608195752 0.047622116724597173 0.086989023639815533 0.094805775125972908
leaf_weight=295.97288036346436 5.6576491445302954 3.7451547905802718 4.2438145875930777 9.6045269221067411 4.3268886655569068 4.0410252064466468 12.968896344304083 4.1276370137929908 46.948946982622147 7.0024771615862873 29.756925582885742 6.7895714193582526 4.4528477042913428 10.031946033239365 8.5300817340612394 5.1589926034212121 6.435161352157591 5.6554995998740187 115.93366514146328 7.4846842065453529 106.570576839149 5.5850894153118134 4.5577787905931473 4.5539229810237885 17.575674533843994 69.431876167654991 5.4672797471284866 71.038979798555374 7.6392539888620368 5.1974838972091666
leaf_count=1975 25 29 25 47 21 18 75 21 228 35 142 31 21 45 37 22 38 32 537 38 564 28 24 23 84 336 32 313 36 24
internal_value=-0.000381034 -0.0186709 0.00880478 0.0153159 -0.0379141 0.0175368 0.00555132 0.00241556 0.00533921 -0.00924083 0.00268887 0.0264752 0.0330925 0.0463268 0.0263678 0.0642178 0.02617 0.0285178 -0.000293542 -0.0108513 -0.014758 0.0273257 0.077694 -0.015111 0.0308747 0.0350245 0.0902254 0.0307389 0.0161602 0.00890993
internal_weight=896.487 299.718 596.769 347.84 13.9314 333.908 139.809 135.768 131.641 77.9022 64.9333 53.7385 35.1763 30.7235 23.721 13.6891 194.099 188.441 248.93 132.996 128.752 22.1815 10.1429 12.0386 182.786 165.21 11.9024 153.308 82.2686 74.6294
internal_count=4906 2004 2902 1663 68 1595 675 657 636 377 302 259 160 139 104 59 920 895 1239 702 677 113 52 61 863 779 70 709 396 360
is_linear=0
shrinkage=0.1


Tree=14
num_leaves=31
num_cat=0
split_feature=1 102 272 0 55 0 6 261 76 67 59 113 133 84 11 50 1 0 14 16 16 0 137 15 6 5 0 6 15 26
split_gain=12.4965 2.97027 3.58717 2.74394 2.54241 3.27577 2.90163 2.52859 2.24916 6.2976 3.07128 5.18902 5.0124 3.78904 2.70201 4.28624 4.33994 4.21364 8.61296 5.24274 3.68411 3.52169 6.60075 4.33767 2.49915 2.68581 2.41855 2.71278 3.11072 2.33457
threshold=-0.0050954443868249646 1.0000000180025095e-35 1.0000000180025095e-35 12.581793308258058 1.0000000180025095e-35 16.880219459533695 1.0000000180025095e-35 1.0000000180025095e-35 1.0000000180025095e-35 1.0000000180025095e-35 1.0000000180025095e-35 1.0000000180025095e-35 1.0000000180025095e-35 1.0000000180025095e-35 1.0000000180025095e-35 1.0000000180025095e-35 -0.10852536559104918 4.850102663040162 1.0000000180025095e-35 1.0000000180025095e-35 1.0000000180025095e-35 5.542778968811036 1.0000000180025095e-35 1.0000000180025095e-35 1.0000000180025095e-35 1.0000000180025095e-35 2.3121149539947514 1.0000000180025095e-35 1.0000000180025095e-35 1.0000000180025095e-35
decision_type=2 2 2 2 2 2 2 2 2 2 2 2 2 2 2 2 2 2 2 2 2 2 2 2 2 2 2 2 2 2
left_child=8 2 7 -3 -5 6 -6 -2 10 -10 11 14 -13 29 15 20 -17 18 19 24 26 22 23 -22 25 -16 -1 -28 -29 -12
right_child=1 3 -4 4 5 -7 -8 -9 9 -11 13 12 -14 -15 17 16 -18 -19 -20 -21 21 -23 -24 -25 -26 -27 27 28 -30 -31
leaf_value=-0.11889578793926517 0.010812388540891836 -0.075272578253628167 -0.064563324967928021 0.05974423068327428 0.034825180913012656 -0.096275075024321727 -0.058042981182723191 0.071697049637701848 -0.06791014618734241 0.10653580914890914 -0.01686183738631062 -0.015773201823444792 0.14434470564299356 -0.062658091541418007 -0.036694265745987234 -0.0025191410523710536 0.11315185285304515 -0.072126627974540697 -0.086551687267546806 -0.047900504725097361 0.021238107417768212 -0.095675662520879501 0.12755172290776978 -0.085043867280043983 0.11936503910900985 0.082880859795795819 -0.068815979834331589 -0.050233824585344283 0.037354837287387213 0.0077415250949124607
leaf_weight=4.8055719956755629 508.01801078021526 7.1859298497438457 6.2540697008371344 4.861666992306712 9.4049627780914324 4.4609494656324378 5.2382817566394797 6.9140569418668738 3.5011974275112134 5.0605793744325638 69.033155903220177 4.608743876218794 3.3954989463090897 11.471630841493605 3.5972351133823413 25.157845526933674 3.7237718254327765 31.692095085978508 12.025758273899557 6.9187283366918555 11.283834122121343 3.5360325127840033 4.0144739896059027 5.8210323154926291 4.5898586362600327 3.9312692880630493 19.3930444419384 9.7549613863229769 6.9390729665756217 87.389959394931793
leaf_count=36 2396 60 31 23 45 22 28 28 22 29 435 30 24 76 26 172 22 213 88 50 81 23 28 43 33 28 139 67 49 559
internal_value=-0.000375768 0.00892276 0.0107156 -0.0210723 -0.00482093 -0.0212516 0.00160375 0.0116299 -0.0154087 0.035199 -0.0167096 -0.0263904 0.0521508 -0.00718477 -0.0303899 -0.0197016 0.0123946 -0.0464729 -0.0202996 0.021552 -0.0338437 -0.00331185 0.0121527 -0.0149312 0.0612044 0.025746 -0.0522523 -0.0433776 -0.0138266 -0.00311651
internal_weight=893.983 552.338 521.186 31.1518 23.9659 19.1042 14.6432 514.932 341.645 8.56178 333.084 165.189 8.00424 167.895 157.185 94.4296 28.8816 62.7549 31.0628 19.0371 65.548 24.6554 21.1193 17.1049 12.1184 7.5285 40.8927 36.0871 16.694 156.423
internal_count=4906 2633 2455 178 118 95 73 2424 2273 51 2222 1152 54 1070 1098 660 194 438 225 137 466 175 152 124 87 54 291 255 116 994
is_linear=0
shrinkage=0.1


Tree=15
num_leaves=31
num_cat=0
split_feature=1 283 317 102 272 73 7 68 99 42 53 0 14 6 67 0 99 61 6 104 94 1 15 67 33 174 5 87 11 12
split_gain=10.2564 2.62458 2.54548 3.16273 3.59024 2.46897 3.93068 3.88798 5.44702 3.56889 3.55111 3.50655 4.14215 8.61155 5.2988 4.92963 3.66121 2.76879 2.70394 5.12499 4.4861 3.85868 3.68967 3.38837 6.73175 6.03632 5.3691 3.2704 3.69819 3.72697
threshold=-0.0050954443868249646 1.0000000180025095e-35 1.0000000180025095e-35 1.0000000180025095e-35 1.0000000180025095e-35 1.0000000180025095e-35 1.0000000180025095e-35 1.0000000180025095e-35 1.0000000180025095e-35 1.0000000180025095e-35 1.0000000180025095e-35 14.351813793182375 1.0000000180025095e-35 1.0000000180025095e-35 1.0000000180025095e-35 11.43189573287964 1.0000000180025095e-35 1.0000000180025095e-35 1.0000000180025095e-35 1.0000000180025095e-35 1.0000000180025095e-35 0.12905924767255786 1.0000000180025095e-35 1.0000000180025095e-35 1.0000000180025095e-35 1.0000000180025095e-35 1.0000000180025095e-35 1.0000000180025095e-35 1.0000000180025095e-35 1.0000000180025095e-35
decision_type=2 2 2 2 2 2 2 2 2 2 2 2 2 2 2 2 2 2 2 2 2 2 2 2 2 2 2 2 2 2
left_child=-1 2 3 4 5 18 9 11 10 -7 -9 12 13 -8 -14 -15 -13 -12 19 20 21 -2 -22 24 25 26 -23 28 -25 -30
right_child=1 -3 -4 -5 -6 6 7 8 -10 -11 17 16 14 15 -16 -17 -18 -19 -20 -21 22 23 -24 27 -26 -27 -28 -29 29 -31
leaf_value=-0.014098664522457905 -0.038866133230580094 0.075307268823114504 0.08170920535834815 -0.025063266023778424 -0.07059610987664354 0.0019338523940297669 -0.054877057875244231 -0.055415779703162887 0.10115638431165444 -0.033541406091623795 0.096556152371844076 -0.00013781813349293201 -0.0038003538211550457 -0.0051655838284390063 0.11163825173383519 0.12279789321540052 -0.098119606819553395 -0.0065588893944818387 0.02658907744126341 0.10778294889663431 -0.084643251777147627 0.1036006951918812 0.015483376612769752 -0.013145344326556251 -0.018438832102543431 -0.023641292104664265 0.023438308167744067 -0.069467598831231436 0.0026534556092623536 0.076671675147932675
leaf_weight=338.24539581686258 14.855502963066099 5.7339526116847983 4.5590285807847968 29.683488331735134 5.6740841865539542 84.396833926439285 15.412628620862961 5.3626227378845206 11.515667676925659 42.709304317831993 5.1820375472307205 10.41117860376835 7.3528243154287347 6.1005174517631531 8.6587348431348801 5.9436206966638565 6.0179505497217169 5.2343416213989258 123.78126715123653 4.9149808883666983 9.7317483276128751 21.096535325050354 5.918652117252349 39.0361697524786 18.442301616072655 8.1671427786350232 13.83432801067829 6.1588074117898932 15.75316409766674 11.972900450229645
leaf_count=2273 82 27 20 173 29 410 78 25 50 211 22 47 37 32 43 28 28 23 566 22 47 94 27 176 86 36 61 28 71 54
internal_value=-0.000379219 0.00800307 0.00729868 0.0066743 0.00850844 0.00939206 0.00123079 0.0175827 0.0488643 -0.00998629 0.0107011 0.00332803 0.018203 -0.0053702 0.0586266 0.0579827 -0.0360283 0.0447397 0.0153477 0.00715686 0.00415884 0.00949764 -0.0467775 0.0148409 0.0321209 0.0537562 0.0718525 0.00025783 0.00668999 0.0346166
internal_weight=891.858 553.612 547.878 543.319 513.636 507.962 214.298 87.1921 27.2947 127.106 15.779 59.8975 43.4683 27.4568 16.0116 12.0441 16.4291 10.4164 293.664 169.882 164.967 149.317 15.6504 134.461 61.5403 43.098 34.9309 72.921 66.7622 27.7261
internal_count=4906 2633 2606 2586 2413 2384 1034 413 120 621 70 293 218 138 80 60 75 45 1350 784 762 688 74 606 277 191 155 329 301 125
is_linear=0
shrinkage=0.1


Tree=16
num_leaves=31
num_cat=0
split_feature=1 214 168 11 0 15 118 114 95 176 91 77 102 17 0 45 39 47 312 1 67 8 26 7 5 52 61 0 0 13
split_gain=8.63468 3.2317 3.20658 4.78401 2.99765 2.51352 8.218 3.89354 3.95256 4.92049 3.68707 3.22481 3.22191 3.37511 3.07581 8.28274 5.61751 4.13303 3.55805 3.14007 3.08814 3.93383 4.04299 5.83848 3.8651 7.42924 3.71663 3.63481 6.05714 3.18343
threshold=-0.16024032235145566 1.0000000180025095e-35 1.0000000180025095e-35 1.0000000180025095e-35 7.4620122909545907 1.0000000180025095e-35 1.0000000180025095e-35 1.0000000180025095e-35 1.0000000180025095e-35 1.0000000180025095e-35 1.0000000180025095e-35 1.0000000180025095e-35 1.0000000180025095e-35 1.0000000180025095e-35 16.954140663146976 1.0000000180025095e-35 1.0000000180025095e-35 1.0000000180025095e-35 1.0000000180025095e-35 0.96379950642585765 1.0000000180025095e-35 1.0000000180025095e-35 1.0000000180025095e-35 1.0000000180025095e-35 1.0000000180025095e-35 1.0000000180025095e-35 1.0000000180025095e-35 10.120465755462648 13.030800819396974 1.0000000180025095e-35
decision_type=2 2 2 2 2 2 2 2 2 2 2 2 2 2 2 2 2 2 2 2 2 2 2 2 2 2 2 2 2 2
left_child=1 2 4 -4 -1 7 10 8 9 14 11 12 13 -7 16 19 17 18 20 -16 21 27 26 -24 -22 -26 -23 -2 -29 -27
right_child=5 -3 3 -5 -6 6 -8 -9 -10 -11 -12 -13 -14 -15 15 -17 -18 -19 -20 -21 24 22 23 -25 25 29 -28 28 -30 -31
leaf_value=-0.015429255257493727 -0.08428008182266683 -0.11534098034322825 -0.017394942444737341 0.097975320792288267 -0.099465388122003118 0.072410845379429684 0.13800969519446479 -0.071503139394765242 -0.022637243144924477 -0.074313566601465902 -0.06026465815729725 0.081299885325287355 -0.042170625752200264 0.011286870322421795 0.024430883645596153 0.090164531116857835 -0.016843063420748133 0.10794347828904785 0.093823480600803977 -0.070501559116959281 0.0060102978077329174 -0.049036006833641586 0.01505990243608457 0.15522673132555281 0.081353751763165935 -0.039694855452478091 0.038897669146303493 0.076466963375300553 -0.032723505172717514 0.04739702420244097
leaf_weight=244.59606013447046 8.6268755793571454 3.1977041214704505 8.5511731058359128 6.2003222554922095 4.3196854293346396 9.4364844113588315 5.2176011055707923 7.2887418568134299 54.068690203130245 7.3267446160316458 7.0165364295244208 6.7728627398610106 10.747869849205015 211.63932248950005 8.262380510568617 15.368636161088943 80.708709053695202 4.6283018738031378 5.2037299424409857 6.0250174701213846 68.135215371847153 10.603528156876564 8.7914040610194188 4.4891938716173163 23.654523991048336 10.43127463757992 8.7920873463153839 6.3310799300670615 25.717609748244286 7.02252173423767
leaf_count=1703 50 28 58 38 29 43 23 35 269 37 35 32 63 1020 37 66 409 22 24 28 342 54 41 21 127 47 44 31 118 32
internal_value=-0.000366598 -0.0154149 -0.014203 0.0310973 -0.0168876 0.00608658 0.0138208 0.000864261 0.0023126 0.00666256 0.0111826 0.0132837 0.0112965 0.0138959 0.00862197 0.0392092 0.00530092 0.0145886 0.0122879 -0.0156023 0.00996426 -0.00590644 0.0199312 0.06244 0.0206207 0.0448367 -0.00917542 -0.0266628 -0.0111534 -0.0046535
internal_weight=889.172 266.865 263.667 14.7515 248.916 622.307 250.831 371.476 364.188 310.119 245.613 238.597 231.824 221.076 302.792 29.656 273.136 192.427 187.799 14.2874 182.595 73.3518 32.6762 13.2806 109.244 41.1083 19.3956 40.6756 32.0487 17.4538
internal_count=4906 1856 1828 96 1732 3050 1216 1834 1799 1530 1193 1158 1126 1063 1493 131 1362 953 931 65 907 359 160 62 548 206 98 199 149 79
is_linear=0
shrinkage=0.1


Tree=17
num_leaves=31
num_cat=0
split_feature=0 236 126 5 153 0 176 14 11 0 7 0 9 0 0 0 78 61 13 10 137 54 0 0 0 1 11 83 7 80
split_gain=7.41421 2.95443 2.72708 2.72854 6.26887 5.86365 5.05979 4.81784 5.94127 5.53271 7.27024 7.16253 6.82307 3.97 3.16951 3.05741 4.20633 5.42779 3.16531 6.10664 3.1001 3.61303 3.82356 8.64257 9.20454 4.70786 4.69463 4.44916 3.76478 4.11207
threshold=11.377138614654543 1.0000000180025095e-35 1.0000000180025095e-35 1.0000000180025095e-35 1.0000000180025095e-35 11.190965175628664 1.0000000180025095e-35 1.0000000180025095e-35 1.0000000180025095e-35 9.1197810173034686 1.0000000180025095e-35 7.5879535675048837 1.0000000180025095e-35 2.8952771425247197 4.2108144760131845 5.07460641860962 1.0000000180025095e-35 1.0000000180025095e-35 1.0000000180025095e-35 1.0000000180025095e-35 1.0000000180025095e-35 1.0000000180025095e-35 5.4948666095733651 6.7802875041961679 8.0082135200500506 -0.27127538621425623 1.0000000180025095e-35 1.0000000180025095e-35 1.0000000180025095e-35 1.0000000180025095e-35
decision_type=2 2 2 2 2 2 2 2 2 2 2 2 2 2 2 2 2 2 2 2 2 2 2 2 2 2 2 2 2 2
left_child=1 2 3 4 5 6 14 8 13 11 -11 12 -10 -5 -1 18 20 -18 19 -16 21 22 -17 25 -25 26 -24 -26 -23 -30
right_child=-2 -3 -4 7 -6 -7 -8 -9 9 10 -12 -13 -14 -15 15 16 17 -19 -20 -21 -22 28 23 24 27 -27 -28 -29 29 -31
leaf_value=-0.038199031616230034 0.0092529125461049151 -0.098902726884321668 0.046197444526739934 -0.11827673686947038 0.1264333701260261 -0.1198537410104388 0.071739052873483339 0.020047212502185482 -0.025346771380743482 0.12347542691514019 -0.032269729398679815 -0.10917364907692598 0.07482316765616065 -0.025132251923417861 0.1088540225334842 -0.068125114036598197 -0.094588900108777088 0.036606643752115628 -0.023378927818819617 -0.016024466959538214 -0.077949869171936623 -0.040074703331430608 0.12318456330962571 -0.064335437847860222 0.0093451721070438483 0.20704010780343443 -0.014198055237292695 0.10419399991503323 -0.0088049726920085246 0.10111452624187152
leaf_weight=57.895556040108204 421.3200422078371 3.6312424391508094 8.9875811636447889 4.9359465911984435 3.0566407442092887 5.491539664566516 6.491813324391841 72.26759061217308 17.561683565378189 8.6030019521713239 4.5997463017702094 5.7141805887222281 11.096570611000063 62.730981945991516 8.1205695047974569 5.6264864504337302 13.154412209987642 4.1477651298046103 9.9919848889112473 7.5627084001898774 6.6224244087934485 47.215993702411652 5.3182479888200742 15.608195982873438 20.701587915420536 2.7332448065280905 4.6728671118617058 6.49786802381277 30.895522207021713 3.8247030973434439
leaf_count=434 1931 23 53 38 18 29 40 465 121 43 24 35 75 397 52 39 85 24 66 52 45 276 37 107 113 19 33 33 178 21
internal_value=-0.000359352 -0.0090545 -0.0083485 -0.00943037 -0.01595 -0.0176075 -0.0154234 -0.000194536 -0.012888 0.014191 0.0692149 -0.00694421 0.0134394 -0.0319267 -0.0176814 -0.0115169 -0.0164556 -0.063138 0.02061 0.0486358 -0.0110607 -0.00796509 0.0104271 0.018386 -0.00312237 0.090745 0.0589304 0.0320043 -0.0216933 0.00330352
internal_weight=887.079 465.759 462.127 453.14 265.63 262.573 257.082 187.51 115.242 47.5752 13.2027 34.3724 28.6583 67.6669 250.59 192.695 167.019 17.3022 25.6753 15.6833 149.717 143.095 61.1585 55.532 42.8077 12.7244 9.99112 27.1995 81.9362 34.7202
internal_count=4906 2975 2952 2899 1701 1683 1654 1198 733 298 67 231 196 435 1614 1180 1010 109 170 104 901 856 381 342 253 89 70 146 475 199
is_linear=0
shrinkage=0.1


Tree=18
num_leaves=31
num_cat=0
split_feature=0 214 0 261 73 108 21 6 16 130 128 15 140 82 1 97 13 0 1 0 15 12 0 5 1 14 127 167 83 80
split_gain=6.16413 3.02496 2.513 2.41694 2.39517 3.7577 2.9541 2.86981 5.97955 3.31701 4.23607 2.62907 2.93653 2.514 7.75756 3.00999 4.01707 3.58913 6.70029 4.29096 3.69979 3.0749 10.3923 6.29004 4.41988 2.89743 2.59422 2.30887 2.6542 10.2524
threshold=7.5277206897735605 1.0000000180025095e-35 7.6317591667175302 1.0000000180025095e-35 1.0000000180025095e-35 1.0000000180025095e-35 1.0000000180025095e-35 1.0000000180025095e-35 1.0000000180025095e-35 1.0000000180025095e-35 1.0000000180025095e-35 1.0000000180025095e-35 1.0000000180025095e-35 1.0000000180025095e-35 -0.39508707821369166 1.0000000180025095e-35 1.0000000180025095e-35 5.1663243770599374 -0.51387938857078541 3.5414099693298344 1.0000000180025095e-35 1.0000000180025095e-35 4.850102663040162 1.0000000180025095e-35 -0.46003498136997217 1.0000000180025095e-35 1.0000000180025095e-35 1.0000000180025095e-35 1.0000000180025095e-35 1.0000000180025095e-35
decision_type=2 2 2 2 2 2 2 2 2 2 2 2 2 2 2 2 2 2 2 2 2 2 2 2 2 2 2 2 2 2
left_child=1 4 -2 27 5 6 11 8 -8 -9 -11 12 -1 15 -15 16 17 18 19 25 -20 22 -18 -24 -23 -6 -19 28 -4 -30
right_child=2 -3 3 -5 13 -7 7 9 -10 10 -12 -13 -14 14 -16 -17 21 26 20 -21 -22 24 23 -25 -26 -27 -28 -29 29 -31
leaf_value=-0.013427980335755299 0.071355018731294795 -0.11389363862941596 0.0020703684888008947 0.063150225994632631 -0.044108272156733172 -0.10173670570570958 -0.071101047429593056 -0.011933003698360325 0.068524185358784268 0.18068864191272391 0.021067969286297394 -0.036944320334144291 0.09010555529520925 -0.037762867756748475 0.15073769407809487 -0.072201034361498273 0.18348459631908268 -0.027764836568475854 0.018872095471660136 -0.09020437997066412 0.15905178140888968 -0.079190065705023058 -0.081148333246451584 0.08946088870485186 0.063526322761828777 0.10283490106550984 -0.12069001674144533 -0.025733267002621664 0.010570685023974177 0.13092827827609663
leaf_weight=94.728114239871502 5.658995032310485 2.9548046067357054 491.58347688615322 6.9269396215677252 2.6715057417750323 5.2149203792214385 7.6739032492041588 4.5304081365466118 5.1093493849039078 3.2488041818141937 3.4052243605256081 60.676420725882053 2.8210951089859 4.4949829578399658 4.2450884729623777 5.7818138897418967 4.8585945516824731 9.5109806656837446 4.1211896389722869 6.7224402353167534 3.4665437042713165 4.4644185304641724 4.5018723756074888 4.1558318585157394 4.2223880589008331 2.696134902536869 4.391404300928115 25.460591144859791 87.275345057249069 7.7020918056368819
leaf_count=691 38 28 2406 28 20 37 53 31 32 20 22 453 19 29 24 38 31 64 25 49 20 29 28 25 26 20 31 129 424 36
internal_value=-0.00037178 -0.0132886 0.00501882 0.00441231 -0.0121351 -0.0180398 -0.0156442 0.0170727 -0.0152941 0.0540664 0.0990022 -0.0206001 -0.0104338 0.00360471 0.0537926 -0.00352021 0.00359841 -0.0182222 0.00925729 -0.0369702 0.0829148 0.0366002 0.066434 0.00074673 -0.00982004 0.0297004 -0.0571175 0.00374751 0.00502717 0.020331
internal_weight=885.276 260.668 624.607 618.948 257.713 187.408 182.193 23.9677 12.7833 11.1844 6.65403 158.226 97.5492 70.3052 8.74007 61.5651 55.7833 33.5802 19.6778 12.0901 7.58773 22.2031 13.5163 8.6577 8.68681 5.36764 13.9024 612.022 586.561 94.9774
internal_count=4906 1845 3061 3023 1817 1358 1321 158 85 73 42 1163 710 459 53 406 368 229 134 89 45 139 84 53 55 40 95 2995 2866 460
is_linear=0
shrinkage=0.1


Tree=19
num_leaves=31
num_cat=0
split_feature=0 236 121 0 240 0 148 126 1 283 317 118 0 61 94 46 45 69 94 0 102 8 47 73 99 7 10 82 139 7
split_gain=5.47897 2.63498 2.63896 2.56302 2.52128 2.31447 2.27442 2.11261 2.50618 2.00567 1.93761 2.83064 2.51043 2.1962 5.4686 4.7264 3.34486 3.04885 3.09182 3.69469 2.93276 2.8872 3.99384 3.45983 4.17181 4.50245 4.1201 3.06448 3.33261 3.06049
threshold=11.377138614654543 1.0000000180025095e-35 1.0000000180025095e-35 11.494866847991945 1.0000000180025095e-35 11.296372413635256 1.0000000180025095e-35 1.0000000180025095e-35 -0.22138565033674237 1.0000000180025095e-35 1.0000000180025095e-35 1.0000000180025095e-35 16.56947231292725 1.0000000180025095e-35 1.0000000180025095e-35 1.0000000180025095e-35 1.0000000180025095e-35 1.0000000180025095e-35 1.0000000180025095e-35 13.151266574859621 1.0000000180025095e-35 1.0000000180025095e-35 1.0000000180025095e-35 1.0000000180025095e-35 1.0000000180025095e-35 1.0000000180025095e-35 1.0000000180025095e-35 1.0000000180025095e-35 1.0000000180025095e-35 1.0000000180025095e-35
decision_type=2 2 2 2 2 2 2 2 2 2 2 2 2 2 2 2 2 2 2 2 2 2 2 2 2 2 2 2 2 2
left_child=1 2 4 -2 5 6 7 -1 -9 10 11 13 -13 14 15 -5 -16 18 -15 -20 -17 22 23 26 29 -26 -19 28 -23 -25
right_child=3 -3 -4 9 -6 -7 -8 8 -10 -11 -12 12 -14 17 16 20 -18 21 19 -21 -22 27 -24 24 25 -27 -28 -29 -30 -31
leaf_value=-0.0083870666505192152 0.064859891638137865 -0.09521066269927797 -0.099251570415277879 -0.070169663771944238 0.066354521879214548 -0.086446268891112163 0.073698713076342584 -0.030831209324794901 0.078392548527997721 0.064723820134274176 0.069982549197149857 0.099863065787946959 0.0020098483281994588 -0.031025028896204274 -0.018414386883280759 0.019524939233755423 -0.12134786608142617 0.062390750948266127 0.087196299710916469 -0.023376436211129153 -0.02453145126487933 0.054764621364047396 0.054391399935603227 -0.047481645451556642 -0.055509801123675574 0.080087451178100955 -0.04432821718033958 -0.04094633419444161 -0.035162906660437587 -0.14495579249060753
leaf_weight=433.20417638123035 7.7400658726692191 3.4322421401739112 3.097533091902732 6.5186519920825949 4.6836940199136725 3.6735510230064383 3.4871914610266677 3.2395162582397461 5.9762577861547452 5.8892887756228438 4.6714143902063361 5.8730837851762754 4.7359753102064133 56.554614767432213 11.142601832747458 202.59261685609818 4.4049387574195853 8.3550564199686033 5.3084453046321851 7.0157265961170197 16.327532701194286 26.106396630406383 8.2352930903434736 10.082980155944822 5.468082457780838 4.4347848296165466 6.38016253709793 5.4178550988435736 4.8934057503938666 4.7332736775279054
leaf_count=2808 39 23 18 29 32 19 22 22 31 27 20 26 21 268 50 906 22 37 24 33 84 117 36 48 26 19 29 25 22 23
internal_value=-0.000375021 -0.00791828 -0.0072632 0.0078445 -0.00663595 -0.00739636 -0.00674511 -0.00737918 0.0399984 0.00678148 0.00594767 0.00520831 0.0561805 0.00383571 0.00978456 0.0137406 -0.0475776 -0.00553503 -0.0211347 0.024251 0.0162391 0.00724018 -0.00895053 -0.0221719 -0.0450353 0.00521449 0.0161828 0.0284422 0.0405693 -0.0786212
internal_weight=883.676 460.794 457.362 422.882 454.264 449.581 445.907 442.42 9.21577 415.142 409.253 404.581 10.6091 393.972 240.986 225.439 15.5475 152.986 68.8788 12.3242 218.92 84.1073 47.6896 39.4543 24.7191 9.90287 14.7352 36.4177 30.9998 14.8163
internal_count=4906 2975 2952 1931 2934 2902 2883 2861 53 1892 1865 1845 47 1798 1091 1019 72 707 325 57 990 382 218 182 116 45 66 164 139 71
is_linear=0
shrinkage=0.1


Tree=20
num_leaves=31
num_cat=0
split_feature=0 0 121 208 99 26 21 10 0 11 67 10 6 148 0 101 217 13 261 186 71 10 39 52 9 14 81 47 52 5
split_gain=4.5627 2.7994 3.3285 2.68181 2.76684 5.04435 3.75597 4.57288 4.83568 3.17861 4.06143 3.03946 3.60255 2.30725 2.22942 2.17135 2.09361 1.92177 1.89262 1.92387 1.72361 6.1621 6.53869 3.66822 5.29594 3.4208 3.05994 2.77445 2.22861 3.57132
threshold=11.880903720855715 11.824777603149416 1.0000000180025095e-35 1.0000000180025095e-35 1.0000000180025095e-35 1.0000000180025095e-35 1.0000000180025095e-35 1.0000000180025095e-35 9.9206023216247576 1.0000000180025095e-35 1.0000000180025095e-35 1.0000000180025095e-35 1.0000000180025095e-35 1.0000000180025095e-35 11.934291839599611 1.0000000180025095e-35 1.0000000180025095e-35 1.0000000180025095e-35 1.0000000180025095e-35 1.0000000180025095e-35 1.0000000180025095e-35 1.0000000180025095e-35 1.0000000180025095e-35 1.0000000180025095e-35 1.0000000180025095e-35 1.0000000180025095e-35 1.0000000180025095e-35 1.0000000180025095e-35 1.0000000180025095e-35 1.0000000180025095e-35
decision_type=2 2 2 2 2 2 2 2 2 2 2 2 2 2 2 2 2 2 2 2 2 2 2 2 2 2 2 2 2 2
left_child=1 2 3 4 13 9 7 17 -9 11 -11 12 -6 16 -2 18 -1 -7 19 20 21 22 23 -16 -25 -24 27 -23 29 -22
right_child=14 -3 -4 -5 5 6 -8 8 -10 10 -12 -13 -14 -15 15 -17 -18 -19 -20 -21 28 26 25 24 -26 -27 -28 -29 -30 -31
leaf_value=-0.010206737067799157 0.083075895402519973 -0.09108614636476442 -0.10261232131832099 0.087925499129053564 -0.010655305919938882 -0.085480531572269258 0.082948954239199416 -0.041260380926553625 0.089593799661357443 0.14605649618873337 0.031599809264330897 -0.033991035525020356 0.11995220202179549 0.07230656237958287 0.15092961510409642 0.063003062866211365 0.0649650522372998 -0.013984112828546917 0.057754611894840907 -0.044598532595204493 -0.035139643741073368 -0.086820221778208487 0.037030154672119231 0.11243512117039173 -0.02114477774837922 -0.069415468806810404 0.037133016693654729 -0.00027131351722355432 0.0071088251741276186 0.01678730396914405
leaf_weight=412.7631930410862 3.8831808790564528 3.9085117951035491 3.5484729781746855 3.0592074319720259 4.1966169551014882 10.452381722629079 3.5801289081573477 5.7517825141549093 5.5483394786715508 5.5743803381919861 6.9850486144423485 7.0126378461718568 4.2513377070426941 3.4736522510647765 6.3082021474838266 6.7845328152179709 3.7385420203208914 5.8713280558586112 6.9188982397317877 7.6689793020486823 34.050695173442364 7.4580544680356997 7.8187494948506373 7.1572627127170563 5.0706984400749207 4.9180963784456253 6.8135045170783988 7.3580552786588669 258.22700418531895 21.676066517829895
leaf_count=2702 19 20 21 16 25 60 18 35 27 29 36 39 23 21 27 34 26 33 28 37 159 34 37 31 23 23 32 35 1158 98
internal_value=-0.000357471 -0.00679401 -0.00611584 -0.00540582 -0.00600164 0.0142331 -0.0134225 -0.0259126 0.0229888 0.0450312 0.0824003 0.0146744 0.0550714 -0.0088551 0.00768123 0.00692711 -0.00953199 -0.0597646 0.00592972 0.00497232 0.00600858 0.0227066 0.0510901 0.0889938 0.0570421 -0.00407185 -0.0183314 -0.0438378 0.00319488 -0.0149416
internal_weight=881.828 489.716 485.807 482.259 479.199 59.224 31.204 27.6238 11.3001 28.02 12.5594 15.4606 8.44795 419.975 392.112 388.229 416.502 16.3237 381.444 374.525 366.856 52.9026 31.273 18.5362 12.228 12.7368 21.6296 14.8161 313.954 55.7268
internal_count=4906 3131 3111 3090 3074 325 173 155 62 152 65 87 48 2749 1775 1756 2728 93 1722 1694 1657 242 141 81 54 60 101 69 1415 257
is_linear=0
shrinkage=0.1


Tree=21
num_leaves=31
num_cat=0
split_feature=0 150 63 272 217 71 16 0 10 168 15 226 26 108 0 39 55 0 67 1 10 14 1 64 65 53 5 13 0 73
split_gain=3.81966 3.61278 2.70941 2.33914 2.95089 2.19571 6.65893 4.98255 6.45437 3.22445 2.66416 2.26131 2.26527 4.34872 4.05149 3.49661 3.39565 3.74228 3.33991 6.05531 3.28459 2.71098 4.51012 3.75421 3.00622 3.3408 4.30094 2.75303 2.57752 2.19466
threshold=12.581793308258058 1.0000000180025095e-35 1.0000000180025095e-35 1.0000000180025095e-35 1.0000000180025095e-35 1.0000000180025095e-35 1.0000000180025095e-35 15.924708843231203 1.0000000180025095e-35 1.0000000180025095e-35 1.0000000180025095e-35 1.0000000180025095e-35 1.0000000180025095e-35 1.0000000180025095e-35 13.151266574859621 1.0000000180025095e-35 1.0000000180025095e-35 17.041751861572269 1.0000000180025095e-35 0.59692752361297619 1.0000000180025095e-35 1.0000000180025095e-35 0.89459273219108593 1.0000000180025095e-35 1.0000000180025095e-35 1.0000000180025095e-35 1.0000000180025095e-35 1.0000000180025095e-35 14.867898464202883 1.0000000180025095e-35
decision_type=2 2 2 2 2 2 2 2 2 2 2 2 2 2 2 2 2 2 2 2 2 2 2 2 2 2 2 2 2 2
left_child=1 2 3 4 -1 6 -2 8 -8 11 -11 12 -7 14 15 20 17 18 28 -20 -14 24 23 27 25 -18 29 -23 -16 -27
right_child=5 -3 -4 -5 -6 9 7 -9 -10 10 -12 -13 13 -15 16 -17 21 -19 19 -21 -22 22 -24 -25 -26 26 -28 -29 -30 -31
leaf_value=-0.0070119292731253531 0.059448615198540326 0.076498314970138315 0.081032151313223832 -0.072000568313522056 0.08774591706360034 -0.00063782378505289426 0.10223703661230749 -0.070679286535171054 -0.053488447155392221 -0.10329566140502594 0.0037158927795890953 -0.043086309543214969 0.032345274772025388 0.078425133635640867 0.028970939368081899 -0.0031622030708093295 -0.06481101842128785 0.11216086144632911 -0.024407355447237503 0.081464741493449677 0.14681186374284103 -0.017292616364111561 0.085254703517316677 -0.079514688859425198 -0.082084804381480761 0.074314258060040203 -0.04799105908851016 0.061635693265217756 -0.069068674104798847 0.0012948645842589886
leaf_weight=513.80897378176451 27.688568651676178 5.2963647022843352 3.5120430886745444 5.4942365437746039 3.3075782954692832 145.60050751268864 5.7267296016216296 9.1394063979387266 4.9726216495037079 4.9686493426561338 4.3749880641698837 8.9198151379823667 4.5977276116609556 10.718818768858908 4.6454282850027067 5.7046497017145148 8.7911909967660886 4.7805474400520316 8.9372261166572589 13.658029437065123 5.5122961401939392 10.525153458118448 7.0689980387687674 5.344345659017562 7.3367456942796698 8.1071271747350693 9.2436379492282885 7.617661476135253 6.3435053825378418 8.3613796681165695
leaf_count=3238 123 33 17 35 22 662 24 41 23 24 20 41 20 45 20 25 40 20 39 57 24 48 31 24 33 35 42 34 28 38
internal_value=-0.000343546 -0.00567989 -0.00650716 -0.00709544 -0.00640584 0.00778938 0.0277648 -0.0164557 0.0298622 0.00463696 -0.0531894 0.00648851 0.00805163 0.0172668 0.0120877 0.0594351 0.00532734 0.0293798 0.0175963 0.0395886 0.094756 -0.00741872 0.0152252 -0.00585177 -0.0239558 -0.0115953 0.00659961 0.0158472 -0.0276237 0.0372409
internal_weight=880.105 531.419 526.123 522.611 517.117 348.686 47.5273 19.8388 10.6994 301.158 9.34364 291.815 282.895 137.294 126.576 15.8147 110.761 38.3647 33.5842 22.5953 10.11 72.3962 30.5562 23.4872 41.8401 34.5033 25.7121 18.1428 10.9889 16.4685
internal_count=4906 3345 3312 3295 3260 1561 211 88 47 1350 44 1306 1265 603 558 69 489 164 144 96 44 325 137 106 188 155 115 82 48 73
is_linear=0
shrinkage=0.1


Tree=22
num_leaves=31
num_cat=0
split_feature=0 21 0 0 168 0 11 54 10 12 16 10 1 11 55 13 0 150 272 102 9 26 63 12 62 101 8 16 83 0
split_gain=3.501 3.46119 5.64687 3.62601 5.34489 2.94614 2.92092 4.11073 2.87879 2.84229 5.78246 2.83817 2.47678 2.67687 2.25558 2.24619 2.13784 4.25913 2.60865 2.22208 4.40967 6.52359 2.22577 2.20346 2.14278 2.82286 2.81559 3.91295 3.7145 6.64211
threshold=4.4558520317077646 1.0000000180025095e-35 3.1772758960723881 3.3497605323791508 1.0000000180025095e-35 4.7049965858459482 1.0000000180025095e-35 1.0000000180025095e-35 1.0000000180025095e-35 1.0000000180025095e-35 1.0000000180025095e-35 1.0000000180025095e-35 -0.58126091957092274 1.0000000180025095e-35 1.0000000180025095e-35 1.0000000180025095e-35 12.581793308258058 1.0000000180025095e-35 1.0000000180025095e-35 1.0000000180025095e-35 1.0000000180025095e-35 1.0000000180025095e-35 1.0000000180025095e-35 1.0000000180025095e-35 1.0000000180025095e-35 1.0000000180025095e-35 1.0000000180025095e-35 1.0000000180025095e-35 1.0000000180025095e-35 6.7802875041961679
decision_type=2 2 2 2 2 2 2 2 2 2 2 2 2 2 2 2 2 2 2 2 2 2 2 2 2 2 2 2 2 2
left_child=1 3 -3 4 6 11 7 -1 -9 14 12 -2 -11 -14 -5 -16 17 18 19 22 21 -21 24 -23 26 -26 27 -7 29 -29
right_child=5 2 -4 9 -6 16 -8 8 -10 10 -12 -13 13 -15 15 -17 -18 -19 -20 20 -22 23 -24 -25 25 -27 -28 28 -30 -31
leaf_value=-0.011575839179199653 0.084588598493556086 -0.053711721920888404 0.085101027866532689 -0.099614134861808534 0.12937988904752373 -0.023710009322584685 -0.041293087926607269 0.15193657345903011 0.013152825843477906 -0.1003553446381216 0.067420133970405818 -0.0093853501803515173 -0.057284645663964809 0.066758767459811533 -0.072538807177086911 0.0058333331058310033 0.0069839167677282158 0.095283799872661099 -0.080793913381571686 0.11644785911585594 -0.10253490898376433 0.0063626991888956156 0.077183707920309569 -0.096621397223249028 0.0032352040979905386 -0.080221622286629726 -0.034550444582779151 0.078790022693961223 0.094668687956685496 -0.030153130751919374
leaf_weight=22.832078218460087 8.3175512403249723 4.7092261016368848 7.7589265778660774 11.098562307655811 2.7875038534402838 37.378358170390129 20.985361233353615 2.947563908994197 3.0321424305438995 5.8088169172406205 5.926552139222621 5.2376129031181327 4.9518768787384042 2.6819701939821243 8.8699556887149793 6.222399204969407 348.52087934315205 4.3012698888778678 4.4618122056126586 3.3766831904649743 6.699420526623725 3.9146595746278763 3.4948667883872977 4.427280381321907 259.1620010882616 4.11728511750698 43.307288147509098 8.5250920429825836 6.0486102178692809 16.29020894318819
leaf_count=188 47 38 42 88 20 241 167 22 23 46 46 34 39 20 70 43 1561 24 29 26 56 29 16 34 1461 25 280 61 35 95
internal_value=-0.000325803 -0.0169584 0.0326714 -0.0232633 -0.00537191 0.00207105 -0.0129149 0.00775459 0.0815632 -0.0439132 -0.0148689 0.0482778 -0.0511481 -0.0137049 -0.0653926 -0.0402269 0.00124039 -0.00369602 -0.00475717 -0.00390205 -0.0378205 -0.000823876 -0.00225079 -0.0482936 -0.00299143 0.00193007 -0.0146072 -0.00195093 0.0244008 0.00727339
internal_weight=878.194 110.613 12.4682 98.1448 52.5846 767.581 49.7971 28.8118 5.97971 45.5601 19.3692 13.5552 13.4427 7.63385 26.1909 15.0924 754.026 405.505 401.204 396.742 18.418 11.7186 378.324 8.34194 374.829 263.279 111.55 68.2423 30.8639 24.8153
internal_count=4906 852 80 772 420 4054 400 233 45 352 151 81 105 59 201 113 3973 2412 2388 2359 145 89 2214 63 2198 1486 712 432 191 156
is_linear=0
shrinkage=0.1


Tree=23
num_leaves=31
num_cat=0
split_feature=0 1 1 6 15 9 1 132 9 11 54 25 1 10 16 0 1 13 0 8 5 61 15 10 61 133 16 10 0 0
split_gain=3.03657 3.27829 2.92031 2.67577 3.28939 3.8887 4.7142 3.98354 3.56504 4.00292 3.57761 3.27958 3.74552 3.86749 8.28924 6.04585 3.6883 3.48284 3.1136 3.06191 2.92369 2.88882 3.97033 2.86249 3.0578 2.97003 2.61292 2.56196 5.59686 4.13451
threshold=7.0266940593719491 -0.20876112580299375 -0.22746976464986798 1.0000000180025095e-35 1.0000000180025095e-35 1.0000000180025095e-35 -0.35188987851142878 1.0000000180025095e-35 1.0000000180025095e-35 1.0000000180025095e-35 1.0000000180025095e-35 1.0000000180025095e-35 -0.3628412783145904 1.0000000180025095e-35 1.0000000180025095e-35 5.9260780811309823 -0.38535249233245844 1.0000000180025095e-35 6.4298424720764169 1.0000000180025095e-35 1.0000000180025095e-35 1.0000000180025095e-35 1.0000000180025095e-35 1.0000000180025095e-35 1.0000000180025095e-35 1.0000000180025095e-35 1.0000000180025095e-35 1.0000000180025095e-35 2.7310061454772954 4.0561258792877206
decision_type=2 2 2 2 2 2 2 2 2 2 2 2 2 2 2 2 2 2 2 2 2 2 2 2 2 2 2 2 2 2
left_child=2 -2 3 11 5 23 7 -7 9 10 -6 -1 16 15 19 -14 20 -17 -19 -15 21 -13 -23 -5 25 -25 -10 28 -22 -29
right_child=1 -3 -4 4 8 6 -8 -9 26 -11 -12 12 13 14 -16 17 -18 18 -20 -21 27 22 -24 24 -26 -27 -28 29 -30 -31
leaf_value=0.087985175064373478 0.091197531960770378 0.0026418344700245861 -0.095921118064917238 0.018637740927325726 0.066840714670742027 0.034126731542883086 -0.048748032829778007 0.12634741208551051 -0.095705612078942348 -0.053439191596791891 -0.032432960550939013 -0.053471845116030314 0.10985779036630366 0.059760006015103333 0.19511097185895521 -0.093262954704146001 -0.10400869491825243 0.083721997088552075 -0.058957827254436074 -0.064328968158911662 -0.078554472595255082 -0.044461430902940621 0.068688239806871776 0.046223397047071652 -0.12108831839135498 -0.062312241092400279 0.012939789630964699 0.011373835347794119 0.037465449888812202 -0.086120302098123797
leaf_weight=2.8651624843478194 4.2079292610287657 638.3493710309267 3.8973363488912574 24.154708385467529 10.130649849772452 12.107381999492651 4.0405486673116675 7.6393802016973487 8.2678525969386083 8.6273001283407211 5.657372973859311 39.640393793582916 3.0091322734952 4.4155234098434466 3.1576061546802512 7.3622895479202253 6.1604293137788764 2.9111550226807594 3.2224779650568962 3.6177259460091591 5.1775085851550129 7.7174203842878324 5.1843991503119469 4.75536150485277 3.3870704919099799 5.3665429428219795 3.02298679947853 9.1831774413585681 21.114769637584686 8.2643181905150396
leaf_count=21 29 3167 28 171 75 85 28 54 62 62 41 309 21 31 22 53 45 20 23 27 42 54 35 34 24 42 23 71 149 58
internal_value=-0.000330403 0.00322176 -0.0100821 -0.00862861 0.00398684 0.0180126 0.0496665 0.0698039 -0.0201518 0.00133599 0.0312677 -0.017844 -0.020174 0.0124537 0.0578357 -0.0183165 -0.0289951 -0.046895 0.00876111 0.00387728 -0.0241954 -0.0400947 0.00100604 -0.00197904 -0.0388428 -0.0113212 -0.0666171 -0.0050965 0.0146187 -0.034806
internal_weight=876.615 642.557 234.058 230.161 97.1572 61.451 23.7873 19.7468 35.7062 24.4153 15.788 133.003 130.138 27.6959 11.1909 16.5051 102.442 13.4959 6.13363 8.03325 96.282 52.5422 12.9018 37.6637 13.509 10.1219 11.2908 43.7398 26.2923 17.4475
internal_count=4906 3196 1710 1682 701 438 167 139 263 178 116 981 960 197 80 117 763 96 43 58 718 398 89 271 100 76 85 320 191 129
is_linear=0
shrinkage=0.1


end of trees

feature_importances:
Column_0=123
Column_1=50
Column_10=23
Column_15=21
Column_7=20
Column_26=20
Column_13=19
Column_102=18
Column_8=17
Column_9=17
Column_6=16
Column_67=16
Column_11=15
Column_5=14
Column_61=14
Column_14=13
Column_73=13
Column_21=11
Column_54=11
Column_16=10
Column_81=9
Column_12=8
Column_83=8
Column_99=8
Column_261=8
Column_68=7
Column_74=7
Column_94=7
Column_108=7
Column_53=6
Column_55=6
Column_168=6
Column_39=5
Column_45=5
Column_80=5
Column_82=5
Column_87=5
Column_95=5
Column_214=5
Column_272=5
Column_42=4
Column_47=4
Column_101=4
Column_140=4
Column_23=3
Column_52=3
Column_59=3
Column_63=3
Column_64=3
Column_69=3
Column_70=3
Column_71=3
Column_76=3
Column_91=3
Column_113=3
Column_126=3
Column_268=3
Column_317=3
Column_51=2
Column_56=2
Column_57=2
Column_84=2
Column_96=2
Column_118=2
Column_121=2
Column_133=2
Column_137=2
Column_139=2
Column_148=2
Column_150=2
Column_167=2
Column_176=2
Column_178=2
Column_182=2
Column_186=2
Column_217=2
Column_236=2
Column_283=2
Column_312=2
Column_17=1
Column_19=1
Column_25=1
Column_28=1
Column_31=1
Column_33=1
Column_34=1
Column_36=1
Column_40=1
Column_43=1
Column_46=1
Column_49=1
Column_50=1
Column_62=1
Column_65=1
Column_77=1
Column_78=1
Column_79=1
Column_86=1
Column_97=1
Column_98=1
Column_104=1
Column_114=1
Column_127=1
Column_128=1
Column_130=1
Column_132=1
Column_153=1
Column_174=1
Column_208=1
Column_226=1
Column_240=1

parameters:
[boosting: gbdt]
[objective: binary]
[metric: binary_logloss]
[tree_learner: serial]
[device_type: cpu]
[data_sample_strategy: bagging]
[data: ]
[valid: ]
[num_iterations: 300]
[learning_rate: 0.1]
[num_leaves: 31]
[num_threads: 0]
[seed: 0]
[deterministic: 0]
[force_col_wise: 0]
[force_row_wise: 0]
[histogram_pool_size: -1]
[max_depth: -1]
[min_data_in_leaf: 20]
[min_sum_hessian_in_leaf: 0.001]
[bagging_fraction: 1]
[pos_bagging_fraction: 1]
[neg_bagging_fraction: 1]
[bagging_freq: 0]
[bagging_seed: 7719]
[bagging_by_query: 0]
[feature_fraction: 1]
[feature_fraction_bynode: 1]
[feature_fraction_seed: 2437]
[extra_trees: 0]
[extra_seed: 11797]
[early_stopping_round: 0]
[early_stopping_min_delta: 0]
[first_metric_only: 0]
[max_delta_step: 0]
[lambda_l1: 0]
[lambda_l2: 0]
[linear_lambda: 0]
[min_gain_to_split: 0]
[drop_rate: 0.1]
[max_drop: 50]
[skip_drop: 0.5]
[xgboost_dart_mode: 0]
[uniform_drop: 0]
[drop_seed: 21238]
[top_rate: 0.2]
[other_rate: 0.1]
[min_data_per_group: 100]
[max_cat_threshold: 32]
[cat_l2: 10]
[cat_smooth: 10]
[max_cat_to_onehot: 4]
[top_k: 20]
[monotone_constraints: ]
[monotone_constraints_method: basic]
[monotone_penalty: 0]
[feature_contri: ]
[forcedsplits_filename: ]
[refit_decay_rate: 0.9]
[cegb_tradeoff: 1]
[cegb_penalty_split: 0]
[cegb_penalty_feature_lazy: ]
[cegb_penalty_feature_coupled: ]
[path_smooth: 0]
[interaction_constraints: ]
[verbosity: -1]
[saved_feature_importance_type: 0]
[use_quantized_grad: 0]
[num_grad_quant_bins: 4]
[quant_train_renew_leaf: 0]
[stochastic_rounding: 1]
[linear_tree: 0]
[max_bin: 255]
[max_bin_by_feature: ]
[min_data_in_bin: 3]
[bin_construct_sample_cnt: 200000]
[data_random_seed: 38]
[is_enable_sparse: 1]
[enable_bundle: 1]
[use_missing: 1]
[zero_as_missing: 0]
[feature_pre_filter: 1]
[pre_partition: 0]
[two_round: 0]
[header: 0]
[label_column: ]
[weight_column: ]
[group_column: ]
[ignore_column: ]
[categorical_feature: ]
[forcedbins_filename: ]
[precise_float_parser: 0]
[parser_config_file: ]
[objective_seed: 8855]
[num_class: 1]
[is_unbalance: 0]
[scale_pos_weight: 1]
[sigmoid: 1]
[boost_from_average: 1]
[reg_sqrt: 0]
[alpha: 0.9]
[fair_c: 1]
[poisson_max_delta_step: 0.7]
[tweedie_variance_power: 1.5]
[lambdarank_truncation_level: 30]
[lambdarank_norm: 1]
[label_gain: ]
[lambdarank_position_bias_regularization: 0]
[eval_at: ]
[multi_error_top_k: 1]
[auc_mu_weights: ]
[num_machines: 1]
[local_listen_port: 12400]
[time_out: 120]
[machine_list_filename: ]
[machines: ]
[gpu_platform_id: -1]
[gpu_device_id: -1]
[gpu_device_id_list: ]
[gpu_use_dp: 0]
[num_gpu: 1]

end of parameters

pandas_categorical:null
