tree
version=v4
num_class=1
num_tree_per_iteration=1
label_index=0
max_feature_idx=567
objective=binary sigmoid:1
feature_names=Column_0 Column_1 Column_2 Column_3 Column_4 Column_5 Column_6 Column_7 Column_8 Column_9 Column_10 Column_11 Column_12 Column_13 Column_14 Column_15 Column_16 Column_17 Column_18 Column_19 Column_20 Column_21 Column_22 Column_23 Column_24 Column_25 Column_26 Column_27 Column_28 Column_29 Column_30 Column_31 Column_32 Column_33 Column_34 Column_35 Column_36 Column_37 Column_38 Column_39 Column_40 Column_41 Column_42 Column_43 Column_44 Column_45 Column_46 Column_47 Column_48 Column_49 Column_50 Column_51 Column_52 Column_53 Column_54 Column_55 Column_56 Column_57 Column_58 Column_59 Column_60 Column_61 Column_62 Column_63 Column_64 Column_65 Column_66 Column_67 Column_68 Column_69 Column_70 Column_71 Column_72 Column_73 Column_74 Column_75 Column_76 Column_77 Column_78 Column_79 Column_80 Column_81 Column_82 Column_83 Column_84 Column_85 Column_86 Column_87 Column_88 Column_89 Column_90 Column_91 Column_92 Column_93 Column_94 Column_95 Column_96 Column_97 Column_98 Column_99 Column_100 Column_101 Column_102 Column_103 Column_104 Column_105 Column_106 Column_107 Column_108 Column_109 Column_110 Column_111 Column_112 Column_113 Column_114 Column_115 Column_116 Column_117 Column_118 Column_119 Column_120 Column_121 Column_122 Column_123 Column_124 Column_125 Column_126 Column_127 Column_128 Column_129 Column_130 Column_131 Column_132 Column_133 Column_134 Column_135 Column_136 Column_137 Column_138 Column_139 Column_140 Column_141 Column_142 Column_143 Column_144 Column_145 Column_146 Column_147 Column_148 Column_149 Column_150 Column_151 Column_152 Column_153 Column_154 Column_155 Column_156 Column_157 Column_158 Column_159 Column_160 Column_161 Column_162 Column_163 Column_164 Column_165 Column_166 Column_167 Column_168 Column_169 Column_170 Column_171 Column_172 Column_173 Column_174 Column_175 Column_176 Column_177 Column_178 Column_179 Column_180 Column_181 Column_182 Column_183 Column_184 Column_185 Column_186 Column_187 Column_188 Column_189 Column_190 Column_191 Column_192 Column_193 Column_194 Column_195 Column_196 Column_197 Column_198 Column_199 Column_200 Column_201 Column_202 Column_203 Column_204 Column_205 Column_206 Column_207 Column_208 Column_209 Column_210 Column_211 Column_212 Column_213 Column_214 Column_215 Column_216 Column_217 Column_218 Column_219 Column_220 Column_221 Column_222 Column_223 Column_224 Column_225 Column_226 Column_227 Column_228 Column_229 Column_230 Column_231 Column_232 Column_233 Column_234 Column_235 Column_236 Column_237 Column_238 Column_239 Column_240 Column_241 Column_242 Column_243 Column_244 Column_245 Column_246 Column_247 Column_248 Column_249 Column_250 Column_251 Column_252 Column_253 Column_254 Column_255 Column_256 Column_257 Column_258 Column_259 Column_260 Column_261 Column_262 Column_263 Column_264 Column_265 Column_266 Column_267 Column_268 Column_269 Column_270 Column_271 Column_272 Column_273 Column_274 Column_275 Column_276 Column_277 Column_278 Column_279 Column_280 Column_281 Column_282 Column_283 Column_284 Column_285 Column_286 Column_287 Column_288 Column_289 Column_290 Column_291 Column_292 Column_293 Column_294 Column_295 Column_296 Column_297 Column_298 Column_299 Column_300 Column_301 Column_302 Column_303 Column_304 Column_305 Column_306 Column_307 Column_308 Column_309 Column_310 Column_311 Column_312 Column_313 Column_314 Column_315 Column_316 Column_317 Column_318 Column_319 Column_320 Column_321 Column_322 Column_323 Column_324 Column_325 Column_326 Column_327 Column_328 Column_329 Column_330 Column_331 Column_332 Column_333 Column_334 Column_335 Column_336 Column_337 Column_338 Column_339 Column_340 Column_341 Column_342 Column_343 Column_344 Column_345 Column_346 Column_347 Column_348 Column_349 Column_350 Column_351 Column_352 Column_353 Column_354 Column_355 Column_356 Column_357 Column_358 Column_359 Column_360 Column_361 Column_362 Column_363 Column_364 Column_365 Column_366 Column_367 Column_368 Column_369 Column_370 Column_371 Column_372 Column_373 Column_374 Column_375 Column_376 Column_377 Column_378 Column_379 Column_380 Column_381 Column_382 Column_383 Column_384 Column_385 Column_386 Column_387 Column_388 Column_389 Column_390 Column_391 Column_392 Column_393 Column_394 Column_395 Column_396 Column_397 Column_398 Column_399 Column_400 Column_401 Column_402 Column_403 Column_404 Column_405 Column_406 Column_407 Column_408 Column_409 Column_410 Column_411 Column_412 Column_413 Column_414 Column_415 Column_416 Column_417 Column_418 Column_419 Column_420 Column_421 Column_422 Column_423 Column_424 Column_425 Column_426 Column_427 Column_428 Column_429 Column_430 Column_431 Column_432 Column_433 Column_434 Column_435 Column_436 Column_437 Column_438 Column_439 Column_440 Column_441 Column_442 Column_443 Column_444 Column_445 Column_446 Column_447 Column_448 Column_449 Column_450 Column_451 Column_452 Column_453 Column_454 Column_455 Column_456 Column_457 Column_458 Column_459 Column_460 Column_461 Column_462 Column_463 Column_464 Column_465 Column_466 Column_467 Column_468 Column_469 Column_470 Column_471 Column_472 Column_473 Column_474 Column_475 Column_476 Column_477 Column_478 Column_479 Column_480 Column_481 Column_482 Column_483 Column_484 Column_485 Column_486 Column_487 Column_488 Column_489 Column_490 Column_491 Column_492 Column_493 Column_494 Column_495 Column_496 Column_497 Column_498 Column_499 Column_500 Column_501 Column_502 Column_503 Column_504 Column_505 Column_506 Column_507 Column_508 Column_509 Column_510 Column_511 Column_512 Column_513 Column_514 Column_515 Column_516 Column_517 Column_518 Column_519 Column_520 Column_521 Column_522 Column_523 Column_524 Column_525 Column_526 Column_527 Column_528 Column_529 Column_530 Column_531 Column_532 Column_533 Column_534 Column_535 Column_536 Column_537 Column_538 Column_539 Column_540 Column_541 Column_542 Column_543 Column_544 Column_545 Column_546 Column_547 Column_548 Column_549 Column_550 Column_551 Column_552 Column_553 Column_554 Column_555 Column_556 Column_557 Column_558 Column_559 Column_560 Column_561 Column_562 Column_563 Column_564 Column_565 Column_566 Column_567
feature_infos=[2.0013689994812012:17.993154525756836] [-0.7776256799697876:0.99923950433731079] none none none [0:1] [0:1] [0:1] [0:1] [0:1] [0:1] [0:1] [0:1] [0:1] [0:1] [0:1] [0:1] [0:1] [0:1] [0:1] [0:1] [0:1] [0:1] [0:1] [0:1] [0:1] [0:1] [0:1] [0:1] [0:1] [0:1] [0:1] [0:1] [0:1] [0:1] [0:1] [0:1] [0:1] [0:1] [0:1] [0:1] [0:1] [0:1] [0:1] [0:1] [0:1] [0:1] [0:1] [0:1] [0:1] [0:1] [0:1] [0:1] [0:1] [0:1] [0:1] [0:1] [0:1] [0:1] [0:1] [0:1] [0:1] [0:1] [0:1] [0:1] [0:1] [0:1] [0:1] [0:1] [0:1] [0:1] [0:1] [0:1] [0:1] [0:1] [0:1] [0:1] [0:1] [0:1] [0:1] [0:1] [0:1] [0:1] [0:1] [0:1] [0:1] [0:1] [0:1] [0:1] [0:1] [0:1] [0:1] [0:1] [0:1] [0:1] [0:1] [0:1] [0:1] [0:1] [0:1] [0:1] [0:1] [0:1] [0:1] [0:1] [0:1] [0:1] [0:1] [0:1] none none none none [0:1] [0:1] none [0:1] none [0:1] none none [0:1] none none none none [0:1] [0:1] [0:1] [0:1] [0:1] none [0:1] [0:1] [0:1] [0:1] none [0:1] [0:1] [0:1] [0:1] [0:1] [0:1] [0:1] [0:1] [0:1] [0:1] [0:1] [0:1] [0:1] [0:1] [0:1] [0:1] [0:1] [0:1] [0:1] [0:1] none none none none none none none none none none [0:1] [0:1] none none none none none [0:1] [0:1] [0:1] [0:1] [0:1] [0:1] [0:1] [0:1] [0:1] [0:1] [0:1] [0:1] [0:1] [0:1] [0:1] [0:1] [0:1] [0:1] [0:1] [0:1] [0:1] [0:1] [0:1] [0:1] [0:1] [0:1] [0:1] [0:1] none none [0:1] [0:1] [0:1] none [0:1] [0:1] [0:1] [0:1] [0:1] none [0:1] none none [0:1] none [0:1] [0:1] [0:1] [0:1] [0:1] [0:1] [0:1] [0:1] [0:1] [0:1] [0:1] [0:1] [0:1] [0:1] [0:1] [0:1] [0:1] [0:1] [0:1] [0:1] [0:1] [0:1] [0:1] [0:1] [0:1] none none none none none none none none none none none none none none none none none [0:1] [0:1] [0:1] [0:1] [0:1] [0:1] [0:1] [0:1] [0:1] [0:1] none [0:1] [0:1] [0:1] [0:1] none [0:1] [0:1] none none none [0:1] [0:1] none none none none none [0:1] [0:1] [0:1] [0:1] [0:1] [0:1] [0:1] none none none [0:1] none [0:1] [0:1] [0:1] none [0:1] [0:1] [0:1] [0:1] none none [0:1] [0:1] none none none none [0:1] [0:1] none none none [0:1] none none [0:1] [0:1] none none [0:1] [0:1] none none none none none none none none none none none none none none none none none none none none none none none none none none none none none none none none none none none none none none none none none none none none none none none none none none none none none none none none none none none none none none none none none none none none none none none none none none none none none none none none none none none none none none none none none none none none none none none none none none none none none none none none none none none none none none none none none none none none none none none none none none none none none none none none none none none none none none none none none none none none none none none none none none none none none none none none none none none none none none none none none none none none none none none none none none none none none none none none none none none none none none none none none none none none none none none none none none none none none none none none none none none none none none none none none none none none none none none none none none none none none none none none none none none none none none none none none none none none none
tree_sizes=3381 3418 3459 3443 3469 3453 3448 3465 3497 3480 3458 3479 3480 3507 3459 3475 3493 3483

Tree=0
num_leaves=31
num_cat=0
split_feature=0 0 0 5 108 61 1 133 81 6 0 79 1 23 126 7 81 60 101 8 7 176 0 26 53 102 139 0 130 99
split_gain=238.207 29.8167 27.7731 9.57453 11.0083 7.22954 7.61015 10.7972 9.71548 7.67513 6.82484 6.8048 5.58246 6.88949 5.45769 5.32752 5.27759 4.51371 4.43757 11.3782 4.08383 3.83223 3.66825 3.65751 4.0298 3.64803 5.35745 3.9521 6.55304 3.69202
threshold=8.6036963462829608 11.560575008392336 4.5790553092956552 1.0000000180025095e-35 1.0000000180025095e-35 1.0000000180025095e-35 -0.51387938857078541 1.0000000180025095e-35 1.0000000180025095e-35 1.0000000180025095e-35 3.7686516046524052 1.0000000180025095e-35 0.603315830230713 1.0000000180025095e-35 1.0000000180025095e-35 1.0000000180025095e-35 1.0000000180025095e-35 1.0000000180025095e-35 1.0000000180025095e-35 1.0000000180025095e-35 1.0000000180025095e-35 1.0000000180025095e-35 7.6317591667175302 1.0000000180025095e-35 1.0000000180025095e-35 1.0000000180025095e-35 1.0000000180025095e-35 7.2840518951416025 1.0000000180025095e-35 1.0000000180025095e-35
decision_type=2 2 2 2 2 2 2 2 2 2 2 2 2 2 2 2 2 2 2 2 2 2 2 2 2 2 2 2 2 2
left_child=2 21 3 4 5 6 7 8 17 15 16 14 13 23 18 -9 -7 -1 25 -20 -10 -2 -13 24 -3 26 29 28 -28 -4
right_child=1 12 11 -5 -6 10 -8 9 20 -11 -12 22 -14 -15 -16 -17 -18 -19 19 -21 -22 -23 -24 -25 -26 -27 27 -29 -30 -31
leaf_value=-0.96142079693424987 -1.1147622211600137 -0.98900371015994559 -1.061459673687468 -1.0422294673322552 -1.1465688484557508 -0.93028378284473878 -0.88553514858039151 -0.97496821533826206 -1.0548909227209793 -1.0187891805372244 -1.0045565557731626 -1.0927810074447419 -1.1762550339317719 -1.1574942475714611 -0.95855634044094951 -0.85915259816518141 -0.78142876710068943 -1.0627490306411025 -1.0882201390718469 -0.86158146788594681 -1.1465688484557508 -1.0170291300149308 -1.1778596926061515 -1.165929404200982 -1.1098976781618421 -1.1371942635685861 -1.0189984838425783 -1.1839159850223582 -1.1643805597413635 -0.97766468971287124
leaf_weight=14.222851991653444 157.19994306564331 4.8657125234603864 168.8027960062027 69.804260432720184 4.4914269447326651 6.5499976277351397 5.4271408915519705 7.6728543639183036 12.725709676742555 12.912852466106415 6.9242832064628592 18.901421725749973 183.58707636594772 151.02423101663589 5.0528553128242484 8.2342827320098877 3.7428557872772217 6.362854838371276 5.4271408915519697 3.7428557872772217 7.8599971532821646 4.117141366004943 6.9242832064628592 4.304284155368804 6.3628548383712769 7.1114259958267203 6.9242832064628619 5.8014264702796927 5.6142836809158325 5.4271408915519705
leaf_count=76 840 26 902 373 24 35 29 41 68 69 37 101 981 807 27 44 20 34 29 20 42 22 37 23 34 38 37 31 30 29
internal_value=-1.10242 -1.14784 -1.0453 -1.01398 -0.993676 -0.986263 -0.999611 -1.00846 -1.04132 -0.961512 -0.927795 -1.0671 -1.16423 -1.15097 -1.06125 -0.915017 -0.876155 -0.99274 -1.06373 -0.995715 -1.0899 -1.11227 -1.11559 -1.08755 -1.05751 -1.06686 -1.06426 -1.11567 -1.08409 -1.05885
internal_weight=918.123 511.461 406.661 166.931 97.1271 92.6357 75.4185 69.9914 41.1714 28.82 17.2171 239.73 350.144 166.557 213.904 15.9071 10.2929 20.5857 208.851 9.17 20.5857 161.317 25.8257 15.5329 11.2286 199.681 192.57 18.34 12.5386 174.23
internal_count=4906 2733 2173 892 519 495 403 374 220 154 92 1281 1871 890 1143 85 55 110 1116 49 110 862 138 83 60 1067 1029 98 67 931
is_linear=0
shrinkage=1


Tree=1
num_leaves=31
num_cat=0
split_feature=1 0 0 5 108 141 0 79 126 64 61 0 7 8 0 1 81 7 0 13 0 0 10 16 0 0 83 22 151 5
split_gain=191.622 26.593 19.8257 6.74759 8.13835 5.70247 5.10912 4.91141 5.19204 4.82833 4.80602 5.40667 8.13827 6.56641 7.2549 8.44473 7.11282 7.03352 7.13248 5.41617 4.47477 4.32277 4.52832 4.23968 4.02573 4.01242 3.80577 5.37098 4.77091 4.18239
threshold=-0.052095215767621987 11.560575008392336 4.5790553092956552 1.0000000180025095e-35 1.0000000180025095e-35 1.0000000180025095e-35 13.661875724792482 1.0000000180025095e-35 1.0000000180025095e-35 1.0000000180025095e-35 1.0000000180025095e-35 2.2505134344100957 1.0000000180025095e-35 1.0000000180025095e-35 4.3367555141448983 -0.65898546576499928 1.0000000180025095e-35 1.0000000180025095e-35 2.960985660552979 1.0000000180025095e-35 3.4811772108078007 3.7686516046524052 1.0000000180025095e-35 1.0000000180025095e-35 7.6317591667175302 13.030800819396974 1.0000000180025095e-35 1.0000000180025095e-35 1.0000000180025095e-35 1.0000000180025095e-35
decision_type=2 2 2 2 2 2 2 2 2 2 2 2 2 2 2 2 2 2 2 2 2 2 2 2 2 2 2 2 2 2
left_child=2 26 3 4 10 7 9 8 -4 -3 11 12 -1 14 15 -13 23 18 -15 -18 -20 22 -12 -17 -9 -11 27 -2 -28 -30
right_child=1 6 5 -5 -6 -7 -8 24 -10 25 21 13 -14 17 -16 16 19 -19 20 -21 -22 -23 -24 -25 -26 -27 28 -29 29 -31
leaf_value=0.072357982022592152 -0.02142853412498984 -0.048381078846885764 0.036446088618761231 0.05250988866541511 -0.040687503240487762 -0.074364678679943438 -0.066623665094540013 0.014494068763179678 0.14377658555237893 -0.04301416493032538 0.249250668350218 0.14364558574235106 0.23352934813304471 -0.013769148256997037 0.21772079069116296 0.041776243311043959 0.044656648511623417 -0.031323236147140984 0.20714017139509255 -0.10820587583928737 0.074106221608825878 0.083785917767183693 0.12303351468990609 0.16375022906147815 -0.080290498857299372 0.062527826770061676 0.048823803747353657 0.054309353207105816 -0.10942177163103828 0.030348353814384145
leaf_weight=6.6908268332481367 124.72746443748474 105.6802449375391 205.81039051711559 71.893923953175545 4.3915021419525138 4.9688908457756034 219.0568842291832 18.24048882722855 4.6079489290714255 6.7616247683763486 5.3746275901794451 14.912700146436686 5.8917910307645798 5.6935389488935497 4.7393315732479087 6.1380757093429601 5.6183112412691116 9.5241924524307269 4.0804894566535932 3.945711225271225 6.6472326964139938 7.2593100666999808 6.0334081649780273 5.3192300498485565 5.9402161091566077 7.7087719589471817 21.448677122592926 10.123200327157972 4.2776083648204821 4.2859945744276047
leaf_count=34 670 579 1079 373 24 26 1213 97 23 37 26 75 29 29 23 31 30 49 21 21 34 37 29 27 33 42 115 54 23 23
internal_value=-0.000125581 -0.0415217 0.0503106 0.0759854 0.0924898 0.0316462 -0.0575345 0.0338916 0.0387965 -0.0409632 0.0984656 0.0877073 0.147826 0.0763523 0.101427 0.0860894 0.0452586 0.0370435 0.0766957 -0.018408 0.124708 0.144111 0.182498 0.0984045 -0.00879065 0.0132109 -0.00857516 -0.0157429 0.0236308 -0.0394683
internal_weight=917.793 504.07 413.722 174.154 102.26 239.568 339.208 234.599 210.418 120.151 97.8688 79.2014 12.5826 66.6188 40.6734 35.934 21.0213 25.9455 16.4213 9.56402 10.7277 18.6673 11.408 11.4573 24.1807 14.4704 164.863 134.851 30.0123 8.5636
internal_count=4906 2756 2150 892 519 1258 1871 1232 1102 658 495 403 63 340 207 184 109 133 84 51 55 92 55 58 130 79 885 724 161 46
is_linear=0
shrinkage=0.1


Tree=2
num_leaves=31
num_cat=0
split_feature=1 1 0 26 0 55 81 214 13 16 81 67 0 83 151 13 67 23 86 95 11 0 22 0 113 13 14 21 7 129
split_gain=156.028 19.824 15.8213 5.71417 6.96112 4.88963 5.10882 4.35132 4.25224 7.4383 6.27509 5.27121 4.03679 5.22898 6.1533 7.17985 4.4105 4.86376 7.21258 3.99923 3.73326 3.73218 3.71782 4.18071 6.49696 6.27007 3.66435 7.77462 9.7254 5.71205
threshold=0.039622785523533828 -0.43676325678825373 13.600273609161379 1.0000000180025095e-35 2.2505134344100957 1.0000000180025095e-35 1.0000000180025095e-35 1.0000000180025095e-35 1.0000000180025095e-35 1.0000000180025095e-35 1.0000000180025095e-35 1.0000000180025095e-35 11.43189573287964 1.0000000180025095e-35 1.0000000180025095e-35 1.0000000180025095e-35 1.0000000180025095e-35 1.0000000180025095e-35 1.0000000180025095e-35 1.0000000180025095e-35 1.0000000180025095e-35 2.6105407476425175 1.0000000180025095e-35 11.190965175628664 1.0000000180025095e-35 1.0000000180025095e-35 1.0000000180025095e-35 1.0000000180025095e-35 1.0000000180025095e-35 1.0000000180025095e-35
decision_type=2 2 2 2 2 2 2 2 2 2 2 2 2 2 2 2 2 2 2 2 2 2 2 2 2 2 2 2 2 2
left_child=1 3 12 5 20 6 21 26 9 11 -11 -7 13 19 15 -15 17 -14 -19 22 -5 -1 23 24 -2 -25 29 28 -28 -3
right_child=2 7 -4 4 -6 8 -8 -9 -10 10 -12 -13 16 14 -16 -17 -18 18 -20 -21 -22 -23 -24 25 -26 -27 27 -29 -30 -31
leaf_value=0.16858103709158173 -0.038356101494778624 0.025059591391380628 -0.061982954121900108 0.072927145305056118 0.044854135879721937 -0.022683321070326331 0.016671518368024107 -0.072295281069002695 0.16241360742929131 0.083670624023908555 0.23819266867914191 0.11044599362503192 0.034168383988226837 0.020648507717945741 -0.045308327195139123 0.16695534066730786 -0.018376929574978596 -0.1013451191397689 -0.028252335462002256 -0.072047943864664038 0.17201359932379653 0.059593788584030853 0.067236440042947224 0.10086404439512919 0.085332843760132782 -0.057977780280970261 -0.030530415188860169 0.068596096417051319 0.040237969879190059 0.081749647921031149
leaf_weight=5.1540524810552606 55.427198007702827 125.52501112222672 214.77254039049149 8.8489215075969678 137.78228363394737 6.9342063814401627 14.871467530727386 4.8897787630558005 11.594984322786329 6.262261763215065 4.5286067724227905 5.2078451812267303 5.3858797103166571 10.307563602924349 6.9370260536670676 4.9721640348434439 62.366684958338737 27.517755970358849 26.502321824431419 13.280716672539709 6.6674353480339041 8.0487625747919065 5.4209738969802848 6.438652351498602 4.5990373939275733 4.0471529066562653 52.661990970373154 17.663378298282623 30.762922823429108 20.705524191260338
leaf_count=25 301 655 1232 43 690 35 75 26 58 31 23 26 29 54 38 26 348 154 149 72 32 40 28 35 25 22 275 92 160 107
internal_value=-0.000213234 0.0401593 -0.0424003 0.0624014 0.0520052 0.0878594 0.0568656 0.0211192 0.11306 0.0881067 0.148519 0.0344171 -0.0243653 -0.0106115 0.0327978 0.0682581 -0.036951 -0.0564508 -0.0654857 -0.0214216 0.115505 0.10214 -0.012567 -0.0187023 -0.0288794 0.0395567 0.0229661 0.00832623 -0.00443459 0.0330866
internal_weight=916.085 468.109 447.976 215.901 153.299 62.6022 28.0743 252.209 34.5279 22.9329 10.7909 12.1421 233.203 111.43 22.2168 15.2797 121.773 59.406 54.0201 89.2137 15.5164 13.2028 75.933 70.512 60.0262 10.4858 247.319 101.088 83.4249 146.231
internal_count=4906 2393 2513 1078 765 313 140 1315 173 115 54 61 1281 601 118 80 680 332 303 483 75 65 411 383 326 57 1289 527 435 762
is_linear=0
shrinkage=0.1


Tree=3
num_leaves=31
num_cat=0
split_feature=0 1 0 214 0 1 1 6 5 0 113 105 78 0 14 6 12 10 67 26 26 0 84 5 19 67 67 12 6 14
split_gain=128.274 19.3654 9.10599 4.31037 4.3839 5.105 4.95969 10.6348 6.01199 5.15725 4.82193 4.27996 4.95917 5.57422 6.04528 9.15398 4.96405 4.54817 5.64604 4.38845 4.20434 5.17444 3.89745 6.1589 4.17368 3.56181 3.5404 6.07528 6.55017 5.82229
threshold=10.260096073150637 -0.43676325678825373 13.661875724792482 1.0000000180025095e-35 7.7043120861053476 -0.22746976464986798 -0.19324663281440732 1.0000000180025095e-35 1.0000000180025095e-35 7.3634495735168466 1.0000000180025095e-35 1.0000000180025095e-35 1.0000000180025095e-35 6.635181427001954 1.0000000180025095e-35 1.0000000180025095e-35 1.0000000180025095e-35 1.0000000180025095e-35 1.0000000180025095e-35 1.0000000180025095e-35 1.0000000180025095e-35 2.2505134344100957 1.0000000180025095e-35 1.0000000180025095e-35 1.0000000180025095e-35 1.0000000180025095e-35 1.0000000180025095e-35 1.0000000180025095e-35 1.0000000180025095e-35 1.0000000180025095e-35
decision_type=2 2 2 2 2 2 2 2 2 2 2 2 2 2 2 2 2 2 2 2 2 2 2 2 2 2 2 2 2 2
left_child=1 20 25 4 5 11 7 8 -7 -8 22 12 13 14 19 -16 -15 18 -14 -3 26 -22 24 -24 -6 -2 27 28 -1 -28
right_child=2 3 -4 -5 10 6 9 -9 -10 -11 -12 -13 17 16 15 -17 -18 -19 -20 -21 21 -23 23 -25 -26 -27 29 -29 -30 -31
leaf_value=0.043069244546249746 -0.042801738633383185 0.030768376701209639 -0.058170252860659626 -0.074158637404313554 -0.0088991045778783889 0.10467737487926128 -0.059474128540667054 0.19525504908874081 -0.04061638688504856 0.052585680016119921 0.089952522843163213 -0.061029556025426285 0.016123895042165978 -0.075813515603875434 0.055637487615674622 -0.053895374983935151 0.047202222240217501 0.041272811084346106 -0.12229474747921967 0.093122833950319214 0.099217576012724046 0.039546783407485048 0.1213582423936503 -0.03621651862477409 0.08491806776452776 -0.015104612070527946 0.13762624835180942 0.0076882718210380162 0.15922130862858844 0.046618779663755057
leaf_weight=11.738796815276146 84.82329224050045 20.203275516629219 204.10941770672798 5.2536800801753989 115.4449742436409 6.2298252582550067 5.2339300066232708 6.9142341911792746 5.2460939437150955 19.073289692401886 6.2468071430921546 6.5245648175477973 5.2525445371866244 8.2302475720643979 17.722217917442322 13.398311123251917 5.4541527628898612 6.7201417982578269 6.7130335122346878 25.574773922562599 16.209164842963219 140.4917376190424 6.2539228647947294 4.110941007733345 4.9450399428606024 102.58024625480175 17.780904039740562 15.481677889823912 8.2794428914785385 11.6262034624815
leaf_count=56 480 102 1213 29 616 32 27 35 27 98 33 33 27 42 91 69 28 34 34 129 75 690 33 22 25 569 85 76 40 56
internal_value=-0.000281934 0.0321534 -0.043557 0.0156253 0.0172216 0.0285461 0.0581015 0.0972849 0.0382579 0.0284565 0.00412085 0.0176479 0.0223458 0.0320216 0.0424862 0.00848034 -0.0267835 -0.0245598 -0.0615329 0.0656039 0.0545839 0.0457191 2.02475e-05 0.0588605 -0.00504555 -0.027641 0.0759855 0.0547289 0.0911092 0.101646
internal_weight=913.867 522.354 391.513 300.746 295.492 158.491 42.6974 18.3902 11.4759 24.3072 137.002 115.793 109.269 90.583 76.8986 31.1205 13.6844 18.6857 11.9656 45.778 221.608 156.701 130.755 10.3649 120.39 187.404 64.907 35.4999 20.0182 29.4071
internal_count=4906 2644 2262 1566 1537 808 219 94 59 125 729 589 556 461 391 160 70 95 61 231 1078 765 696 55 641 1049 313 172 96 141
is_linear=0
shrinkage=0.1


Tree=4
num_leaves=31
num_cat=0
split_feature=0 129 0 177 33 12 1 113 9 83 153 139 132 0 7 14 81 139 58 102 16 22 12 78 13 137 73 6 6 0
split_gain=104.78 15.3838 8.00897 3.94684 4.5563 6.54689 3.90757 3.83486 4.22351 3.85178 4.40602 3.86892 5.89197 3.8358 3.71365 4.25019 3.29568 6.43642 4.26549 8.37557 6.1947 5.66986 8.69808 5.18083 4.64174 4.43847 3.97453 3.95812 3.59287 3.57396
threshold=10.260096073150637 1.0000000180025095e-35 13.661875724792482 1.0000000180025095e-35 1.0000000180025095e-35 1.0000000180025095e-35 -0.22746976464986798 1.0000000180025095e-35 1.0000000180025095e-35 1.0000000180025095e-35 1.0000000180025095e-35 1.0000000180025095e-35 1.0000000180025095e-35 7.7043120861053476 1.0000000180025095e-35 1.0000000180025095e-35 1.0000000180025095e-35 1.0000000180025095e-35 1.0000000180025095e-35 1.0000000180025095e-35 1.0000000180025095e-35 1.0000000180025095e-35 1.0000000180025095e-35 1.0000000180025095e-35 1.0000000180025095e-35 1.0000000180025095e-35 1.0000000180025095e-35 1.0000000180025095e-35 1.0000000180025095e-35 4.0561258792877206
decision_type=2 2 2 2 2 2 2 2 2 2 2 2 2 2 2 2 2 2 2 2 2 2 2 2 2 2 2 2 2 2
left_child=1 3 -2 4 7 -6 -7 9 -9 10 -1 12 13 -11 15 -15 17 -3 19 21 24 23 -23 27 -20 -26 -19 -18 -24 -22
right_child=2 16 -4 -5 5 6 -8 8 -10 11 -12 -13 -14 14 -16 -17 18 26 20 -21 29 22 28 -25 25 -27 -28 -29 -30 -31
leaf_value=-0.01273005621234488 -0.025277010341645124 0.062929324595246597 -0.054254147220875786 0.08755911691811577 0.0066106603891722838 0.035227744692320408 0.10502029940717594 0.0066108030664425712 0.14208975274828231 0.1186314240992532 0.095417425857614077 0.12235100742742051 -0.079716105514800475 0.11119642460013164 -0.034627045412015327 -0.013724043470196718 -0.015085236305052364 -0.080892955852455511 -0.0046108688405007443 0.13245577113403184 0.15955679180410992 0.10120057387203091 0.026320501396337792 -0.056414183965291825 0.020079178469349725 0.16033359576606002 0.040848849317994956 0.054782767391960523 -0.091343035113995635 0.063963880290976619
leaf_weight=134.69340780377388 184.62727892398834 126.18107335269451 197.32187865674496 6.7189068943262091 50.739975333213806 19.647697478532791 13.557674244046209 5.5334925204515439 3.9391290992498398 4.6447780877351823 3.8755519390106192 3.8670988529920569 5.2746558338403693 6.0475661009550112 7.992273434996604 4.9552310407161713 19.764068052172661 5.1666191667318326 15.261536717414856 6.1926381736993781 7.4939431846141806 14.340959519147873 7.1624217480421066 15.451005205512045 4.8194350749254227 4.2425538003444672 5.5756673812866211 13.748938396573065 4.0696551352739334 8.1804997622966749
leaf_count=712 1049 597 1213 35 258 99 68 28 20 23 20 20 27 31 42 26 96 26 74 30 35 69 35 76 23 20 28 67 20 39
internal_value=-0.000331665 0.0284806 -0.0402471 0.0118699 0.00994918 0.0292023 0.0637239 0.00101109 0.0629489 -0.00241296 -0.00970534 0.0284122 0.0158486 0.0371715 0.0172525 0.0549371 0.0459833 0.0566032 0.0339387 0.020708 0.0606429 0.0114239 0.0495873 -0.00850822 0.0290511 0.0857421 -0.0177042 0.0135786 -0.0163119 0.109667
internal_weight=911.088 529.138 381.949 271.487 264.769 83.9453 33.2054 180.823 9.47262 171.351 138.569 32.7816 28.9145 23.6398 18.9951 11.0028 257.651 136.923 120.728 80.7297 39.998 74.537 25.573 48.964 24.3235 9.06199 10.7423 33.513 11.2321 15.6744
internal_count=4906 2644 2262 1409 1374 425 167 949 48 901 732 169 149 122 99 57 1235 651 584 393 191 363 124 239 117 43 54 163 55 74
is_linear=0
shrinkage=0.1


Tree=5
num_leaves=31
num_cat=0
split_feature=0 1 0 79 0 0 6 143 21 13 49 14 7 10 16 0 6 62 45 1 1 8 6 7 49 0 0 8 5 105
split_gain=85.6443 12.3576 7.02453 4.32223 8.32252 5.07028 4.4255 3.43915 3.86727 6.1429 5.13709 4.36575 8.81328 5.25298 5.28403 5.87738 7.45057 10.0853 4.59489 3.96643 5.8725 3.95077 3.59737 3.29245 4.36473 3.22691 3.28212 6.42408 3.61373 7.98965
threshold=10.260096073150637 -0.38535249233245844 13.661875724792482 1.0000000180025095e-35 3.0266940593719487 4.3846678733825692 1.0000000180025095e-35 1.0000000180025095e-35 1.0000000180025095e-35 1.0000000180025095e-35 1.0000000180025095e-35 1.0000000180025095e-35 1.0000000180025095e-35 1.0000000180025095e-35 1.0000000180025095e-35 7.6317591667175302 1.0000000180025095e-35 1.0000000180025095e-35 1.0000000180025095e-35 -0.35675716400146479 -0.33774431049823755 1.0000000180025095e-35 1.0000000180025095e-35 1.0000000180025095e-35 1.0000000180025095e-35 5.4524297714233407 5.3018479347229013 1.0000000180025095e-35 1.0000000180025095e-35 1.0000000180025095e-35
decision_type=2 2 2 2 2 2 2 2 2 2 2 2 2 2 2 2 2 2 2 2 2 2 2 2 2 2 2 2 2 2
left_child=1 3 -2 25 -5 -6 -7 8 11 -10 -11 13 22 19 15 16 17 -15 21 -3 -21 -17 -13 -16 -25 26 28 -28 -1 -30
right_child=2 7 -4 4 5 6 -8 -9 9 10 -12 12 -14 14 23 18 -18 -19 -20 20 -22 -23 -24 24 -26 -27 27 -29 29 -31
leaf_value=0.055163658757272839 -0.023082935740484922 -0.083121445715113387 -0.050533325312822647 0.11587209373874836 -0.1228995745181477 -0.068137558726409905 0.075997553394793721 -0.072782240820737046 0.070678203852118426 -0.058530364832645176 0.065237119163044366 -0.015938886468444862 0.029129828694400062 0.14361521102761118 0.035192789534401497 0.013853046456964982 0.19662764798497731 -0.04394991551803594 -0.066035344544920979 0.12121165573893927 -0.00043530090222167455 0.11917006003149061 -0.069168848484074605 0.020272372284054121 -0.11431617697780526 0.11746229857621347 -0.084839942655478812 0.068309942944949839 0.036219895485481671 -0.10060219959558808
leaf_weight=136.81485991179943 182.09727345407009 5.271583840250968 191.00511655211449 4.2234072685241726 5.1641747653484336 4.3364700078964216 4.1870066523551941 4.9042088538408271 24.920771360397339 8.8510229885578138 5.3992564231157294 34.544309586286545 34.376490965485573 6.3356252461671847 12.74536982178688 10.067157611250879 5.926065891981124 5.2358161211013794 4.2643671482801428 4.2185283303260794 66.943011268973351 5.5122477263212195 20.074080035090446 5.1955996751785278 4.493579775094986 5.8424564749002448 5.6951728761196119 5.2764428704977036 89.537310689687729 4.481528475880622
leaf_count=636 1049 26 1213 20 25 22 21 26 126 45 27 182 177 31 65 53 29 26 22 21 346 29 107 28 23 29 29 26 426 21
internal_value=-0.000363778 0.0252884 -0.0371358 0.0405949 -0.00684348 -0.0447081 0.00266626 0.0101933 0.0117325 0.0407325 -0.0116364 0.00668835 -0.0105368 0.0179427 0.0401491 0.0631945 0.105444 0.0587462 0.0259405 0.000575834 0.00677605 0.0511159 -0.0355027 0.00179114 -0.0421462 0.0440259 0.0422515 -0.0111875 0.0447915 0.0296981
internal_weight=907.94 534.838 373.102 265.559 17.9111 13.6877 8.52348 269.279 264.375 39.1711 14.2503 225.204 88.9949 136.209 59.7758 37.3413 17.4975 11.5714 19.8438 76.4331 71.1615 15.5794 54.6184 22.4345 9.68918 247.648 241.805 10.9716 230.834 94.0188
internal_count=4906 2644 2262 1255 88 68 43 1389 1363 198 72 1165 466 699 306 190 86 57 104 393 367 82 289 116 51 1167 1138 55 1083 447
is_linear=0
shrinkage=0.1


Tree=6
num_leaves=31
num_cat=0
split_feature=0 0 1 44 23 214 84 35 65 1 0 17 16 79 177 237 0 56 26 45 0 0 9 22 26 81 12 0 0 0
split_gain=69.9946 10.2359 6.32621 4.07261 4.03849 4.03543 4.11747 3.9844 4.8443 6.08351 3.62031 3.57489 3.40071 4.0861 3.39554 3.71722 3.61012 5.11932 4.18918 10.3878 5.7908 3.69139 3.37193 4.56879 5.45518 6.13578 4.36512 8.49746 7.47409 4.46517
threshold=10.260096073150637 4.5790553092956552 0.603315830230713 1.0000000180025095e-35 1.0000000180025095e-35 1.0000000180025095e-35 1.0000000180025095e-35 1.0000000180025095e-35 1.0000000180025095e-35 0.89459273219108593 16.735113143920902 1.0000000180025095e-35 1.0000000180025095e-35 1.0000000180025095e-35 1.0000000180025095e-35 1.0000000180025095e-35 7.7043120861053476 1.0000000180025095e-35 1.0000000180025095e-35 1.0000000180025095e-35 8.8720054626464862 8.2067074775695819 1.0000000180025095e-35 1.0000000180025095e-35 1.0000000180025095e-35 1.0000000180025095e-35 1.0000000180025095e-35 2.7748117446899419 3.3497605323791508 2.8952771425247197
decision_type=2 2 2 2 2 2 2 2 2 2 2 2 2 2 2 2 2 2 2 2 2 2 2 2 2 2 2 2 2 2
left_child=1 3 4 -1 11 6 14 -4 9 -9 -10 -2 13 22 15 16 -3 18 19 -18 21 -20 23 24 25 -5 27 -24 -29 -28
right_child=2 5 7 12 -6 -7 -8 8 10 -11 -12 -13 -14 -15 -16 -17 17 -19 20 -21 -22 -23 26 -25 -26 -27 29 28 -30 -31
leaf_value=-0.055462685245295906 -0.042472369990561781 0.019394532096675514 -0.058901053572958453 0.12330858063506181 -0.027365886878823575 -0.074202244192807118 0.052104961268418265 -0.058205348923890392 0.11160686898973365 0.086008729694324534 -0.02918289713501647 0.053367446536234354 0.059613564460018004 -0.046178451353849514 0.080084453831314642 -0.069829729625199913 0.18849755912839042 -0.015526576060656364 0.0020641919568239889 -0.0060888689621402354 -0.052528052117263524 0.10941803204688866 0.10836160046406509 0.085259988112050447 -0.0085177609640296002 -0.020594974315283645 0.029422817839589568 -0.098049746177432187 0.0388968863900373 0.12380772885634497
leaf_weight=4.2951063513755789 5.7518206387758264 179.16852693259716 115.36958679556847 7.6185776591300947 197.83226072788239 5.3287644833326331 25.550585120916367 23.13479840755463 4.261673390865325 3.3484576642513266 3.1962550431489944 12.036512121558189 74.802151396870613 6.283033922314643 6.8331278413534156 5.8951925188302985 4.9442834258079511 88.586916834115982 7.2711243629455584 6.1633089482784271 9.7748927325010282 5.7247924208641052 8.8657685965299624 9.4461579173803312 39.553605005145073 4.8486860245466232 7.8396902829408672 6.3707338124513653 10.643126070499418 13.897558212280272
leaf_count=20 33 880 758 34 1179 30 128 152 28 22 21 69 338 31 34 30 26 472 38 32 52 30 40 44 183 23 36 30 49 64
internal_value=-0.000391131 0.0224818 -0.0342185 0.0408314 -0.0232621 0.012146 0.0134997 -0.0500406 -0.0199232 -0.0399714 0.0512684 0.0223778 0.0430063 0.0322384 0.010362 0.00881278 0.0103498 -0.00288282 0.0301787 0.0805267 0.00561897 0.0493543 0.036755 0.0212805 0.00966284 0.0673426 0.0567306 0.028982 -0.0123819 0.0897672
internal_weight=904.637 539.706 364.931 194.464 215.621 345.242 339.913 149.311 33.9412 26.4833 7.45793 17.7883 190.169 115.367 314.362 307.529 301.634 122.465 33.8784 11.1076 22.7708 12.9959 109.084 61.467 52.0209 12.4673 47.6169 25.8796 17.0139 21.7372
internal_count=4906 2644 2262 892 1281 1752 1722 981 223 174 49 102 872 534 1594 1560 1530 650 178 58 120 68 503 284 240 57 219 119 79 100
is_linear=0
shrinkage=0.1


Tree=7
num_leaves=31
num_cat=0
split_feature=0 1 140 14 6 102 16 81 58 0 1 139 0 22 10 0 78 6 126 22 1 11 16 73 67 88 14 53 139 0
split_gain=58.4271 10.6699 4.56317 6.15895 5.22729 3.62716 5.83405 3.71296 4.95544 4.21603 4.16577 4.16921 4.0345 4.10195 5.90296 4.76636 4.27796 3.63323 3.58398 3.82183 4.24492 3.41498 3.54822 3.26156 3.21241 7.19835 5.62097 4.89911 3.70487 3.44031
threshold=11.43189573287964 -0.38535249233245844 1.0000000180025095e-35 1.0000000180025095e-35 1.0000000180025095e-35 1.0000000180025095e-35 1.0000000180025095e-35 1.0000000180025095e-35 1.0000000180025095e-35 3.4811772108078007 -0.39508707821369166 1.0000000180025095e-35 4.6392881870269784 1.0000000180025095e-35 1.0000000180025095e-35 3.0266940593719487 1.0000000180025095e-35 1.0000000180025095e-35 1.0000000180025095e-35 1.0000000180025095e-35 -0.37394477427005762 1.0000000180025095e-35 1.0000000180025095e-35 1.0000000180025095e-35 1.0000000180025095e-35 1.0000000180025095e-35 1.0000000180025095e-35 1.0000000180025095e-35 1.0000000180025095e-35 15.798768043518068
decision_type=2 2 2 2 2 2 2 2 2 2 2 2 2 2 2 2 2 2 2 2 2 2 2 2 2 2 2 2 2 2
left_child=1 5 18 4 -4 7 -7 10 12 -10 11 -1 13 16 15 -15 -9 -18 19 20 -3 22 -11 -13 25 -2 27 28 -26 -29
right_child=24 2 3 -5 -6 6 -8 8 9 21 -12 23 -14 14 -16 -17 17 -19 -20 -21 -22 -23 -24 -25 26 -27 -28 29 -30 -31
leaf_value=0.042784238369922331 -0.051313122725568885 -0.084469529406407548 -0.051659427077706314 -0.10012143422783262 0.063043870676612712 0.029449974415558279 0.17558652760774585 0.015795268113680396 0.10297554874542064 0.021535173925344556 0.13814918386660158 -0.08054254230801236 -0.041718949572645436 0.042578453082926931 -0.012763232620597899 0.17761488792521188 0.008550790462743851 -0.1090158332456662 0.077783695314809845 0.039123420739343349 0.004900162229387028 -0.0094160607513835703 0.10719916157045438 0.026828083347010236 0.027249480088770268 0.068741915311451782 -0.050861732389282502 -0.047360415661078577 -0.074816577695333494 0.0092027695695154985
leaf_weight=126.63582800328732 144.03268797695637 5.4249787032604209 8.4539183080196363 9.306538999080658 7.4958491623401651 6.9105970561504346 4.5177222341299057 27.09011036157608 9.2477900832891446 12.98251533508301 4.2426567673683158 5.0261660516262037 17.220361068844795 6.0772776454687119 8.054237887263298 4.5865980535745621 4.5896749943494779 6.1519373655319214 7.3394142389297476 33.069793909788132 261.7441059499979 14.847195550799368 7.7047236561775199 6.4722496569156647 33.994420617818832 5.1736645251512519 57.035231649875641 36.549503162503242 3.971933737397193 15.23527070879936
leaf_count=569 940 27 45 51 39 33 20 127 41 61 20 25 85 27 37 21 22 30 37 165 1375 71 35 31 211 33 364 236 25 103
internal_value=-0.000408519 0.0173986 0.00538734 -0.035474 0.00224723 0.032077 0.0872191 0.0296619 0.0165892 0.0428298 0.040547 0.0375492 0.00065986 0.0135649 0.0518541 0.100658 -0.00537955 -0.058782 0.0087426 0.00705487 0.00308547 0.027177 0.0534397 -0.0201056 -0.0368173 -0.0471503 -0.026314 -0.0107144 0.0165716 -0.0307193
internal_weight=901.185 605.192 332.835 25.2563 15.9498 272.358 11.4283 260.929 118.552 44.7822 142.377 138.134 73.7702 56.5498 18.7181 10.6639 37.8317 10.7416 307.578 300.239 267.169 35.5344 20.6872 11.4984 295.993 149.206 146.786 89.7511 37.9664 51.7848
internal_count=4906 2994 1739 135 84 1255 53 1202 557 208 645 625 349 264 85 48 179 52 1604 1567 1402 167 96 56 1912 973 939 575 236 339
is_linear=0
shrinkage=0.1


Tree=8
num_leaves=31
num_cat=0
split_feature=0 0 147 85 137 126 139 19 1 74 61 10 113 60 18 93 26 0 72 10 67 97 5 67 12 0 45 99 102 12
split_gain=48.1126 9.02652 7.01997 4.25069 3.91957 4.55037 3.70137 4.73348 3.26487 3.50045 5.55451 3.92504 2.91629 7.48889 3.23157 2.90891 4.29709 3.97273 4.08369 5.76514 5.48784 4.14375 4.108 3.85548 3.58319 5.76505 5.42417 4.15065 3.45531 4.70234
threshold=11.494866847991945 7.6317591667175302 1.0000000180025095e-35 1.0000000180025095e-35 1.0000000180025095e-35 1.0000000180025095e-35 1.0000000180025095e-35 1.0000000180025095e-35 -0.019545212388038632 1.0000000180025095e-35 1.0000000180025095e-35 1.0000000180025095e-35 1.0000000180025095e-35 1.0000000180025095e-35 1.0000000180025095e-35 1.0000000180025095e-35 1.0000000180025095e-35 11.741273403167726 1.0000000180025095e-35 1.0000000180025095e-35 1.0000000180025095e-35 1.0000000180025095e-35 1.0000000180025095e-35 1.0000000180025095e-35 1.0000000180025095e-35 13.096509456634523 1.0000000180025095e-35 1.0000000180025095e-35 1.0000000180025095e-35 1.0000000180025095e-35
decision_type=2 2 2 2 2 2 2 2 2 2 2 2 2 2 2 2 2 2 2 2 2 2 2 2 2 2 2 2 2 2
left_child=1 2 3 -1 5 6 7 -3 -8 10 -10 -11 14 -14 -2 16 17 -16 19 -19 -21 22 -20 -18 26 -26 27 -17 29 -24
right_child=12 4 -4 -5 -6 -7 8 -9 9 11 -12 -13 13 -15 15 24 23 18 21 20 -22 -23 28 -25 25 -27 -28 -29 -30 -31
leaf_value=0.027375019151898952 -0.097929440183707903 -0.003903787863703117 -0.078607590939511252 -0.045015632683817641 0.092013863989425737 0.088180387371059613 -0.093513952661550312 0.075494240447175828 -0.052097824297588219 -0.093119939098321794 0.11693978407548714 0.016984333367789723 0.11463338766338592 -0.040522182394260822 -0.10815629843514499 0.020325886409199995 -0.073648422958135173 -0.02335001367056018 -0.040443539573915346 0.0010449653308964477 0.16486813846682649 -0.09198214916836496 0.028071401976009516 -0.03607311674454923 -0.11119168043930067 0.027368515398190248 0.099269950112974209 -0.086776895215478156 0.10713359468489532 -0.056963356698403127
leaf_weight=387.80920106172562 8.3247593790292722 162.3735987842083 6.5384570658206931 8.2846527099609357 4.3932276666164389 5.279889687895774 7.9330028146505382 7.8726851046085349 3.7701443880796441 8.1069478690624219 4.0131345093250275 5.3905234038829812 4.6102588474750492 9.5652334690093994 5.5420305281877509 11.676939934492117 49.557379215955734 12.932195484638214 51.323253303766251 4.0423485785722733 4.1379623115062714 9.8123039305210096 16.578436225652702 60.819634601473808 6.957882881164549 5.2825904041528702 5.7901526838541022 5.2430787980556479 3.0386555939912787 10.700543016195295
leaf_count=1809 57 879 33 41 23 27 44 39 21 46 22 30 30 62 34 73 336 84 347 27 26 66 111 401 43 34 36 33 20 72
internal_value=-0.000417203 0.01541 0.0241644 0.0258609 -0.00144425 -0.00344964 -0.00587517 -0.000232191 -0.0387602 -0.0183492 0.0350596 -0.0491473 -0.0342799 0.00993866 -0.0365865 -0.034648 -0.0387578 -0.0255004 -0.021431 0.0182108 0.083914 -0.0305825 -0.023203 -0.0529438 -0.00778034 -0.0513936 0.0157266 -0.0128625 0.00598276 -0.00528461
internal_weight=897.701 611.765 402.632 396.094 209.133 204.74 199.46 170.246 29.2138 21.2808 7.78328 13.4975 285.936 14.1755 271.76 263.435 228.485 118.108 112.566 21.1125 8.18031 91.4532 81.6409 110.377 34.9506 12.2405 22.7102 16.92 30.3176 27.279
internal_count=4906 3014 1883 1850 1131 1108 1081 918 163 119 43 76 1892 92 1800 1743 1524 787 753 137 53 616 550 737 219 77 142 106 203 183
is_linear=0
shrinkage=0.1


Tree=9
num_leaves=31
num_cat=0
split_feature=0 129 214 84 0 0 13 0 272 140 14 5 33 8 12 5 262 135 137 133 10 0 7 0 153 80 61 126 8 12
split_gain=39.6879 7.50376 2.81995 3.11008 3.83338 4.78849 4.61069 4.51135 2.81593 3.70935 4.18829 3.37077 2.66111 5.00616 6.81341 4.96552 3.99861 3.81708 4.86598 3.80824 3.5975 5.16748 4.03665 10.3838 3.58357 2.812 5.75012 3.57051 4.4176 4.20504
threshold=11.494866847991945 1.0000000180025095e-35 1.0000000180025095e-35 1.0000000180025095e-35 7.1540040969848642 9.5838465690612811 1.0000000180025095e-35 5.845311403274537 1.0000000180025095e-35 1.0000000180025095e-35 1.0000000180025095e-35 1.0000000180025095e-35 1.0000000180025095e-35 1.0000000180025095e-35 1.0000000180025095e-35 1.0000000180025095e-35 1.0000000180025095e-35 1.0000000180025095e-35 1.0000000180025095e-35 1.0000000180025095e-35 1.0000000180025095e-35 8.8049278259277362 1.0000000180025095e-35 7.9493498802185067 1.0000000180025095e-35 1.0000000180025095e-35 1.0000000180025095e-35 1.0000000180025095e-35 1.0000000180025095e-35 1.0000000180025095e-35
decision_type=2 2 2 2 2 2 2 2 2 2 2 2 2 2 2 2 2 2 2 2 2 2 2 2 2 2 2 2 2 2
left_child=1 2 3 8 7 6 -6 -5 9 12 11 -11 16 17 -15 -16 24 18 20 -19 22 -22 23 -14 25 27 -27 28 -1 -30
right_child=-2 -3 -4 4 5 -7 -8 -9 -10 10 -12 -13 13 14 15 -17 -18 19 -20 -21 21 -23 -24 -25 -26 26 -28 -29 29 -31
leaf_value=-0.019643174086636444 -0.031655648130394801 0.02613767964066235 -0.063237500235165583 0.069844468593824802 0.15865749569654478 -0.0001306556723437952 0.025004940965100086 -0.063852889134573945 0.080262354007163583 0.039377071132044118 -0.093655172223742311 -0.054477267299718392 -0.017881860427358422 -0.044080791181114798 -0.0042534130158145755 0.12007424244870844 0.098035561982952324 -0.078317485780285009 0.15941358516881876 0.02321012338183262 0.1333242226302481 0.00031902639009139428 -0.031407676937801991 0.1738280356082306 0.090232620389011864 8.9645413446099947e-05 -0.10783646462880431 0.073729407850429016 0.037677588505854454 -0.017419335708657637
leaf_weight=88.600984796881676 279.78056418895721 273.00881943106651 6.1431931853294364 4.1817015111446398 6.6293978095054644 6.8554568886756888 4.226850837469101 6.365951731801033 4.5541433393955222 7.9480593502521515 8.4029825478792191 7.3796854913234711 7.3225125968456268 23.47235107421875 8.0620027631521207 5.340308502316474 3.8394673317670813 4.5983762294054058 3.9670776873826972 18.795384675264359 7.9995014667510969 4.6012333929538727 9.4539186805486679 4.6003262549638748 3.8558800816535941 12.740155637264252 8.0594033300876617 5.9015961438417426 34.998667865991592 22.925960719585419
leaf_count=471 1892 1235 36 20 32 38 21 31 23 42 49 39 36 120 40 26 20 22 19 91 39 26 49 26 19 69 44 28 182 121
internal_value=-0.000432197 0.0137761 0.00390311 0.00513183 0.0368793 0.0653015 0.10662 -0.0108475 0.00221347 0.00103986 -0.0369157 -0.00580997 0.00426666 0.0175188 -0.0115998 0.0452864 -0.00292722 0.035024 0.0546113 0.00325343 0.042375 0.0847566 0.0173927 0.0560878 -0.00511627 -0.00723865 -0.0417295 -0.00253218 -0.00560376 0.0158708
internal_weight=894.612 614.831 341.823 335.679 28.2594 17.7117 10.8562 10.5477 307.42 302.866 23.7307 15.3277 279.135 98.213 36.8747 13.4023 180.922 61.3383 37.9446 23.3938 33.9775 12.6007 21.3768 11.9228 177.083 173.227 20.7996 152.427 146.526 57.9246
internal_count=4906 3014 1779 1743 142 91 53 51 1601 1578 130 81 1448 494 186 66 954 308 195 113 176 65 111 62 934 915 113 802 774 303
is_linear=0
shrinkage=0.1


Tree=10
num_leaves=31
num_cat=0
split_feature=0 0 5 108 289 149 1 61 133 81 6 10 214 84 83 67 13 0 79 61 0 15 0 8 0 1 0 15 182 13
split_gain=32.5494 6.2696 3.55034 4.86493 3.3563 3.24694 3.1443 3.86454 4.18647 4.52966 4.46449 4.09986 3.07641 3.28856 3.22234 4.20946 3.20587 4.09882 2.6509 4.92193 3.85261 3.88559 2.90597 4.66582 3.62267 2.87098 2.80172 2.70961 2.64043 2.57526
threshold=11.494866847991945 4.5790553092956552 1.0000000180025095e-35 1.0000000180025095e-35 1.0000000180025095e-35 1.0000000180025095e-35 -0.506730556488037 1.0000000180025095e-35 1.0000000180025095e-35 1.0000000180025095e-35 1.0000000180025095e-35 1.0000000180025095e-35 1.0000000180025095e-35 1.0000000180025095e-35 1.0000000180025095e-35 1.0000000180025095e-35 1.0000000180025095e-35 8.9486651420593279 1.0000000180025095e-35 1.0000000180025095e-35 9.5838465690612811 1.0000000180025095e-35 4.7556469440460214 1.0000000180025095e-35 8.4750170707702654 0.039622785523533828 8.8049278259277362 1.0000000180025095e-35 1.0000000180025095e-35 1.0000000180025095e-35
decision_type=2 2 2 2 2 2 2 2 2 2 2 2 2 2 2 2 2 2 2 2 2 2 2 2 2 2 2 2 2 2
left_child=1 2 3 6 5 12 7 8 9 -1 29 -9 13 18 15 -15 17 -17 22 20 21 -20 23 -3 -24 -21 27 -26 -2 -10
right_child=28 4 -4 -5 -6 -7 -8 11 10 -11 -12 -13 -14 14 -16 16 -18 -19 19 25 -22 -23 24 -25 26 -27 -28 -29 -30 -31
leaf_value=0.039261789543809114 -0.02774631548348009 -0.11011777216276686 0.010891031478829624 -0.059673518812067478 0.08980314332432543 -0.086358401123440509 0.11770690053598148 0.12417832770578426 0.11377184142751962 -0.019875160635682353 0.015894165130127123 0.03502435269471002 -0.064079159259218199 0.07964020555832485 0.11414767231537576 0.069631942258081322 -0.066850716813210309 -0.057178867508943292 0.016591164518913199 -0.032765759794932563 0.064267848909326949 -0.069201026635296509 0.017083152732642454 0.022381454647065566 -0.016453143380203442 -0.12803821703934531 0.00044837986998546501 -0.11138891916634733 -0.099994684560979888 0.039371380185547714
leaf_weight=27.176334276795387 269.02085161209106 5.3813447654247266 82.971166893839836 4.9040981680154792 4.6452039629220954 3.9110357314348212 5.240205004811286 9.807288184762001 12.811337426304819 24.746643394231796 15.934425204992293 10.880719184875488 6.3114123791456214 8.9022477716207558 4.6858770400285712 7.329835310578348 5.6418533772230139 3.9077213704586029 12.970249757170681 8.005555644631384 7.612854838371276 8.9026456624269485 192.10419362783432 5.2509429603815079 9.1721590757369977 5.2288801968097678 110.98012405633926 4.4723094403743735 5.1554039716720572 7.3050898462533942
leaf_count=117 1854 25 373 24 22 20 22 41 54 115 69 46 38 43 23 34 29 21 67 44 42 46 927 24 48 31 614 24 38 31
internal_value=-0.000434095 0.0123023 0.0267639 0.0378491 0.00527801 0.00432215 0.0420479 0.0383993 0.0292541 0.0110769 0.0554341 0.0772884 0.00519384 0.00628537 0.0378648 0.0240003 -0.0053444 0.0255351 0.00368554 -0.019743 0.00299742 -0.0183277 0.00674293 -0.0446807 0.00846917 -0.0704076 -0.00480897 -0.0475707 -0.0291048 0.086754
internal_weight=891.37 617.194 201.777 118.806 415.416 410.771 113.902 108.662 87.9738 51.923 36.0509 20.688 406.86 400.549 30.4675 25.7817 16.8794 11.2376 370.081 42.7202 29.4858 21.8729 327.361 10.6323 316.729 13.2344 124.625 13.6445 274.176 20.1164
internal_count=4906 3014 892 519 2122 2100 495 473 386 232 154 87 2080 2042 150 127 84 55 1892 230 155 113 1662 49 1613 75 686 72 1892 85
is_linear=0
shrinkage=0.1


Tree=11
num_leaves=31
num_cat=0
split_feature=0 147 14 270 1 23 0 113 32 177 21 14 7 266 14 19 9 22 35 65 1 0 8 102 0 22 139 0 12 26
split_gain=26.8096 4.76629 5.14592 4.28173 4.22592 3.93797 3.90353 3.83006 5.80448 4.19838 3.87105 4.7415 7.6553 3.86408 3.71342 4.32232 3.67268 3.8092 3.5363 4.25875 5.02113 3.48998 3.47762 6.54573 4.13485 3.95644 3.31314 3.22907 3.81615 3.48507
threshold=10.260096073150637 1.0000000180025095e-35 1.0000000180025095e-35 1.0000000180025095e-35 0.603315830230713 1.0000000180025095e-35 3.9917863607406621 1.0000000180025095e-35 1.0000000180025095e-35 1.0000000180025095e-35 1.0000000180025095e-35 1.0000000180025095e-35 1.0000000180025095e-35 1.0000000180025095e-35 1.0000000180025095e-35 1.0000000180025095e-35 1.0000000180025095e-35 1.0000000180025095e-35 1.0000000180025095e-35 1.0000000180025095e-35 0.89459273219108593 14.351813793182375 1.0000000180025095e-35 1.0000000180025095e-35 13.550992488861086 1.0000000180025095e-35 1.0000000180025095e-35 6.0766596794128427 1.0000000180025095e-35 1.0000000180025095e-35
decision_type=2 2 2 2 2 2 2 2 2 2 2 2 2 2 2 2 2 2 2 2 2 2 2 2 2 2 2 2 2 2
left_child=1 3 -3 6 5 -2 -1 9 -9 10 11 -8 -13 14 16 -16 17 -12 -6 20 -20 22 24 25 -7 -24 27 -14 -29 -30
right_child=4 2 -4 -5 18 21 7 8 -10 -11 13 12 26 -15 15 -17 -18 -19 19 -21 -22 -23 23 -25 -26 -27 -28 28 29 -31
leaf_value=0.028623950351697305 0.032494545390761319 -0.11807028884373823 0.02772784346013998 -0.080063682567862532 -0.045761417790320918 -0.023089303770088374 0.011823517680685 0.088065275569191345 -0.047205517168207284 0.082134915922560184 -0.057327307892648775 -0.032799807030307354 -0.0067272452063585411 -0.042230758664130827 0.11011808114078797 -0.001159067565873256 0.068569278197266784 0.046661914840460179 -0.045968499050327877 0.060669211429856588 0.086210938525760408 0.081327875143302863 -0.016433680344735878 0.11183906243270965 -0.077786289245104154 0.09090233721990687 -0.064742229053176462 0.022002847904689218 0.036172670632840763 0.16396149699446261
leaf_weight=153.76782813668251 16.905492544174194 5.6614837348461133 4.2291539907455444 4.7644728869199744 101.15503114461899 89.230803072452545 192.99348460137844 13.227257028222086 4.1729087978601447 7.4074974358081809 8.3043822795152646 75.96201990544796 16.204376056790352 5.9573707282543173 12.499087586998941 4.8432108908891669 8.8660638183355331 6.1174556165933618 20.485195115208633 7.1296794861555091 3.3428988903760901 3.4758628606796256 67.525480628013611 4.6216419488191596 16.353826284408569 3.6181116402149192 4.2579228132963172 16.080596759915352 3.9859920740127581 4.5936577767133713
leaf_count=674 102 30 22 23 758 553 943 63 20 35 41 389 75 29 60 23 42 28 152 49 22 25 435 29 116 21 23 81 20 23
internal_value=-0.000423305 0.0130682 -0.0557282 0.014319 -0.0228077 -0.0137028 0.0151529 0.00977921 0.0556246 0.00761193 0.00608134 0.0020913 -0.0134206 0.0329809 0.0440088 0.0790415 0.0179202 -0.0132172 -0.0367105 -0.0071364 -0.0274247 -0.0179283 -0.0198307 -0.00348336 -0.0315612 -0.0109749 0.0192034 0.0279502 0.050737 0.104592
internal_weight=887.74 553.896 9.89064 544.006 333.844 201.731 539.241 385.473 17.4002 368.073 360.666 314.078 121.085 46.5876 40.6302 17.3423 23.2879 14.4218 132.113 30.9578 23.8281 184.826 181.35 75.7652 105.585 71.1436 45.1225 40.8646 24.6602 8.57965
internal_count=4906 2644 52 2592 2262 1281 2569 1895 83 1812 1777 1554 611 223 194 83 111 69 981 223 174 1179 1154 485 669 456 222 199 124 43
is_linear=0
shrinkage=0.1


Tree=12
num_leaves=31
num_cat=0
split_feature=1 1 28 79 147 14 270 77 22 113 102 26 6 9 88 0 61 7 10 73 214 21 101 1 49 0 1 59 67 6
split_gain=22.2832 4.44266 3.2867 3.41524 3.28668 3.05773 3.01404 2.74245 3.8001 3.83656 3.41958 7.00727 5.74351 3.27404 2.94627 2.53942 3.19988 7.08305 3.35781 3.03835 2.74804 2.80309 4.40959 4.13811 3.07968 2.892 6.96275 5.28507 3.48568 2.96179
threshold=0.039622785523533828 0.603315830230713 1.0000000180025095e-35 1.0000000180025095e-35 1.0000000180025095e-35 1.0000000180025095e-35 1.0000000180025095e-35 1.0000000180025095e-35 1.0000000180025095e-35 1.0000000180025095e-35 1.0000000180025095e-35 1.0000000180025095e-35 1.0000000180025095e-35 1.0000000180025095e-35 1.0000000180025095e-35 3.9917863607406621 1.0000000180025095e-35 1.0000000180025095e-35 1.0000000180025095e-35 1.0000000180025095e-35 1.0000000180025095e-35 1.0000000180025095e-35 1.0000000180025095e-35 -0.48056885600090021 1.0000000180025095e-35 9.0704994201660174 -0.052095215767621987 1.0000000180025095e-35 1.0000000180025095e-35 1.0000000180025095e-35
decision_type=2 2 2 2 2 2 2 2 2 2 2 2 2 2 2 2 2 2 2 2 2 2 2 2 2 2 2 2 2 2
left_child=4 7 -3 -4 6 -6 15 8 9 10 14 12 -12 -10 -2 16 -1 19 -19 -18 21 22 25 -23 -24 26 -17 -28 -27 -30
right_child=1 2 3 -5 5 -7 -8 -9 13 -11 11 -13 -14 -15 -16 20 17 18 -20 -21 -22 23 24 -25 -26 28 27 -29 29 -31
leaf_value=0.018821001818198749 -0.02085587527643569 -0.10243528638067417 -0.025803903728149571 -0.093250372666898951 -0.10834249188318762 0.014136431953391829 -0.069699377715584418 -0.078412844908537949 0.1039785993076599 0.035817268546416522 0.17462230160092942 -0.034796876420111415 0.0052740561165356059 -0.014599053078073229 0.063693779578387358 0.0074105494476375561 0.049780037666742216 0.042927111499511506 -0.07446863716479149 0.13176429379231433 -0.065186587612092992 0.12150409652218322 0.10184318963594544 0.02385624168583966 0.0038681567415432029 0.12592806924622821 0.057579263165275785 -0.075135052935941471 -0.034931219184183453 0.082942771840719118
leaf_weight=126.99226279556751 194.51605208963156 6.649268113076686 114.11844190955162 8.0363158434629423 4.2590823471546155 3.9092463552951813 4.2434340119361869 5.8989575505256644 5.3781313598155958 15.676667004823683 4.2705510407686234 8.5589699149131775 3.771249383687973 4.1064251065254211 4.210657685995101 244.39751936495304 8.5385064780712128 5.1698226928710955 4.6081088930368423 9.605873316526413 4.7770101279020301 4.8598892837762824 8.1947558373212797 40.558461546897888 5.272535264492034 4.2005719840526554 3.6207087934017208 17.521652340888977 5.0263037532567978 3.7014544904232025
leaf_count=555 1229 53 866 62 24 20 21 35 28 92 25 52 23 22 26 1166 36 22 20 41 29 21 37 191 25 22 19 97 27 20
internal_value=-0.000423849 -0.0189179 -0.033968 -0.0302411 0.0131961 -0.0497258 0.0142214 -0.0110501 -0.00939776 -0.0119449 -0.0154221 0.0281793 0.0952055 0.0526393 -0.0190644 0.0149379 0.0255602 0.0562104 -0.0123987 0.0931836 0.0101282 0.0111946 0.00759923 0.0343048 0.0634853 0.00489647 0.00264784 -0.0524072 0.0510819 0.0150593
internal_weight=884.649 375.192 128.804 122.155 509.457 8.16833 501.289 246.388 240.489 231.004 215.327 16.6008 8.0418 9.48456 198.727 497.045 154.915 27.9223 9.77793 18.1444 342.131 337.354 291.936 45.4184 13.4673 278.468 265.54 21.1424 12.9283 8.72776
internal_count=4906 2513 981 928 2393 44 2349 1532 1497 1447 1355 100 48 50 1255 2328 674 119 42 77 1654 1625 1413 212 62 1351 1282 116 69 47
is_linear=0
shrinkage=0.1


Tree=13
num_leaves=31
num_cat=0
split_feature=0 0 147 105 102 140 61 126 14 0 10 168 6 126 262 137 100 16 7 5 182 199 64 102 113 12 91 8 108 72
split_gain=18.653 3.57553 4.19154 3.84273 4.42596 3.19623 3.03734 2.96388 2.84284 2.78619 2.73371 2.73255 4.09194 3.35724 3.15006 3.26176 2.43716 2.30002 2.2964 2.90218 2.28345 2.37214 2.52083 18.5545 2.67438 6.40615 3.68255 5.22878 2.34423 11.7665
threshold=11.560575008392336 7.6317591667175302 1.0000000180025095e-35 1.0000000180025095e-35 1.0000000180025095e-35 1.0000000180025095e-35 1.0000000180025095e-35 1.0000000180025095e-35 1.0000000180025095e-35 9.0704994201660174 1.0000000180025095e-35 1.0000000180025095e-35 1.0000000180025095e-35 1.0000000180025095e-35 1.0000000180025095e-35 1.0000000180025095e-35 1.0000000180025095e-35 1.0000000180025095e-35 1.0000000180025095e-35 1.0000000180025095e-35 1.0000000180025095e-35 1.0000000180025095e-35 1.0000000180025095e-35 1.0000000180025095e-35 1.0000000180025095e-35 1.0000000180025095e-35 1.0000000180025095e-35 1.0000000180025095e-35 1.0000000180025095e-35 1.0000000180025095e-35
decision_type=2 2 2 2 2 2 2 2 2 2 2 2 2 2 2 2 2 2 2 2 2 2 2 2 2 2 2 2 2 2
left_child=1 2 3 4 7 11 -7 16 10 -8 -6 13 17 14 15 -3 -1 -13 19 -5 21 22 24 -24 26 -26 28 -28 -2 -30
right_child=20 5 -4 18 8 6 9 -9 -10 -11 -12 12 -14 -15 -16 -17 -18 -19 -20 -21 -22 -23 23 -25 25 -27 27 -29 29 -31
leaf_value=0.01559779546232269 -0.03714370516241907 -0.0077258038969390368 -0.06851641171941493 0.046699364404484911 0.052764993869915823 -0.089478617103823821 -0.076009803785335311 0.093892958376839211 0.0081035249123850867 0.03191980790774096 0.16255558902776057 0.038931638058037274 -0.035847622877287925 0.08135656527067206 0.084343738699252768 0.078496260192983031 -0.053338594722755518 0.14005233717482865 -0.075293404527024155 -0.053993702980134485 -0.093746604083387933 0.042960564314248266 -0.020064398188961729 0.21918786723152883 0.08503772472094448 -0.074085592627042493 -0.056017771629322012 0.12242307945541141 0.15004575048466087 -0.048661349490122838
leaf_weight=365.29082489013672 166.09139949083328 166.44156385958195 6.0177600532770148 5.9240786135196704 4.6833973824977857 7.6947567909955987 3.7210552394390106 4.7784309089183798 4.4147805869579306 6.6956679373979568 4.3971927165985107 5.1186977326869947 4.205073654651641 4.8015999943017951 3.9979528933763495 4.5062619894742957 5.2014920562505713 4.0125748813152313 6.803328961133956 5.5383586585521698 4.4930972829461089 5.5278558656573287 45.035789541900158 3.4928369373083106 6.2691426351666433 4.2420077174901962 2.984664559364318 3.6507910937070847 4.0460946783423397 11.310398921370506
leaf_count=1656 1208 908 33 28 21 46 22 21 21 38 20 27 24 23 20 22 24 22 32 27 38 41 332 23 43 30 20 24 28 84
internal_value=-0.000416911 0.00891996 0.0143317 0.0155565 0.0176626 -0.00166408 -0.0418314 0.0156392 0.0739278 -0.00663474 0.10593 0.00210366 0.0457777 -0.00113674 -0.00340087 -0.00545295 0.01463 0.0833673 -0.0292696 -0.00195297 -0.0230832 -0.0218265 -0.0232757 -0.00284427 -0.0282684 0.02082 -0.0310117 0.0421594 -0.0336875 0.00369355
internal_weight=881.389 624.245 413.05 407.032 388.766 211.195 18.1115 375.271 13.4954 10.4167 9.08059 193.084 13.3363 179.747 174.946 170.948 370.492 9.13127 18.2658 11.4624 257.144 252.651 247.123 48.5286 198.594 10.5112 188.083 6.63546 181.448 15.3565
internal_count=4906 3035 1883 1850 1763 1152 106 1701 62 60 41 1046 73 973 950 930 1680 49 87 55 1871 1833 1792 355 1437 73 1364 44 1320 112
is_linear=0
shrinkage=0.1


Tree=14
num_leaves=31
num_cat=0
split_feature=0 270 139 83 15 44 90 0 61 19 26 81 0 82 177 0 13 6 7 151 9 0 153 93 12 0 99 0 26 67
split_gain=15.3518 3.26601 3.81784 3.76987 6.49926 2.78063 3.32131 2.75437 5.16568 2.85602 4.20693 2.59691 2.57379 2.45417 2.32416 2.85396 6.27158 3.11868 2.67816 2.55143 3.3625 2.39809 2.31569 2.31304 4.05607 5.44115 5.2044 4.80394 6.74958 2.92782
threshold=11.560575008392336 1.0000000180025095e-35 1.0000000180025095e-35 1.0000000180025095e-35 1.0000000180025095e-35 1.0000000180025095e-35 1.0000000180025095e-35 3.9219712018966679 1.0000000180025095e-35 1.0000000180025095e-35 1.0000000180025095e-35 1.0000000180025095e-35 7.1540040969848642 1.0000000180025095e-35 1.0000000180025095e-35 11.190965175628664 1.0000000180025095e-35 1.0000000180025095e-35 1.0000000180025095e-35 1.0000000180025095e-35 1.0000000180025095e-35 8.6036963462829608 1.0000000180025095e-35 1.0000000180025095e-35 1.0000000180025095e-35 13.096509456634523 1.0000000180025095e-35 13.289527893066408 1.0000000180025095e-35 1.0000000180025095e-35
decision_type=2 2 2 2 2 2 2 2 2 2 2 2 2 2 2 2 2 2 2 2 2 2 2 2 2 2 2 2 2 2
left_child=1 2 5 13 -5 12 7 8 -7 14 -11 -12 -1 -4 15 19 17 18 -17 -9 -21 -16 23 -2 26 -26 27 28 -25 -28
right_child=22 -3 3 4 -6 6 -8 9 -10 10 11 -13 -14 -15 21 16 -18 -19 -20 20 -22 -23 -24 24 25 -27 29 -29 -30 -31
leaf_value=-0.081458620606779719 -0.02353769550457125 -0.07426342050088533 -0.018286138509142378 0.14094471517098203 -0.034250445464796692 0.015379414798183541 0.09871726578872185 0.00435198187310217 0.068803577259992421 0.10676582846081861 -0.053425855111324784 0.056278376026239356 0.018108011178700475 -0.085255487309599504 0.10183944809294337 0.070096820854315067 -0.040071949235780994 0.01163713302054758 0.19073004617032074 -0.0047166616358488801 -0.099678654885321127 -0.0037658480456952735 -0.084703089253407401 0.016782471114070545 -0.10561016011853502 0.033181701634871351 0.021452337068386007 -0.029437374067719915 0.17063169872965239 -0.12178882933428548
leaf_weight=6.1622424870729429 214.65412769466639 4.79020170867443 41.559348672628403 3.8662759736180288 4.6813832372426987 121.62256708741188 4.3897438645362845 348.26175834238529 21.263112217187881 6.9923901408910725 4.2391281723976135 4.3948499262332916 4.4864427596330643 6.3018494620919219 4.9979135394096357 3.9610852301120776 5.7046931535005561 3.5054736584424973 3.4374290406703949 11.613512694835665 5.4920806884765616 3.7739564180374146 5.6142935901880255 5.6599312275648135 6.2820732295513135 5.1322917193174362 2.8132703006267539 4.3285637050867072 5.7470733374357224 2.8957269564270973
leaf_count=30 1609 25 220 20 24 527 20 1722 88 32 20 21 24 37 22 22 34 20 20 58 29 20 41 36 44 35 20 30 36 20
internal_value=-0.000417145 0.00799167 0.00862646 -0.0161789 0.0449938 0.0111061 0.0120796 0.0113872 0.0233296 0.00718811 0.0491096 0.00241557 -0.0395098 -0.0271039 0.00551163 0.0043429 0.0448847 0.0893319 0.126144 0.00249997 -0.035206 0.0564045 -0.021196 -0.0197555 0.0049524 -0.0432046 0.030585 0.0602583 0.0942947 -0.0512027
internal_weight=878.625 625.497 620.707 56.4089 8.54766 564.298 553.65 549.26 142.886 406.374 15.6264 8.63398 10.6487 47.8612 390.748 381.976 16.6087 10.904 7.39851 365.367 17.1056 8.77187 253.127 247.513 32.8589 11.4144 21.4446 15.7356 11.407 5.709
internal_count=4906 3035 3010 301 44 2709 2655 2635 615 2020 73 41 54 257 1947 1905 96 62 42 1809 87 42 1871 1830 221 79 142 102 72 40
is_linear=0
shrinkage=0.1


Tree=15
num_leaves=31
num_cat=0
split_feature=1 1 28 79 0 1 104 29 83 102 0 6 22 19 97 15 61 151 10 9 0 15 9 23 13 60 5 6 140 81
split_gain=12.9909 2.8879 3.0455 3.21227 2.7829 2.59702 2.81418 2.53684 2.59132 7.86835 4.0909 4.43168 3.42559 3.063 4.02232 4.15177 3.74176 2.82553 4.46299 11.2333 5.20855 4.65539 2.68068 2.48123 3.06684 3.70805 3.27208 4.90432 4.03176 3.51484
threshold=0.039622785523533828 0.603315830230713 1.0000000180025095e-35 1.0000000180025095e-35 14.351813793182375 0.61715719103813182 1.0000000180025095e-35 1.0000000180025095e-35 1.0000000180025095e-35 1.0000000180025095e-35 12.881587982177736 1.0000000180025095e-35 1.0000000180025095e-35 1.0000000180025095e-35 1.0000000180025095e-35 1.0000000180025095e-35 1.0000000180025095e-35 1.0000000180025095e-35 1.0000000180025095e-35 1.0000000180025095e-35 11.998631000518801 1.0000000180025095e-35 1.0000000180025095e-35 1.0000000180025095e-35 1.0000000180025095e-35 1.0000000180025095e-35 1.0000000180025095e-35 1.0000000180025095e-35 1.0000000180025095e-35 1.0000000180025095e-35
decision_type=2 2 2 2 2 2 2 2 2 2 2 2 2 2 2 2 2 2 2 2 2 2 2 2 2 2 2 2 2 2
left_child=-1 4 -3 5 7 -4 -7 -2 12 10 17 -12 13 14 23 -16 -17 18 20 -20 21 -10 -14 -9 26 -26 27 29 -28 -25
right_child=1 2 3 -5 -6 6 -8 8 9 -11 11 -13 22 -15 15 16 -18 -19 19 -21 -22 -23 -24 24 25 -27 28 -29 -30 -31
leaf_value=0.0098363711467495656 0.074835630034613632 -0.097730827817841134 -0.09444544871579727 -0.088268712565777591 0.080032015379690485 -0.012886555173076394 -0.094027915388742403 0.03817920781510778 -0.025703554775378445 0.15671098095770875 -0.12024671728700598 0.026179368541221815 0.085090673580432985 -0.10231793986430225 -0.085542782669877346 -0.07573571739809247 0.048907338573843204 -0.036521184255847321 -0.013100150105685408 0.21167716750597576 -0.12169425741909379 0.1063925586871706 -0.019257912321676528 0.02789337001654657 -0.076033957562676682 -0.016946773453262103 0.028420073917354322 -0.054676732734597645 -0.090431198116830716 -0.054242421028477039
leaf_weight=512.92208015918732 3.4847132489085189 5.8697714731097212 4.4431331381201735 7.2642455548048011 3.4944681972265235 99.42120224237442 4.4663450792431822 9.6121510043740255 6.4164011180400866 3.4173046946525565 5.2190864235162717 3.4223372414708138 5.7868577390909177 4.32967685163021 15.820393092930317 4.1271761804819107 5.7834812626242638 7.7491408437490454 4.929278239607811 4.050093337893486 2.8882755786180505 4.5668230652809143 4.2848037630319595 21.435958571732048 14.727041758596895 38.092043869197369 35.567784652113914 22.416649736464024 3.1032427474856368 6.8829541057348242
leaf_count=2393 22 53 36 62 25 793 37 58 35 19 38 25 30 28 106 27 38 48 27 23 20 25 23 136 98 250 225 142 21 43
internal_value=-0.000409272 -0.0148835 -0.0274619 -0.0238938 -0.00855996 -0.019577 -0.016375 -0.00986011 -0.011118 0.0111757 -0.00149811 -0.0622563 -0.016072 -0.0192153 -0.017189 -0.0537499 -0.00299879 0.01566 0.0333555 0.0882844 -0.00220127 0.029222 0.0406975 -0.0109933 -0.0143165 -0.0334215 -0.00302983 -0.0197316 0.0188826 0.00793014
internal_weight=875.995 363.073 121.465 115.595 241.608 108.331 103.888 238.114 234.629 42.6587 39.2414 8.64142 191.97 181.899 177.569 25.7311 9.91066 30.6 22.8509 8.97937 13.8715 10.9832 10.0717 151.838 142.226 52.8191 89.4066 50.7356 38.671 28.3189
internal_count=4906 2513 981 928 1532 866 830 1507 1485 260 241 63 1225 1172 1144 171 65 178 130 50 80 60 53 973 915 348 567 321 246 179
is_linear=0
shrinkage=0.1


Tree=16
num_leaves=31
num_cat=0
split_feature=0 302 79 0 0 1 148 113 18 26 8 64 16 71 73 15 9 6 67 23 26 8 0 61 174 174 53 14 83 31
split_gain=10.6814 4.07176 3.33416 5.76401 5.47825 2.64252 2.62552 2.49704 3.66566 3.47847 4.44177 5.11882 5.8491 5.01269 4.92593 4.47076 4.16758 5.91958 9.09545 3.44272 5.97574 4.72209 4.13076 3.39101 3.24046 2.80324 3.72968 3.16355 4.61283 3.03708
threshold=8.4175219535827654 1.0000000180025095e-35 1.0000000180025095e-35 2.960985660552979 4.3846678733825692 -0.14837630838155744 1.0000000180025095e-35 1.0000000180025095e-35 1.0000000180025095e-35 1.0000000180025095e-35 1.0000000180025095e-35 1.0000000180025095e-35 1.0000000180025095e-35 1.0000000180025095e-35 1.0000000180025095e-35 1.0000000180025095e-35 1.0000000180025095e-35 1.0000000180025095e-35 1.0000000180025095e-35 1.0000000180025095e-35 1.0000000180025095e-35 1.0000000180025095e-35 10.788501262664797 1.0000000180025095e-35 1.0000000180025095e-35 1.0000000180025095e-35 1.0000000180025095e-35 1.0000000180025095e-35 1.0000000180025095e-35 1.0000000180025095e-35
decision_type=2 2 2 2 2 2 2 2 2 2 2 2 2 2 2 2 2 2 2 2 2 2 2 2 2 2 2 2 2 2
left_child=2 6 -1 -4 -5 -6 7 8 -2 10 25 13 -13 14 -12 23 17 -15 -19 -9 22 -22 -21 -16 -11 27 -27 29 -29 -10
right_child=1 -3 3 4 5 -7 -8 19 9 24 11 12 -14 16 15 -17 -18 18 -20 20 21 -23 -24 -25 -26 26 -28 28 -30 -31
leaf_value=0.012465553872445726 -0.087280978908540863 0.10336712120397105 0.087577950764016435 -0.12598559127475745 -0.00055908375688740208 -0.084576267123424601 -0.098985250825641649 0.098743073309313534 0.0088361320588593636 -0.019567147184862809 0.07929810840202936 0.16801326453841331 -0.005008602874882374 -0.037673078401773981 0.037419748703380225 0.067889657402265199 -0.072352288455461336 0.19207062643867634 -0.025465008568879316 0.022605930916614878 0.11196104984922076 -0.022123051015329916 -0.10492726290981823 -0.082311536342812214 -0.088910335359273812 0.10269508072447886 -0.022248419999035381 -0.055144834251545219 0.045641591922515941 -0.044723573275225775
leaf_weight=426.94402180612087 6.7577036470174781 3.0293388441205016 4.4167817980051032 5.4086258709430721 21.312768444418911 4.5411882475018492 3.5203458443284026 4.3768549263477352 40.465715147554874 191.55506923049688 14.091686248779299 4.4808457866311064 3.4644880890846252 12.333552882075312 3.6226876378059405 5.943809561431407 10.515596799552442 3.5372325778007498 4.2092417031526566 4.3214899599552155 6.0652839615941048 4.6326231956481934 6.159727118909359 6.815956138074398 6.9847960248589507 4.4675104916095716 5.1355983689427376 35.061669774353504 5.2167947590351096 14.338614143431185
leaf_count=1938 59 19 19 26 106 27 24 27 275 1279 81 32 26 95 22 34 79 27 31 22 34 28 44 43 56 33 39 244 35 102
internal_value=-0.000411493 -0.0121406 0.0100114 -0.0193554 -0.034463 -0.0153165 -0.012998 -0.0122498 -0.0142899 -0.0129648 -0.00262994 0.0170647 0.0925687 0.00724148 0.0359484 -0.00133976 -0.0213514 0.00535692 0.0738672 0.0180052 0.00131997 0.0538973 -0.0523443 -0.0407593 -0.0220067 -0.0156138 0.0358772 -0.0208143 -0.0420912 -0.00517685
internal_weight=873.728 411.104 462.623 35.6794 31.2626 25.854 408.075 404.555 378.999 372.241 173.701 69.0151 7.94533 61.0698 30.4741 16.3825 30.5956 20.08 7.74647 25.556 21.1791 10.6979 10.4812 10.4386 198.54 104.686 9.60311 95.0828 40.2785 54.8043
internal_count=4906 2790 2116 178 159 133 2771 2747 2592 2533 1198 470 58 412 180 99 232 153 58 155 128 62 66 65 1335 728 72 656 279 377
is_linear=0
shrinkage=0.1


Tree=17
num_leaves=31
num_cat=0
split_feature=0 270 236 139 10 0 1 0 7 220 67 88 14 51 74 53 0 0 12 99 9 51 139 93 62 7 61 68 11 8
split_gain=8.90232 2.73914 2.65134 3.16669 4.47935 2.9332 2.57356 2.98161 2.51195 2.2997 2.18872 4.82142 4.58286 3.91925 3.62189 3.53143 3.60296 3.49129 3.41719 4.74157 4.05019 5.4802 3.29951 3.14701 4.18338 6.96244 6.3711 3.05735 4.69447 3.01655
threshold=11.494866847991945 1.0000000180025095e-35 1.0000000180025095e-35 1.0000000180025095e-35 1.0000000180025095e-35 6.1615331172943124 -0.019545212388038632 10.444900512695314 1.0000000180025095e-35 1.0000000180025095e-35 1.0000000180025095e-35 1.0000000180025095e-35 1.0000000180025095e-35 1.0000000180025095e-35 1.0000000180025095e-35 1.0000000180025095e-35 15.798768043518068 16.661190986633304 1.0000000180025095e-35 1.0000000180025095e-35 1.0000000180025095e-35 1.0000000180025095e-35 1.0000000180025095e-35 1.0000000180025095e-35 1.0000000180025095e-35 1.0000000180025095e-35 1.0000000180025095e-35 1.0000000180025095e-35 1.0000000180025095e-35 1.0000000180025095e-35
decision_type=2 2 2 2 2 2 2 2 2 2 2 2 2 2 2 2 2 2 2 2 2 2 2 2 2 2 2 2 2 2
left_child=1 2 3 9 8 -6 -7 -8 -5 -1 11 13 15 -2 -15 22 -17 -18 19 20 27 -22 23 24 25 -12 29 28 -14 -26
right_child=10 -3 -4 4 5 6 7 -9 -10 -11 12 -13 18 14 -16 16 17 -19 -20 -21 21 -23 -24 -25 26 -27 -28 -29 -30 -31
leaf_value=0.0075928874926473712 -0.058196979087233536 -0.070494628943137697 0.080402674305380839 -0.022988609481518252 0.067439081458496808 -0.062113560450421983 0.066917620908665806 -0.047085639787541857 -0.08450531682155811 0.079694975954136507 -0.0878672124606555 0.06877198021739156 0.084215003442634079 0.00067657679857168048 -0.04156899300417935 -0.029421209585289772 0.097805562718064371 -0.0077656122379898317 -0.067182358564041172 -0.087286118503051846 0.18305602257627676 0.012880296125023231 -0.061361716480619083 0.13969469955942224 0.16898553824231166 0.096177035718921305 -8.1107804688527422e-05 -0.073473130629456276 -0.084187187640672317 0.052894647173658917
leaf_weight=556.34622097015381 34.976051203906536 4.6538266837596884 4.818291336297988 21.903895646333694 7.5716203898191479 5.6704404056072262 5.9208219349384255 3.7452980130910873 9.5239678770303744 4.4590549618005744 5.8861254230141693 5.1418603137135497 4.4132554531097448 45.365427583456039 36.721650756895542 31.103013217449188 5.0938388109207144 8.1357022747397405 17.302955858409405 6.411590263247489 2.627936989068985 6.7605218216776848 3.3898591175675383 3.0107174366712561 5.1577042117714882 3.1584707498550415 8.9801722094416618 6.6386642828583717 2.6489320695400238 3.9543342962861061
leaf_count=2654 278 25 23 119 34 33 32 23 52 19 41 33 33 360 294 236 40 63 133 50 19 51 25 19 36 21 62 52 19 27
internal_value=-0.000416257 0.00593787 0.00651163 0.00593285 -0.0171175 0.0165124 -0.00862995 0.0227452 -0.0416308 0.00816618 -0.0164925 -0.0260028 -0.00717045 -0.0301657 -0.018222 0.00769359 -0.0108286 0.032883 -0.0319005 -0.0112069 0.00991931 0.0605144 0.0321778 0.0426957 0.031934 -0.023597 0.0596949 -0.0247508 0.0210496 0.118606
internal_weight=871.492 624.613 619.96 615.141 54.336 22.9082 15.3366 9.66612 31.4279 560.805 246.879 122.205 124.674 117.063 82.0871 77.8699 44.3326 13.2295 46.8039 29.5009 23.0893 9.38846 33.5374 30.1475 27.1368 9.0446 18.0922 13.7009 7.06219 9.11204
internal_count=4906 3014 2989 2966 293 122 88 55 171 2673 1892 965 927 932 654 570 339 103 357 224 174 70 231 206 187 62 125 104 52 63
is_linear=0
shrinkage=0.1


end of trees

feature_importances:
Column_0=98
Column_1=32
Column_6=19
Column_7=15
Column_14=15
Column_12=13
Column_26=13
Column_67=13
Column_5=12
Column_8=12
Column_10=12
Column_61=12
Column_13=11
Column_81=11
Column_22=10
Column_139=10
Column_9=9
Column_16=9
Column_102=9
Column_79=8
Column_113=8
Column_83=7
Column_126=7
Column_15=6
Column_23=6
Column_214=6
Column_19=5
Column_21=4
Column_53=4
Column_73=4
Column_84=4
Column_99=4
Column_108=4
Column_137=4
Column_140=4
Column_147=4
Column_151=4
Column_177=4
Column_270=4
Column_11=3
Column_45=3
Column_49=3
Column_60=3
Column_64=3
Column_78=3
Column_88=3
Column_93=3
Column_105=3
Column_129=3
Column_133=3
Column_153=3
Column_18=2
Column_28=2
Column_33=2
Column_35=2
Column_44=2
Column_51=2
Column_58=2
Column_62=2
Column_65=2
Column_72=2
Column_74=2
Column_97=2
Column_101=2
Column_174=2
Column_182=2
Column_262=2
Column_17=1
Column_29=1
Column_31=1
Column_32=1
Column_55=1
Column_56=1
Column_59=1
Column_68=1
Column_71=1
Column_77=1
Column_80=1
Column_82=1
Column_85=1
Column_86=1
Column_90=1
Column_91=1
Column_95=1
Column_100=1
Column_104=1
Column_130=1
Column_132=1
Column_135=1
Column_141=1
Column_143=1
Column_148=1
Column_149=1
Column_168=1
Column_176=1
Column_199=1
Column_220=1
Column_236=1
Column_237=1
Column_266=1
Column_272=1
Column_289=1
Column_302=1

parameters:
[boosting: gbdt]
[objective: binary]
[metric: binary_logloss]
[tree_learner: serial]
[device_type: cpu]
[data_sample_strategy: bagging]
[data: ]
[valid: ]
[num_iterations: 300]
[learning_rate: 0.1]
[num_leaves: 31]
[num_threads: 0]
[seed: 0]
[deterministic: 0]
[force_col_wise: 0]
[force_row_wise: 0]
[histogram_pool_size: -1]
[max_depth: -1]
[min_data_in_leaf: 20]
[min_sum_hessian_in_leaf: 0.001]
[bagging_fraction: 1]
[pos_bagging_fraction: 1]
[neg_bagging_fraction: 1]
[bagging_freq: 0]
[bagging_seed: 7719]
[bagging_by_query: 0]
[feature_fraction: 1]
[feature_fraction_bynode: 1]
[feature_fraction_seed: 2437]
[extra_trees: 0]
[extra_seed: 11797]
[early_stopping_round: 0]
[early_stopping_min_delta: 0]
[first_metric_only: 0]
[max_delta_step: 0]
[lambda_l1: 0]
[lambda_l2: 0]
[linear_lambda: 0]
[min_gain_to_split: 0]
[drop_rate: 0.1]
[max_drop: 50]
[skip_drop: 0.5]
[xgboost_dart_mode: 0]
[uniform_drop: 0]
[drop_seed: 21238]
[top_rate: 0.2]
[other_rate: 0.1]
[min_data_per_group: 100]
[max_cat_threshold: 32]
[cat_l2: 10]
[cat_smooth: 10]
[max_cat_to_onehot: 4]
[top_k: 20]
[monotone_constraints: ]
[monotone_constraints_method: basic]
[monotone_penalty: 0]
[feature_contri: ]
[forcedsplits_filename: ]
[refit_decay_rate: 0.9]
[cegb_tradeoff: 1]
[cegb_penalty_split: 0]
[cegb_penalty_feature_lazy: ]
[cegb_penalty_feature_coupled: ]
[path_smooth: 0]
[interaction_constraints: ]
[verbosity: -1]
[saved_feature_importance_type: 0]
[use_quantized_grad: 0]
[num_grad_quant_bins: 4]
[quant_train_renew_leaf: 0]
[stochastic_rounding: 1]
[linear_tree: 0]
[max_bin: 255]
[max_bin_by_feature: ]
[min_data_in_bin: 3]
[bin_construct_sample_cnt: 200000]
[data_random_seed: 38]
[is_enable_sparse: 1]
[enable_bundle: 1]
[use_missing: 1]
[zero_as_missing: 0]
[feature_pre_filter: 1]
[pre_partition: 0]
[two_round: 0]
[header: 0]
[label_column: ]
[weight_column: ]
[group_column: ]
[ignore_column: ]
[categorical_feature: ]
[forcedbins_filename: ]
[precise_float_parser: 0]
[parser_config_file: ]
[objective_seed: 8855]
[num_class: 1]
[is_unbalance: 0]
[scale_pos_weight: 1]
[sigmoid: 1]
[boost_from_average: 1]
[reg_sqrt: 0]
[alpha: 0.9]
[fair_c: 1]
[poisson_max_delta_step: 0.7]
[tweedie_variance_power: 1.5]
[lambdarank_truncation_level: 30]
[lambdarank_norm: 1]
[label_gain: ]
[lambdarank_position_bias_regularization: 0]
[eval_at: ]
[multi_error_top_k: 1]
[auc_mu_weights: ]
[num_machines: 1]
[local_listen_port: 12400]
[time_out: 120]
[machine_list_filename: ]
[machines: ]
[gpu_platform_id: -1]
[gpu_device_id: -1]
[gpu_device_id_list: ]
[gpu_use_dp: 0]
[num_gpu: 1]

end of parameters

pandas_categorical:null
