tree
version=v4
num_class=1
num_tree_per_iteration=1
label_index=0
max_feature_idx=567
objective=binary sigmoid:1
feature_names=Column_0 Column_1 Column_2 Column_3 Column_4 Column_5 Column_6 Column_7 Column_8 Column_9 Column_10 Column_11 Column_12 Column_13 Column_14 Column_15 Column_16 Column_17 Column_18 Column_19 Column_20 Column_21 Column_22 Column_23 Column_24 Column_25 Column_26 Column_27 Column_28 Column_29 Column_30 Column_31 Column_32 Column_33 Column_34 Column_35 Column_36 Column_37 Column_38 Column_39 Column_40 Column_41 Column_42 Column_43 Column_44 Column_45 Column_46 Column_47 Column_48 Column_49 Column_50 Column_51 Column_52 Column_53 Column_54 Column_55 Column_56 Column_57 Column_58 Column_59 Column_60 Column_61 Column_62 Column_63 Column_64 Column_65 Column_66 Column_67 Column_68 Column_69 Column_70 Column_71 Column_72 Column_73 Column_74 Column_75 Column_76 Column_77 Column_78 Column_79 Column_80 Column_81 Column_82 Column_83 Column_84 Column_85 Column_86 Column_87 Column_88 Column_89 Column_90 Column_91 Column_92 Column_93 Column_94 Column_95 Column_96 Column_97 Column_98 Column_99 Column_100 Column_101 Column_102 Column_103 Column_104 Column_105 Column_106 Column_107 Column_108 Column_109 Column_110 Column_111 Column_112 Column_113 Column_114 Column_115 Column_116 Column_117 Column_118 Column_119 Column_120 Column_121 Column_122 Column_123 Column_124 Column_125 Column_126 Column_127 Column_128 Column_129 Column_130 Column_131 Column_132 Column_133 Column_134 Column_135 Column_136 Column_137 Column_138 Column_139 Column_140 Column_141 Column_142 Column_143 Column_144 Column_145 Column_146 Column_147 Column_148 Column_149 Column_150 Column_151 Column_152 Column_153 Column_154 Column_155 Column_156 Column_157 Column_158 Column_159 Column_160 Column_161 Column_162 Column_163 Column_164 Column_165 Column_166 Column_167 Column_168 Column_169 Column_170 Column_171 Column_172 Column_173 Column_174 Column_175 Column_176 Column_177 Column_178 Column_179 Column_180 Column_181 Column_182 Column_183 Column_184 Column_185 Column_186 Column_187 Column_188 Column_189 Column_190 Column_191 Column_192 Column_193 Column_194 Column_195 Column_196 Column_197 Column_198 Column_199 Column_200 Column_201 Column_202 Column_203 Column_204 Column_205 Column_206 Column_207 Column_208 Column_209 Column_210 Column_211 Column_212 Column_213 Column_214 Column_215 Column_216 Column_217 Column_218 Column_219 Column_220 Column_221 Column_222 Column_223 Column_224 Column_225 Column_226 Column_227 Column_228 Column_229 Column_230 Column_231 Column_232 Column_233 Column_234 Column_235 Column_236 Column_237 Column_238 Column_239 Column_240 Column_241 Column_242 Column_243 Column_244 Column_245 Column_246 Column_247 Column_248 Column_249 Column_250 Column_251 Column_252 Column_253 Column_254 Column_255 Column_256 Column_257 Column_258 Column_259 Column_260 Column_261 Column_262 Column_263 Column_264 Column_265 Column_266 Column_267 Column_268 Column_269 Column_270 Column_271 Column_272 Column_273 Column_274 Column_275 Column_276 Column_277 Column_278 Column_279 Column_280 Column_281 Column_282 Column_283 Column_284 Column_285 Column_286 Column_287 Column_288 Column_289 Column_290 Column_291 Column_292 Column_293 Column_294 Column_295 Column_296 Column_297 Column_298 Column_299 Column_300 Column_301 Column_302 Column_303 Column_304 Column_305 Column_306 Column_307 Column_308 Column_309 Column_310 Column_311 Column_312 Column_313 Column_314 Column_315 Column_316 Column_317 Column_318 Column_319 Column_320 Column_321 Column_322 Column_323 Column_324 Column_325 Column_326 Column_327 Column_328 Column_329 Column_330 Column_331 Column_332 Column_333 Column_334 Column_335 Column_336 Column_337 Column_338 Column_339 Column_340 Column_341 Column_342 Column_343 Column_344 Column_345 Column_346 Column_347 Column_348 Column_349 Column_350 Column_351 Column_352 Column_353 Column_354 Column_355 Column_356 Column_357 Column_358 Column_359 Column_360 Column_361 Column_362 Column_363 Column_364 Column_365 Column_366 Column_367 Column_368 Column_369 Column_370 Column_371 Column_372 Column_373 Column_374 Column_375 Column_376 Column_377 Column_378 Column_379 Column_380 Column_381 Column_382 Column_383 Column_384 Column_385 Column_386 Column_387 Column_388 Column_389 Column_390 Column_391 Column_392 Column_393 Column_394 Column_395 Column_396 Column_397 Column_398 Column_399 Column_400 Column_401 Column_402 Column_403 Column_404 Column_405 Column_406 Column_407 Column_408 Column_409 Column_410 Column_411 Column_412 Column_413 Column_414 Column_415 Column_416 Column_417 Column_418 Column_419 Column_420 Column_421 Column_422 Column_423 Column_424 Column_425 Column_426 Column_427 Column_428 Column_429 Column_430 Column_431 Column_432 Column_433 Column_434 Column_435 Column_436 Column_437 Column_438 Column_439 Column_440 Column_441 Column_442 Column_443 Column_444 Column_445 Column_446 Column_447 Column_448 Column_449 Column_450 Column_451 Column_452 Column_453 Column_454 Column_455 Column_456 Column_457 Column_458 Column_459 Column_460 Column_461 Column_462 Column_463 Column_464 Column_465 Column_466 Column_467 Column_468 Column_469 Column_470 Column_471 Column_472 Column_473 Column_474 Column_475 Column_476 Column_477 Column_478 Column_479 Column_480 Column_481 Column_482 Column_483 Column_484 Column_485 Column_486 Column_487 Column_488 Column_489 Column_490 Column_491 Column_492 Column_493 Column_494 Column_495 Column_496 Column_497 Column_498 Column_499 Column_500 Column_501 Column_502 Column_503 Column_504 Column_505 Column_506 Column_507 Column_508 Column_509 Column_510 Column_511 Column_512 Column_513 Column_514 Column_515 Column_516 Column_517 Column_518 Column_519 Column_520 Column_521 Column_522 Column_523 Column_524 Column_525 Column_526 Column_527 Column_528 Column_529 Column_530 Column_531 Column_532 Column_533 Column_534 Column_535 Column_536 Column_537 Column_538 Column_539 Column_540 Column_541 Column_542 Column_543 Column_544 Column_545 Column_546 Column_547 Column_548 Column_549 Column_550 Column_551 Column_552 Column_553 Column_554 Column_555 Column_556 Column_557 Column_558 Column_559 Column_560 Column_561 Column_562 Column_563 Column_564 Column_565 Column_566 Column_567
feature_infos=[2.0013689994812012:17.993154525756836] [-0.7776256799697876:0.99923950433731079] none none none [0:1] [0:1] [0:1] [0:1] [0:1] [0:1] [0:1] [0:1] [0:1] [0:1] [0:1] [0:1] [0:1] [0:1] [0:1] [0:1] [0:1] [0:1] [0:1] [0:1] [0:1] [0:1] [0:1] [0:1] [0:1] [0:1] [0:1] [0:1] [0:1] [0:1] [0:1] [0:1] [0:1] [0:1] [0:1] [0:1] [0:1] [0:1] [0:1] [0:1] [0:1] [0:1] [0:1] [0:1] [0:1] [0:1] [0:1] [0:1] [0:1] [0:1] [0:1] [0:1] [0:1] [0:1] [0:1] [0:1] [0:1] [0:1] [0:1] [0:1] [0:1] [0:1] [0:1] [0:1] [0:1] [0:1] [0:1] [0:1] [0:1] [0:1] [0:1] [0:1] [0:1] [0:1] [0:1] [0:1] [0:1] [0:1] [0:1] [0:1] [0:1] [0:1] [0:1] [0:1] [0:1] [0:1] [0:1] [0:1] [0:1] [0:1] [0:1] [0:1] [0:1] [0:1] [0:1] [0:1] [0:1] [0:1] [0:1] [0:1] [0:1] [0:1] [0:1] [0:1] none none none none [0:1] [0:1] none [0:1] none [0:1] none none [0:1] none none none none [0:1] [0:1] [0:1] [0:1] [0:1] none [0:1] [0:1] [0:1] [0:1] none [0:1] [0:1] [0:1] [0:1] [0:1] [0:1] [0:1] [0:1] [0:1] [0:1] [0:1] [0:1] [0:1] [0:1] [0:1] [0:1] [0:1] [0:1] [0:1] [0:1] none none none none none none none none none none [0:1] [0:1] none none none none none [0:1] [0:1] [0:1] [0:1] [0:1] [0:1] [0:1] [0:1] [0:1] [0:1] [0:1] [0:1] [0:1] [0:1] [0:1] [0:1] [0:1] [0:1] [0:1] [0:1] [0:1] [0:1] [0:1] [0:1] [0:1] [0:1] [0:1] [0:1] none none [0:1] [0:1] [0:1] none [0:1] [0:1] [0:1] [0:1] [0:1] none [0:1] none none [0:1] none [0:1] [0:1] [0:1] [0:1] [0:1] [0:1] [0:1] [0:1] [0:1] [0:1] [0:1] [0:1] [0:1] [0:1] [0:1] [0:1] [0:1] [0:1] [0:1] [0:1] [0:1] [0:1] [0:1] [0:1] [0:1] none none none none none none none none none none none none none none none none none [0:1] [0:1] [0:1] [0:1] [0:1] [0:1] [0:1] [0:1] [0:1] [0:1] none [0:1] [0:1] [0:1] [0:1] none [0:1] [0:1] none none none [0:1] [0:1] none none none none none [0:1] [0:1] [0:1] [0:1] [0:1] [0:1] [0:1] none none none [0:1] none [0:1] [0:1] [0:1] none [0:1] [0:1] [0:1] [0:1] none none [0:1] [0:1] none none none none [0:1] [0:1] none none none [0:1] none none [0:1] [0:1] none none [0:1] [0:1] none none none none none none none none none none none none none none none none none none none none none none none none none none none none none none none none none none none none none none none none none none none none none none none none none none none none none none none none none none none none none none none none none none none none none none none none none none none none none none none none none none none none none none none none none none none none none none none none none none none none none none none none none none none none none none none none none none none none none none none none none none none none none none none none none none none none none none none none none none none none none none none none none none none none none none none none none none none none none none none none none none none none none none none none none none none none none none none none none none none none none none none none none none none none none none none none none none none none none none none none none none none none none none none none none none none none none none none none none none none none none none none none none none none none none none none none none none none none none
tree_sizes=3389 3455 3464 3444 3496 3441 3444 3479 3469 3467 3467 3498 3498

Tree=0
num_leaves=31
num_cat=0
split_feature=0 1 94 312 0 60 73 9 1 29 114 45 100 86 51 83 16 0 71 6 7 55 25 8 0 67 0 81 0 0
split_gain=102.301 20.6798 8.51306 7.94577 6.01913 5.74459 7.77001 6.87332 10.2387 5.14021 5.49799 6.65598 4.98284 5.09318 5.34384 4.69785 5.05735 4.69324 4.82551 6.31443 5.2111 4.43362 4.65414 5.53422 4.37986 4.21368 4.00477 4.24179 3.98825 6.94319
threshold=7.2210814952850351 0.73214691877365123 1.0000000180025095e-35 1.0000000180025095e-35 17.860369682312015 1.0000000180025095e-35 1.0000000180025095e-35 1.0000000180025095e-35 -0.019545212388038632 1.0000000180025095e-35 1.0000000180025095e-35 1.0000000180025095e-35 1.0000000180025095e-35 1.0000000180025095e-35 1.0000000180025095e-35 1.0000000180025095e-35 1.0000000180025095e-35 17.498972892761234 1.0000000180025095e-35 1.0000000180025095e-35 1.0000000180025095e-35 1.0000000180025095e-35 1.0000000180025095e-35 1.0000000180025095e-35 8.8049278259277362 1.0000000180025095e-35 3.3497605323791508 1.0000000180025095e-35 7.5879535675048837 7.9493498802185067
decision_type=2 2 2 2 2 2 2 2 2 2 2 2 2 2 2 2 2 2 2 2 2 2 2 2 2 2 2 2 2 2
left_child=26 3 4 5 9 -2 28 12 -9 -3 11 15 13 24 -15 21 -17 18 -13 -20 -21 -11 -23 -24 -8 -25 -1 -28 -7 -30
right_child=1 2 -4 -5 -6 6 7 8 -10 10 -12 17 -14 14 -16 16 -18 -19 19 20 -22 22 23 25 -26 -27 27 -29 29 -31
leaf_value=-1.1021410745030724 -1.0442736514319284 -0.90898664103788462 -0.89194215667522359 -0.92303634000180979 -0.9040502603208298 -0.9040502603208298 -0.98550054215223426 -1.1368706045878927 -1.0394730941515371 -0.88316557267175166 -1.1079442464600504 -1.0825194093220423 -0.92532776341158329 -0.8875956579306471 -1.0080939769726005 -1.1079442464600504 -0.95341406749137791 -1.1133528027239539 -1.0280981033399228 -0.8928312132366143 -1.0135762074804835 -0.8928312132366143 -0.95049121048785867 -0.96822320964254238 -1.0409389731663425 -1.1040587893739129 -1.064190194009172 -1.0901991080193489 -1.1179600913932051 -1.000259313071592
leaf_weight=89.905851274728775 132.54360477626324 6.7525853961706153 10.225343599915503 7.5243094414472571 8.1031024754047376 4.0515512377023688 17.363791018724442 12.926377758383749 65.403612837195396 7.5243094414472571 4.4374132603406897 7.5243094414472571 5.5949993282556525 5.2091373056173333 12.54051573574543 4.4374132603406888 4.0515512377023697 4.8232752829790106 22.379997313022614 8.4889644980430585 6.1737923622131339 6.3667233735322979 14.662756860256195 3.8586202263832092 79.48757666349411 5.5949993282556534 122.12533016502857 128.87791556119919 5.2091373056173316 132.35067376494408
leaf_count=466 687 35 53 39 42 21 90 67 339 39 23 39 29 27 65 23 21 25 116 44 32 33 76 20 412 29 633 668 27 686
internal_value=-1.04021 -1.01555 -0.979387 -1.02499 -0.98715 -1.02661 -1.01973 -1.0325 -1.05555 -0.993439 -0.999123 -0.994087 -1.01748 -1.02197 -0.97273 -0.966933 -1.03419 -1.01965 -1.00951 -0.994679 -0.943671 -0.951911 -0.968879 -0.988956 -1.031 -1.04862 -1.08403 -1.07754 -1.00184 -1.00472
internal_weight=946.52 605.61 125.405 480.205 115.18 472.681 340.137 198.526 78.33 107.077 100.324 95.8867 120.196 114.601 17.7497 46.4964 8.48896 49.3903 44.5671 37.0428 14.6628 38.0074 30.4831 24.1164 96.8514 9.45362 340.909 251.003 141.611 137.56
internal_count=4906 3139 650 2489 597 2450 1763 1029 406 555 520 497 623 594 92 241 44 256 231 192 76 197 158 125 502 49 1767 1301 734 713
is_linear=0
shrinkage=1


Tree=1
num_leaves=31
num_cat=0
split_feature=0 0 94 312 306 29 72 61 0 36 9 57 15 0 14 56 45 81 10 262 80 11 6 138 0 139 97 68 7 14
split_gain=84.0361 14.4588 6.09027 5.78479 4.97317 5.03383 5.14671 5.70966 7.99204 4.74429 4.55024 6.43735 4.87522 4.48153 4.29275 7.6428 5.55111 10.1892 6.22607 4.16002 4.08546 6.63197 6.67719 5.54903 5.67651 6.07226 4.92443 5.24752 8.10537 8.02101
threshold=7.7577002048492441 15.585215568542482 1.0000000180025095e-35 1.0000000180025095e-35 1.0000000180025095e-35 1.0000000180025095e-35 1.0000000180025095e-35 1.0000000180025095e-35 17.860369682312015 1.0000000180025095e-35 1.0000000180025095e-35 1.0000000180025095e-35 1.0000000180025095e-35 3.3497605323791508 1.0000000180025095e-35 1.0000000180025095e-35 1.0000000180025095e-35 1.0000000180025095e-35 1.0000000180025095e-35 1.0000000180025095e-35 1.0000000180025095e-35 1.0000000180025095e-35 1.0000000180025095e-35 1.0000000180025095e-35 9.1197810173034686 1.0000000180025095e-35 1.0000000180025095e-35 1.0000000180025095e-35 1.0000000180025095e-35 1.0000000180025095e-35
decision_type=2 2 2 2 2 2 2 2 2 2 2 2 2 2 2 2 2 2 2 2 2 2 2 2 2 2 2 2 2 2
left_child=13 3 4 19 5 -3 9 8 10 -7 14 -12 -13 -1 16 -16 17 -8 -18 20 23 22 -22 24 25 -2 -26 29 -29 -28
right_child=1 2 -4 -5 -6 6 7 -9 -10 -11 11 12 -14 -15 15 -17 18 -19 -20 -21 21 -23 -24 -25 26 -27 27 28 -30 -31
leaf_value=-0.057545864404106396 -0.032017577813346472 0.13263201791692678 0.12437628017626803 0.099680213800730444 -0.062275199441949307 0.046811029694828844 0.24385661888710319 0.020416149610974418 0.19097416980816864 -0.073422799406399258 -0.028703537424119536 0.1378432085345255 -0.00027170122720725605 -0.031548315450449303 0.11589963833769219 -0.034297700980806964 -0.017805070310513833 0.038970925491028416 0.14225026035788449 0.084233685292835772 0.11547468302159879 -0.011290163235308785 0.016594996799178408 0.12254076346732086 0.0080084520349289427 0.054702302431521292 0.10093969110262609 0.055588251687167314 -0.10136951079921086 0.0029290004239548115
leaf_weight=87.220768123865128 55.063001528382301 6.9613133668899527 10.928460404276846 7.9361333996057501 4.0693243443965903 6.5123232007026655 6.2635826766490936 34.204988464713097 5.1287189126014701 6.61585633456707 11.042986378073692 6.1641291826963425 4.365850493311882 276.53932258486748 6.7115446627140027 6.8412221968173981 5.0669268220663071 3.9630060195922852 4.6707015037536621 8.1724985688924772 15.125363677740097 15.285913333296774 12.451356664299965 4.2604292184114447 276.60738435387611 9.4619602560996992 21.493010774254799 7.814930394291876 5.6823604106903076 13.654679372906683
leaf_count=466 285 34 53 39 21 33 31 173 25 35 56 31 22 1456 34 35 26 20 24 42 78 79 64 22 1424 49 110 40 29 70
internal_value=-7.06464e-05 0.0234785 0.0529438 0.0150547 0.0463606 0.0502211 0.044887 0.0530438 0.0715767 -0.01378 0.0604611 0.0246384 0.0805792 -0.0377819 0.0835182 0.0400824 0.113005 0.164459 0.0589663 0.0135457 0.0122234 0.0415431 0.0708288 0.00903409 0.00779342 -0.0193009 0.0131685 0.0425099 -0.010491 0.0628631
internal_weight=946.28 582.52 129.511 453.009 118.582 114.513 107.552 94.4237 60.2187 13.1282 55.0899 21.573 10.53 363.76 33.517 13.5528 19.9642 10.2266 9.73763 445.073 436.9 42.8626 27.5767 394.038 389.777 64.525 325.252 48.645 13.4973 35.1477
internal_count=4906 2984 653 2331 600 579 545 477 304 68 279 109 53 1922 170 69 101 51 50 2292 2250 221 142 2029 2007 334 1673 249 69 180
is_linear=0
shrinkage=0.1


Tree=2
num_leaves=31
num_cat=0
split_feature=0 1 139 282 312 80 40 40 0 94 35 56 50 14 9 64 16 49 7 8 0 0 13 0 0 97 29 58 11 97
split_gain=69.0303 13.073 6.61105 7.53545 4.87681 4.87824 5.98324 5.11675 7.30704 10.3887 7.32293 7.07307 6.94227 5.8986 7.94487 6.29609 10.181 4.91651 6.53473 7.13457 8.0879 6.89413 5.13679 6.56155 5.08077 4.88045 4.77742 7.68191 5.95204 7.70621
threshold=7.2210814952850351 0.57563310861587536 1.0000000180025095e-35 1.0000000180025095e-35 1.0000000180025095e-35 1.0000000180025095e-35 1.0000000180025095e-35 1.0000000180025095e-35 11.190965175628664 1.0000000180025095e-35 1.0000000180025095e-35 1.0000000180025095e-35 1.0000000180025095e-35 1.0000000180025095e-35 1.0000000180025095e-35 1.0000000180025095e-35 1.0000000180025095e-35 1.0000000180025095e-35 1.0000000180025095e-35 1.0000000180025095e-35 8.8720054626464862 9.5071868896484393 1.0000000180025095e-35 10.925393581390383 9.2238192558288592 1.0000000180025095e-35 1.0000000180025095e-35 1.0000000180025095e-35 1.0000000180025095e-35 1.0000000180025095e-35
decision_type=2 2 2 2 2 2 2 2 2 2 2 2 2 2 2 2 2 2 2 2 2 2 2 2 2 2 2 2 2 2
left_child=-1 4 3 26 5 7 -7 13 -9 10 11 -10 -13 15 -15 17 -17 18 19 20 -2 24 23 -21 -20 -22 27 -3 -28 -30
right_child=1 2 -4 -5 -6 6 -8 8 9 -11 -12 12 -14 14 -16 16 -18 -19 21 22 25 -23 -24 -25 -26 -27 28 -29 29 -31
leaf_value=-0.037256234800243856 -0.023639956736336225 -0.001483183999610243 0.093539511876374645 0.13353702671610335 0.10069419047265367 0.055579378374058214 -0.04732565146938332 0.12836658526447284 -0.024618141638277947 0.12162069965645445 -0.020337255612759376 0.015857256854157769 0.15534946797365093 0.0010006642421910787 -0.053376786959632862 0.16602876988495008 -0.028961962458044596 -0.035225459799425436 0.0067719466670814717 -0.0051162201365426846 0.066890422644998851 -0.037775233594167609 -0.054212349388303584 0.12879073267814523 0.12947936193609796 0.17386277760261939 0.041315700162503743 0.17969939073914318 -0.0059395670724035629 0.11868139194417388
leaf_weight=327.34360584616661 8.9138458073139173 4.2159066796302778 20.581934079527855 7.2991384714841834 5.7238695770502082 36.296533957123756 6.691910207271575 6.4284573942422858 8.1183775663375854 8.4454606622457487 43.1338230073452 6.5267301201820374 7.8697943538427353 69.225114345550537 43.913245365023613 6.2766138017177564 4.6700291484594345 26.061649829149246 13.403636902570726 14.466328904032709 26.106838360428814 37.420443549752235 12.140515327453615 4.8983861804008475 4.5096169114112845 5.0977801829576483 104.29629987478256 5.259471982717514 64.655052796006203 5.3744957447051993
leaf_count=1767 46 20 102 36 27 184 34 33 42 42 221 33 40 355 228 32 24 136 70 74 134 191 62 25 23 25 521 25 328 26
internal_value=-0.000126666 0.0195395 0.0396902 0.0338905 0.00904206 0.00773256 0.0395604 0.0039067 0.0260961 0.017223 0.00379263 0.0500204 0.09211 -0.00254122 -0.0201053 0.00957818 0.0828423 0.00433703 0.0124584 0.0323996 0.0603684 -0.0133534 -0.00321572 0.0287561 0.0376632 0.0843661 0.0299333 0.0990853 0.0261746 0.00362461
internal_weight=945.365 618.021 211.682 191.1 406.339 400.615 42.9884 357.627 80.5226 74.0942 65.6487 22.5149 14.3965 277.104 113.138 163.966 10.9466 153.019 126.957 71.6237 40.1185 55.3337 31.5052 19.3647 17.9133 31.2046 183.801 9.47538 174.326 70.0295
internal_count=4906 3139 1058 956 2081 2054 218 1836 411 378 336 115 73 1425 583 842 56 786 650 366 205 284 161 99 93 159 920 45 875 354
is_linear=0
shrinkage=0.1


Tree=3
num_leaves=31
num_cat=0
split_feature=0 0 312 0 50 13 99 15 67 149 61 1 85 60 17 1 73 9 1 79 86 1 0 93 0 7 80 67 0 53
split_gain=56.3855 11.0501 5.5491 4.68195 5.39874 6.53651 4.86767 5.62824 4.71366 4.47272 4.46784 4.38739 3.99252 4.25988 6.98578 9.23724 6.3558 5.27582 10.2421 5.74782 6.1604 5.24514 5.09807 4.54414 4.28826 9.74614 4.08805 4.02787 3.90269 5.42769
threshold=7.2210814952850351 16.880219459533695 1.0000000180025095e-35 17.006159782409672 1.0000000180025095e-35 1.0000000180025095e-35 1.0000000180025095e-35 1.0000000180025095e-35 1.0000000180025095e-35 1.0000000180025095e-35 1.0000000180025095e-35 0.97049206495285045 1.0000000180025095e-35 1.0000000180025095e-35 1.0000000180025095e-35 0.6562476158142091 1.0000000180025095e-35 1.0000000180025095e-35 -0.019545212388038632 1.0000000180025095e-35 1.0000000180025095e-35 -0.038862271234393113 13.151266574859621 1.0000000180025095e-35 10.380561351776125 1.0000000180025095e-35 1.0000000180025095e-35 1.0000000180025095e-35 11.296372413635256 1.0000000180025095e-35
decision_type=2 2 2 2 2 2 2 2 2 2 2 2 2 2 2 2 2 2 2 2 2 2 2 2 2 2 2 2 2 2
left_child=-1 2 9 -3 6 -6 10 -8 -7 12 11 -5 13 23 15 -15 -16 19 -19 20 21 27 -22 24 -2 -26 -20 -18 -27 -30
right_child=1 3 -4 4 5 8 7 -9 -10 -11 -12 -13 -14 14 16 -17 17 18 26 -21 22 -23 -24 -25 25 28 -28 -29 29 -31
leaf_value=-0.034216975715907497 -0.02094315178337447 0.13118341098702788 0.08735834790641607 0.084036502475777292 -0.041367023977830195 -0.00041361038733015435 0.087758520308304819 -0.055610401839530602 0.14958078342277278 0.11776101890031512 0.042652829628443995 0.19096651800872591 -0.050655119114950589 0.030054700272305303 0.030296661905398859 0.21150491113501346 0.12809669748080407 -0.10440059831668534 -0.009713152757680199 -0.054206075937172783 0.1150232768595127 0.0040566160019288259 0.00030856418589926245 -0.061069555051539506 0.043050870925597597 0.062849356103589535 0.072825360723415986 0.02068434251645318 -0.08471843010214368 -0.0010175594340356673
leaf_weight=321.11601343750954 49.225017562508583 7.3444901555776587 9.7965060770511609 10.148248404264452 12.238984331488609 4.2658618539571762 5.2021962702274305 5.7810521125793457 4.1172427237033844 3.9271615743637076 11.294633299112322 6.1700877100229254 10.417417183518408 8.399549335241316 156.16449286043644 4.2127483040094367 6.4330152124166329 11.329916313290594 64.222627893090248 10.642030835151671 11.761582419276239 88.27257983386518 5.7768839299678794 12.129336342215536 53.195007905364037 4.5084294229745856 6.619177743792533 7.6340645253658295 13.472515597939493 18.231336891651154
leaf_count=1767 258 36 45 49 61 21 25 28 20 20 54 28 53 43 780 20 33 63 326 53 58 447 29 63 270 23 33 39 69 92
internal_value=-0.000178025 0.0173687 0.0127619 0.0558748 0.0465347 0.00522768 0.0686052 0.012296 0.073254 0.0114249 0.0910026 0.124468 0.0106553 0.0118554 0.0174796 0.0906625 0.0149773 0.00372937 -0.01612 0.016226 0.0224785 0.0130941 0.0772381 -0.00237553 0.00275978 0.0158099 -0.00200108 0.0698051 -0.0242064 -0.0365861
internal_weight=944.05 622.934 556.371 66.5628 59.2183 20.6221 38.5962 10.9832 8.3831 546.575 27.613 16.3183 542.648 532.23 381.469 12.6123 368.856 212.692 82.1717 130.52 119.878 102.34 17.5385 150.762 138.632 89.4073 70.8418 14.0671 36.2123 31.7039
internal_count=4906 3139 2817 322 286 102 184 53 41 2772 131 77 2752 2699 1924 63 1861 1081 422 659 606 519 87 775 712 454 359 72 184 161
is_linear=0
shrinkage=0.1


Tree=4
num_leaves=31
num_cat=0
split_feature=0 0 312 26 81 98 113 16 5 6 79 7 128 1 6 10 80 98 263 0 91 0 139 29 79 105 267 40 0 60
split_gain=46.0693 8.6274 4.31802 3.9546 5.90987 5.51234 4.96222 4.34499 4.47958 4.37896 8.46143 3.93313 5.55282 4.0587 3.84119 8.46467 3.65775 5.42474 4.81018 4.89529 8.6383 5.26839 4.72351 6.48888 4.00957 4.37245 4.11365 3.89614 3.80399 3.89185
threshold=7.2210814952850351 16.880219459533695 1.0000000180025095e-35 1.0000000180025095e-35 1.0000000180025095e-35 1.0000000180025095e-35 1.0000000180025095e-35 1.0000000180025095e-35 1.0000000180025095e-35 1.0000000180025095e-35 1.0000000180025095e-35 1.0000000180025095e-35 1.0000000180025095e-35 -0.37394477427005762 1.0000000180025095e-35 1.0000000180025095e-35 1.0000000180025095e-35 1.0000000180025095e-35 1.0000000180025095e-35 11.02532482147217 1.0000000180025095e-35 11.190965175628664 1.0000000180025095e-35 1.0000000180025095e-35 1.0000000180025095e-35 1.0000000180025095e-35 1.0000000180025095e-35 1.0000000180025095e-35 10.709103107452394 1.0000000180025095e-35
decision_type=2 2 2 2 2 2 2 2 2 2 2 2 2 2 2 2 2 2 2 2 2 2 2 2 2 2 2 2 2 2
left_child=3 2 16 5 6 -1 11 9 -9 -6 -11 -5 13 14 15 -13 18 27 19 28 21 -21 23 -23 25 26 -25 -18 29 -2
right_child=1 -3 -4 4 7 -7 -8 8 -10 10 -12 12 -14 -15 -16 -17 17 -19 -20 20 -22 22 -24 24 -26 -27 -28 -29 -30 -31
leaf_value=-0.0089036146988910794 -0.027129294512172913 0.049129105146771879 0.076205192861703727 -0.042389453958015848 -0.094808771582303733 -0.08860271430277783 0.092671005195502032 -0.056726241742604967 0.016268744490049881 -0.067091945263758682 0.078504858917469625 0.012098070893338173 -0.045614978299192421 -0.031970059382022749 -0.0011408842103941995 0.20628758530134778 0.059644597780800682 -0.049807829449141812 0.090206501887871091 0.092942192034316515 0.10930987875694934 0.088815849665629346 0.046581872606289161 -0.000684684263723958 -0.08272102811369382 0.079931308481620847 0.093217573450568358 -0.021444236202921005 -0.055295514127894754 0.0069697348482008516
leaf_weight=98.788910284638405 45.947366088628769 67.898860573768616 10.090192452073095 63.482485234737396 36.926184803247452 9.5139548480510694 3.583751529455184 21.833609610795975 13.67149969935417 23.815718352794651 4.7952223718166342 4.8875369578599948 16.696057662367821 7.0597756057977668 6.1546761691570273 4.1512420028448105 39.112980261445045 6.5636647045612326 6.9389216899871817 7.6708696186542502 9.2446953207254392 8.841012164950369 29.933187514543533 232.25924986600876 5.509436532855033 7.2705516517162314 4.7608872056007376 6.9832422733306876 14.716351613402365 123.26940928399563
leaf_count=553 244 322 45 354 208 53 20 123 77 134 27 27 95 39 34 23 193 32 34 37 46 41 147 1166 28 36 24 36 75 633
internal_value=-0.00021192 0.0154686 0.0113809 -0.0313885 -0.0394873 -0.0159048 -0.0229939 -0.0567925 -0.028619 -0.0720557 -0.0426898 -0.0270407 -0.00202402 0.0306812 0.0597927 0.101284 0.0101895 0.035249 0.00753089 0.00635873 0.014119 0.0111485 0.00897425 0.00462183 0.001642 0.00354462 0.00120148 0.0473602 -0.00653016 -0.00228916
internal_weight=942.372 627.011 559.112 315.361 207.058 108.303 106.016 101.042 35.5051 65.5371 28.6109 102.432 38.9493 22.2532 15.1935 9.03878 549.022 52.6599 496.362 489.423 305.49 296.245 288.574 258.641 249.8 244.291 237.02 46.0962 183.933 169.217
internal_count=4906 3139 2817 1767 1161 606 592 569 200 369 161 572 218 123 84 50 2772 261 2511 2477 1525 1479 1442 1295 1254 1226 1190 229 952 877
is_linear=0
shrinkage=0.1


Tree=5
num_leaves=31
num_cat=0
split_feature=0 1 183 29 1 139 11 80 1 24 69 81 32 15 0 95 35 6 11 143 65 1 47 150 64 9 67 5 10 0
split_gain=37.7757 7.22328 4.77389 4.39613 5.2853 4.93651 4.6049 6.38929 5.78407 5.42432 5.5532 5.35601 6.5877 5.27215 8.77103 7.29225 5.62959 4.62722 4.45793 3.95893 3.94073 5.71741 7.91627 3.49357 3.47441 3.44001 6.72104 3.96984 3.53316 3.41127
threshold=7.2210814952850351 0.57563310861587536 1.0000000180025095e-35 1.0000000180025095e-35 0.57973989844322216 1.0000000180025095e-35 1.0000000180025095e-35 1.0000000180025095e-35 0.96379950642585765 1.0000000180025095e-35 1.0000000180025095e-35 1.0000000180025095e-35 1.0000000180025095e-35 1.0000000180025095e-35 15.51813840866089 1.0000000180025095e-35 1.0000000180025095e-35 1.0000000180025095e-35 1.0000000180025095e-35 1.0000000180025095e-35 1.0000000180025095e-35 0.73214691877365123 1.0000000180025095e-35 1.0000000180025095e-35 1.0000000180025095e-35 1.0000000180025095e-35 1.0000000180025095e-35 1.0000000180025095e-35 1.0000000180025095e-35 17.901437759399418
decision_type=2 2 2 2 2 2 2 2 2 2 2 2 2 2 2 2 2 2 2 2 2 2 2 2 2 2 2 2 2 2
left_child=19 23 3 18 -5 6 7 8 9 17 24 13 -13 15 -15 20 -16 -6 -3 -1 21 -8 -23 -2 25 27 -27 28 -11 -10
right_child=1 2 -4 4 5 -7 11 -9 29 10 -12 12 -14 14 16 -17 -18 -19 -20 -21 -22 22 -24 -25 -26 26 -28 -29 -30 -31
leaf_value=-0.030117496821486664 0.0050374330740905124 0.028927780036479313 -0.07512720010098313 0.14281841371608994 0.14498504582756042 0.071470369554048271 -0.049464095995227685 0.13561021044188723 0.1285301016337633 -0.065459026884007288 0.03021871077824502 -0.067289237914072542 0.071017801447066223 -0.10949094384797825 0.088125202387660168 0.16785538282398396 -0.053398384859324702 0.0098091474783963354 0.15751354436703424 0.069763861184884104 0.092847496404823107 0.1336920010540438 -0.04535877271313446 0.096368328710309037 -0.10002710958644188 0.11064595765939277 -0.041509007534444281 -0.10545138751743253 0.064469098535682681 0.02379208797413454
leaf_weight=305.9927364885807 406.4843682795763 5.4314949810504896 4.3628444969654074 3.88245666027069 5.818759620189665 20.540506541728973 10.243224680423745 5.7203843891620627 8.1967559009790403 4.038365453481676 48.245978325605392 17.933479771018032 4.2623876482248297 7.2627733200788525 6.907346770167349 4.1081739515066138 4.7391972243785858 4.4836146682500839 5.353754997253418 4.0204833298921576 6.4524241387844077 5.7379245311021787 4.3346488475799561 4.231868863105773 5.0403630584478369 5.5498786568641663 6.0874042212963104 5.8517456501722345 4.3445931971073151 5.0104384273290625
leaf_count=1744 2060 24 21 19 27 95 52 27 37 20 234 89 21 37 33 19 24 21 23 23 32 27 22 21 25 27 30 29 21 22
internal_value=-0.000240047 0.0138101 0.0284349 0.0305307 0.0272536 0.0250204 0.0197307 0.0327518 0.0270208 0.0179009 0.00901759 0.000123811 -0.0407294 0.0183373 -0.0232458 0.0438037 0.0305366 0.0861562 0.0927572 -0.0288222 0.0247652 0.00314181 0.056639 0.00597847 -0.0240717 -0.00927415 0.0310545 -0.042244 0.00187816 0.0887954
internal_weight=940.67 630.657 219.941 215.578 204.793 200.91 180.37 108.388 102.668 89.4607 79.1583 71.9816 22.1959 49.7857 18.9093 30.8764 11.6465 10.3024 10.7852 310.013 26.7682 20.3158 10.0726 410.716 30.9124 25.872 11.6373 14.2347 8.38296 13.2072
internal_count=4906 3139 1058 1037 990 971 876 520 493 434 386 356 110 246 94 152 57 48 47 1767 133 101 49 2081 152 127 57 70 41 59
is_linear=0
shrinkage=0.1


Tree=6
num_leaves=31
num_cat=0
split_feature=0 1 183 0 1 137 29 139 70 7 11 26 1 98 81 7 80 1 16 0 1 0 0 1 11 81 32 1 0 24
split_gain=30.8545 5.70329 3.90091 3.50926 7.22912 3.46834 3.44435 3.71785 3.42854 3.53664 3.38923 3.36457 4.95956 4.43723 3.88899 4.32313 5.41875 3.62831 3.44592 3.32627 5.27132 5.03757 4.88281 3.30962 3.22015 5.80425 5.61815 4.33403 4.89128 4.50913
threshold=7.2210814952850351 0.57563310861587536 1.0000000180025095e-35 7.0814509391784677 -0.22138565033674237 1.0000000180025095e-35 1.0000000180025095e-35 1.0000000180025095e-35 1.0000000180025095e-35 1.0000000180025095e-35 1.0000000180025095e-35 1.0000000180025095e-35 -0.26367023587226862 1.0000000180025095e-35 1.0000000180025095e-35 1.0000000180025095e-35 1.0000000180025095e-35 -0.3099094927310943 1.0000000180025095e-35 6.5010266304016122 -0.25576089322566981 5.9671459197998056 4.850102663040162 0.75739601254463207 1.0000000180025095e-35 1.0000000180025095e-35 1.0000000180025095e-35 0.97748878598213207 17.901437759399418 1.0000000180025095e-35
decision_type=2 2 2 2 2 2 2 2 2 2 2 2 2 2 2 2 2 2 2 2 2 2 2 2 2 2 2 2 2 2
left_child=3 -2 6 4 5 11 10 24 -9 23 -3 12 13 17 19 16 -16 -1 -17 21 -21 22 -13 -10 27 -26 -27 29 -29 -8
right_child=1 2 -4 -5 -6 -7 7 8 9 -11 -12 14 -14 -15 15 18 -18 -19 -20 20 -22 -23 -24 -25 25 26 -28 28 -30 -31
leaf_value=0.0041050092240417085 0.0053636950965212683 0.025807626499099026 -0.06985198231564671 -0.098525969250974288 0.09580849512699513 -0.047965730641826902 0.082861808987034213 -0.015475034803482344 0.17700414609320969 0.03165339873591265 0.13674578292763628 -0.030303409613240115 -0.085527729572491773 -0.078060436739119082 -0.047836981071813445 -0.10887389215288634 0.053625451525181368 0.089150476568204864 -0.023656956539893512 0.12760440486461183 -0.034009166593645564 -0.11231461857670133 0.026388086634770117 0.061279084514730832 0.021829564815220068 -0.064341957084492016 0.061959064086091781 0.15862997188000558 0.021261827050359474 0.016368990895924179
leaf_weight=59.214683547616005 411.81356313824654 5.4767941236495954 4.2301768511533728 6.5964922159910193 4.8893541544675818 61.244178593158722 11.51603879034519 4.4303077608346966 5.2309986501932162 7.5962850451469413 5.5389372408390045 65.004118040204048 6.8414349257946006 6.0774109661579123 26.35984081029892 16.306727781891826 6.5769983083009711 5.4808335751295081 6.6927520334720603 3.8850405514240265 4.2000281512737256 5.9399436414241782 19.826501742005348 4.6843012124300003 51.26780991256237 17.816260501742367 4.38966941833496 5.3322321474552137 5.0441387593746185 89.153558000922203
leaf_count=338 2081 24 21 38 28 359 52 20 24 34 23 376 39 36 156 97 38 31 39 22 24 34 112 21 252 91 21 23 22 430
internal_value=-0.000257139 0.0123255 0.0252568 -0.0263811 -0.024787 -0.0267949 0.0271068 0.0241999 0.0631143 0.0829968 0.0815896 -0.021216 -0.00422399 0.00363544 -0.0297359 -0.0508076 -0.0275764 0.0113098 -0.0840761 -0.0178128 0.0436495 -0.0232873 -0.0170535 0.122332 0.0195724 0.00333181 -0.0393748 0.030318 0.0918529 0.0239754
internal_weight=938.657 633.521 221.708 305.136 298.54 293.65 217.477 206.462 21.9419 17.5116 11.0157 232.406 77.6144 70.7729 154.792 55.9363 32.9368 64.6955 22.9995 98.8556 8.08507 90.7706 84.8306 9.9153 184.52 73.4737 22.2059 111.046 10.3764 100.67
internal_count=4906 3139 1058 1767 1729 1701 1037 990 99 79 47 1342 444 405 898 330 194 369 136 568 46 522 488 45 891 364 112 527 45 482
is_linear=0
shrinkage=0.1


Tree=7
num_leaves=31
num_cat=0
split_feature=0 267 14 20 282 150 16 0 0 13 12 21 15 14 7 81 0 0 15 80 11 67 0 0 114 193 94 39 67 214
split_gain=25.4169 4.72717 4.91462 4.65457 3.88701 4.06593 3.53243 6.14457 4.86417 4.69422 4.8107 4.82623 4.61784 4.58879 5.61565 5.40656 4.00239 5.08063 5.04595 3.47512 4.25788 7.77557 4.9174 4.83322 3.76154 6.97057 3.53331 6.83733 5.11548 4.62545
threshold=7.7577002048492441 1.0000000180025095e-35 1.0000000180025095e-35 1.0000000180025095e-35 1.0000000180025095e-35 1.0000000180025095e-35 1.0000000180025095e-35 3.7686516046524052 7.5879535675048837 1.0000000180025095e-35 1.0000000180025095e-35 1.0000000180025095e-35 1.0000000180025095e-35 1.0000000180025095e-35 1.0000000180025095e-35 1.0000000180025095e-35 6.9705681800842294 3.9219712018966679 1.0000000180025095e-35 1.0000000180025095e-35 1.0000000180025095e-35 1.0000000180025095e-35 11.560575008392336 14.752909183502199 1.0000000180025095e-35 1.0000000180025095e-35 1.0000000180025095e-35 1.0000000180025095e-35 1.0000000180025095e-35 1.0000000180025095e-35
decision_type=2 2 2 2 2 2 2 2 2 2 2 2 2 2 2 2 2 2 2 2 2 2 2 2 2 2 2 2 2 2
left_child=6 3 -3 4 5 19 9 -8 16 10 -1 13 -11 -12 -15 -16 17 -9 -18 24 23 -22 -23 -21 25 26 29 -28 -29 -2
right_child=1 2 -4 -5 -6 -7 7 8 -10 12 11 -13 -14 14 15 -17 18 -19 -20 20 21 22 -24 -25 -26 -27 27 28 -30 -31
leaf_value=-0.06225799707928973 0.0010869822458050376 0.13333934417886073 -0.0044284729047432431 0.087348272775239544 0.076520751813370314 0.099481394543433535 -0.041637426118385654 0.11619639949963645 -0.092907428047941831 0.0063753050120092594 -0.057649641874557594 0.059846291046952153 -0.042490873967398847 -0.038784645968143669 0.15369786949938904 -0.0093463495842563849 0.010820846546636547 -0.0047365289534879555 0.1389782783340211 0.03727909306393299 0.065257244738009687 0.0048485611091833164 -0.13714920651410362 0.14059197852720548 -0.060096338955714368 0.12666064862428145 0.011307940442220766 0.0448956446979221 0.17837496108858233 0.081829244148908145
leaf_weight=63.678891241550446 441.70164266228676 6.400813549757002 4.3485094755887985 7.8181028217077246 8.5728213340044004 4.890759050846099 40.796697363257408 3.6668937653303137 4.7604244649410239 50.453473463654518 29.755800247192383 6.3651047497987738 31.357623159885406 12.300386339426041 3.8798297196626663 4.2745054215192795 7.6137767583131772 66.035172671079636 5.1505473703145981 27.165729552507401 8.2719671279191971 4.8509538769721985 4.9044527411460876 5.4340036958456031 8.5988953560590726 4.7902595698833457 49.350769191980362 7.6932749748229963 4.58071468770504 7.2108212709426871
leaf_count=374 2195 30 21 38 38 23 242 21 25 295 175 37 183 72 22 26 41 381 28 130 41 24 25 24 43 23 237 35 21 36
internal_value=-0.000269227 0.0118825 0.077607 0.0106967 0.00967761 0.00868868 -0.0225997 -0.00960327 0.00537937 -0.0308338 -0.0434054 -0.0221859 -0.0123548 -0.0325849 0.00387707 0.06823 0.011053 0.00162552 0.0625338 0.00791582 0.0329344 -0.00606388 -0.0665397 0.0545002 0.00549827 0.0065928 0.00546623 0.0279195 0.0947108 0.00238393
internal_weight=936.674 606.584 10.7493 595.835 588.017 579.444 330.089 128.024 87.2268 202.066 120.255 56.5756 81.8111 50.2105 20.4547 8.15434 82.4664 69.7021 12.7643 574.553 50.6271 18.0274 9.75541 32.5997 523.926 515.327 510.537 61.6248 12.274 448.912
internal_count=4906 2984 51 2933 2895 2857 1922 738 496 1184 706 332 478 295 120 48 471 402 69 2834 244 90 49 154 2590 2547 2524 293 56 2231
is_linear=0
shrinkage=0.1


Tree=8
num_leaves=31
num_cat=0
split_feature=0 1 0 1 143 137 26 1 21 6 98 81 9 67 56 15 133 31 0 0 54 11 0 15 78 270 81 7 80 8
split_gain=20.9679 4.24228 3.2142 5.12882 3.10031 2.84707 2.96772 3.9521 3.77782 4.62437 3.87356 3.235 8.50315 8.37911 6.74876 5.37969 3.30254 6.01482 2.86482 3.5805 3.65298 2.79654 2.97894 2.94925 3.37829 2.74972 2.634 3.91929 4.48309 3.25813
threshold=7.2210814952850351 0.57563310861587536 7.0814509391784677 -0.22138565033674237 1.0000000180025095e-35 1.0000000180025095e-35 1.0000000180025095e-35 -0.26367023587226862 1.0000000180025095e-35 1.0000000180025095e-35 1.0000000180025095e-35 1.0000000180025095e-35 1.0000000180025095e-35 1.0000000180025095e-35 1.0000000180025095e-35 1.0000000180025095e-35 1.0000000180025095e-35 1.0000000180025095e-35 4.5790553092956552 4.0835044384002694 1.0000000180025095e-35 1.0000000180025095e-35 2.960985660552979 1.0000000180025095e-35 1.0000000180025095e-35 1.0000000180025095e-35 1.0000000180025095e-35 1.0000000180025095e-35 1.0000000180025095e-35 1.0000000180025095e-35
decision_type=2 2 2 2 2 2 2 2 2 2 2 2 2 2 2 2 2 2 2 2 2 2 2 2 2 2 2 2 2 2
left_child=2 25 3 4 5 6 7 8 10 -10 11 16 13 14 -13 -14 18 -18 19 20 -1 22 -7 24 -24 -2 -8 28 29 -28
right_child=1 -3 -4 -5 -6 21 26 -9 9 -11 -12 12 15 -15 -16 -17 17 -19 -20 -21 -22 -23 23 -25 -26 -27 27 -29 -30 -31
leaf_value=-0.072870635150519017 0.0031237886305165406 0.021006878595749165 -0.093574101905935472 0.077530692043911609 0.063640787897983594 -0.12520084364122161 -0.01688705431970192 -0.078405944128446731 0.15506977734339705 0.0023608297152430662 -0.086297596768891635 -0.070103952499718333 -0.084108144408004348 0.21553436461429218 0.12097279012533234 0.067575533474957747 -0.076822139335552916 0.071070639566161706 -0.056490446686993268 0.12533059528441773 0.058283004296886709 -0.017272462638351267 0.025748738913073055 -0.089082019471801513 -0.062916611748759163 0.086490813263701019 -0.074534209159680495 -0.077824773836239244 0.050498259888058852 -0.0020964621032594495
leaf_weight=3.5207716524601 410.1494872123003 224.15739478170872 6.1868471354246131 5.216309279203414 4.1150602847337714 6.0964390784502021 95.355156689882278 6.2606287002563468 3.5132864415645582 4.5526551902294159 5.2232209444046012 3.4360104650259018 6.7379935085773468 3.7802842557430267 4.0006801038980484 3.5807753652334213 13.485540464520456 3.4543928354978553 4.0784341394901267 3.5285188704729071 5.3517525047063828 23.937966167926788 7.8933430612087259 10.810959264636042 9.4322897493839264 3.9949331879615775 13.73191720247269 21.335616171360016 6.6646165698766699 11.334389865398407
leaf_count=20 2061 1058 38 28 23 38 561 38 20 26 33 20 39 22 23 21 78 19 23 20 31 147 48 66 57 20 85 135 38 70
internal_value=-0.000283108 0.0099257 -0.0222519 -0.0207326 -0.0225297 -0.0237912 -0.0186503 -0.00236532 0.00461053 0.0688763 -0.00400327 0.00381841 0.0340424 0.0943103 0.0326887 -0.0314715 -0.0156582 -0.0466638 0.0162138 0.0401246 0.00623896 -0.0434927 -0.0618276 -0.0480963 -0.0225218 0.00392797 -0.026825 -0.0446825 -0.022398 -0.0417796
internal_weight=934.918 638.302 296.616 290.429 285.213 281.098 222.927 74.5049 68.2443 8.06594 60.1784 54.9552 21.5357 11.217 7.43669 10.3188 33.4194 16.9399 16.4795 12.401 8.87252 58.171 34.233 28.1366 17.3256 414.144 148.422 53.0665 31.7309 25.0663
internal_count=4906 3139 1767 1729 1701 1678 1322 433 395 46 349 316 125 65 43 60 191 97 94 71 51 356 209 171 105 2081 889 328 193 155
is_linear=0
shrinkage=0.1


Tree=9
num_leaves=31
num_cat=0
split_feature=1 20 267 0 9 22 98 137 0 74 0 0 113 1 78 1 133 13 5 36 61 83 16 7 10 137 1 15 0 12
split_gain=17.4084 4.33197 3.7 3.50794 3.80037 5.71104 5.5578 7.28278 4.52915 4.82158 4.11678 3.86951 3.70143 3.89088 3.53868 3.477 3.40507 5.17015 5.36539 3.86111 5.08882 3.84445 3.35647 3.09159 3.00561 5.49008 3.61711 3.00229 3.92589 2.93624
threshold=-0.019545212388038632 1.0000000180025095e-35 1.0000000180025095e-35 3.3497605323791508 1.0000000180025095e-35 1.0000000180025095e-35 1.0000000180025095e-35 1.0000000180025095e-35 3.6783025264739995 1.0000000180025095e-35 4.9609856605529794 5.3018479347229013 1.0000000180025095e-35 -0.37987679243087763 1.0000000180025095e-35 -0.50079855322837818 1.0000000180025095e-35 1.0000000180025095e-35 1.0000000180025095e-35 1.0000000180025095e-35 1.0000000180025095e-35 1.0000000180025095e-35 1.0000000180025095e-35 1.0000000180025095e-35 1.0000000180025095e-35 1.0000000180025095e-35 -0.37987679243087763 1.0000000180025095e-35 5.4524297714233407 1.0000000180025095e-35
decision_type=2 2 2 2 2 2 2 2 2 2 2 2 2 2 2 2 2 2 2 2 2 2 2 2 2 2 2 2 2 2
left_child=3 2 -2 -1 6 8 7 12 -6 10 15 -12 16 -14 -11 22 17 21 -19 20 -20 23 -10 -5 25 -7 -27 -18 -29 -13
right_child=1 -3 -4 4 5 24 -8 -9 9 14 11 29 13 -15 -16 -17 27 18 19 -21 -22 -23 -24 -25 -26 26 -28 28 -30 -31
leaf_value=-0.036181579627882009 0.0088835267428359864 0.085492159836927609 0.068935580041840708 -0.012466153337129655 0.047514117353560537 0.16734853447095355 -0.060368367380882873 -0.04672136133378945 -0.080904584019005618 -0.087931019659335682 0.073059245196735151 -0.040844581398359919 0.00535482567863255 0.14913522253259107 0.02147065181144088 -0.12667345394340426 0.0045036431199665349 0.011911678525299525 0.063835919230916444 0.018324963318245333 0.19283979282370023 -0.060406103882072196 0.026568942090825609 0.040659187294763525 -0.026752295759864448 -0.06458551421683581 0.083616801574593655 -0.12816369685151127 -0.019422847230266285 0.011861581012009782
leaf_weight=74.235331743955612 532.04067319631577 7.7178236842155448 10.461722075939177 28.400979518890381 6.2717545479536048 3.3576129674911481 15.652277737855909 26.281674459576607 6.7397861182689685 24.853798359632496 4.9631245583295813 26.801322683691978 3.6906677782535553 3.8408218175172797 3.3558115363121024 6.2659751623868933 23.171340227127075 26.895210832357407 8.1603396534919757 6.6008316129446021 4.8902891129255286 9.9826008528470975 5.108410120010376 17.831839025020599 5.9129656553268424 3.2620095014572135 3.3259797543287286 4.7405985891818991 11.080181777477263 17.45284728705883
leaf_count=466 2584 36 48 158 37 19 90 160 42 146 29 153 21 20 20 38 134 147 45 36 26 57 29 98 35 20 20 28 66 98
internal_value=-0.000296318 0.0110999 0.0100416 -0.0166628 -0.0119719 -0.0261116 -0.00327069 0.00181971 -0.0348063 -0.0402102 -0.0256694 -0.0106684 0.0103653 0.0786783 -0.0749166 -0.0664279 0.00673584 0.0162828 0.0409329 0.0806518 0.112176 -0.00412757 -0.0345668 0.00802411 0.0297086 0.0632763 0.0102352 -0.0184249 -0.0520064 -0.0200585
internal_weight=933.347 550.22 542.502 383.126 308.891 117.671 191.22 175.567 101.813 95.5411 67.3315 49.2173 149.286 7.53149 28.2096 18.1142 141.754 102.762 46.5467 19.6515 13.0506 56.2154 11.8482 46.2328 15.8586 9.9456 6.58799 38.9921 15.8208 44.2542
internal_count=4906 2668 2632 2238 1772 686 1086 996 592 555 389 280 836 41 166 109 795 567 254 107 71 313 71 256 94 59 40 228 94 251
is_linear=0
shrinkage=0.1


Tree=10
num_leaves=31
num_cat=0
split_feature=1 20 150 0 243 63 13 16 5 5 0 50 13 99 73 61 8 1 104 44 51 0 7 61 67 80 6 47 59 81
split_gain=14.261 3.37041 3.04394 3.02071 4.08806 3.73046 6.59823 4.50045 4.3034 3.66437 3.44716 3.26037 4.40722 4.19556 4.45119 4.38104 3.2835 3.15782 3.07551 4.24931 6.51998 3.94209 3.87808 3.9701 3.00611 2.9313 6.74158 5.25401 4.74383 4.03179
threshold=-0.019545212388038632 1.0000000180025095e-35 1.0000000180025095e-35 16.880219459533695 1.0000000180025095e-35 1.0000000180025095e-35 1.0000000180025095e-35 1.0000000180025095e-35 1.0000000180025095e-35 1.0000000180025095e-35 17.006159782409672 1.0000000180025095e-35 1.0000000180025095e-35 1.0000000180025095e-35 1.0000000180025095e-35 1.0000000180025095e-35 1.0000000180025095e-35 0.97049206495285045 1.0000000180025095e-35 1.0000000180025095e-35 1.0000000180025095e-35 14.405201911926271 1.0000000180025095e-35 1.0000000180025095e-35 1.0000000180025095e-35 1.0000000180025095e-35 1.0000000180025095e-35 1.0000000180025095e-35 1.0000000180025095e-35 1.0000000180025095e-35
decision_type=2 2 2 2 2 2 2 2 2 2 2 2 2 2 2 2 2 2 2 2 2 2 2 2 2 2 2 2 2 2
left_child=2 3 25 4 5 18 7 9 -8 -7 -5 13 16 15 -15 17 -13 -12 19 20 -2 -22 23 -20 -14 29 -27 28 -28 -1
right_child=1 -3 -4 10 -6 6 8 -9 -10 -11 11 12 24 14 -16 -17 -18 -19 22 -21 21 -23 -24 -25 -26 26 27 -29 -30 -31
leaf_value=-0.0094044720127375234 -0.0052252249224614715 0.074593935928318464 0.07272815306308425 0.089555230933051538 0.10148859270822397 0.099121183458991735 0.047548077944574545 -0.046138282098122749 0.15945824028142053 -0.023948974864092802 0.055923245805521965 -0.090539992451552115 -0.016120815514662993 -0.089356914906063137 0.037186226870768536 0.010436109580880697 0.013503863035957204 0.14372016280123065 -0.049650788773615111 0.0021763098450136354 0.044967041973194018 0.17344859411914895 -0.089442084334381278 0.072514575415072044 0.098705575406110399 -0.025198588973928928 0.095220592098999426 0.16873457946972781 -0.038948349275659155 -0.031340435695721959
leaf_weight=192.20915624499321 10.428709521889687 7.947529822587966 3.893136039376258 8.1211462020874006 4.4522967785596839 5.7781047523021698 9.9391801953315717 10.57039512693882 5.251790687441825 4.1619596034288406 10.910586506128313 7.6210929453372955 4.5007736086845398 4.6826722770929319 6.8400857448577881 12.012400984764101 5.0386092960834503 6.5596173107624045 6.277200385928154 394.66314984858036 4.7817641794681549 4.7704773992300034 8.0395802557468414 4.6165243089199066 4.6205028146505356 20.39325313270092 5.3369954228401166 3.6109613329172126 5.2057130038738251 148.54113967716694
leaf_count=1113 49 36 22 36 21 28 48 52 25 20 49 37 21 21 31 53 24 27 30 1934 23 21 40 22 20 114 31 19 28 911
internal_value=-0.000305842 0.00994234 -0.0152403 0.00899893 0.00611768 0.00521285 0.0362839 -0.000713878 0.0862374 0.047591 0.0282484 0.0203187 -0.0109481 0.0369268 -0.014239 0.056924 -0.0491301 0.0888888 0.00265441 0.00445411 0.0494452 0.109132 -0.0367595 0.00212024 0.042046 -0.0161528 0.0116031 0.0646286 0.0289715 -0.0189669
internal_weight=931.777 552.586 379.19 544.639 473.731 469.279 35.7014 20.5105 15.191 9.94006 70.9075 62.7863 21.781 41.0054 11.5228 29.4826 12.6597 17.4702 433.577 414.644 19.981 9.55224 18.9333 10.8937 9.12128 375.297 34.5469 14.1537 10.5427 340.75
internal_count=4906 2668 2238 2632 2313 2292 173 100 73 48 319 283 102 181 52 129 61 76 2119 2027 93 44 92 52 41 2216 192 78 59 2024
is_linear=0
shrinkage=0.1


Tree=11
num_leaves=31
num_cat=0
split_feature=1 150 80 79 0 1 81 193 26 40 79 10 16 0 54 9 81 6 79 7 128 1 6 10 5 16 14 16 267 77
split_gain=12.0148 3.85483 3.50667 4.03916 4.15878 4.5388 4.22883 3.89669 3.29712 3.26516 3.10515 4.83869 4.07333 4.05221 3.65436 3.30894 3.0334 4.9333 5.23608 4.15718 4.04261 3.62554 3.35604 4.15623 3.28029 5.62724 3.03016 4.44615 3.01493 3.34668
threshold=-0.28800669312477106 1.0000000180025095e-35 1.0000000180025095e-35 1.0000000180025095e-35 11.02532482147217 0.18929196149110797 1.0000000180025095e-35 1.0000000180025095e-35 1.0000000180025095e-35 1.0000000180025095e-35 1.0000000180025095e-35 1.0000000180025095e-35 1.0000000180025095e-35 13.151266574859621 1.0000000180025095e-35 1.0000000180025095e-35 1.0000000180025095e-35 1.0000000180025095e-35 1.0000000180025095e-35 1.0000000180025095e-35 1.0000000180025095e-35 -0.35188987851142878 1.0000000180025095e-35 1.0000000180025095e-35 1.0000000180025095e-35 1.0000000180025095e-35 1.0000000180025095e-35 1.0000000180025095e-35 1.0000000180025095e-35 1.0000000180025095e-35
decision_type=2 2 2 2 2 2 2 2 2 2 2 2 2 2 2 2 2 2 2 2 2 2 2 2 2 2 2 2 2 2
left_child=8 2 3 4 5 -2 7 28 -1 10 -4 14 13 -13 15 -12 19 24 -19 21 22 -10 23 -21 -18 -26 27 -5 29 -6
right_child=1 -3 9 26 6 -7 -8 -9 16 -11 11 12 -14 -15 -16 -17 17 18 -20 20 -22 -23 -24 -25 25 -27 -28 -29 -30 -31
leaf_value=-0.0033021855301012103 -0.0024795657220425334 0.081337952097290334 0.09182341475605095 0.066442949292665629 0.014994573046351664 -0.060527303745606657 -0.0073811483950907992 0.10017900809961161 -0.024862770510307525 -0.030124234440993044 -0.046902729389574335 -0.088951790713325582 0.049388924238963156 0.031492083899601758 0.087134656026878463 0.069367033453309287 -0.089188648574698617 -0.031727692175672915 0.071868478551007378 0.023252556689109929 -0.025371453733377843 -0.12551558760042272 -0.0073734280192556539 0.14742687185485331 -0.073360984191019593 0.041009127703130199 -0.10289714378546014 -0.084677248805091476 0.077085834063378378 -0.075288012954143779
leaf_weight=85.33860932290554 201.94440147280693 6.8202477246522895 8.8371435254812223 3.9198555648326856 272.68869143724442 14.432786926627157 94.607023313641548 5.5203557163476935 48.264962404966354 8.1913695484399778 5.1245280355215073 7.8104799240827578 7.114440605044364 4.3485304266214371 14.991604164242744 4.6858139634132385 23.901098430156708 27.314435333013535 5.9398251920938483 5.9082434922456759 15.130122750997542 3.8652564883232108 7.4109136164188376 4.9569634795188904 12.33481837809086 6.6059397608041754 6.0622594356536865 3.8680140972137451 7.696859508752822 4.1686438769102088
leaf_count=513 1072 31 42 20 1300 74 455 25 294 41 25 39 33 20 71 23 160 180 34 34 96 24 43 26 84 41 32 20 34 20
internal_value=-0.000302113 0.00653429 0.0057796 0.00350922 0.00473951 -0.00635146 0.010978 0.0169658 -0.0192036 0.0286272 0.0377225 0.0268753 -0.010711 -0.0458764 0.0560833 0.00863239 -0.0275992 -0.0421235 -0.0132235 -0.0146779 0.0128615 -0.0323258 0.0445131 0.0799038 -0.064556 -0.0334723 -0.0498822 -0.00861417 0.0153515 0.0136352
internal_weight=929.804 682.833 676.013 614.909 601.059 216.377 384.682 290.075 246.971 61.1039 52.9125 44.0754 19.2735 12.159 24.8019 9.81034 161.633 76.0961 33.2543 85.5365 33.4062 52.1302 18.2761 10.8652 42.8419 18.9408 13.8501 7.78787 284.554 276.857
internal_count=4906 3377 3346 3052 2980 1146 1834 1379 1529 294 253 211 92 59 119 48 1016 499 214 517 199 318 103 60 285 125 72 40 1354 1320
is_linear=0
shrinkage=0.1


Tree=12
num_leaves=31
num_cat=0
split_feature=1 150 282 1 0 54 34 114 195 26 88 81 6 59 78 79 138 0 98 5 16 0 0 67 11 12 61 14 5 7
split_gain=9.85741 3.02798 3.21745 2.88093 3.19512 4.19474 4.26372 2.79379 3.92809 2.78453 3.03387 3.38038 4.13486 4.16304 6.90983 5.74762 4.19158 3.2809 2.88695 2.86849 3.77085 2.66109 3.32886 3.8868 3.39769 2.9605 2.86249 2.75509 4.11216 3.22167
threshold=-0.28800669312477106 1.0000000180025095e-35 1.0000000180025095e-35 -0.26367023587226862 7.3634495735168466 1.0000000180025095e-35 1.0000000180025095e-35 1.0000000180025095e-35 1.0000000180025095e-35 1.0000000180025095e-35 1.0000000180025095e-35 1.0000000180025095e-35 1.0000000180025095e-35 1.0000000180025095e-35 1.0000000180025095e-35 1.0000000180025095e-35 1.0000000180025095e-35 5.9671459197998056 1.0000000180025095e-35 1.0000000180025095e-35 1.0000000180025095e-35 4.850102663040162 4.273785114288331 1.0000000180025095e-35 1.0000000180025095e-35 1.0000000180025095e-35 1.0000000180025095e-35 1.0000000180025095e-35 1.0000000180025095e-35 1.0000000180025095e-35
decision_type=2 2 2 2 2 2 2 2 2 2 2 2 2 2 2 2 2 2 2 2 2 2 2 2 2 2 2 2 2 2
left_child=9 2 3 -2 5 -5 -7 8 -6 18 11 17 19 14 15 16 -14 21 -1 -13 -21 22 23 -11 26 -26 -25 28 -23 -29
right_child=1 -3 -4 4 7 6 -8 -9 -10 10 -12 12 13 -15 -16 -17 -18 -19 -20 20 -22 27 -24 24 25 -27 -28 29 -30 -31
leaf_value=0.002528529757255071 0.057315409116832555 0.071333392577030794 0.065870199510834268 -0.00041280040848519278 0.0052066102598165628 -0.0075516045529948218 -0.12477932881296983 -0.048679766304349635 0.079134402872593435 -0.080892096102306521 0.057160284925175692 -0.088972169355548678 -0.022811746225817556 -0.067362684332540154 -0.086951590884209534 0.15748342098170903 0.11429445111510006 -0.099559019496629958 -0.064530093540038178 -0.069431607917858282 0.025024855343787341 0.0031581084074003411 -0.078688003038916821 0.0076385264335229594 -0.067309413744748844 0.014085907164884594 0.091720502469409493 -0.068077069452795624 0.1364010244462518 0.053997293581123831
leaf_weight=78.183563828468323 10.12968325614929 6.9893251955509177 8.6223937869071943 23.414545387029648 605.60972578823566 5.6359600573778135 6.902427613735199 9.4593056589364988 7.2736341655254355 6.7338359355926505 4.330559015274047 22.093607142567635 9.0396551042795199 10.632447987794878 5.4843163341283789 3.4488681107759467 2.9598968476057044 4.2387297749519339 6.9942491948604575 11.760042391717436 6.5975469946861258 5.2514900416135788 8.1784753799438459 21.765454769134525 10.497830584645273 7.7803630679845801 4.9742315411567679 5.0547162592411041 4.143988162279129 3.7775149196386337
leaf_count=465 58 31 37 140 2955 32 44 47 33 42 26 157 61 70 36 19 20 28 48 84 40 30 49 136 67 47 29 30 24 21
internal_value=-0.000304216 0.00585042 0.00517442 0.00439147 0.00357709 -0.0254084 -0.0720859 0.0052516 0.00608398 -0.0175639 -0.0253903 -0.0277055 -0.0435318 -0.0164064 0.00947602 0.0437086 0.0110079 -0.013873 -0.00297789 -0.0646985 -0.0354848 -0.00922596 -0.0194022 -0.0100331 0.000566123 -0.0326624 0.0232798 0.024232 0.0619265 -0.0158663
internal_weight=927.958 684.037 677.048 668.425 658.296 35.9529 12.5384 622.343 612.883 243.921 158.744 154.413 72.0164 31.5652 20.9327 15.4484 11.9996 82.3966 85.1778 40.4512 18.3576 78.1579 59.9302 51.7517 45.0179 18.2782 26.7397 18.2277 9.39548 8.83223
internal_count=4906 3377 3346 3309 3251 216 76 3035 2988 1529 1016 990 487 206 136 100 81 503 513 281 124 475 370 321 279 114 165 105 54 51
is_linear=0
shrinkage=0.1


end of trees

feature_importances:
Column_0=64
Column_1=33
Column_7=13
Column_81=13
Column_16=11
Column_6=10
Column_80=10
Column_11=9
Column_67=9
Column_5=8
Column_9=8
Column_15=8
Column_14=7
Column_79=7
Column_10=6
Column_13=6
Column_29=6
Column_61=6
Column_98=6
Column_26=5
Column_139=5
Column_150=5
Column_312=5
Column_8=4
Column_40=4
Column_94=4
Column_137=4
Column_267=4
Column_12=3
Column_20=3
Column_50=3
Column_54=3
Column_56=3
Column_60=3
Column_73=3
Column_78=3
Column_97=3
Column_114=3
Column_282=3
Column_21=2
Column_24=2
Column_32=2
Column_35=2
Column_36=2
Column_45=2
Column_47=2
Column_51=2
Column_59=2
Column_64=2
Column_83=2
Column_86=2
Column_99=2
Column_113=2
Column_128=2
Column_133=2
Column_138=2
Column_143=2
Column_183=2
Column_193=2
Column_17=1
Column_22=1
Column_25=1
Column_31=1
Column_34=1
Column_39=1
Column_44=1
Column_49=1
Column_53=1
Column_55=1
Column_57=1
Column_58=1
Column_63=1
Column_65=1
Column_68=1
Column_69=1
Column_70=1
Column_71=1
Column_72=1
Column_74=1
Column_77=1
Column_85=1
Column_88=1
Column_91=1
Column_93=1
Column_95=1
Column_100=1
Column_104=1
Column_105=1
Column_149=1
Column_195=1
Column_214=1
Column_243=1
Column_262=1
Column_263=1
Column_270=1
Column_306=1

parameters:
[boosting: gbdt]
[objective: binary]
[metric: binary_logloss]
[tree_learner: serial]
[device_type: cpu]
[data_sample_strategy: bagging]
[data: ]
[valid: ]
[num_iterations: 300]
[learning_rate: 0.1]
[num_leaves: 31]
[num_threads: 0]
[seed: 0]
[deterministic: 0]
[force_col_wise: 0]
[force_row_wise: 0]
[histogram_pool_size: -1]
[max_depth: -1]
[min_data_in_leaf: 20]
[min_sum_hessian_in_leaf: 0.001]
[bagging_fraction: 1]
[pos_bagging_fraction: 1]
[neg_bagging_fraction: 1]
[bagging_freq: 0]
[bagging_seed: 7719]
[bagging_by_query: 0]
[feature_fraction: 1]
[feature_fraction_bynode: 1]
[feature_fraction_seed: 2437]
[extra_trees: 0]
[extra_seed: 11797]
[early_stopping_round: 0]
[early_stopping_min_delta: 0]
[first_metric_only: 0]
[max_delta_step: 0]
[lambda_l1: 0]
[lambda_l2: 0]
[linear_lambda: 0]
[min_gain_to_split: 0]
[drop_rate: 0.1]
[max_drop: 50]
[skip_drop: 0.5]
[xgboost_dart_mode: 0]
[uniform_drop: 0]
[drop_seed: 21238]
[top_rate: 0.2]
[other_rate: 0.1]
[min_data_per_group: 100]
[max_cat_threshold: 32]
[cat_l2: 10]
[cat_smooth: 10]
[max_cat_to_onehot: 4]
[top_k: 20]
[monotone_constraints: ]
[monotone_constraints_method: basic]
[monotone_penalty: 0]
[feature_contri: ]
[forcedsplits_filename: ]
[refit_decay_rate: 0.9]
[cegb_tradeoff: 1]
[cegb_penalty_split: 0]
[cegb_penalty_feature_lazy: ]
[cegb_penalty_feature_coupled: ]
[path_smooth: 0]
[interaction_constraints: ]
[verbosity: -1]
[saved_feature_importance_type: 0]
[use_quantized_grad: 0]
[num_grad_quant_bins: 4]
[quant_train_renew_leaf: 0]
[stochastic_rounding: 1]
[linear_tree: 0]
[max_bin: 255]
[max_bin_by_feature: ]
[min_data_in_bin: 3]
[bin_construct_sample_cnt: 200000]
[data_random_seed: 38]
[is_enable_sparse: 1]
[enable_bundle: 1]
[use_missing: 1]
[zero_as_missing: 0]
[feature_pre_filter: 1]
[pre_partition: 0]
[two_round: 0]
[header: 0]
[label_column: ]
[weight_column: ]
[group_column: ]
[ignore_column: ]
[categorical_feature: ]
[forcedbins_filename: ]
[precise_float_parser: 0]
[parser_config_file: ]
[objective_seed: 8855]
[num_class: 1]
[is_unbalance: 0]
[scale_pos_weight: 1]
[sigmoid: 1]
[boost_from_average: 1]
[reg_sqrt: 0]
[alpha: 0.9]
[fair_c: 1]
[poisson_max_delta_step: 0.7]
[tweedie_variance_power: 1.5]
[lambdarank_truncation_level: 30]
[lambdarank_norm: 1]
[label_gain: ]
[lambdarank_position_bias_regularization: 0]
[eval_at: ]
[multi_error_top_k: 1]
[auc_mu_weights: ]
[num_machines: 1]
[local_listen_port: 12400]
[time_out: 120]
[machine_list_filename: ]
[machines: ]
[gpu_platform_id: -1]
[gpu_device_id: -1]
[gpu_device_id_list: ]
[gpu_use_dp: 0]
[num_gpu: 1]

end of parameters

pandas_categorical:null
