tree
version=v4
num_class=1
num_tree_per_iteration=1
label_index=0
max_feature_idx=567
objective=binary sigmoid:1
feature_names=Column_0 Column_1 Column_2 Column_3 Column_4 Column_5 Column_6 Column_7 Column_8 Column_9 Column_10 Column_11 Column_12 Column_13 Column_14 Column_15 Column_16 Column_17 Column_18 Column_19 Column_20 Column_21 Column_22 Column_23 Column_24 Column_25 Column_26 Column_27 Column_28 Column_29 Column_30 Column_31 Column_32 Column_33 Column_34 Column_35 Column_36 Column_37 Column_38 Column_39 Column_40 Column_41 Column_42 Column_43 Column_44 Column_45 Column_46 Column_47 Column_48 Column_49 Column_50 Column_51 Column_52 Column_53 Column_54 Column_55 Column_56 Column_57 Column_58 Column_59 Column_60 Column_61 Column_62 Column_63 Column_64 Column_65 Column_66 Column_67 Column_68 Column_69 Column_70 Column_71 Column_72 Column_73 Column_74 Column_75 Column_76 Column_77 Column_78 Column_79 Column_80 Column_81 Column_82 Column_83 Column_84 Column_85 Column_86 Column_87 Column_88 Column_89 Column_90 Column_91 Column_92 Column_93 Column_94 Column_95 Column_96 Column_97 Column_98 Column_99 Column_100 Column_101 Column_102 Column_103 Column_104 Column_105 Column_106 Column_107 Column_108 Column_109 Column_110 Column_111 Column_112 Column_113 Column_114 Column_115 Column_116 Column_117 Column_118 Column_119 Column_120 Column_121 Column_122 Column_123 Column_124 Column_125 Column_126 Column_127 Column_128 Column_129 Column_130 Column_131 Column_132 Column_133 Column_134 Column_135 Column_136 Column_137 Column_138 Column_139 Column_140 Column_141 Column_142 Column_143 Column_144 Column_145 Column_146 Column_147 Column_148 Column_149 Column_150 Column_151 Column_152 Column_153 Column_154 Column_155 Column_156 Column_157 Column_158 Column_159 Column_160 Column_161 Column_162 Column_163 Column_164 Column_165 Column_166 Column_167 Column_168 Column_169 Column_170 Column_171 Column_172 Column_173 Column_174 Column_175 Column_176 Column_177 Column_178 Column_179 Column_180 Column_181 Column_182 Column_183 Column_184 Column_185 Column_186 Column_187 Column_188 Column_189 Column_190 Column_191 Column_192 Column_193 Column_194 Column_195 Column_196 Column_197 Column_198 Column_199 Column_200 Column_201 Column_202 Column_203 Column_204 Column_205 Column_206 Column_207 Column_208 Column_209 Column_210 Column_211 Column_212 Column_213 Column_214 Column_215 Column_216 Column_217 Column_218 Column_219 Column_220 Column_221 Column_222 Column_223 Column_224 Column_225 Column_226 Column_227 Column_228 Column_229 Column_230 Column_231 Column_232 Column_233 Column_234 Column_235 Column_236 Column_237 Column_238 Column_239 Column_240 Column_241 Column_242 Column_243 Column_244 Column_245 Column_246 Column_247 Column_248 Column_249 Column_250 Column_251 Column_252 Column_253 Column_254 Column_255 Column_256 Column_257 Column_258 Column_259 Column_260 Column_261 Column_262 Column_263 Column_264 Column_265 Column_266 Column_267 Column_268 Column_269 Column_270 Column_271 Column_272 Column_273 Column_274 Column_275 Column_276 Column_277 Column_278 Column_279 Column_280 Column_281 Column_282 Column_283 Column_284 Column_285 Column_286 Column_287 Column_288 Column_289 Column_290 Column_291 Column_292 Column_293 Column_294 Column_295 Column_296 Column_297 Column_298 Column_299 Column_300 Column_301 Column_302 Column_303 Column_304 Column_305 Column_306 Column_307 Column_308 Column_309 Column_310 Column_311 Column_312 Column_313 Column_314 Column_315 Column_316 Column_317 Column_318 Column_319 Column_320 Column_321 Column_322 Column_323 Column_324 Column_325 Column_326 Column_327 Column_328 Column_329 Column_330 Column_331 Column_332 Column_333 Column_334 Column_335 Column_336 Column_337 Column_338 Column_339 Column_340 Column_341 Column_342 Column_343 Column_344 Column_345 Column_346 Column_347 Column_348 Column_349 Column_350 Column_351 Column_352 Column_353 Column_354 Column_355 Column_356 Column_357 Column_358 Column_359 Column_360 Column_361 Column_362 Column_363 Column_364 Column_365 Column_366 Column_367 Column_368 Column_369 Column_370 Column_371 Column_372 Column_373 Column_374 Column_375 Column_376 Column_377 Column_378 Column_379 Column_380 Column_381 Column_382 Column_383 Column_384 Column_385 Column_386 Column_387 Column_388 Column_389 Column_390 Column_391 Column_392 Column_393 Column_394 Column_395 Column_396 Column_397 Column_398 Column_399 Column_400 Column_401 Column_402 Column_403 Column_404 Column_405 Column_406 Column_407 Column_408 Column_409 Column_410 Column_411 Column_412 Column_413 Column_414 Column_415 Column_416 Column_417 Column_418 Column_419 Column_420 Column_421 Column_422 Column_423 Column_424 Column_425 Column_426 Column_427 Column_428 Column_429 Column_430 Column_431 Column_432 Column_433 Column_434 Column_435 Column_436 Column_437 Column_438 Column_439 Column_440 Column_441 Column_442 Column_443 Column_444 Column_445 Column_446 Column_447 Column_448 Column_449 Column_450 Column_451 Column_452 Column_453 Column_454 Column_455 Column_456 Column_457 Column_458 Column_459 Column_460 Column_461 Column_462 Column_463 Column_464 Column_465 Column_466 Column_467 Column_468 Column_469 Column_470 Column_471 Column_472 Column_473 Column_474 Column_475 Column_476 Column_477 Column_478 Column_479 Column_480 Column_481 Column_482 Column_483 Column_484 Column_485 Column_486 Column_487 Column_488 Column_489 Column_490 Column_491 Column_492 Column_493 Column_494 Column_495 Column_496 Column_497 Column_498 Column_499 Column_500 Column_501 Column_502 Column_503 Column_504 Column_505 Column_506 Column_507 Column_508 Column_509 Column_510 Column_511 Column_512 Column_513 Column_514 Column_515 Column_516 Column_517 Column_518 Column_519 Column_520 Column_521 Column_522 Column_523 Column_524 Column_525 Column_526 Column_527 Column_528 Column_529 Column_530 Column_531 Column_532 Column_533 Column_534 Column_535 Column_536 Column_537 Column_538 Column_539 Column_540 Column_541 Column_542 Column_543 Column_544 Column_545 Column_546 Column_547 Column_548 Column_549 Column_550 Column_551 Column_552 Column_553 Column_554 Column_555 Column_556 Column_557 Column_558 Column_559 Column_560 Column_561 Column_562 Column_563 Column_564 Column_565 Column_566 Column_567
feature_infos=[2.0013689994812012:17.993154525756836] [-0.7776256799697876:0.99923950433731079] none none none [0:1] [0:1] [0:1] [0:1] [0:1] [0:1] [0:1] [0:1] [0:1] [0:1] [0:1] [0:1] [0:1] [0:1] [0:1] [0:1] [0:1] [0:1] [0:1] [0:1] [0:1] [0:1] [0:1] [0:1] [0:1] [0:1] [0:1] [0:1] [0:1] [0:1] [0:1] [0:1] [0:1] [0:1] [0:1] [0:1] [0:1] [0:1] [0:1] [0:1] [0:1] [0:1] [0:1] [0:1] [0:1] [0:1] [0:1] [0:1] [0:1] [0:1] [0:1] [0:1] [0:1] [0:1] [0:1] [0:1] [0:1] [0:1] [0:1] [0:1] [0:1] [0:1] [0:1] [0:1] [0:1] [0:1] [0:1] [0:1] [0:1] [0:1] [0:1] [0:1] [0:1] [0:1] [0:1] [0:1] [0:1] [0:1] [0:1] [0:1] [0:1] [0:1] [0:1] [0:1] [0:1] [0:1] [0:1] [0:1] [0:1] [0:1] [0:1] [0:1] [0:1] [0:1] [0:1] [0:1] [0:1] [0:1] [0:1] [0:1] [0:1] [0:1] [0:1] [0:1] none none none none [0:1] [0:1] none [0:1] none [0:1] none none [0:1] none none none none [0:1] [0:1] [0:1] [0:1] [0:1] none [0:1] [0:1] [0:1] [0:1] none [0:1] [0:1] [0:1] [0:1] [0:1] [0:1] [0:1] [0:1] [0:1] [0:1] [0:1] [0:1] [0:1] [0:1] [0:1] [0:1] [0:1] [0:1] [0:1] [0:1] none none none none none none none none none none [0:1] [0:1] none none none none none [0:1] [0:1] [0:1] [0:1] [0:1] [0:1] [0:1] [0:1] [0:1] [0:1] [0:1] [0:1] [0:1] [0:1] [0:1] [0:1] [0:1] [0:1] [0:1] [0:1] [0:1] [0:1] [0:1] [0:1] [0:1] [0:1] [0:1] [0:1] none none [0:1] [0:1] [0:1] none [0:1] [0:1] [0:1] [0:1] [0:1] none [0:1] none none [0:1] none [0:1] [0:1] [0:1] [0:1] [0:1] [0:1] [0:1] [0:1] [0:1] [0:1] [0:1] [0:1] [0:1] [0:1] [0:1] [0:1] [0:1] [0:1] [0:1] [0:1] [0:1] [0:1] [0:1] [0:1] [0:1] none none none none none none none none none none none none none none none none none [0:1] [0:1] [0:1] [0:1] [0:1] [0:1] [0:1] [0:1] [0:1] [0:1] none [0:1] [0:1] [0:1] [0:1] none [0:1] [0:1] none none none [0:1] [0:1] none none none none none [0:1] [0:1] [0:1] [0:1] [0:1] [0:1] [0:1] none none none [0:1] none [0:1] [0:1] [0:1] none [0:1] [0:1] [0:1] [0:1] none none [0:1] [0:1] none none none none [0:1] [0:1] none none none [0:1] none none [0:1] [0:1] none none [0:1] [0:1] none none none none none none none none none none none none none none none none none none none none none none none none none none none none none none none none none none none none none none none none none none none none none none none none none none none none none none none none none none none none none none none none none none none none none none none none none none none none none none none none none none none none none none none none none none none none none none none none none none none none none none none none none none none none none none none none none none none none none none none none none none none none none none none none none none none none none none none none none none none none none none none none none none none none none none none none none none none none none none none none none none none none none none none none none none none none none none none none none none none none none none none none none none none none none none none none none none none none none none none none none none none none none none none none none none none none none none none none none none none none none none none none none none none none none none none none none none none none none
tree_sizes=3370 3448 3437 3438 3446 3461 3472 3440 3449 3467 3468 3453 3478 3471 3456 3504 3463 3485

Tree=0
num_leaves=31
num_cat=0
split_feature=0 1 0 102 67 15 0 81 5 11 11 69 0 167 6 11 40 9 0 9 8 5 14 0 0 51 12 7 13 69
split_gain=382.988 54.4599 39.1479 11.6813 10.7331 13.7007 10.3351 10.5193 9.63613 12.779 8.51481 11.3253 8.47657 8.29139 8.01488 7.85117 7.72616 7.10331 6.5935 9.24928 12.2719 5.96306 7.72036 5.49633 5.46749 8.57082 5.45619 5.87317 5.31544 4.9741
threshold=10.965092182159426 0.69503384828567516 7.2210814952850351 1.0000000180025095e-35 1.0000000180025095e-35 1.0000000180025095e-35 12.699520587921144 1.0000000180025095e-35 1.0000000180025095e-35 1.0000000180025095e-35 1.0000000180025095e-35 1.0000000180025095e-35 15.132101058959963 1.0000000180025095e-35 1.0000000180025095e-35 1.0000000180025095e-35 1.0000000180025095e-35 1.0000000180025095e-35 11.43189573287964 1.0000000180025095e-35 1.0000000180025095e-35 1.0000000180025095e-35 1.0000000180025095e-35 16.661190986633304 13.600273609161379 1.0000000180025095e-35 1.0000000180025095e-35 1.0000000180025095e-35 1.0000000180025095e-35 1.0000000180025095e-35
decision_type=2 2 2 2 2 2 2 2 2 2 2 2 2 2 2 2 2 2 2 2 2 2 2 2 2 2 2 2 2 2
left_child=2 6 -1 4 10 8 13 12 26 23 -3 14 -8 18 -12 29 -13 -4 19 20 -2 22 -20 -10 25 -9 27 -6 -27 -7
right_child=1 3 17 -5 5 15 7 24 9 -11 11 16 -14 -15 -16 -17 -18 -19 21 -21 -22 -23 -24 -25 -26 28 -28 -29 -30 -31
leaf_value=-1.2029249729522982 -1.0899104428558337 -0.95550786149137656 -1.1620897227758784 -0.89112655135065988 -1.0786415147659714 -0.97916408059339233 -1.0364052173582978 -1.1623535520049497 -1.1891497128084936 -0.92087652150789689 -1.1712294644772738 -1.0376635944391988 -1.165684269666978 -0.96390333785100801 -0.98849009004707167 -1.1766321938082536 -0.89346561534336655 -1.1237172271254212 -1.1373447680713014 -1.1422778145675476 -0.90397312937310326 -1.1605973554195166 -1.0485910398596714 -1.0425809448784116 -1.1291263126085551 -0.95194221516103117 -0.90489513258045551 -0.93053560272777891 -1.0943200234127366 -1.1026818946910113
leaf_weight=326.67259173095226 8.8739583492279035 45.479036539793015 121.83205316960812 9.2437066137790662 5.5462239682674408 5.3613498359918585 93.916059195995331 5.176475703716279 5.7310981005430204 4.4369791746139517 6.8403428941965103 8.1344618201255781 5.3613498359918585 4.067230910062789 3.6974826455116272 8.5042100846767426 6.8403428941965112 79.865625143051147 23.848763063549995 9.4285807460546494 5.9159722328186044 28.470616370439529 16.638671904802322 4.621853306889534 27.731119841337204 6.8403428941965103 10.168077275156975 5.1764757037162781 4.2521050423383713 8.3193359524011612
leaf_count=1767 48 246 659 50 30 29 508 28 31 24 37 44 29 22 20 46 37 432 129 51 32 154 90 25 150 37 55 28 23 45
internal_value=-1.12653 -1.04976 -1.18154 -0.999714 -1.0075 -1.03947 -1.0785 -1.06143 -1.0011 -1.06287 -0.981447 -1.02769 -1.04339 -1.10366 -1.10711 -1.10118 -0.971795 -1.1469 -1.10977 -1.06488 -1.01554 -1.12553 -1.10087 -1.12372 -1.10213 -1.0561 -0.957376 -1.00714 -1.00652 -1.05428
internal_weight=906.992 378.622 528.37 138.101 128.857 57.8656 240.521 143.277 35.6807 14.7899 70.9917 25.5126 99.2774 97.2438 10.5378 22.1849 14.9748 201.698 93.1766 24.2185 14.7899 68.9581 40.4874 10.353 44 16.2689 20.8908 10.7227 11.0924 13.6807
internal_count=4906 2048 2858 747 697 313 1301 775 193 80 384 138 537 526 57 120 81 1091 504 131 80 373 219 56 238 88 113 58 60 74
is_linear=0
shrinkage=1


Tree=1
num_leaves=31
num_cat=0
split_feature=0 1 0 82 0 167 81 104 102 67 15 140 0 5 11 11 9 1 1 54 53 13 7 0 9 0 13 12 67 6
split_gain=306.42 40.1104 32.4822 8.94571 8.5002 8.27179 7.79859 7.47803 6.95838 7.20197 10.9102 6.78729 6.41158 6.09153 9.97394 5.67511 5.34118 7.41669 8.20468 8.78656 5.14975 6.0878 6.71832 6.56351 5.37059 4.98501 4.95688 8.61249 6.69955 4.86802
threshold=10.843257904052736 0.69503384828567516 7.2210814952850351 1.0000000180025095e-35 12.699520587921144 1.0000000180025095e-35 1.0000000180025095e-35 1.0000000180025095e-35 1.0000000180025095e-35 1.0000000180025095e-35 1.0000000180025095e-35 1.0000000180025095e-35 15.132101058959963 1.0000000180025095e-35 1.0000000180025095e-35 1.0000000180025095e-35 1.0000000180025095e-35 0.17408167570829394 0.066088676452636733 1.0000000180025095e-35 1.0000000180025095e-35 1.0000000180025095e-35 1.0000000180025095e-35 11.377138614654543 1.0000000180025095e-35 7.4620122909545907 1.0000000180025095e-35 1.0000000180025095e-35 1.0000000180025095e-35 1.0000000180025095e-35
decision_type=2 2 2 2 2 2 2 2 2 2 2 2 2 2 2 2 2 2 2 2 2 2 2 2 2 2 2 2 2 2
left_child=2 4 -1 16 5 20 12 8 9 11 13 -3 -6 -11 -15 -12 26 18 25 -20 21 22 -2 -24 -23 -18 27 28 -4 -22
right_child=1 7 3 -5 6 -7 -8 -9 -10 10 15 -13 -14 14 -16 -17 17 -19 19 -21 29 24 23 -25 -26 -27 -28 -29 -30 -31
leaf_value=-0.07172252669680837 0.029906544294484239 0.11751851634430564 -0.030276814209528626 -0.063104879354168322 0.077386020758540716 0.14567462830353253 0.02157564049831737 -0.0025381476741404146 0.19228532290007061 0.14434977622120967 0.062717110587803201 0.23425382721178992 -0.036001503393178487 0.002453671713420895 0.18037827441809506 -0.04447101173517054 0.11055327220674652 -0.096498002466633773 0.21121456384637402 0.042242237851590356 -0.077231759127405708 0.082572325632984001 0.028773117091756475 -0.096237971352778243 0.0041742148926600126 -0.011252402246182618 -0.050779974185778093 -0.049502457507810099 0.068568986628694581 0.031082947816091971
leaf_weight=313.84560285508633 27.654675394296646 68.188386365771294 10.890402495861055 37.866130828857422 98.1871617436409 4.945240080356597 44.53218312561512 6.0002334117889395 9.9008517265319806 22.260702550411224 12.645657658576965 5.3731910288333884 5.2537883073091498 9.6213711202144605 4.6846415698528281 8.1055551767349243 3.7027865648269644 5.5541798472404471 4.0730652213096628 12.589474320411682 10.885755166411402 23.552285447716713 6.7676284313201931 11.069480165839193 13.891919404268263 36.28730833530426 39.749969109892845 23.232858657836914 18.513684242963791 6.7051260173320761
leaf_count=1767 149 344 60 207 508 25 238 31 48 111 66 27 29 52 23 45 20 30 22 68 59 125 36 60 75 196 219 128 102 36
internal_value=-0.000196898 0.0651945 -0.0518877 -0.0195429 0.0411028 0.019411 0.0565642 0.106794 0.111453 0.105339 0.0787638 0.126045 0.071627 0.11163 0.0607168 0.0208488 -0.00887281 0.0137793 0.0245908 0.0835466 0.0131997 0.0236234 -0.000956717 -0.0488072 0.0534864 2.59009e-05 -0.0241251 -0.00399616 0.0319594 -0.0359454
internal_weight=906.531 400.226 506.305 192.46 253.445 105.472 147.973 146.781 140.78 130.88 57.3179 73.5616 103.441 36.5667 14.306 20.7512 154.594 62.2068 56.6526 16.6625 100.527 82.936 45.4918 17.8371 37.4442 39.9901 92.3869 52.6369 29.4041 17.5909
internal_count=4906 2087 2819 1052 1340 565 775 747 716 668 297 371 537 186 75 111 845 336 306 90 540 445 245 96 200 216 509 290 162 95
is_linear=0
shrinkage=0.1


Tree=2
num_leaves=31
num_cat=0
split_feature=0 0 0 11 0 24 70 67 5 53 23 70 14 5 68 9 56 7 1 9 5 0 14 83 55 102 0 0 1 1
split_gain=247.388 30.2367 29.0152 7.81399 11.0667 8.68455 8.86497 7.77908 11.4737 9.11317 7.58028 6.59056 6.39906 7.00293 8.81871 5.31947 5.29687 5.42679 4.8786 4.84434 7.96557 9.85312 5.23075 6.94489 5.75423 4.38819 5.39222 4.99612 4.85127 4.34046
threshold=10.965092182159426 7.2840518951416025 14.680356025695803 1.0000000180025095e-35 14.800821304321291 1.0000000180025095e-35 1.0000000180025095e-35 1.0000000180025095e-35 1.0000000180025095e-35 1.0000000180025095e-35 1.0000000180025095e-35 1.0000000180025095e-35 1.0000000180025095e-35 1.0000000180025095e-35 1.0000000180025095e-35 1.0000000180025095e-35 1.0000000180025095e-35 1.0000000180025095e-35 0.91649556159973156 1.0000000180025095e-35 1.0000000180025095e-35 14.29021215438843 1.0000000180025095e-35 1.0000000180025095e-35 1.0000000180025095e-35 1.0000000180025095e-35 16.880219459533695 16.286105155944828 0.90113317966461193 0.15917559713125232
decision_type=2 2 2 2 2 2 2 2 2 2 2 2 2 2 2 2 2 2 2 2 2 2 2 2 2 2 2 2 2 2
left_child=1 -1 19 4 -4 6 -6 9 11 -7 -5 -9 25 14 -14 16 -3 -18 -10 20 21 22 24 -24 -2 26 27 -12 -28 -17
right_child=2 15 3 10 5 7 -8 8 18 -11 12 -13 13 -15 -16 29 17 -19 -20 -21 -22 -23 23 -25 -26 -27 28 -29 -30 -31
leaf_value=-0.067043188696973913 -0.013365042581925904 -0.063968553730613484 0.26758093433142999 -0.017025355763292675 0.051954965010537514 0.17697780253194698 0.20804933501126258 -0.017035265842627312 -0.036953774509949473 0.083791894471971842 0.08763579352460403 0.12269067167047099 -0.094102670758423171 0.10592535045524694 0.067799833768506276 0.013655590095287128 0.0066408198783643423 -0.044885079676277043 0.077777195711988767 0.013909727130364586 0.016667421139018077 -0.038916372416400682 0.12803024740834312 -0.0050199478669829545 0.075138217729489795 0.19650248693856556 -0.060615167126456808 0.19284716064445456 0.077670190064862268 -0.050864125480282775
leaf_weight=305.15232543647289 9.7465458810329419 33.162406995892525 3.9515127539634696 10.606753900647162 5.1650841534137735 15.023030981421469 12.308712139725685 4.058135092258456 13.458978742361071 34.816515997052193 18.540966734290127 20.075067132711411 6.7489039003849047 7.752240151166915 6.7085190415382385 66.233554184436798 45.22174046933651 37.300608828663826 5.1146906316280356 81.930480301380157 58.395797893404961 8.116972938179968 26.347017660737041 4.6095116287469855 29.830675274133682 4.0783484429121009 3.8971089571714383 5.9656581431627265 7.2684312909841537 12.374907195568083
leaf_count=1786 50 186 20 53 25 72 60 20 72 166 93 98 34 39 33 357 253 208 26 429 303 41 133 24 154 19 20 29 35 68
internal_value=-0.000329723 -0.0474099 0.057799 0.0868946 0.103157 0.0972512 0.161909 0.085043 0.0537229 0.111881 0.0609968 0.099195 0.0745723 0.0302176 -0.0133943 -0.0165742 -0.0302139 -0.0166492 -0.00535994 0.0331464 0.0446466 0.0654203 0.0774273 0.108219 0.0533428 0.0982386 0.0870042 0.113247 0.0294044 0.0034986
internal_weight=903.961 499.446 404.516 185.539 113.972 110.02 17.4738 92.5464 42.7069 49.8395 71.5669 24.1332 60.9602 21.2097 13.4574 194.293 115.685 82.5223 18.5737 218.977 137.047 78.6507 70.5338 30.9565 39.5772 39.7505 35.6722 24.5066 11.1655 78.6085
internal_count=4906 2858 2048 914 559 539 85 454 216 238 355 118 302 106 67 1072 647 461 98 1134 705 402 361 157 204 196 177 122 55 425
is_linear=0
shrinkage=0.1


Tree=3
num_leaves=31
num_cat=0
split_feature=1 0 0 102 0 1 9 11 0 24 70 23 5 67 13 139 0 81 0 53 58 140 11 51 14 5 68 74 9 7
split_gain=202.064 29.2773 16.4076 7.09491 6.68328 7.39276 6.1102 5.71145 7.24759 6.09098 6.06336 5.83002 5.78661 8.57152 7.48706 5.68875 5.43351 5.20032 6.92213 5.13716 5.83461 5.12735 4.97986 4.86461 4.77995 5.37729 7.30106 4.58883 4.51957 4.24673
threshold=0.11171952262520791 14.680356025695803 7.2210814952850351 1.0000000180025095e-35 12.699520587921144 0.12905924767255786 1.0000000180025095e-35 1.0000000180025095e-35 14.800821304321291 1.0000000180025095e-35 1.0000000180025095e-35 1.0000000180025095e-35 1.0000000180025095e-35 1.0000000180025095e-35 1.0000000180025095e-35 1.0000000180025095e-35 15.868583202362062 1.0000000180025095e-35 13.661875724792482 1.0000000180025095e-35 1.0000000180025095e-35 1.0000000180025095e-35 1.0000000180025095e-35 1.0000000180025095e-35 1.0000000180025095e-35 1.0000000180025095e-35 1.0000000180025095e-35 1.0000000180025095e-35 1.0000000180025095e-35 1.0000000180025095e-35
decision_type=2 2 2 2 2 2 2 2 2 2 2 2 2 2 2 2 2 2 2 2 2 2 2 2 2 2 2 2 2 2
left_child=2 4 -1 6 5 -2 15 8 -3 10 -10 -9 19 14 16 -4 -14 -6 23 -11 -21 -22 -17 -19 -13 26 -26 -20 -25 -15
right_child=1 7 3 -5 17 -7 -8 11 9 12 -12 24 13 29 -16 22 -18 18 27 20 21 -23 -24 28 25 -27 -28 -29 -30 -31
leaf_value=-0.063101035571704309 0.10708235843895519 0.21487154530888963 -0.055147132577290182 0.059569172998112069 0.055082151556214903 0.0053429635418231402 -0.0015815433985113616 -0.015444276332529296 0.045738727422845953 0.1469667979663189 0.17244359852480143 0.084879073085574269 -0.051680915404980557 0.044494721091368927 0.1619919803253862 0.081420303041641703 0.08330135452994325 -0.02639239810127017 -0.072596480572509309 0.13383083605875842 0.033120677554057808 0.151417538523719 -0.059307343254318128 0.13404358914790093 -0.0886838617755044 0.090955722224960817 0.059259378921156951 0.04118395664448285 0.013995184948861893 -0.051364186774363878
leaf_weight=290.29513058066368 7.5146863907575598 4.4000356197357169 71.432048782706261 9.9514757990837079 86.285966321825981 144.06360167264938 53.328642055392265 10.527693897485731 5.2741249799728402 14.200439453124998 13.303558021783829 41.272587180137634 4.2662420719861993 8.9680531173944473 8.3609311282634735 6.1607687175273878 9.9076626151800138 5.6142191886901864 11.47608830034733 12.485380440950392 23.505531281232837 4.3404967337846747 4.2486313134431839 7.6794155091047287 6.4603706151247025 8.1045905202627182 6.8969620913267136 5.1286741346120825 5.3007277399301529 9.5356318950653076
leaf_count=1767 41 20 408 55 425 767 287 53 25 65 60 196 20 48 38 35 45 30 61 58 110 20 24 38 34 39 33 27 27 50
internal_value=-0.000424217 0.0454256 -0.0493759 -0.0219208 0.0243926 0.0103868 -0.0279202 0.0753686 0.0889339 0.0840794 0.136473 0.0534181 0.0738948 0.04553 0.0869428 -0.0450827 0.0426727 0.0418677 0.00947421 0.095241 0.0770287 0.0515602 0.0239818 0.0513805 0.0649741 0.0266956 -0.0122944 -0.0374534 0.0850192 -0.00490491
internal_weight=900.29 464.874 435.417 145.122 273.063 151.578 135.17 191.81 118.548 114.148 18.5777 73.2622 95.5704 41.0385 22.5348 81.8414 14.1739 121.485 35.1991 54.5318 40.3314 27.846 10.4094 18.5944 62.7345 21.4619 13.3573 16.6048 12.9801 18.5037
internal_count=4906 2330 2576 809 1416 808 754 914 559 539 85 355 454 201 103 467 65 608 183 253 188 130 59 95 302 106 67 88 65 98
is_linear=0
shrinkage=0.1


Tree=4
num_leaves=31
num_cat=0
split_feature=1 0 0 262 0 102 81 97 9 0 13 11 5 1 21 21 0 267 15 0 5 11 0 83 52 61 63 8 16 7
split_gain=164.939 23.42 14.4578 7.34938 7.37321 5.71913 5.82153 6.55624 5.46863 5.45425 5.50021 7.09347 6.00602 5.43217 5.42747 4.7359 4.73615 4.52405 4.51905 6.36559 6.57623 10.1638 3.99753 4.31721 6.57118 6.39655 8.49052 5.71627 5.5544 4.88773
threshold=0.11171952262520791 15.368925571441652 7.2210814952850351 1.0000000180025095e-35 12.699520587921144 1.0000000180025095e-35 1.0000000180025095e-35 1.0000000180025095e-35 1.0000000180025095e-35 9.5838465690612811 1.0000000180025095e-35 1.0000000180025095e-35 1.0000000180025095e-35 0.12905924767255786 1.0000000180025095e-35 1.0000000180025095e-35 8.0862421989440936 1.0000000180025095e-35 1.0000000180025095e-35 12.921286582946779 1.0000000180025095e-35 1.0000000180025095e-35 12.881587982177736 1.0000000180025095e-35 1.0000000180025095e-35 1.0000000180025095e-35 1.0000000180025095e-35 1.0000000180025095e-35 1.0000000180025095e-35 1.0000000180025095e-35
decision_type=2 2 2 2 2 2 2 2 2 2 2 2 2 2 2 2 2 2 2 2 2 2 2 2 2 2 2 2 2 2
left_child=2 3 -1 4 13 6 7 8 9 10 11 12 -4 -2 -3 16 -8 18 22 -20 -21 -22 -6 24 29 26 -26 -27 -29 -24
right_child=1 14 5 -5 17 -7 15 -9 -10 -11 -12 -13 -14 -15 -16 -17 -18 -19 19 20 21 -23 23 -25 25 27 -28 28 -30 -31
leaf_value=-0.059087510934678247 0.091155809699080062 0.065366281736729273 0.16769903274563699 -0.09687171142859681 0.10354861058641669 0.051910903479759775 -0.08217240859425029 -0.087304093222877882 0.038667288903706097 -0.099887981980390297 -0.046597971069406566 -0.030700116251241777 0.012505443461270386 0.0060706012530253282 0.12423385164549275 -0.12884993764728922 -0.016712204051918214 0.13398762512397921 -0.038163069084777797 0.098193391836031083 -0.027954126992831979 0.12755918791319501 0.046112842259496439 -0.038054934664845406 -0.032808344910132327 0.095832606777013191 0.08257204874170633 -0.030969681181078974 0.096421104485185816 0.1765659501056519
leaf_weight=279.58436474204063 7.920897811651229 136.36529311537743 5.0534759014844894 4.9013662636280051 6.1400533169507971 10.259898677468298 16.930781215429306 9.1667323410510999 26.178343281149864 7.0347441434860221 16.061568826436996 9.1773380786180496 4.92291359603405 142.40279065072536 17.694157496094704 6.7431813180446616 31.835799604654312 5.0959543734788886 5.8846504390239707 33.396907106041908 12.50750255584717 6.3293579369783393 7.5021618604660016 11.181918025016783 32.057424545288086 14.697476774454117 7.9617767333984366 10.841874703764914 5.0015656799077997 4.653683140873909
leaf_count=1767 41 629 29 25 30 55 97 51 140 41 95 53 28 756 80 39 181 25 29 163 62 31 37 58 156 71 38 53 24 22
internal_value=-0.000484563 0.0401185 -0.045848 0.0246346 0.0265338 -0.0200289 -0.0255741 -0.00788567 0.0027533 -0.0194992 -0.00344043 0.0327498 0.0911178 0.0105539 0.0721274 -0.0503001 -0.0394387 0.0412481 0.03826 0.0604371 0.0715454 0.0242998 0.0253759 0.0202641 0.0281479 0.0164491 -0.00985354 0.0509148 0.00924591 0.0960549
internal_weight=895.486 472.537 422.949 318.477 313.576 143.365 133.105 77.5951 68.4284 42.25 35.2153 19.1537 9.97639 150.324 154.059 55.5098 48.7666 163.252 158.156 58.1184 52.2338 18.8369 100.038 93.8979 82.716 70.5601 40.0192 30.5409 15.8434 12.1558
internal_count=4906 2330 2576 1621 1596 809 754 437 386 246 205 110 57 797 709 317 278 799 774 285 256 93 489 459 401 342 194 148 77 59
is_linear=0
shrinkage=0.1


Tree=5
num_leaves=31
num_cat=0
split_feature=0 0 0 82 262 100 102 34 11 16 11 0 16 139 26 55 6 8 60 152 0 67 34 1 0 0 54 83 39 14
split_gain=135.336 18.3086 14.1974 6.76254 5.42578 5.04133 4.89696 4.85782 4.21719 4.19617 4.0778 5.18396 5.65943 7.66734 6.62529 4.63073 4.61427 4.74604 4.07532 3.84567 3.64997 3.49078 6.11703 5.47448 4.59489 3.56704 3.46584 3.36186 4.67533 6.95076
threshold=10.843257904052736 7.2840518951416025 15.368925571441652 1.0000000180025095e-35 1.0000000180025095e-35 1.0000000180025095e-35 1.0000000180025095e-35 1.0000000180025095e-35 1.0000000180025095e-35 1.0000000180025095e-35 1.0000000180025095e-35 10.444900512695314 1.0000000180025095e-35 1.0000000180025095e-35 1.0000000180025095e-35 1.0000000180025095e-35 1.0000000180025095e-35 1.0000000180025095e-35 1.0000000180025095e-35 1.0000000180025095e-35 9.3497605323791522 1.0000000180025095e-35 1.0000000180025095e-35 0.78462240099906932 16.735113143920902 15.727583885192873 1.0000000180025095e-35 1.0000000180025095e-35 1.0000000180025095e-35 1.0000000180025095e-35
decision_type=2 2 2 2 2 2 2 2 2 2 2 2 2 2 2 2 2 2 2 2 2 2 2 2 2 2 2 2 2 2
left_child=1 -1 4 7 19 6 8 10 21 -8 11 12 15 14 -14 -3 26 -18 -16 27 -20 -4 23 25 -24 -23 -17 28 -2 -30
right_child=2 3 5 -5 -6 -7 9 -9 -10 -11 -12 -13 13 -15 18 16 17 -19 20 -21 -22 22 24 -25 -26 -27 -28 -29 29 -31
leaf_value=-0.055019417274487371 0.040302369311461091 -0.079469506591097416 0.09149139862118072 -0.054483500940621689 -0.087294523472437185 -0.03349543773407121 0.19581785767127446 -0.054682438190075872 0.039043903066384944 0.070639227805225732 -0.018769647251030599 -0.050333673533423176 -0.020466085882114637 0.18040029300401442 0.16298693707726852 0.064030703769924785 0.019094387308792534 0.14829030584070993 -0.011714072195820555 0.12240334750642644 0.11248655817421288 0.080710181000955783 0.037036403917280782 0.12155375027404394 -0.093316684691013424 -0.031381926102275345 -0.04171564765266448 -0.00098976836007912757 -0.017238760468530973 0.045537771468634178
leaf_weight=272.82153964042664 157.21907930076122 6.0237455219030371 52.393658325076103 33.852713957428932 4.1818096488714209 5.1993529200553885 5.2375742048025113 17.370784193277359 51.98314169049263 5.4794545620679855 56.362697377800941 9.9831475466489774 10.876053661108021 4.4623738378286353 4.4231466352939597 4.0418751388788232 8.5423467606306094 4.262011617422103 5.02436263859272 4.2024229764938346 4.4723047167062759 6.0448200553655642 7.996341720223425 13.905746787786482 4.0859183371067047 5.3529877662658691 13.291968271136284 39.394006937742233 41.334673628211021 30.764937147498131
leaf_count=1786 761 35 226 198 22 24 22 100 240 23 318 56 61 24 25 22 46 23 28 21 24 28 37 63 20 26 73 206 215 153
internal_value=-0.000533398 -0.0386056 0.0393808 -0.0141341 0.0257493 0.0633361 0.0666379 -0.00497512 0.0617106 0.131816 0.00157782 0.0167872 0.0270299 0.0597287 0.0380121 0.00057361 0.0165719 0.0620981 0.0837032 0.0274815 0.0467762 0.0748348 0.0514917 0.0794429 -0.00704575 0.0280661 -0.0170579 0.025997 0.030633 0.00954801
internal_weight=890.587 455.811 434.776 182.99 277.097 157.679 152.48 149.137 141.763 10.717 131.766 75.4033 65.4202 29.2582 24.7959 36.1619 30.1382 12.8044 13.9198 272.915 9.49667 89.7795 37.3858 25.3036 12.0823 11.3978 17.3338 268.713 229.319 72.0996
internal_count=4906 2819 2087 1033 1378 709 685 835 640 45 735 417 361 162 138 199 164 69 77 1356 52 400 174 117 57 54 95 1335 1129 368
is_linear=0
shrinkage=0.1


Tree=6
num_leaves=31
num_cat=0
split_feature=1 0 0 100 262 0 151 114 30 102 1 139 9 10 99 69 12 99 16 51 14 9 56 7 61 7 65 15 140 7
split_gain=111.373 14.1243 10.8229 5.30118 5.18302 4.52242 4.2194 6.45401 4.56088 4.20522 4.13033 4.07411 4.54071 4.40331 4.02195 3.70471 4.35773 6.88536 6.05866 6.05185 5.96919 7.75867 7.04829 7.18581 5.08218 4.49435 4.2411 5.41077 5.26373 3.53569
threshold=0.11171952262520791 15.368925571441652 7.2210814952850351 1.0000000180025095e-35 1.0000000180025095e-35 12.699520587921144 1.0000000180025095e-35 1.0000000180025095e-35 1.0000000180025095e-35 1.0000000180025095e-35 0.12905924767255786 1.0000000180025095e-35 1.0000000180025095e-35 1.0000000180025095e-35 1.0000000180025095e-35 1.0000000180025095e-35 1.0000000180025095e-35 1.0000000180025095e-35 1.0000000180025095e-35 1.0000000180025095e-35 1.0000000180025095e-35 1.0000000180025095e-35 1.0000000180025095e-35 1.0000000180025095e-35 1.0000000180025095e-35 1.0000000180025095e-35 1.0000000180025095e-35 1.0000000180025095e-35 1.0000000180025095e-35 1.0000000180025095e-35
decision_type=2 2 2 2 2 2 2 2 2 2 2 2 2 2 2 2 2 2 2 2 2 2 2 2 2 2 2 2 2 2
left_child=2 4 -1 9 5 10 7 8 -3 11 -2 12 -4 14 -13 26 17 19 -19 -17 21 22 -18 -24 -21 -22 27 28 -7 -23
right_child=1 6 3 -5 -6 15 -8 -9 -10 -11 -12 13 -14 -15 -16 16 20 18 -20 24 25 29 23 -25 -26 -27 -28 -29 -30 -31
leaf_value=-0.05161433018848649 0.077390640355346152 0.14029750885487996 -0.050402500892588464 0.076337999863782563 -0.086972603022965805 0.050600484937922199 0.14054119752722094 -0.033292298897236949 0.053956640137071847 0.040474383785488594 0.0047040290807502227 0.094117337453589425 -0.0081332916372395137 -0.050459153561749806 -0.030041931662774853 0.053834420454126855 0.058804338527477219 0.10537135586583544 -0.027521508607520263 -0.059400865098303494 0.12617567426674356 0.13766897965082142 -0.14213857817718664 0.020127411489269463 0.021127111155594198 0.019731651617482728 -0.022623204414868082 0.098449302965848154 -0.070645573371190248 0.021112372153346423
leaf_weight=260.38345594704151 8.2691453099250776 6.3978132158517829 64.423981696367264 5.811364918947219 4.4912834763526908 26.556063920259479 5.6938681900501242 8.2276529520750028 139.9338194578886 10.213581100106238 143.17938733100891 7.9609110057353991 41.970937788486481 6.2247896939516059 3.8809144794940948 9.9616467058658582 6.4353168755769738 10.434097737073897 5.1111087650060645 24.97482231259346 11.736305668950083 5.6709174364805239 6.3715424835681915 4.7739085406064987 11.421049132943152 5.991763323545455 6.7088861614465705 22.94203770160675 4.1386467069387427 4.8100161850452423
leaf_count=1767 41 28 393 33 25 126 25 37 619 53 756 44 230 35 21 47 31 50 24 120 55 27 31 22 54 28 33 108 20 23
internal_value=-0.000558185 0.031717 -0.039545 -0.0171753 0.0197054 0.021205 0.0560005 0.0528861 0.0577316 -0.0212105 0.00867274 -0.0262725 -0.033728 0.0176332 0.0534267 0.0325001 0.0213852 0.00408442 0.0616775 -0.0152284 0.044774 0.0160763 -0.0245229 -0.0726355 -0.0341311 0.0901995 0.0523356 0.0617114 0.0342526 0.0841776
internal_weight=885.101 484.231 400.87 140.486 323.978 319.487 160.253 154.559 146.332 134.675 151.449 124.462 106.395 18.0666 11.8418 168.038 107.692 61.9027 15.5452 46.3575 45.7898 28.0617 17.5808 11.1455 36.3959 17.7281 60.3456 53.6367 30.6947 10.4809
internal_count=4906 2330 2576 809 1621 1596 709 684 647 776 797 723 623 100 65 799 512 295 74 221 217 134 84 53 174 83 287 254 146 50
is_linear=0
shrinkage=0.1


Tree=7
num_leaves=31
num_cat=0
split_feature=0 0 0 1 52 100 214 82 54 69 104 7 64 87 95 0 11 113 61 0 0 54 69 55 72 1 5 14 13 1
split_gain=92.1947 16.2636 8.49057 6.68064 5.44401 5.23767 4.75737 4.2548 5.52088 4.37009 3.78509 3.77242 4.89893 4.26056 4.91046 7.28843 5.72906 3.93879 4.02362 3.9247 3.63831 7.81142 6.16585 5.17432 4.95299 4.67903 4.40483 4.53769 3.9182 3.61898
threshold=8.7460646629333514 13.289527893066408 13.474332809448244 0.61715719103813182 1.0000000180025095e-35 1.0000000180025095e-35 1.0000000180025095e-35 1.0000000180025095e-35 1.0000000180025095e-35 1.0000000180025095e-35 1.0000000180025095e-35 1.0000000180025095e-35 1.0000000180025095e-35 1.0000000180025095e-35 1.0000000180025095e-35 9.2908968925476092 1.0000000180025095e-35 1.0000000180025095e-35 1.0000000180025095e-35 10.788501262664797 17.370294570922855 1.0000000180025095e-35 1.0000000180025095e-35 1.0000000180025095e-35 1.0000000180025095e-35 0.89459273219108593 1.0000000180025095e-35 1.0000000180025095e-35 1.0000000180025095e-35 0.74826982617378246
decision_type=2 2 2 2 2 2 2 2 2 2 2 2 2 2 2 2 2 2 2 2 2 2 2 2 2 2 2 2 2 2
left_child=5 6 -3 4 -4 -1 11 10 -9 -10 20 12 17 14 15 16 -13 -2 -19 -16 21 25 -22 -24 -23 26 -5 29 -25 -28
right_child=1 2 3 7 -6 -7 -8 8 9 -11 -12 13 -14 -15 19 -17 -18 18 -20 -21 22 24 23 28 -26 -27 27 -29 -30 -31
leaf_value=-0.044621056883393316 0.0051418068172515013 0.12060196677839621 0.084164473347773078 0.11667658320960024 -0.00072380256898703539 0.037198902492494211 0.1083315584932443 -0.058466172657283801 0.11160002728548123 -0.0055139065148396421 -0.013500205503621358 0.13021553383595938 0.092598787097529153 0.065721444043744678 -0.11690724484075976 -0.01783315244706727 -0.016972669084107574 0.02517702000939618 0.14955062717675066 -0.02132099670654793 0.029608723419008554 -0.030387211422204536 0.021998887072469279 0.17627310545269928 0.038085617878412623 -0.0058280758052059768 0.16167253959486974 -0.0035160863071190306 0.081453499193560985 0.047730340749497446
leaf_weight=319.41875295341015 132.50305682420731 12.642298266291617 8.6306316107511503 25.147262960672379 60.60700935125351 8.0202755481004697 4.4676027148962012 8.6202947646379471 5.5800410211086273 7.4270473420619965 8.8398946523666364 6.4861658215522748 7.5747943371534339 6.8106645345687857 7.7941929250955608 66.54142738878727 4.4647949486970901 8.0961442291736585 3.8323800265789023 9.5693722516298276 14.206564009189604 12.134040147066115 4.878419607877734 10.805955752730371 81.647457882761955 5.8963690400123587 4.682590052485466 8.165615126490593 7.3035438656806937 6.8877191245555878
leaf_count=2160 697 58 40 109 289 52 23 40 25 34 41 36 36 34 45 355 26 43 20 50 62 55 21 46 362 26 21 38 31 31
internal_value=-0.000574317 0.0243538 0.0404315 0.0368305 0.00985772 -0.042617 0.00603637 0.0456303 0.0035966 0.044728 0.0504 0.00423479 0.0142079 -0.0106765 -0.0161619 -0.0053918 0.0702057 0.0100967 0.0651356 -0.0642279 0.0535079 0.0463313 0.0814007 0.113408 0.0292262 0.0779215 0.0889238 0.0535616 0.138032 0.0938436
internal_weight=879.682 552.243 294.103 281.46 69.2376 327.439 258.141 212.223 21.6274 13.0071 190.595 253.673 152.006 101.667 94.856 77.4924 10.951 144.432 11.9285 17.3636 181.756 144.561 37.1945 22.9879 93.7815 50.7796 44.8832 19.7359 18.1095 11.5703
internal_count=4906 2694 1329 1271 329 2212 1365 942 99 59 843 1342 796 546 512 417 62 760 63 95 802 642 160 98 417 225 199 90 77 52
is_linear=0
shrinkage=0.1


Tree=8
num_leaves=31
num_cat=0
split_feature=0 0 0 268 0 21 44 100 7 64 174 8 87 95 0 11 0 9 67 78 88 67 139 7 0 177 79 181 187 0
split_gain=75.8758 12.9467 6.39185 6.13067 5.37058 5.68406 5.57771 4.3856 3.92812 4.35161 3.83443 3.9439 3.77702 4.77247 5.67168 4.20859 3.65819 3.33656 3.29461 4.42182 3.48261 3.18905 3.13938 11.9966 8.24281 3.44011 3.13581 3.09147 4.45405 3.00704
threshold=8.7460646629333514 13.289527893066408 13.474332809448244 1.0000000180025095e-35 15.585215568542482 1.0000000180025095e-35 1.0000000180025095e-35 1.0000000180025095e-35 1.0000000180025095e-35 1.0000000180025095e-35 1.0000000180025095e-35 1.0000000180025095e-35 1.0000000180025095e-35 1.0000000180025095e-35 9.2908968925476092 1.0000000180025095e-35 10.788501262664797 1.0000000180025095e-35 1.0000000180025095e-35 1.0000000180025095e-35 1.0000000180025095e-35 1.0000000180025095e-35 1.0000000180025095e-35 1.0000000180025095e-35 5.405886411666871 1.0000000180025095e-35 1.0000000180025095e-35 1.0000000180025095e-35 1.0000000180025095e-35 11.43189573287964
decision_type=2 2 2 2 2 2 2 2 2 2 2 2 2 2 2 2 2 2 2 2 2 2 2 2 2 2 2 2 2 2
left_child=7 8 17 4 6 27 -4 22 9 18 26 -12 13 14 15 -10 -15 -3 20 29 -2 -9 25 -24 -25 -1 -8 28 -6 -20
right_child=1 2 3 -5 5 -7 10 21 12 -11 11 -13 -14 16 -16 -17 -18 -19 19 -21 -22 -23 23 24 -26 -27 -28 -29 -30 -31
leaf_value=-0.04570580495857797 0.02236378405251202 0.14464192511402182 -0.067835677259710556 0.13840427054432705 0.036024174158777102 0.097602762054929307 0.018712193081703511 -0.039133812395189642 0.10946724049303132 0.086996244250893709 0.10547936732509465 0.013166624291837415 0.058831993297750046 -0.11407732893873171 -0.015747608789008813 -0.015428164828344035 -0.021642506698463536 0.041473678564913741 0.019865290034725681 -0.10655565382529637 0.12017953225148861 0.08683214909197548 -0.063545949957341516 -0.026629297321332041 0.15723767476654382 0.045675195065407403 -0.045110878502524987 -0.039483804835965294 0.13450919347929347 -0.019936261996106305
leaf_weight=281.18617142736912 62.237593770027161 7.985858276486395 7.4899568259716025 5.3947163671255103 121.18367229402065 17.326609119772911 95.566909223794937 3.5243694484233838 6.9181560575962049 8.0452244430780393 10.021289184689522 8.5996310412883759 7.4348462969064704 7.6883354485034969 66.546661645174026 4.422891691327095 9.6621770709753019 5.1604892462491989 45.424416810274124 3.8494473099708548 3.8659765720367423 4.6768009513616562 15.120987951755524 4.289217084646225 5.6498063802719116 4.180912271142005 8.3727426677942258 5.1238096803426734 4.7730057686567298 32.608025431632996
leaf_count=1962 325 35 35 24 525 73 443 23 36 37 45 40 36 47 358 26 51 23 245 21 20 29 102 31 36 29 42 23 21 163
internal_value=-0.000576108 0.0217306 0.0359762 0.0328191 0.0307735 0.043774 0.015938 -0.03948 0.0053762 0.0153719 0.0210576 0.0628469 -0.00981414 -0.0151731 -0.00460761 0.0607593 -0.0626021 0.104144 0.0114781 -0.00192831 0.0280844 0.0326996 -0.0413869 -0.00745147 0.0778893 -0.044367 0.013571 0.0366588 0.0397562 0.0032331
internal_weight=874.331 555.702 296.999 283.852 278.458 148.407 130.051 318.628 258.704 156.031 122.561 18.6209 102.673 95.2382 77.8877 11.341 17.3505 13.1463 147.985 81.8819 66.1036 8.20117 310.427 25.06 9.93902 285.367 103.94 131.08 125.957 78.0324
internal_count=4906 2694 1329 1271 1247 642 605 2212 1365 811 570 85 554 518 420 62 98 58 774 429 345 52 2160 169 67 1991 485 569 546 408
is_linear=0
shrinkage=0.1


Tree=9
num_leaves=31
num_cat=0
split_feature=1 1 1 79 97 105 0 34 16 39 102 8 11 23 53 24 56 1 0 14 8 0 67 53 6 50 108 7 105 26
split_gain=62.9341 7.57889 7.28087 4.44867 4.6925 5.77279 5.21037 4.29512 4.48846 8.5882 3.76533 4.10666 4.03384 5.41602 4.27293 4.0176 4.30259 3.77774 5.7998 3.66557 4.96016 3.47068 3.39474 4.30613 4.23287 3.69386 3.36171 6.44632 4.31338 3.9241
threshold=0.11171952262520791 -0.20009126514196393 0.61715719103813182 1.0000000180025095e-35 1.0000000180025095e-35 1.0000000180025095e-35 7.4620122909545907 1.0000000180025095e-35 1.0000000180025095e-35 1.0000000180025095e-35 1.0000000180025095e-35 1.0000000180025095e-35 1.0000000180025095e-35 1.0000000180025095e-35 1.0000000180025095e-35 1.0000000180025095e-35 1.0000000180025095e-35 0.6562476158142091 15.368925571441652 1.0000000180025095e-35 1.0000000180025095e-35 6.9089665412902841 1.0000000180025095e-35 1.0000000180025095e-35 1.0000000180025095e-35 1.0000000180025095e-35 1.0000000180025095e-35 1.0000000180025095e-35 1.0000000180025095e-35 1.0000000180025095e-35
decision_type=2 2 2 2 2 2 2 2 2 2 2 2 2 2 2 2 2 2 2 2 2 2 2 2 2 2 2 2 2 2
left_child=1 21 -2 4 5 6 -3 8 19 -10 12 -12 15 -14 -15 16 -4 -17 -19 20 -8 26 23 -20 25 -25 28 29 -1 -28
right_child=2 3 10 -5 -6 -7 7 -9 9 -11 11 -13 13 14 -16 17 -18 18 22 -21 -22 -23 -24 24 -26 -27 27 -29 -30 -31
leaf_value=-0.045480137111971644 0.012146132363505906 0.072811316106298971 0.020429691164596739 -0.060766077545366996 -0.063956131655452539 0.099639084287823254 -0.031883535550871589 -0.064137101407696892 0.0059646547644567928 0.15884542071099791 0.043414738101399217 0.14933114085361707 -0.054885540781474784 0.059914408418642928 0.0061419064709079107 0.090851247787799475 0.11806886081954393 -0.029437371407746563 0.10115976076554781 -0.055311757536253017 0.061932565786886676 -0.094443176429115899 0.016244419793459707 0.10431226955085349 -0.005788580354622281 0.0078390714939441507 0.032064902444479786 0.10893943303192644 0.022125413188974805 -0.11877489791693095
leaf_weight=203.70631450414658 278.81607887148857 7.9872486591339102 6.8413043469190606 16.959381237626076 12.538293182849882 5.589294120669364 15.491846308112144 13.229240283370016 32.126836150884628 4.1490261852741233 9.5198192745447141 5.9478056579828253 9.7701453119516355 22.742077097296715 42.196860209107399 11.250704050064085 13.262114092707634 14.168312072753904 15.264693915843962 20.281163319945335 8.8579347282648087 12.135120287537573 34.473455011844635 10.881327137351038 13.477076962590219 6.2476507127284995 3.3166595697402936 4.3578311055898666 9.8958729356527311 3.5931074470281601
leaf_count=1513 1388 49 29 107 76 31 92 85 183 24 40 25 46 100 187 50 55 67 62 119 51 90 154 45 56 26 25 31 73 27
internal_value=-0.000577529 -0.0315228 0.0228235 -0.0128191 -0.006057 0.000682756 -0.00473321 -0.0113127 -0.00267527 0.0234503 0.0366031 0.084143 0.032937 0.0145298 0.0249734 0.0438628 0.0848417 0.0360736 0.0295529 -0.02391 0.00224478 -0.042351 0.0399555 0.0577752 0.0361372 0.0691245 -0.0395399 0.0136956 -0.0423481 -0.0463724
internal_weight=869.075 374.215 494.859 137.21 120.251 107.713 102.123 94.136 80.9068 36.2759 216.043 15.4676 200.576 74.7091 64.9389 125.867 20.1034 105.763 94.5125 44.6309 24.3498 237.005 80.3442 45.8707 30.6061 17.129 224.87 11.2676 213.602 6.90977
internal_count=4906 2576 2330 817 710 634 603 554 469 207 942 65 877 333 287 544 84 460 410 262 143 1759 343 189 127 71 1669 83 1586 52
is_linear=0
shrinkage=0.1


Tree=10
num_leaves=31
num_cat=0
split_feature=0 0 143 267 6 79 69 108 236 222 113 47 0 13 114 26 0 11 68 0 39 54 69 0 0 67 7 15 67 8
split_gain=52.4716 8.82963 7.27951 5.18248 6.35189 3.92005 5.1199 4.07731 4.88659 4.48155 3.53478 4.39853 4.05909 3.50305 4.82936 5.9118 4.47547 6.17178 5.43774 4.31926 6.03452 4.25392 3.97725 6.28402 9.97676 6.25609 5.70973 6.96622 4.54943 4.67653
threshold=8.6036963462829608 12.699520587921144 1.0000000180025095e-35 1.0000000180025095e-35 1.0000000180025095e-35 1.0000000180025095e-35 1.0000000180025095e-35 1.0000000180025095e-35 1.0000000180025095e-35 1.0000000180025095e-35 1.0000000180025095e-35 1.0000000180025095e-35 10.444900512695314 1.0000000180025095e-35 1.0000000180025095e-35 1.0000000180025095e-35 15.868583202362062 1.0000000180025095e-35 1.0000000180025095e-35 16.735113143920902 1.0000000180025095e-35 1.0000000180025095e-35 1.0000000180025095e-35 13.474332809448244 14.054756641387941 1.0000000180025095e-35 1.0000000180025095e-35 1.0000000180025095e-35 1.0000000180025095e-35 1.0000000180025095e-35
decision_type=2 2 2 2 2 2 2 2 2 2 2 2 2 2 2 2 2 2 2 2 2 2 2 2 2 2 2 2 2 2
left_child=-1 2 10 5 -5 7 -7 8 9 13 -2 12 -12 14 15 21 17 18 -17 -18 -21 -3 26 -24 -25 -26 28 -28 -15 -30
right_child=1 3 -4 4 -6 6 -8 -9 -10 -11 11 -13 -14 22 -16 16 19 -19 -20 20 -22 -23 23 24 25 -27 27 -29 29 -31
leaf_value=-0.034643153777291921 0.00063095850630610038 0.098342580037478172 -0.13266765869438299 0.16571316176148498 0.013034786153195014 0.05404441600504515 -0.052687893128600664 -0.0091240617367627057 -0.069934274690065065 -0.038628882408073578 0.088671866512650438 0.13455522621232338 -0.028576748523181508 -0.020071081054303035 -0.049201416121086083 0.024949591491998078 0.11793509535826673 0.047816957848356545 -0.068462974972498772 0.098626815935492815 -0.023889748283116068 0.050321679136029987 0.076084774700502414 -0.1277788741821273 0.042644778170580877 -0.027704424866354879 0.037575482155428906 0.18393814313448031 0.014727502245786596 0.12850245801315649
leaf_weight=296.7310084477067 203.85250535607338 27.381065472960472 3.9523524791002265 5.8849558234214765 5.0745131373405457 6.7112298160791406 13.606113821268082 27.143858939409256 4.6764781177043906 8.4380494803190214 4.8919305652380007 4.379573017358779 7.4482473134994507 14.079577207565308 5.2871575802564612 11.613516852259636 8.6942980289459246 21.54116889834404 13.447591930627823 7.2441622614860544 9.0335500985383987 56.537567600607872 10.899085462093351 6.0872291624546042 25.470289081335068 25.096864983439445 7.6362445503473264 5.663847878575325 9.3278289288282377 5.8963694423437127
leaf_count=2173 1102 119 22 25 22 31 65 120 21 38 26 22 39 62 23 52 37 98 63 30 39 250 49 29 108 115 34 24 42 26
internal_value=-0.000572337 0.0172582 0.00184611 0.0273624 0.0950192 0.0251257 -0.0174321 0.0279042 0.0314426 0.0331396 0.00425641 0.0484591 0.0179033 0.0353747 0.0447866 0.0479825 0.0268692 0.00856446 -0.0251748 0.0610292 0.0306345 0.06599 0.0216375 0.00654764 -0.00682981 0.00772993 0.0455643 0.0999041 0.0209011 0.0587928
internal_weight=863.728 566.997 224.525 342.473 10.9595 331.513 20.3173 311.196 284.052 279.375 220.572 16.7198 12.3402 270.937 160.78 155.493 71.5743 46.6023 25.0611 24.972 16.2777 83.9186 110.157 67.5535 56.6544 50.5672 42.6039 13.3001 29.3038 15.2242
internal_count=4906 2733 1211 1522 47 1475 96 1379 1259 1238 1189 87 65 1200 711 688 319 213 115 106 69 369 489 301 252 223 188 58 130 68
is_linear=0
shrinkage=0.1


Tree=11
num_leaves=31
num_cat=0
split_feature=0 152 0 143 226 108 0 0 0 114 50 0 0 0 10 52 44 42 69 86 9 100 80 0 0 45 64 16 81 8
split_gain=43.1408 8.82668 7.09834 6.21304 4.66726 3.98506 4.17674 4.13047 5.47012 3.82659 4.38713 5.63795 3.56817 6.9043 6.77151 4.44704 6.90508 6.76026 4.10676 3.56362 3.3712 5.10721 4.66894 8.79331 4.00396 3.35353 3.31292 3.27317 5.49742 4.70517
threshold=8.6036963462829608 1.0000000180025095e-35 12.699520587921144 1.0000000180025095e-35 1.0000000180025095e-35 1.0000000180025095e-35 16.286105155944828 16.223134994506839 15.260780334472658 1.0000000180025095e-35 1.0000000180025095e-35 16.735113143920902 13.474332809448244 13.289527893066408 1.0000000180025095e-35 1.0000000180025095e-35 1.0000000180025095e-35 1.0000000180025095e-35 1.0000000180025095e-35 1.0000000180025095e-35 1.0000000180025095e-35 1.0000000180025095e-35 1.0000000180025095e-35 4.8090348243713388 2.7310061454772954 1.0000000180025095e-35 1.0000000180025095e-35 1.0000000180025095e-35 1.0000000180025095e-35 1.0000000180025095e-35
decision_type=2 2 2 2 2 2 2 2 2 2 2 2 2 2 2 2 2 2 2 2 2 2 2 2 2 2 2 2 2 2
left_child=20 2 3 -2 5 6 12 8 -7 10 -8 -12 13 14 26 17 -17 18 -14 -15 -1 22 24 -24 -22 -25 -4 -18 29 -29
right_child=1 -3 4 -5 -6 7 9 -9 -10 -11 11 -13 15 19 -16 16 27 -19 -20 -21 21 -23 23 25 -26 -27 -28 28 -30 -31
leaf_value=-0.040688453330093369 0.0023234400656950284 0.12696876195619866 0.036803932270342808 -0.12867972248707005 -0.042238256545001879 -0.019873899439525246 0.080715193011719921 -0.074588558933141702 0.095722934615201496 -0.033856944649003649 0.070929060475124581 0.0064548456808133014 0.071466223147396146 0.17592765532297761 -0.036074265954902589 -0.086620631400072784 -0.00071967042869156093 0.14606878223742897 -0.021457815575235756 0.063818396407692143 -0.088455927908977355 0.090629801298019438 0.17123773759667271 -0.076092334771301035 -0.02262937116476053 0.06497653804375729 0.13336970927480177 0.0238660168130625 -0.01871829191580577 0.098526216288367718
leaf_weight=175.03359822928905 218.37261690199375 7.0094958245754233 18.249535903334621 3.6812948584556571 10.577823027968405 14.675593301653867 32.148259297013283 7.4658783525228491 5.677190124988555 5.610195353627204 23.84735381603241 31.448738619685173 9.2200817763805425 4.9784868955612165 12.501503571867941 7.5116976201534262 78.733428061008453 5.8964151889085761 9.8230645358562469 6.5865518748760223 10.299819275736807 4.1237416416406623 3.4597260206937772 4.4662138521671295 89.82960356771946 2.7062628418207169 4.4115853905677787 21.246300294995308 15.019953936338423 14.005312129855154
leaf_count=1328 1176 32 84 22 48 68 133 32 24 25 100 135 40 21 58 35 358 26 43 28 81 26 27 32 659 20 19 93 71 62
internal_value=-0.000558169 0.0154463 0.0140546 0.000151619 0.0231444 0.0252462 0.0285904 -0.0109672 0.0123706 0.0462028 0.0513392 0.0342604 0.0207179 0.0450534 0.0230086 0.0136749 0.00658144 0.0525039 0.023533 0.112079 -0.0319522 -0.0186421 -0.0227103 0.0402959 -0.0294006 -0.0228653 0.055603 0.0120084 0.0319427 0.0535282
internal_weight=858.617 568.698 561.689 222.054 339.635 329.057 301.238 27.8187 20.3528 93.0545 87.4444 55.2961 208.184 46.7277 35.1626 161.456 136.517 24.9396 19.0431 11.565 289.919 114.885 110.762 10.6322 100.129 7.17248 22.6611 129.005 50.2716 35.2516
internal_count=4906 2733 2701 1198 1503 1455 1331 124 92 393 368 235 938 210 161 728 619 109 83 49 2173 845 819 79 740 52 103 584 226 155
is_linear=0
shrinkage=0.1


Tree=12
num_leaves=31
num_cat=0
split_feature=1 152 0 143 226 267 102 54 139 7 0 108 83 7 1 56 12 9 80 0 104 22 129 67 15 0 0 102 10 69
split_gain=35.9693 9.36206 6.77731 5.99661 3.7841 3.56718 3.33407 4.53732 3.4024 6.51064 6.22119 3.2755 3.17925 5.21015 5.34913 3.95567 3.83801 3.49982 4.81227 11.3886 5.6635 4.43548 5.98377 4.01396 3.86751 3.14516 4.73656 3.13613 4.71885 5.74042
threshold=-0.10076811909675597 1.0000000180025095e-35 12.699520587921144 1.0000000180025095e-35 1.0000000180025095e-35 1.0000000180025095e-35 1.0000000180025095e-35 1.0000000180025095e-35 1.0000000180025095e-35 1.0000000180025095e-35 5.405886411666871 1.0000000180025095e-35 1.0000000180025095e-35 1.0000000180025095e-35 -0.27872842550277704 1.0000000180025095e-35 1.0000000180025095e-35 1.0000000180025095e-35 1.0000000180025095e-35 4.8090348243713388 1.0000000180025095e-35 1.0000000180025095e-35 1.0000000180025095e-35 1.0000000180025095e-35 1.0000000180025095e-35 16.223134994506839 15.260780334472658 1.0000000180025095e-35 1.0000000180025095e-35 1.0000000180025095e-35
decision_type=2 2 2 2 2 2 2 2 2 2 2 2 2 2 2 2 2 2 2 2 2 2 2 2 2 2 2 2 2 2
left_child=6 2 3 -2 5 11 8 -8 12 -10 -11 27 17 -14 15 16 -15 -1 20 -20 21 23 -23 -19 -24 26 -13 -4 29 -29
right_child=1 -3 4 -5 -6 -7 7 -9 9 10 -12 25 13 14 -16 -17 -18 18 19 -21 -22 22 24 -25 -26 -27 -28 28 -30 -31
leaf_value=-0.043655558709556619 0.00090339779889000603 0.12289069917221201 0.020698149966335112 -0.12491046799821236 -0.038543577973025378 0.080192392903581669 0.058300714039011187 -0.061315747914866062 -0.042240617836109683 -0.016423149096185179 0.15920806844134236 -0.022636722809977576 -0.092752918472966434 0.045616762280501072 -0.11867670151936832 0.09613970281258187 -0.11709554651151416 -0.0828009927983826 0.21083147753782142 -0.036826215028782298 0.11186447762026197 0.13580408379553205 0.038707693447971141 -0.024052192032962119 -0.11695176579293268 -0.068305367190380939 0.08464078814691621 0.16093710848407605 0.0062204777840655758 0.034039673114147871
leaf_weight=112.61354811489582 241.31337865442038 7.6586346924304953 267.8723256289959 3.84875714033842 10.440096363425253 10.417225286364554 8.9913859292864782 4.8989592716097823 11.653391137719154 3.8924531936645508 4.1855138689279556 14.337729975581174 23.684378869831562 3.0782666727900487 3.6657463908195487 4.222405731678009 2.7400191202759743 16.559239536523819 3.0133411735296241 4.8378432542085648 2.919555500149726 3.5168523043394071 3.8524457141757011 39.068434283137321 2.7253694087266922 7.3438879847526541 5.7728377431631079 6.8827648013830185 10.22607547044754 7.3948879539966583
leaf_count=898 1321 34 1181 25 48 44 68 35 89 29 26 67 185 25 28 34 22 127 21 36 19 26 31 302 22 32 24 29 45 33
internal_value=-0.000546207 0.0130433 0.0116073 -0.00107173 0.0207313 0.0226051 -0.0315532 0.0161134 -0.0342422 0.00558475 0.0745783 0.0207295 -0.0377117 -0.0643558 -0.0152863 0.0224603 -0.0310097 -0.0324435 -0.0159371 0.0582266 -0.0244198 -0.0304739 0.0305097 -0.0415405 -0.0257863 -0.0122956 0.00815782 0.0238306 0.0580737 0.0952126
internal_weight=853.628 593.509 585.85 245.162 340.688 330.248 260.119 13.8903 246.229 19.7314 8.07797 319.831 226.497 37.3908 13.7064 10.0407 5.81829 189.107 76.4931 7.85118 68.6419 65.7223 10.0947 55.6277 6.57782 27.4545 20.1106 292.376 24.5037 14.2777
internal_count=4906 2883 2849 1346 1503 1455 2023 103 1920 144 55 1411 1776 294 109 81 47 1482 584 57 527 508 79 429 53 123 91 1288 107 62
is_linear=0
shrinkage=0.1


Tree=13
num_leaves=31
num_cat=0
split_feature=1 152 0 263 100 102 54 1 139 7 0 83 7 1 262 0 135 5 42 64 79 13 73 13 0 12 9 62 0 16
split_gain=29.7958 7.31586 5.7973 3.63633 2.88877 2.8034 3.64558 2.88778 2.87506 5.14567 4.42646 2.85762 4.7669 4.70243 3.22208 3.1194 3.78998 2.77576 2.72999 4.29975 3.69805 7.09882 5.16892 4.09395 3.59256 6.33518 6.04159 3.89969 3.19689 5.06126
threshold=-0.10076811909675597 1.0000000180025095e-35 14.680356025695803 1.0000000180025095e-35 1.0000000180025095e-35 1.0000000180025095e-35 1.0000000180025095e-35 -0.33774431049823755 1.0000000180025095e-35 1.0000000180025095e-35 5.405886411666871 1.0000000180025095e-35 1.0000000180025095e-35 -0.27872842550277704 1.0000000180025095e-35 3.5961669683456425 1.0000000180025095e-35 1.0000000180025095e-35 1.0000000180025095e-35 1.0000000180025095e-35 1.0000000180025095e-35 1.0000000180025095e-35 1.0000000180025095e-35 1.0000000180025095e-35 13.211498737335207 1.0000000180025095e-35 1.0000000180025095e-35 1.0000000180025095e-35 10.444900512695314 1.0000000180025095e-35
decision_type=2 2 2 2 2 2 2 2 2 2 2 2 2 2 2 2 2 2 2 2 2 2 2 2 2 2 2 2 2 2
left_child=5 2 3 18 -4 8 7 -7 11 17 -11 14 -13 15 -1 -14 -17 -10 19 20 21 24 -22 -24 25 28 -26 -27 -2 -30
right_child=1 -3 4 -5 -6 6 -8 -9 9 10 -12 12 13 -15 -16 16 -18 -19 -20 -21 22 -23 23 -25 26 27 -28 -29 29 -31
leaf_value=-0.031754410343785518 0.048743533232488548 0.10748933395438209 0.025903490145231713 -0.086114917202036234 -0.037578733144998253 0.0053925156794290925 -0.057543169691527563 0.11905968896987858 -0.08619265305143689 -0.014956222278619475 0.13060771224802217 -0.089444623499409917 -0.058279277489995444 -0.11659662789278424 0.069137319146884521 0.12804793131356759 -0.021798068193238426 0.012970867123381934 0.012329458390950395 -0.079912817629301733 -0.096433153354430173 -0.023082376060637198 -0.048673515014757529 0.072792255455710497 0.11803885690294387 -0.095848954411075882 -0.022138874411953845 -0.0051024500927360598 0.044647065457263636 -0.10426203967536503
leaf_weight=181.58164583146572 38.110618911683559 7.8679953068494788 203.8278135061264 4.5272712707519522 7.4294547438621512 5.6499481946229926 4.7083061188459387 3.6979744508862487 5.9555906355381012 3.8491842299699783 4.5684737414121628 22.182645335793495 3.4211961254477483 3.3730264529585829 3.2215383723378173 3.6533288359642029 3.1374555826187134 5.3662202209234238 192.15397419035435 7.3161652237176886 9.3303573727607727 59.559302948415279 6.3799664676189423 4.9105434268712997 8.7701611667871457 5.8650931194424656 4.7344248145818701 24.589109614491463 5.5813214182853681 3.861878976225853
leaf_count=1456 214 34 874 26 33 43 35 25 46 29 26 185 28 28 26 28 25 43 924 34 56 333 39 28 39 35 22 140 30 22
internal_value=-0.000547691 0.0117017 0.0104177 0.00296518 0.023671 -0.029192 0.0142155 0.0503585 -0.031731 0.0048322 0.064045 -0.0350031 -0.0608756 -0.0142258 -0.0299956 0.0195874 0.0588166 -0.0391919 0.00405173 -0.00483385 -0.00163458 0.00378757 -0.0413582 0.00415518 0.0212754 0.0130315 0.0688955 -0.0225791 0.035837 -0.0162506
internal_weight=849.182 594.815 586.947 375.69 211.257 254.367 14.0562 9.34792 240.31 19.7395 8.41766 220.571 35.7677 13.585 184.803 10.212 6.79078 11.3218 371.163 179.009 171.693 151.072 20.6209 11.2905 91.5126 78.008 13.5046 30.4542 47.5538 9.4432
internal_count=4906 2883 2849 1942 907 2023 103 68 1920 144 55 1776 294 109 1482 81 53 89 1916 992 958 835 123 67 502 441 61 175 266 52
is_linear=0
shrinkage=0.1


Tree=14
num_leaves=31
num_cat=0
split_feature=1 152 0 263 11 0 14 92 0 50 46 5 55 67 13 52 1 0 108 69 53 9 0 16 0 13 153 26 14 139
split_gain=24.5843 5.78599 4.68058 3.09059 2.87103 6.19366 3.6975 3.48184 3.21817 4.8519 3.8141 4.03459 4.16053 3.26691 3.3574 2.72382 2.71525 2.87823 2.70359 3.74928 6.16689 3.17986 2.56948 3.04978 6.56027 2.4809 2.36504 2.29848 2.24632 2.23671
threshold=-0.10076811909675597 1.0000000180025095e-35 14.680356025695803 1.0000000180025095e-35 1.0000000180025095e-35 14.800821304321291 1.0000000180025095e-35 1.0000000180025095e-35 17.370294570922855 1.0000000180025095e-35 1.0000000180025095e-35 1.0000000180025095e-35 1.0000000180025095e-35 1.0000000180025095e-35 1.0000000180025095e-35 1.0000000180025095e-35 0.87664461135864269 17.433264732360843 1.0000000180025095e-35 1.0000000180025095e-35 1.0000000180025095e-35 1.0000000180025095e-35 14.97056818008423 1.0000000180025095e-35 16.119096755981449 1.0000000180025095e-35 1.0000000180025095e-35 1.0000000180025095e-35 1.0000000180025095e-35 1.0000000180025095e-35
decision_type=2 2 2 2 2 2 2 2 2 2 2 2 2 2 2 2 2 2 2 2 2 2 2 2 2 2 2 2 2 2
left_child=26 2 3 -2 5 -4 22 8 10 -10 -7 12 -12 14 28 -8 -17 -18 19 21 -21 -14 -6 25 -25 -24 29 -22 -13 -1
right_child=1 -3 4 -5 6 7 15 -9 9 -11 11 13 18 -15 -16 16 17 -19 -20 20 27 -23 23 24 -26 -27 -28 -29 -30 -31
leaf_value=-0.030868556650288675 0.003610005199984557 0.094889554045759966 0.14060897918537746 -0.081495505941189553 -0.04321392912034222 0.098881134818840255 0.034643206547235704 0.10872594890132817 0.078486219082471664 -0.021140341105739483 0.075419290605029471 -0.051935385097320701 0.013962734451588042 -0.047660754885451059 0.06719712555381932 -0.06664948601150876 0.057986826530473018 -0.053161970650851334 -0.057728769319846641 0.091538486941012326 0.004111957432212745 0.10971139480761161 0.076792965247780606 0.065033892139702634 -0.061647708551159287 0.019090289641115862 0.057475591408615356 -0.073858168041610092 0.032300765549882392 0.0042382990986435639
leaf_weight=226.0545095205307 371.39245779812336 8.0129028707742673 4.9063351303338996 4.3166215717792502 5.3251722007989875 5.0333637595176688 6.6344764083623913 4.9000199139118186 19.699377298355106 6.5017176270484915 13.399867370724676 7.9084141105413455 7.0745969414710981 17.21179823577404 7.0690669715404502 13.580788984894754 4.7469971030950529 4.5752979218959808 5.0130165964364997 4.8471290171146402 7.0037095844745627 6.8046802580356598 15.579911664128304 7.46148653328419 9.0411040782928449 14.280753508210182 3.2763926461338988 8.2160579860210419 5.2788503021001816 19.731931783258915
leaf_count=1856 1916 34 20 26 24 21 29 20 81 27 55 33 29 83 29 62 20 20 21 20 30 28 67 31 39 61 22 35 22 145
internal_value=-0.000541495 0.0104874 0.00933679 0.00263221 0.0212135 0.0303796 0.0064454 0.0260861 0.0227412 0.0537642 0.0141724 0.00942585 0.0273538 -0.0156272 0.0115917 -0.0217784 -0.0381224 0.003436 0.0108219 0.0209451 -0.00669387 0.060906 0.022574 0.0301303 -0.00436985 0.0491969 -0.0269251 -0.0379785 -0.0182157 -0.0280502
internal_weight=844.879 595.816 587.803 375.709 212.094 130.868 81.226 125.962 121.062 26.2011 94.8606 89.8272 52.3591 37.4681 20.2563 29.5376 22.9031 9.3223 38.9592 33.9462 20.0669 13.8793 51.6884 46.3633 16.5026 29.8607 249.063 15.2198 13.1873 245.786
internal_count=4906 2883 2849 1942 907 554 353 534 514 108 406 385 218 167 84 131 102 40 163 142 85 57 222 198 70 128 2023 65 55 2001
is_linear=0
shrinkage=0.1


Tree=15
num_leaves=31
num_cat=0
split_feature=1 105 268 150 108 263 236 139 83 153 83 7 0 1 10 47 80 1 54 61 8 9 81 7 140 1 8 22 0 19
split_gain=20.4356 4.74764 4.43414 3.83766 3.62463 4.40892 4.03472 3.36986 8.00464 4.37082 3.94548 4.33993 3.53459 3.37204 4.57895 5.33143 4.06577 11.6915 3.46208 3.24042 5.54097 3.22349 3.17112 4.78607 4.91301 3.81609 3.12835 3.06676 5.72491 5.13533
threshold=0.11171952262520791 1.0000000180025095e-35 1.0000000180025095e-35 1.0000000180025095e-35 1.0000000180025095e-35 1.0000000180025095e-35 1.0000000180025095e-35 1.0000000180025095e-35 1.0000000180025095e-35 1.0000000180025095e-35 1.0000000180025095e-35 1.0000000180025095e-35 9.1197810173034686 -0.20009126514196393 1.0000000180025095e-35 1.0000000180025095e-35 1.0000000180025095e-35 -0.45531979203224177 1.0000000180025095e-35 1.0000000180025095e-35 1.0000000180025095e-35 1.0000000180025095e-35 1.0000000180025095e-35 1.0000000180025095e-35 1.0000000180025095e-35 -0.045250589028000825 1.0000000180025095e-35 1.0000000180025095e-35 2.8952771425247197 1.0000000180025095e-35
decision_type=2 2 2 2 2 2 2 2 2 2 2 2 2 2 2 2 2 2 2 2 2 2 2 2 2 2 2 2 2 2
left_child=1 3 4 7 5 6 -2 9 22 10 13 19 -13 16 15 -15 27 -18 -17 -12 -21 26 23 25 -25 -9 -3 -1 -29 -30
right_child=2 21 -4 -5 -6 -7 -8 8 -10 -11 11 12 -14 14 -16 18 17 -19 -20 20 -22 -23 -24 24 -26 -27 -28 28 29 -31
leaf_value=-0.043706088628384779 0.015775560488896802 -0.054341475544736909 0.092039541215114429 0.083710200918733463 -0.017204923598597138 -0.08790555063643879 -0.067695785077683951 -0.07865191603334068 0.13611642311994279 0.079898860316358969 -0.10188414007837832 0.0010787256122478503 -0.12618510692524001 -0.047637769817608429 0.021277015588723656 -0.0052742648233633747 0.11654309051500583 -0.080581647896145914 0.10364653430872438 -0.09657251447444154 0.082139645230027536 0.076023278435131736 -0.069345281745392673 0.12141735534540679 -0.019640096922976857 0.036074621236629266 0.062159263878045136 -0.11525020782200956 0.040455415286584459 -0.11551469890785096
leaf_weight=115.6575890854001 444.6614550948143 5.9001902267336845 6.8721274733543387 3.3744556754827491 41.303824901580811 4.2280885428190222 5.8672114461660376 7.6171573176980036 4.1679693832993499 3.7689005807042113 19.786974668502811 15.13998766243458 2.5499379783868781 35.237295426428318 33.662477113306522 11.023511156439779 6.3644025847315788 5.7064770013093931 3.9688610956072798 4.2397060692310324 2.9365790411829948 8.3272787034511566 7.2547196075320235 5.5104678422212601 4.4739254713058472 4.6809878200292605 3.7826266065239906 3.7789856269955662 15.991959385573866 2.432019278407096
leaf_count=1000 2051 43 30 25 198 24 27 61 27 23 169 122 16 219 211 76 49 49 27 33 22 54 49 32 27 25 27 33 136 21
internal_value=-0.000508384 -0.0195502 0.0122637 -0.0223676 0.0111585 0.0137347 0.0146885 -0.0235006 0.00638499 -0.0270694 -0.0285172 -0.0557551 -0.0172659 -0.0233155 -0.00726136 -0.026387 -0.0322984 0.0233529 0.0235598 -0.0810068 -0.0234424 0.0304034 -0.0119213 0.00677476 0.0582107 -0.0349841 -0.00883005 -0.0371712 -0.00313028 0.0198669
internal_weight=840.268 337.335 502.933 319.325 496.061 454.757 450.529 315.951 33.7052 282.246 278.477 44.6532 17.6899 233.824 83.8921 50.2297 149.931 12.0709 14.9924 26.9633 7.17629 18.0101 29.5373 22.2825 9.98439 12.2981 9.68282 137.861 22.203 18.424
internal_count=4906 2576 2330 2452 2300 2102 2078 2427 221 2206 2183 362 138 1821 533 322 1288 98 103 224 55 124 194 145 59 86 70 1190 190 157
is_linear=0
shrinkage=0.1


Tree=16
num_leaves=31
num_cat=0
split_feature=0 0 82 268 0 34 126 0 32 105 108 7 26 0 61 0 13 12 73 5 0 11 308 80 134 9 0 1 132 5
split_gain=17.094 3.79654 4.65006 3.79082 3.7298 3.57152 3.15412 3.15713 3.34314 3.12846 3.37636 3.85885 4.53747 3.08649 4.45835 3.86999 3.58881 2.69622 6.31302 3.57131 4.90035 3.85664 2.59251 2.72798 6.19033 2.86371 2.74333 6.47207 4.35217 3.33297
threshold=10.843257904052736 7.2210814952850351 1.0000000180025095e-35 1.0000000180025095e-35 7.4620122909545907 1.0000000180025095e-35 1.0000000180025095e-35 6.9089665412902841 1.0000000180025095e-35 1.0000000180025095e-35 1.0000000180025095e-35 1.0000000180025095e-35 1.0000000180025095e-35 10.584530830383303 1.0000000180025095e-35 8.0082135200500506 1.0000000180025095e-35 1.0000000180025095e-35 1.0000000180025095e-35 1.0000000180025095e-35 8.9486651420593279 1.0000000180025095e-35 1.0000000180025095e-35 1.0000000180025095e-35 1.0000000180025095e-35 1.0000000180025095e-35 5.5947980880737314 -0.36938171088695521 1.0000000180025095e-35 1.0000000180025095e-35
decision_type=2 2 2 2 2 2 2 2 2 2 2 2 2 2 2 2 2 2 2 2 2 2 2 2 2 2 2 2 2 2
left_child=1 6 4 -2 -3 13 7 9 -9 10 22 12 -12 14 15 -6 17 19 -19 20 -17 -22 23 26 25 -25 28 -28 29 -1
right_child=3 2 -4 -5 5 -7 -8 8 -10 -11 11 -13 -14 -15 -16 16 -18 18 -20 -21 21 -23 -24 24 -26 -27 27 -29 -30 -31
leaf_value=-0.0090991244427263904 0.01131084571449264 0.073473460916570463 -0.040547549360044906 0.086397353602315499 0.11167428281123518 -0.056220907414038401 -0.11873995122675632 0.0073447169589616699 -0.11432024177974959 0.036502641141787071 0.06892461520999138 0.10329077879414923 -0.11365666113545814 -0.04965204692872377 -0.013023567470195927 0.011557294443270628 -0.014182605876192141 -0.060194723514799889 0.085728157781826603 0.011783007788157116 0.19788975858864344 0.0644013173392598 0.071239087418520586 0.012316350131930817 -0.074915718336273987 0.12791146385714716 0.13980870656346822 -0.02033766904255389 -0.068347628789034262 -0.049469002181086331
leaf_weight=46.281809516251087 453.10324735194445 6.975401744246482 31.035106375813484 6.8249990642070761 4.9009088650345793 10.96643056720495 3.5712564140558234 3.2585742548108083 7.3591375648975372 9.0279601812362653 2.7056412324309331 4.363427996635437 2.739099808037281 10.117775589227675 53.821936845779419 4.9360372573137292 20.612693898379803 7.162477493286131 5.0587188750505447 9.6965015977621078 4.6890439689159376 4.0196938216686249 2.6382931917905799 4.6649760678410512 4.9438926056027404 3.9644504338502884 2.7433932274579993 31.488273277878761 36.574708856642246 36.642858661711216
leaf_count=412 2058 44 207 29 28 82 28 29 68 70 23 28 26 59 310 29 122 43 29 54 23 22 21 39 44 26 24 275 328 326
internal_value=-0.000513633 -0.0163001 -0.00546098 0.0124251 0.00215607 -0.00150226 -0.0255919 -0.0239236 -0.0769813 -0.0209394 -0.0238244 0.0332244 -0.022927 0.00329768 0.00796036 0.026452 0.0190169 0.03826 0.000207124 0.058184 0.0911583 0.136275 -0.0271169 -0.028668 0.0143059 0.065422 -0.0324622 -0.00750322 -0.039612 -0.0269378
internal_weight=836.889 376.96 173.993 459.928 142.958 135.982 202.968 199.396 10.6177 188.779 179.751 9.80817 5.44474 125.016 114.898 61.0761 56.1752 35.5625 12.2212 23.3413 13.6448 8.70874 169.943 167.304 13.5733 8.62943 153.731 34.2317 119.499 82.9247
internal_count=4906 2819 1052 2087 845 801 1767 1739 97 1642 1572 77 49 719 660 350 322 200 72 128 74 45 1495 1474 109 65 1365 299 1066 738
is_linear=0
shrinkage=0.1


Tree=17
num_leaves=31
num_cat=0
split_feature=1 152 0 263 151 114 30 219 1 51 14 73 19 61 8 15 9 26 15 73 56 81 42 140 11 26 1 45 102 55
split_gain=14.2904 4.48759 3.21843 3.48995 2.98088 3.02716 2.87305 2.75938 3.16635 3.82432 5.30075 6.07865 2.53708 3.44168 3.05135 3.18871 2.6369 3.27459 2.42696 2.84818 5.25547 8.03534 7.53951 4.39563 7.1857 4.15665 3.83806 3.5641 3.54369 3.538
threshold=-0.10076811909675597 1.0000000180025095e-35 15.368925571441652 1.0000000180025095e-35 1.0000000180025095e-35 1.0000000180025095e-35 1.0000000180025095e-35 1.0000000180025095e-35 0.92577382922172557 1.0000000180025095e-35 1.0000000180025095e-35 1.0000000180025095e-35 1.0000000180025095e-35 1.0000000180025095e-35 1.0000000180025095e-35 1.0000000180025095e-35 1.0000000180025095e-35 1.0000000180025095e-35 1.0000000180025095e-35 1.0000000180025095e-35 1.0000000180025095e-35 1.0000000180025095e-35 1.0000000180025095e-35 1.0000000180025095e-35 1.0000000180025095e-35 1.0000000180025095e-35 0.032626055181026466 1.0000000180025095e-35 1.0000000180025095e-35 1.0000000180025095e-35
decision_type=2 2 2 2 2 2 2 2 2 2 2 2 2 2 2 2 2 2 2 2 2 2 2 2 2 2 2 2 2 2
left_child=-1 2 3 18 5 6 -4 8 12 -10 -11 -12 13 -8 16 -16 17 -15 -2 20 22 26 29 25 -25 27 -22 -21 -23 -20
right_child=1 -3 4 -5 -6 -7 7 -9 9 10 11 -13 -14 14 15 -17 -18 -19 19 23 21 28 -24 24 -26 -27 -28 -29 -30 -31
leaf_value=-0.021334493244190081 -0.0029600495825551167 0.081518308500229286 0.082289912824465627 -0.083519156059630228 0.087253734960785104 -0.042744820486297658 0.020685157793782202 -0.058887897276296432 0.1084536259928095 0.064172196821937477 -0.092417018045448301 0.043736204042367846 0.080083793377537904 -0.019713221903173712 0.072752144224854293 -0.027950657516865558 0.010775947558302006 -0.1075348046993999 -0.041240930535364768 0.06076988010016135 0.11118883949895747 -0.098498907620494097 0.069412660434398574 0.0089331429459074303 0.181678209602188 -0.010269141222215474 -0.0027033276263379435 -0.018637926666255741 0.011330579149818019 0.062325744579298487
leaf_weight=236.15841684490442 258.39840111136436 8.12835645675659 6.8660420626401892 4.7121704891324034 6.0697126239538184 8.3547442406415922 60.982175067067146 4.7477438002824774 7.2898108661174765 17.330908909440041 6.1642858833074587 7.0057733952999115 4.8586532920598975 9.2329564690589958 6.2625552862882596 6.31509630382061 7.57637795805931 7.8602666556835166 14.577146120369436 24.57189625501633 3.2943140417337409 13.81681325286627 20.912395507097244 5.09949743747711 4.5623889118432999 28.03876244276762 29.056948363780975 7.3409154117107382 3.7310872673988333 4.2631841972470275
leaf_count=2023 1312 34 28 30 25 37 256 21 30 72 26 29 20 40 26 27 32 34 80 123 19 76 98 25 22 143 142 36 18 22
internal_value=-0.000509402 0.00772268 0.00670479 0.00205902 0.0184607 0.0158647 0.0190758 0.0160954 0.0186224 0.0433833 0.0278314 -0.0199907 0.00954531 0.00605631 -0.0178944 0.0221904 -0.0383314 -0.0600977 0.00302453 0.0127342 0.000950241 -0.0206602 0.0280765 0.0279101 0.0905042 0.0178223 0.00889426 0.0425037 -0.0751466 -0.0178059
internal_weight=833.58 597.421 589.293 422.376 166.917 160.847 152.493 145.627 140.879 37.7908 30.501 13.1701 103.088 98.2294 37.2473 12.5777 24.6696 17.0932 417.664 159.265 89.6519 49.8992 39.7527 69.6135 9.66189 59.9516 32.3513 31.9128 17.5479 18.8403
internal_count=4906 2883 2849 2146 703 678 641 613 592 157 127 55 435 415 159 53 106 74 2116 804 455 255 200 349 47 302 161 159 94 102
is_linear=0
shrinkage=0.1


end of trees

feature_importances:
Column_0=104
Column_1=36
Column_7=20
Column_9=19
Column_11=19
Column_5=15
Column_67=13
Column_13=12
Column_102=12
Column_8=11
Column_14=11
Column_69=10
Column_15=8
Column_16=8
Column_54=8
Column_139=8
Column_26=7
Column_81=7
Column_83=7
Column_108=7
Column_12=6
Column_53=6
Column_61=6
Column_100=6
Column_152=6
Column_6=5
Column_55=5
Column_56=5
Column_140=5
Column_10=4
Column_34=4
Column_51=4
Column_52=4
Column_64=4
Column_73=4
Column_79=4
Column_80=4
Column_82=4
Column_105=4
Column_114=4
Column_262=4
Column_263=4
Column_21=3
Column_23=3
Column_24=3
Column_39=3
Column_42=3
Column_50=3
Column_68=3
Column_70=3
Column_104=3
Column_143=3
Column_267=3
Column_268=3
Column_19=2
Column_22=2
Column_30=2
Column_44=2
Column_45=2
Column_47=2
Column_87=2
Column_95=2
Column_97=2
Column_99=2
Column_113=2
Column_151=2
Column_153=2
Column_167=2
Column_226=2
Column_236=2
Column_32=1
Column_40=1
Column_46=1
Column_58=1
Column_60=1
Column_62=1
Column_63=1
Column_65=1
Column_72=1
Column_74=1
Column_78=1
Column_86=1
Column_88=1
Column_92=1
Column_126=1
Column_129=1
Column_132=1
Column_134=1
Column_135=1
Column_150=1
Column_174=1
Column_177=1
Column_181=1
Column_187=1
Column_214=1
Column_219=1
Column_222=1
Column_308=1

parameters:
[boosting: gbdt]
[objective: binary]
[metric: binary_logloss]
[tree_learner: serial]
[device_type: cpu]
[data_sample_strategy: bagging]
[data: ]
[valid: ]
[num_iterations: 300]
[learning_rate: 0.1]
[num_leaves: 31]
[num_threads: 0]
[seed: 0]
[deterministic: 0]
[force_col_wise: 0]
[force_row_wise: 0]
[histogram_pool_size: -1]
[max_depth: -1]
[min_data_in_leaf: 20]
[min_sum_hessian_in_leaf: 0.001]
[bagging_fraction: 1]
[pos_bagging_fraction: 1]
[neg_bagging_fraction: 1]
[bagging_freq: 0]
[bagging_seed: 7719]
[bagging_by_query: 0]
[feature_fraction: 1]
[feature_fraction_bynode: 1]
[feature_fraction_seed: 2437]
[extra_trees: 0]
[extra_seed: 11797]
[early_stopping_round: 0]
[early_stopping_min_delta: 0]
[first_metric_only: 0]
[max_delta_step: 0]
[lambda_l1: 0]
[lambda_l2: 0]
[linear_lambda: 0]
[min_gain_to_split: 0]
[drop_rate: 0.1]
[max_drop: 50]
[skip_drop: 0.5]
[xgboost_dart_mode: 0]
[uniform_drop: 0]
[drop_seed: 21238]
[top_rate: 0.2]
[other_rate: 0.1]
[min_data_per_group: 100]
[max_cat_threshold: 32]
[cat_l2: 10]
[cat_smooth: 10]
[max_cat_to_onehot: 4]
[top_k: 20]
[monotone_constraints: ]
[monotone_constraints_method: basic]
[monotone_penalty: 0]
[feature_contri: ]
[forcedsplits_filename: ]
[refit_decay_rate: 0.9]
[cegb_tradeoff: 1]
[cegb_penalty_split: 0]
[cegb_penalty_feature_lazy: ]
[cegb_penalty_feature_coupled: ]
[path_smooth: 0]
[interaction_constraints: ]
[verbosity: -1]
[saved_feature_importance_type: 0]
[use_quantized_grad: 0]
[num_grad_quant_bins: 4]
[quant_train_renew_leaf: 0]
[stochastic_rounding: 1]
[linear_tree: 0]
[max_bin: 255]
[max_bin_by_feature: ]
[min_data_in_bin: 3]
[bin_construct_sample_cnt: 200000]
[data_random_seed: 38]
[is_enable_sparse: 1]
[enable_bundle: 1]
[use_missing: 1]
[zero_as_missing: 0]
[feature_pre_filter: 1]
[pre_partition: 0]
[two_round: 0]
[header: 0]
[label_column: ]
[weight_column: ]
[group_column: ]
[ignore_column: ]
[categorical_feature: ]
[forcedbins_filename: ]
[precise_float_parser: 0]
[parser_config_file: ]
[objective_seed: 8855]
[num_class: 1]
[is_unbalance: 0]
[scale_pos_weight: 1]
[sigmoid: 1]
[boost_from_average: 1]
[reg_sqrt: 0]
[alpha: 0.9]
[fair_c: 1]
[poisson_max_delta_step: 0.7]
[tweedie_variance_power: 1.5]
[lambdarank_truncation_level: 30]
[lambdarank_norm: 1]
[label_gain: ]
[lambdarank_position_bias_regularization: 0]
[eval_at: ]
[multi_error_top_k: 1]
[auc_mu_weights: ]
[num_machines: 1]
[local_listen_port: 12400]
[time_out: 120]
[machine_list_filename: ]
[machines: ]
[gpu_platform_id: -1]
[gpu_device_id: -1]
[gpu_device_id_list: ]
[gpu_use_dp: 0]
[num_gpu: 1]

end of parameters

pandas_categorical:null
