tree
version=v4
num_class=1
num_tree_per_iteration=1
label_index=0
max_feature_idx=567
objective=binary sigmoid:1
feature_names=Column_0 Column_1 Column_2 Column_3 Column_4 Column_5 Column_6 Column_7 Column_8 Column_9 Column_10 Column_11 Column_12 Column_13 Column_14 Column_15 Column_16 Column_17 Column_18 Column_19 Column_20 Column_21 Column_22 Column_23 Column_24 Column_25 Column_26 Column_27 Column_28 Column_29 Column_30 Column_31 Column_32 Column_33 Column_34 Column_35 Column_36 Column_37 Column_38 Column_39 Column_40 Column_41 Column_42 Column_43 Column_44 Column_45 Column_46 Column_47 Column_48 Column_49 Column_50 Column_51 Column_52 Column_53 Column_54 Column_55 Column_56 Column_57 Column_58 Column_59 Column_60 Column_61 Column_62 Column_63 Column_64 Column_65 Column_66 Column_67 Column_68 Column_69 Column_70 Column_71 Column_72 Column_73 Column_74 Column_75 Column_76 Column_77 Column_78 Column_79 Column_80 Column_81 Column_82 Column_83 Column_84 Column_85 Column_86 Column_87 Column_88 Column_89 Column_90 Column_91 Column_92 Column_93 Column_94 Column_95 Column_96 Column_97 Column_98 Column_99 Column_100 Column_101 Column_102 Column_103 Column_104 Column_105 Column_106 Column_107 Column_108 Column_109 Column_110 Column_111 Column_112 Column_113 Column_114 Column_115 Column_116 Column_117 Column_118 Column_119 Column_120 Column_121 Column_122 Column_123 Column_124 Column_125 Column_126 Column_127 Column_128 Column_129 Column_130 Column_131 Column_132 Column_133 Column_134 Column_135 Column_136 Column_137 Column_138 Column_139 Column_140 Column_141 Column_142 Column_143 Column_144 Column_145 Column_146 Column_147 Column_148 Column_149 Column_150 Column_151 Column_152 Column_153 Column_154 Column_155 Column_156 Column_157 Column_158 Column_159 Column_160 Column_161 Column_162 Column_163 Column_164 Column_165 Column_166 Column_167 Column_168 Column_169 Column_170 Column_171 Column_172 Column_173 Column_174 Column_175 Column_176 Column_177 Column_178 Column_179 Column_180 Column_181 Column_182 Column_183 Column_184 Column_185 Column_186 Column_187 Column_188 Column_189 Column_190 Column_191 Column_192 Column_193 Column_194 Column_195 Column_196 Column_197 Column_198 Column_199 Column_200 Column_201 Column_202 Column_203 Column_204 Column_205 Column_206 Column_207 Column_208 Column_209 Column_210 Column_211 Column_212 Column_213 Column_214 Column_215 Column_216 Column_217 Column_218 Column_219 Column_220 Column_221 Column_222 Column_223 Column_224 Column_225 Column_226 Column_227 Column_228 Column_229 Column_230 Column_231 Column_232 Column_233 Column_234 Column_235 Column_236 Column_237 Column_238 Column_239 Column_240 Column_241 Column_242 Column_243 Column_244 Column_245 Column_246 Column_247 Column_248 Column_249 Column_250 Column_251 Column_252 Column_253 Column_254 Column_255 Column_256 Column_257 Column_258 Column_259 Column_260 Column_261 Column_262 Column_263 Column_264 Column_265 Column_266 Column_267 Column_268 Column_269 Column_270 Column_271 Column_272 Column_273 Column_274 Column_275 Column_276 Column_277 Column_278 Column_279 Column_280 Column_281 Column_282 Column_283 Column_284 Column_285 Column_286 Column_287 Column_288 Column_289 Column_290 Column_291 Column_292 Column_293 Column_294 Column_295 Column_296 Column_297 Column_298 Column_299 Column_300 Column_301 Column_302 Column_303 Column_304 Column_305 Column_306 Column_307 Column_308 Column_309 Column_310 Column_311 Column_312 Column_313 Column_314 Column_315 Column_316 Column_317 Column_318 Column_319 Column_320 Column_321 Column_322 Column_323 Column_324 Column_325 Column_326 Column_327 Column_328 Column_329 Column_330 Column_331 Column_332 Column_333 Column_334 Column_335 Column_336 Column_337 Column_338 Column_339 Column_340 Column_341 Column_342 Column_343 Column_344 Column_345 Column_346 Column_347 Column_348 Column_349 Column_350 Column_351 Column_352 Column_353 Column_354 Column_355 Column_356 Column_357 Column_358 Column_359 Column_360 Column_361 Column_362 Column_363 Column_364 Column_365 Column_366 Column_367 Column_368 Column_369 Column_370 Column_371 Column_372 Column_373 Column_374 Column_375 Column_376 Column_377 Column_378 Column_379 Column_380 Column_381 Column_382 Column_383 Column_384 Column_385 Column_386 Column_387 Column_388 Column_389 Column_390 Column_391 Column_392 Column_393 Column_394 Column_395 Column_396 Column_397 Column_398 Column_399 Column_400 Column_401 Column_402 Column_403 Column_404 Column_405 Column_406 Column_407 Column_408 Column_409 Column_410 Column_411 Column_412 Column_413 Column_414 Column_415 Column_416 Column_417 Column_418 Column_419 Column_420 Column_421 Column_422 Column_423 Column_424 Column_425 Column_426 Column_427 Column_428 Column_429 Column_430 Column_431 Column_432 Column_433 Column_434 Column_435 Column_436 Column_437 Column_438 Column_439 Column_440 Column_441 Column_442 Column_443 Column_444 Column_445 Column_446 Column_447 Column_448 Column_449 Column_450 Column_451 Column_452 Column_453 Column_454 Column_455 Column_456 Column_457 Column_458 Column_459 Column_460 Column_461 Column_462 Column_463 Column_464 Column_465 Column_466 Column_467 Column_468 Column_469 Column_470 Column_471 Column_472 Column_473 Column_474 Column_475 Column_476 Column_477 Column_478 Column_479 Column_480 Column_481 Column_482 Column_483 Column_484 Column_485 Column_486 Column_487 Column_488 Column_489 Column_490 Column_491 Column_492 Column_493 Column_494 Column_495 Column_496 Column_497 Column_498 Column_499 Column_500 Column_501 Column_502 Column_503 Column_504 Column_505 Column_506 Column_507 Column_508 Column_509 Column_510 Column_511 Column_512 Column_513 Column_514 Column_515 Column_516 Column_517 Column_518 Column_519 Column_520 Column_521 Column_522 Column_523 Column_524 Column_525 Column_526 Column_527 Column_528 Column_529 Column_530 Column_531 Column_532 Column_533 Column_534 Column_535 Column_536 Column_537 Column_538 Column_539 Column_540 Column_541 Column_542 Column_543 Column_544 Column_545 Column_546 Column_547 Column_548 Column_549 Column_550 Column_551 Column_552 Column_553 Column_554 Column_555 Column_556 Column_557 Column_558 Column_559 Column_560 Column_561 Column_562 Column_563 Column_564 Column_565 Column_566 Column_567
feature_infos=[2.0013689994812012:17.993154525756836] [-0.7776256799697876:0.99923950433731079] none none none [0:1] [0:1] [0:1] [0:1] [0:1] [0:1] [0:1] [0:1] [0:1] [0:1] [0:1] [0:1] [0:1] [0:1] [0:1] [0:1] [0:1] [0:1] [0:1] [0:1] [0:1] [0:1] [0:1] [0:1] [0:1] [0:1] [0:1] [0:1] [0:1] [0:1] [0:1] [0:1] [0:1] [0:1] [0:1] [0:1] [0:1] [0:1] [0:1] [0:1] [0:1] [0:1] [0:1] [0:1] [0:1] [0:1] [0:1] [0:1] [0:1] [0:1] [0:1] [0:1] [0:1] [0:1] [0:1] [0:1] [0:1] [0:1] [0:1] [0:1] [0:1] [0:1] [0:1] [0:1] [0:1] [0:1] [0:1] [0:1] [0:1] [0:1] [0:1] [0:1] [0:1] [0:1] [0:1] [0:1] [0:1] [0:1] [0:1] [0:1] [0:1] [0:1] [0:1] [0:1] [0:1] [0:1] [0:1] [0:1] [0:1] [0:1] [0:1] [0:1] [0:1] [0:1] [0:1] [0:1] [0:1] [0:1] [0:1] [0:1] [0:1] [0:1] [0:1] [0:1] none none none none [0:1] [0:1] none [0:1] none [0:1] none none [0:1] none none none none [0:1] [0:1] [0:1] [0:1] [0:1] none [0:1] [0:1] [0:1] [0:1] none [0:1] [0:1] [0:1] [0:1] [0:1] [0:1] [0:1] [0:1] [0:1] [0:1] [0:1] [0:1] [0:1] [0:1] [0:1] [0:1] [0:1] [0:1] [0:1] [0:1] none none none none none none none none none none [0:1] [0:1] none none none none none [0:1] [0:1] [0:1] [0:1] [0:1] [0:1] [0:1] [0:1] [0:1] [0:1] [0:1] [0:1] [0:1] [0:1] [0:1] [0:1] [0:1] [0:1] [0:1] [0:1] [0:1] [0:1] [0:1] [0:1] [0:1] [0:1] [0:1] [0:1] none none [0:1] [0:1] [0:1] none [0:1] [0:1] [0:1] [0:1] [0:1] none [0:1] none none [0:1] none [0:1] [0:1] [0:1] [0:1] [0:1] [0:1] [0:1] [0:1] [0:1] [0:1] [0:1] [0:1] [0:1] [0:1] [0:1] [0:1] [0:1] [0:1] [0:1] [0:1] [0:1] [0:1] [0:1] [0:1] [0:1] none none none none none none none none none none none none none none none none none [0:1] [0:1] [0:1] [0:1] [0:1] [0:1] [0:1] [0:1] [0:1] [0:1] none [0:1] [0:1] [0:1] [0:1] none [0:1] [0:1] none none none [0:1] [0:1] none none none none none [0:1] [0:1] [0:1] [0:1] [0:1] [0:1] [0:1] none none none [0:1] none [0:1] [0:1] [0:1] none [0:1] [0:1] [0:1] [0:1] none none [0:1] [0:1] none none none none [0:1] [0:1] none none none [0:1] none none [0:1] [0:1] none none [0:1] [0:1] none none none none none none none none none none none none none none none none none none none none none none none none none none none none none none none none none none none none none none none none none none none none none none none none none none none none none none none none none none none none none none none none none none none none none none none none none none none none none none none none none none none none none none none none none none none none none none none none none none none none none none none none none none none none none none none none none none none none none none none none none none none none none none none none none none none none none none none none none none none none none none none none none none none none none none none none none none none none none none none none none none none none none none none none none none none none none none none none none none none none none none none none none none none none none none none none none none none none none none none none none none none none none none none none none none none none none none none none none none none none none none none none none none none none none none none none none none none none none
tree_sizes=3355 3417 3439 3467 3459 3490 3461 3481 3473 3468 3493 3475 3465 3485 3480 3480 3465 3498 3481 3499 3500

Tree=0
num_leaves=31
num_cat=0
split_feature=13 8 8 7 0 0 7 0 0 0 7 15 11 0 7 15 6 62 0 0 73 55 67 1 1 0 10 9 0 14
split_gain=142.458 74.2097 67.3424 40.9483 37.6306 35.9943 35.4506 31.274 21.6027 20.4694 20.0338 12.1237 12.3706 9.78906 9.72045 9.11691 9.87604 12.6645 8.25571 13.5394 7.82515 8.38525 11.3413 8.2602 7.00779 7.00093 8.7 7.48221 9.36398 6.95914
threshold=1.0000000180025095e-35 1.0000000180025095e-35 1.0000000180025095e-35 1.0000000180025095e-35 10.380561351776125 5.6454484462738046 1.0000000180025095e-35 6.3449692726135263 8.8049278259277362 11.02532482147217 1.0000000180025095e-35 1.0000000180025095e-35 1.0000000180025095e-35 10.925393581390383 1.0000000180025095e-35 1.0000000180025095e-35 1.0000000180025095e-35 1.0000000180025095e-35 6.3449692726135263 9.8631072044372576 1.0000000180025095e-35 1.0000000180025095e-35 1.0000000180025095e-35 -0.37987679243087763 -0.19324663281440732 3.7193702459335332 1.0000000180025095e-35 1.0000000180025095e-35 3.1772758960723881 1.0000000180025095e-35
decision_type=2 2 2 2 2 2 2 2 2 2 2 2 2 2 2 2 2 2 2 2 2 2 2 2 2 2 2 2 2 2
left_child=1 6 3 9 11 15 24 -8 20 25 -6 18 -13 -7 -15 16 -4 -18 -3 -20 21 22 -5 -22 -1 27 -27 28 -2 -16
right_child=2 4 5 8 10 13 7 -9 -10 -11 -12 12 -14 14 29 -17 17 -19 19 -21 23 -23 -24 -25 -26 26 -28 -29 -30 -31
leaf_value=-1.1815231220609428 -1.0611572241316605 -1.0068807600613681 -0.83697774346037801 -1.112849094674796 -1.1820366752479159 -1.0064986897138755 -1.0751324175907533 -1.1742161228743071 -1.0907067531931003 -1.1755685642671336 -1.0918878040508824 -1.1446804044303058 -1.0358340156408659 -1.1016491893904499 -0.9748662615716529 -0.99338343830843834 -0.8776510837035294 -1.112849094674796 -1.0996727355167417 -0.90514176031056048 -1.0168499065232586 -1.085115995875463 -0.92780718128125284 -0.8478913353765527 -1.2240295497898324 -1.0859693219923654 -1.1582420882775759 -1.1431972251227014 -0.8807056033265328 -1.0956184711604176
leaf_weight=59.338298544287682 9.6727007031440753 38.690802812576294 14.137024104595184 4.4643234014511117 62.872554570436478 42.783099263906479 47.061409190297127 98.587141782045364 48.54951699078083 61.384446769952774 40.550937563180923 28.274048209190369 16.555199280381203 35.714587211608887 13.951010629534723 13.392970204353331 5.9524312019348145 3.720269501209259 28.460061684250832 4.092296451330184 5.2083773016929626 11.718848928809168 12.834929779171944 6.5104716271162015 111.9801119863987 40.922964513301849 28.088034734129906 5.7664177268743506 4.092296451330184 7.2545255273580542
leaf_count=319 52 208 76 24 338 230 253 530 261 330 218 152 89 192 75 72 32 20 153 22 28 63 69 35 602 220 151 31 22 39
internal_value=-1.11444 -1.14752 -1.06725 -1.09926 -1.10283 -1.01132 -1.17847 -1.1422 -1.04565 -1.13119 -1.14669 -1.06374 -1.10448 -1.04264 -1.06981 -0.927379 -0.890251 -0.968112 -1.03811 -1.07522 -0.991951 -1.0198 -0.97556 -0.922984 -1.20931 -1.10043 -1.11538 -1.04757 -1.00751 -1.01618
internal_weight=912.582 536.463 376.119 239.213 219.496 136.906 316.967 145.649 89.2865 149.927 103.423 116.072 44.8292 99.7032 56.9201 37.2027 23.8097 9.6727 71.2432 32.5524 40.737 29.0181 17.2993 11.7188 171.318 88.5424 69.011 19.5314 13.765 21.2055
internal_count=4906 2884 2022 1286 1180 736 1704 783 480 806 556 624 241 536 306 200 128 52 383 175 219 156 93 63 921 476 371 105 74 114
is_linear=0
shrinkage=1


Tree=1
num_leaves=31
num_cat=0
split_feature=13 8 8 7 7 0 0 0 0 7 0 15 11 7 14 0 61 0 1 1 1 0 0 0 67 10 64 67 47 0
split_gain=114.348 62.9163 50.0099 31.9622 31.8184 29.979 26.0141 24.2015 17.252 16.9363 15.5851 9.13635 9.7152 7.61828 7.83245 7.87344 9.16653 7.342 7.0012 6.61096 6.34157 7.62725 6.32018 11.0906 6.05269 5.98664 5.97544 9.47767 9.88832 5.73205
threshold=1.0000000180025095e-35 1.0000000180025095e-35 1.0000000180025095e-35 1.0000000180025095e-35 1.0000000180025095e-35 10.380561351776125 6.3449692726135263 5.6454484462738046 11.296372413635256 1.0000000180025095e-35 8.8049278259277362 1.0000000180025095e-35 1.0000000180025095e-35 1.0000000180025095e-35 1.0000000180025095e-35 14.176591396331789 1.0000000180025095e-35 10.380561351776125 0.059396151453256614 -0.19324663281440732 0.57973989844322216 13.419575691223146 7.2210814952850351 9.8631072044372576 1.0000000180025095e-35 1.0000000180025095e-35 1.0000000180025095e-35 1.0000000180025095e-35 1.0000000180025095e-35 15.181382656097414
decision_type=2 2 2 2 2 2 2 2 2 2 2 2 2 2 2 2 2 2 2 2 2 2 2 2 2 2 2 2 2 2
left_child=1 4 3 8 19 11 -6 -4 -2 -7 -5 22 -13 17 15 16 -15 18 -9 -1 21 -11 -3 24 -24 -14 27 28 29 -19
right_child=2 5 7 10 6 9 -8 13 -10 20 -12 12 25 14 -16 -17 -18 26 -20 -21 -22 -23 23 -25 -26 -27 -28 -29 -30 -31
leaf_value=-0.062631048702273248 0.011478783912442629 0.087900432895737055 0.15333746382524999 0.10343998564893608 0.034650359940399125 -0.063128620316638309 -0.055582339253567606 0.056955565902023414 -0.058644108307853771 0.02277930685417065 0.021091385828176847 -0.027666031680382175 0.10997610835379024 0.2304755012795644 0.034370298890900555 0.04751987057824876 0.078172594854973021 -0.067693419516411585 0.18465597569653611 -0.1048083490474209 -0.021115465445896143 0.15970943263104412 -0.071249597919777349 0.16989125268283375 0.037459215589016708 -0.014804036424813935 0.10241982372452887 -0.055850493630599199 0.16146827685331328 0.085281490372721536
leaf_weight=57.310753270983696 91.847954720258713 47.324092820286751 40.58583277463913 43.182295024394989 47.992714524269104 60.707701206207275 95.587351024150848 22.73840552568436 56.770790442824364 15.991040393710138 49.130746722221375 27.840037941932678 11.406729638576509 10.065776869654661 12.419980973005293 7.5575935244560233 6.5059072673320761 6.0437190830707532 5.2925599068403235 105.70848625898361 19.565508246421814 5.455766722559928 8.0582242757082021 4.5111853778362265 14.055042341351509 5.8000320196151725 6.3653160929679862 16.732595413923264 5.4292401969432822 4.1187339425086975
leaf_count=319 491 243 200 219 253 338 530 116 315 85 261 152 59 51 65 38 33 32 27 602 104 29 43 22 75 30 34 89 29 22
internal_value=-0.000194157 -0.0304402 0.0412551 0.0133982 -0.0597476 0.0102712 -0.0254214 0.0879104 -0.0153074 -0.0295903 0.0596125 0.0443458 0.0088437 0.0621971 0.0988943 0.132107 0.170683 0.0420946 0.0810668 -0.0899806 0.0200542 0.0576124 0.0659724 0.0269961 -0.00215501 0.0679154 0.0138588 -0.00358065 0.052514 -0.00569432
internal_weight=912.102 527.315 384.787 240.932 306.599 220.715 143.58 143.856 148.619 101.72 92.313 118.995 45.0468 103.27 36.5493 24.1293 16.5717 66.7206 28.031 163.019 41.0123 21.4468 73.9485 26.6245 22.1133 17.2068 38.6896 32.3243 15.5917 10.1625
internal_count=4906 2884 2022 1286 1704 1180 783 736 806 556 480 624 241 536 187 122 84 349 143 921 218 114 383 140 118 89 206 172 83 54
is_linear=0
shrinkage=0.1


Tree=2
num_leaves=31
num_cat=0
split_feature=13 8 8 7 7 0 0 0 0 0 7 7 6 83 133 42 0 14 0 15 11 0 0 16 9 1 7 0 10 9
split_gain=92.3648 53.2909 37.8233 28.5598 25.1698 24.3074 21.6423 17.518 14.493 11.585 11.5682 9.63541 8.14774 8.71862 6.54796 6.41862 7.27657 6.4012 6.35145 6.10149 6.66275 6.16402 5.84115 6.69544 5.76855 6.07894 5.63502 5.55382 7.63697 5.58572
threshold=1.0000000180025095e-35 1.0000000180025095e-35 1.0000000180025095e-35 1.0000000180025095e-35 1.0000000180025095e-35 10.843257904052736 6.3449692726135263 10.925393581390383 11.296372413635256 8.8049278259277362 1.0000000180025095e-35 1.0000000180025095e-35 1.0000000180025095e-35 1.0000000180025095e-35 1.0000000180025095e-35 1.0000000180025095e-35 13.419575691223146 1.0000000180025095e-35 8.3682408332824725 1.0000000180025095e-35 1.0000000180025095e-35 6.3449692726135263 4.7556469440460214 1.0000000180025095e-35 1.0000000180025095e-35 -0.43676325678825373 1.0000000180025095e-35 3.7193702459335332 1.0000000180025095e-35 1.0000000180025095e-35
decision_type=2 2 2 2 2 2 2 2 2 2 2 2 2 2 2 2 2 2 2 2 2 2 2 2 2 2 2 2 2 2
left_child=1 3 4 18 8 11 -5 22 27 -6 -7 19 13 14 17 -12 -17 -13 -1 21 -21 -3 23 -4 25 -14 -9 29 -29 -2
right_child=2 5 7 6 9 10 -8 26 -10 -11 15 12 24 -15 -16 16 -18 -19 -20 20 -22 -23 -24 -25 -26 -27 -28 28 -30 -31
leaf_value=-0.061930916534600755 0.089371146047133768 0.071489474186867713 0.16912699594965458 0.030637216339694174 0.088761730870028407 -0.059286702103556049 -0.051626055280299878 0.0091780481327225338 -0.054567912167082989 0.018774960775509341 -0.027731170091993808 0.14759473464550127 0.066907920585002167 -0.015014965156917803 0.20503807487476952 0.0090166321260991712 0.13931644666161497 0.021432631287469167 -0.10285274801579224 -0.054551544839576839 0.040470455762851479 -0.0032206729848935373 0.085007448402869279 0.069369819553492737 0.10289738755651995 -0.06041718970583794 0.072381684945110727 0.024022960377727637 -0.042323259020096281 -0.027277678795601768
leaf_weight=66.158451199531555 14.56616470217705 25.073086425662041 21.845038339495659 48.805280134081841 45.173875257372856 54.674190804362297 92.772632986307144 36.27582959830761 55.005150586366653 49.644323766231537 19.872144594788551 9.507036581635484 6.346187725663186 4.9889092296361914 7.8840180039405814 12.556847780942919 6.5067327469587317 6.9701266884803763 88.88614310324192 19.650076866149902 11.816561281681063 19.736299902200699 58.371501386165619 9.7225273996591586 6.6679310649633399 9.16497603058815 23.081879794597626 43.015167489647865 29.077619820833206 5.7159087210893622
leaf_count=384 74 123 101 253 219 315 530 192 315 261 106 49 32 26 40 66 33 36 537 109 60 104 284 45 34 47 114 227 159 31
internal_value=-0.000326079 -0.0280291 0.0363313 -0.0557398 0.0119276 0.00909403 -0.0232679 0.0759206 -0.0139296 0.0521185 -0.029621 0.0374505 0.0708568 0.105424 0.130088 0.0120362 0.0534902 0.094226 -0.0853912 0.0148825 -0.0188683 0.0385834 0.103749 0.138403 0.0251138 -0.0083238 0.0337555 0.0102687 -0.00273686 0.0564971
internal_weight=909.533 518.038 391.495 296.623 242.198 221.415 141.578 149.297 147.38 94.8182 93.6099 127.805 51.5292 29.3501 24.3612 38.9357 19.0636 16.4772 155.045 76.276 31.4666 44.8094 89.9391 31.5676 22.1791 15.5112 59.3577 92.3749 72.0928 20.2821
internal_count=4906 2884 2022 1704 1286 1180 783 736 806 480 520 660 264 151 125 205 99 85 921 396 169 227 430 146 113 79 306 491 386 105
is_linear=0
shrinkage=0.1


Tree=3
num_leaves=31
num_cat=0
split_feature=13 8 8 7 7 0 0 0 0 7 0 7 44 7 0 6 83 42 11 97 15 7 11 55 42 0 139 0 10 82
split_gain=74.9618 45.0706 29.1058 25.6111 19.9597 19.5475 18.0011 13.2496 12.1401 9.78511 9.07609 7.31756 6.48489 6.59241 6.06317 5.99742 6.37116 5.52898 5.34569 5.34105 5.27867 7.07853 5.10281 6.31238 5.09749 5.36331 5.05743 5.89522 6.31511 5.81359
threshold=1.0000000180025095e-35 1.0000000180025095e-35 1.0000000180025095e-35 1.0000000180025095e-35 1.0000000180025095e-35 10.843257904052736 6.3449692726135263 5.6454484462738046 11.296372413635256 1.0000000180025095e-35 9.9206023216247576 1.0000000180025095e-35 1.0000000180025095e-35 1.0000000180025095e-35 8.3682408332824725 1.0000000180025095e-35 1.0000000180025095e-35 1.0000000180025095e-35 1.0000000180025095e-35 1.0000000180025095e-35 1.0000000180025095e-35 1.0000000180025095e-35 1.0000000180025095e-35 1.0000000180025095e-35 1.0000000180025095e-35 13.419575691223146 1.0000000180025095e-35 3.7193702459335332 1.0000000180025095e-35 1.0000000180025095e-35
decision_type=2 2 2 2 2 2 2 2 2 2 2 2 2 2 2 2 2 2 2 2 2 2 2 2 2 2 2 2 2 2
left_child=1 3 4 14 8 11 -5 20 26 -7 18 -3 -9 17 -1 16 -13 -14 -6 -12 21 -4 -8 -24 -11 -26 27 -2 29 -29
right_child=2 5 7 6 10 9 22 12 -10 24 19 15 13 -15 -16 -17 -18 -19 -20 -21 -22 -23 23 -25 25 -27 -28 28 -30 -31
leaf_value=-0.057843439756516513 0.04862278725734568 0.013267570902189633 0.10500578299108505 0.027155652727767262 0.049689571285027545 -0.055270018362374308 -0.069372765552485824 -0.060872819743577826 -0.050715392696099038 -0.02532925184045955 -0.0033509707200803148 0.11022179436420326 0.050373921833303165 0.086453640808525384 -0.098766050735529368 0.022228012247431195 -0.013617102065990592 -0.016847932480219797 0.11542016781008697 0.094875211095709622 0.065464141833066758 0.21275741894447697 0.045726581046515946 -0.044721660594632284 0.0080774167173758415 0.11769867133257422 0.076379290360578209 0.030396769238915294 -0.052218512215100321 -0.073534589080838694
leaf_weight=63.872492894530296 19.807899355888367 76.649200215935707 20.429670363664627 49.51608607172966 34.648703321814537 52.879054695367813 49.664862930774689 5.2689887732267371 53.353965952992439 19.596018329262733 36.470447778701782 25.766697958111767 49.878084897994995 37.327175065875053 83.583996534347534 22.416927918791771 4.9529240280389777 16.212706834077835 19.245118975639343 6.5262906551361075 15.862535342574118 8.6900169253349322 10.375193968415259 30.105071023106575 12.612123101949694 6.9076330661773673 9.985990107059477 30.859121292829514 25.574659004807472 6.5190736949443808
leaf_count=384 100 396 90 253 165 315 292 27 315 106 190 125 246 177 537 113 26 86 91 34 72 38 61 177 66 33 53 161 143 34
internal_value=-0.000416823 -0.0258181 0.0321719 -0.0519736 0.0106303 0.00804287 -0.0212849 0.0662349 -0.0127095 -0.0272199 0.0458241 0.0330378 0.0473446 0.0528581 -0.0810399 0.0615563 0.0902553 0.0338838 0.0731615 0.0115584 0.111878 0.137161 -0.0478929 -0.0215395 0.0107 0.0468701 0.00915404 0.00104258 -0.0139284 0.0122703
internal_weight=905.559 508.898 396.66 287.118 242.991 221.781 139.661 153.669 146.101 91.9948 96.8906 129.786 108.687 103.418 147.456 53.1365 30.7196 66.0908 53.8938 42.9967 44.9822 29.1197 90.1451 40.4803 39.1158 19.5198 92.7467 82.7608 62.9529 37.3782
internal_count=4906 2884 2022 1704 1286 1180 783 736 806 520 480 660 536 509 921 264 151 332 256 224 200 128 530 238 205 99 491 438 338 195
is_linear=0
shrinkage=0.1


Tree=4
num_leaves=31
num_cat=0
split_feature=13 8 0 7 0 0 8 7 7 7 78 15 11 8 85 0 15 0 87 1 16 11 16 73 64 67 47 0 6 10
split_gain=60.9259 38.1729 22.9522 22.9117 15.7882 15.5565 14.2085 9.69095 8.95811 8.26652 6.62312 6.3525 7.03199 6.04409 5.97523 5.50023 5.3713 5.34202 6.28077 4.70018 4.6788 4.66823 5.55938 4.61952 4.60345 8.30388 7.29203 5.69346 4.5085 4.23221
threshold=1.0000000180025095e-35 1.0000000180025095e-35 10.965092182159426 1.0000000180025095e-35 10.843257904052736 8.8720054626464862 1.0000000180025095e-35 1.0000000180025095e-35 1.0000000180025095e-35 1.0000000180025095e-35 1.0000000180025095e-35 1.0000000180025095e-35 1.0000000180025095e-35 1.0000000180025095e-35 1.0000000180025095e-35 16.119096755981449 1.0000000180025095e-35 11.43189573287964 1.0000000180025095e-35 -0.12221461907029151 1.0000000180025095e-35 1.0000000180025095e-35 1.0000000180025095e-35 1.0000000180025095e-35 1.0000000180025095e-35 1.0000000180025095e-35 1.0000000180025095e-35 15.181382656097414 1.0000000180025095e-35 1.0000000180025095e-35
decision_type=2 2 2 2 2 2 2 2 2 2 2 2 2 2 2 2 2 2 2 2 2 2 2 2 2 2 2 2 2 2
left_child=1 3 6 14 11 10 8 13 16 -6 -5 -3 -13 -4 19 17 -2 -9 20 -1 -19 -10 -23 -22 25 26 27 -15 -14 -8
right_child=2 4 7 5 9 -7 29 15 21 -11 -12 12 28 24 -16 -17 -18 18 -20 -21 23 22 -24 -25 -26 -27 -28 -29 -30 -31
leaf_value=-0.057995598627401904 0.030194735498726723 0.045885842395491525 -0.043350960673150397 0.024935011192369565 -0.051460513394626421 -0.053355155646985619 0.093569172639781262 -0.048690334192437151 0.036399063697488333 0.0095472837306676758 -0.07203147569487664 -0.031036905880398993 0.082828989972814904 -0.08852313239450213 0.054688620920889434 -0.025545275960743175 -0.01901180671167399 0.050714828403448521 -0.038337535132975005 -0.095637604047757313 0.19404667899965305 0.056827399808731117 0.16008672082089759 0.057532611871795619 0.083579139959218965 -0.06229783083427029 0.13055970091593463 0.070347732598410387 -0.019141935122420586 0.050603339687350125
leaf_weight=56.427386254072189 49.15495477616787 83.736692279577255 55.282123938202858 61.537926375865936 51.204170733690262 68.34957829117775 60.090993776917458 5.344291314482688 38.591004267334938 39.223747774958611 7.9545191973447791 28.746809229254723 12.429676637053491 4.6994225233793241 3.3685971945524207 14.243766769766806 40.429598182439804 25.663721486926079 5.8680759817361823 80.487976133823395 5.4015651494264585 14.682673007249832 8.0850474685430527 4.5810821503400803 6.7721304893493643 14.331591993570328 5.914004549384118 4.3379645943641663 6.6586674004793158 37.067294880747795
leaf_count=350 260 409 334 328 315 413 269 26 182 205 42 158 60 26 22 72 212 127 29 549 27 68 37 23 34 78 29 22 33 167
internal_value=-0.000477602 -0.0237533 0.028585 -0.048436 0.00716975 -0.0194812 0.0473489 -0.00195394 0.0281493 -0.024998 0.0138356 0.0292783 0.000206245 -0.0225764 -0.0768869 0.0288729 0.00798777 0.0454145 0.0575289 -0.0801241 0.0733104 0.0575853 0.0934958 0.1314 0.00927665 -0.00790691 0.0442293 -0.0122648 0.047258 0.0771771
internal_weight=900.667 500.126 400.541 278.126 222 137.842 248.102 152.44 150.943 90.4279 69.4924 131.572 47.8352 91.3372 140.284 61.1025 89.5846 46.8587 41.5144 136.915 35.6464 61.3587 22.7677 9.98265 36.0551 29.283 14.9514 9.03739 19.0883 97.1583
internal_count=4906 2884 2022 1704 1180 783 1195 827 759 520 370 660 251 523 921 304 472 232 206 899 177 287 105 50 189 155 77 48 93 436
is_linear=0
shrinkage=0.1


Tree=5
num_leaves=31
num_cat=0
split_feature=13 8 7 0 1 0 8 7 7 99 8 21 130 12 7 15 68 15 98 11 55 40 15 14 0 1 87 67 14 83
split_gain=49.5605 32.2904 20.4761 18.8399 13.1224 13.1076 10.4623 9.01027 8.79363 9.28774 6.94953 6.88726 5.73273 6.80279 5.5285 5.1796 4.92018 4.85067 4.68416 4.58069 5.30508 5.39096 4.49658 4.45815 4.21206 5.15281 4.07788 3.87204 4.81657 3.81761
threshold=1.0000000180025095e-35 1.0000000180025095e-35 1.0000000180025095e-35 8.8049278259277362 -0.20009126514196393 6.3449692726135263 1.0000000180025095e-35 1.0000000180025095e-35 1.0000000180025095e-35 1.0000000180025095e-35 1.0000000180025095e-35 1.0000000180025095e-35 1.0000000180025095e-35 1.0000000180025095e-35 1.0000000180025095e-35 1.0000000180025095e-35 1.0000000180025095e-35 1.0000000180025095e-35 1.0000000180025095e-35 1.0000000180025095e-35 1.0000000180025095e-35 1.0000000180025095e-35 1.0000000180025095e-35 1.0000000180025095e-35 8.0082135200500506 0.1512662544846535 1.0000000180025095e-35 1.0000000180025095e-35 1.0000000180025095e-35 1.0000000180025095e-35
decision_type=2 2 2 2 2 2 2 2 2 2 2 2 2 2 2 2 2 2 2 2 2 2 2 2 2 2 2 2 2 2
left_child=1 2 12 7 17 -4 14 10 16 15 11 22 -1 -14 -5 27 18 -3 24 -7 -21 -22 -2 -24 -6 -26 -8 28 -10 -9
right_child=3 4 5 6 8 19 26 29 9 -11 -12 -13 13 -15 -16 -17 -18 -19 -20 20 21 -23 23 -25 25 -27 -28 -29 -30 -31
leaf_value=-0.085588694244188135 0.049161857240405359 0.056214439597450427 0.02265481221749097 -0.032299661494568754 -0.11483676388799431 -0.06276064084857863 0.037523588698515804 0.084930006669176286 0.017964874663120405 0.081498671344298293 0.058353905467407777 -0.065722458068109876 -0.078705589719388444 0.008075959558023418 0.010702800240449381 -0.057886113999212667 -0.074888148454234207 0.0068338348313512669 0.057439248340314247 0.044762397611991689 -0.060303483573754882 0.047735819832249435 0.026858580341831619 -0.052014167097331913 0.028622755289095338 -0.045150789928461846 -0.056121107452811715 0.042789301940640914 -0.1141946525327564 0.020604301737589037
leaf_weight=97.1499352902174 32.389107927680016 52.333207055926323 50.431928485631943 71.47035139799118 5.2418949306011191 46.632442981004715 76.805479168891907 61.982611671090126 7.675320431590082 15.849814832210539 53.948951676487923 10.086647033691404 19.77291738986969 16.630407065153122 51.395672053098679 14.04352957010269 22.223425894975662 32.09043362736702 6.9815349429845801 10.418810710310934 22.928772464394573 5.7834820747375479 17.952565267682076 11.927801653742792 14.436175763607023 27.508671805262566 4.9498473405838004 19.397172659635544 4.3040668964385986 10.839692413806914
leaf_count=689 168 243 253 428 28 292 372 273 39 80 236 53 126 106 261 73 141 168 41 61 141 36 95 62 74 172 26 99 22 48
internal_value=-0.000520656 -0.0218345 -0.0450837 0.0254432 0.00640438 -0.0178008 0.00413366 0.0473406 -0.0126314 0.0155899 0.0311887 0.0109342 -0.0729063 -0.0390605 -0.0143114 -0.0074097 -0.0352663 0.0374443 -0.0190108 -0.0415901 -0.0163613 -0.0385412 0.0233513 -0.00462626 -0.030322 -0.0197601 0.0318539 0.0151826 -0.0295186 0.075355
internal_weight=895.583 491.834 269.749 403.749 222.085 136.195 204.621 199.127 137.662 61.2699 126.305 72.3561 133.553 36.4033 122.866 45.4201 76.3917 84.4236 54.1683 85.7635 39.1311 28.7123 62.2695 29.8804 47.1867 41.9448 81.7553 31.3766 11.9794 72.8223
internal_count=4906 2884 1704 2022 1180 783 1087 935 769 313 614 378 921 232 689 233 456 411 315 530 238 177 325 157 274 246 398 160 61 321
is_linear=0
shrinkage=0.1


Tree=6
num_leaves=31
num_cat=0
split_feature=13 8 7 1 0 1 7 7 8 83 6 74 15 0 0 78 67 11 73 15 58 0 9 6 0 0 22 8 133 128
split_gain=40.4461 27.2568 18.2221 15.7324 11.6886 11.0553 10.9187 9.07974 8.11931 6.1811 6.6144 6.79015 5.74378 5.61675 5.53804 5.51231 4.82462 5.55324 5.20665 4.96361 8.48642 5.18339 4.68691 5.98147 4.54392 5.31728 4.42615 4.3983 4.19027 4.17484
threshold=1.0000000180025095e-35 1.0000000180025095e-35 1.0000000180025095e-35 -0.35188987851142878 8.8720054626464862 0.57973989844322216 1.0000000180025095e-35 1.0000000180025095e-35 1.0000000180025095e-35 1.0000000180025095e-35 1.0000000180025095e-35 1.0000000180025095e-35 1.0000000180025095e-35 16.119096755981449 8.3682408332824725 1.0000000180025095e-35 1.0000000180025095e-35 1.0000000180025095e-35 1.0000000180025095e-35 1.0000000180025095e-35 1.0000000180025095e-35 5.7535934448242196 1.0000000180025095e-35 1.0000000180025095e-35 3.1772758960723881 2.6652977466583256 1.0000000180025095e-35 1.0000000180025095e-35 1.0000000180025095e-35 1.0000000180025095e-35
decision_type=2 2 2 2 2 2 2 2 2 2 2 2 2 2 2 2 2 2 2 2 2 2 2 2 2 2 2 2 2 2
left_child=1 2 14 12 15 7 8 16 -5 10 28 -12 22 -8 -1 -4 -3 19 -19 20 21 -18 23 27 25 -14 -26 29 -9 -2
right_child=3 5 4 6 -6 -7 13 9 -10 -11 11 -13 24 -15 -16 -17 17 18 -20 -21 -22 -23 -24 -25 26 -27 -28 -29 -30 -31
leaf_value=-0.046101709672638776 0.034308416656949552 -0.031827570003078814 0.021923565331350564 -0.02503635845445247 -0.046933042928078102 -0.040328658158063017 0.042421530071240818 0.063337720576708001 0.019315997606660903 -0.020855241143755632 -0.021235864185563797 0.087883290765251018 0.043540261923387232 -0.024921670257491018 -0.088014775499696246 -0.067853184485532209 0.02081417756373587 0.069392140836058991 -0.031923317187247398 -0.055801010475837159 0.078170094914525728 -0.11474037315420574 0.037863815712518782 0.052820442338554388 0.032098378124554329 -0.069576717291103374 0.13079768857651694 0.16764984080681611 0.14119102917605017 0.16001923188950376
leaf_weight=57.53445403277874 7.1533780843019485 36.758794859051704 62.228109613060951 98.367387697100639 64.65339483320713 42.262487128376961 97.391326859593391 28.780017182230949 71.114454135298729 12.706124961376188 16.690953254699707 8.6621933430433291 7.8589990288019207 14.189502850174902 69.735834315419197 7.6836814582347861 5.9205621331930161 22.300905391573909 6.5656896084547034 15.326947361230848 11.522045478224754 5.3880514055490494 27.823689386248589 22.202911213040352 29.982663333415985 8.8186234682798368 5.3550879508256903 11.963252395391464 9.0990431904792768 4.1886512190103531
leaf_count=384 34 208 328 578 413 254 455 137 344 64 82 42 37 72 537 42 27 111 34 91 60 30 126 100 142 41 25 49 40 19
internal_value=-0.000551004 -0.0200867 -0.0419412 0.0227056 -0.0162856 0.00569137 0.00956637 0.0165132 -0.00642614 0.0427899 0.0555789 0.0160459 0.0521674 0.0338576 -0.0690673 0.0120566 -0.00271344 0.0132539 0.046348 -0.0117821 0.0177693 -0.0437715 0.070196 0.0899638 0.0267506 -0.0162726 0.0470553 0.12535 0.0820391 0.0807339
internal_weight=890.229 483.819 261.835 406.41 134.565 221.984 281.063 179.721 169.482 75.9383 63.2322 25.3531 125.347 111.581 127.27 69.9118 103.783 67.0242 28.8666 38.1576 22.8307 11.3086 73.3319 45.5082 52.0154 16.6776 35.3378 23.3053 37.8791 11.342
internal_count=4906 2884 1704 2022 783 1180 1449 926 922 365 301 124 573 527 921 370 561 353 145 208 117 57 328 202 245 78 167 102 177 53
is_linear=0
shrinkage=0.1


Tree=7
num_leaves=31
num_cat=0
split_feature=13 8 7 8 70 1 0 7 0 85 67 11 83 55 60 6 7 83 6 9 21 14 1 61 10 10 12 9 74 14
split_gain=33.0295 22.937 16.1817 13.0499 10.5542 9.05921 8.75232 7.21419 6.61984 5.67889 5.62728 9.92915 10.0276 5.26599 6.5685 5.48296 4.94939 4.86542 5.08957 5.97147 4.46371 4.43536 4.16782 4.16738 4.15513 4.07762 4.05586 6.42466 4.8515 5.49434
threshold=1.0000000180025095e-35 1.0000000180025095e-35 1.0000000180025095e-35 1.0000000180025095e-35 1.0000000180025095e-35 0.57973989844322216 9.9206023216247576 1.0000000180025095e-35 5.6454484462738046 1.0000000180025095e-35 1.0000000180025095e-35 1.0000000180025095e-35 1.0000000180025095e-35 1.0000000180025095e-35 1.0000000180025095e-35 1.0000000180025095e-35 1.0000000180025095e-35 1.0000000180025095e-35 1.0000000180025095e-35 1.0000000180025095e-35 1.0000000180025095e-35 1.0000000180025095e-35 0.1512662544846535 1.0000000180025095e-35 1.0000000180025095e-35 1.0000000180025095e-35 1.0000000180025095e-35 1.0000000180025095e-35 1.0000000180025095e-35 1.0000000180025095e-35
decision_type=2 2 2 2 2 2 2 2 2 2 2 2 2 2 2 2 2 2 2 2 2 2 2 2 2 2 2 2 2 2
left_child=1 2 9 6 -4 7 16 22 24 21 11 -8 -13 15 -15 -10 20 18 -9 -20 26 -1 -3 -19 -5 -7 27 28 29 -2
right_child=3 5 4 8 -6 25 10 17 13 -11 -12 12 -14 14 -16 -17 -18 23 19 -21 -22 -23 -24 -25 -26 -27 -28 -29 -30 -31
leaf_value=-0.050768312601993874 0.096046487206230782 0.010049393061975578 0.0018101580699826484 0.09634119065263741 -0.062420628737161303 -0.012164190211706559 -0.028998052049351488 0.071781903301721253 0.028406044254458376 0.066277602773146038 -0.038231537785751057 0.027946669828626255 0.20670627940418723 0.13479833655300197 0.033979040074964974 -0.05531802049000676 0.044368457021059411 0.025146874178501189 -0.019215223846436872 0.084168539310511228 -0.055571936487690959 -0.089592370716343836 -0.034584800708873958 -0.094020918845980725 0.035961465726031649 -0.076644507622140604 -0.013067340879232571 -0.01311252842721055 0.14932243240874646 -0.010657911066985666
leaf_weight=63.008870869874954 9.8190558850765264 74.226173892617226 98.553181007504463 29.83652152121067 34.550745695829391 25.266329512000084 29.857764855027199 38.897969782352448 19.717909008264542 3.1917347908020011 54.824180215597153 17.011732369661335 3.8478225767612448 7.0693540275096884 75.238782793283463 12.965088099241255 58.3148133456707 7.9294607639312726 17.234392538666725 8.2669098228216189 10.228031069040297 55.208697639405727 29.131186068058014 4.658690482378006 18.441999807953835 16.02927266061306 29.776235193014145 16.478387102484703 5.6001268625259391 9.4889791011810303
leaf_count=476 50 372 556 123 227 155 175 177 91 22 312 98 22 33 351 61 256 40 85 39 55 423 189 24 77 99 153 87 29 49
internal_value=-0.000565349 -0.0184628 -0.0389444 0.0202953 -0.0148627 0.00505657 0.00571226 0.0147309 0.0422006 -0.0653458 -0.0160225 0.00798491 0.0609213 0.0291534 0.0426383 -0.00480663 0.0221319 0.037905 0.0490195 0.0142993 0.00619992 -0.0688995 -0.00253072 -0.0189554 0.0732766 -0.0371928 0.0150782 0.035328 0.0673746 0.0436064
internal_weight=884.67 476.154 254.513 408.517 133.104 221.64 245.247 180.345 163.27 121.409 105.542 50.7173 20.8596 114.991 82.3081 32.683 139.706 76.9874 64.3993 25.5013 81.3908 118.218 103.357 12.5882 48.2785 41.2956 71.1628 41.3865 24.9082 19.308
internal_count=4906 2884 1704 2022 783 1180 1286 926 736 921 607 295 120 536 384 152 679 365 301 124 423 899 561 64 200 254 368 215 128 99
is_linear=0
shrinkage=0.1


Tree=8
num_leaves=31
num_cat=0
split_feature=0 8 7 13 13 7 15 55 13 14 83 95 8 62 7 13 8 70 99 10 64 8 0 0 0 11 0 0 67 108
split_gain=27.8153 15.3392 12.7702 10.9746 8.80376 8.23033 6.86062 5.52766 5.51654 7.38668 5.40033 5.05485 4.90593 4.48562 4.46086 7.81953 4.46048 4.28356 5.76458 4.76095 4.16225 4.14708 5.95446 4.12363 4.28799 4.71818 5.26322 4.02746 4.02726 4.87518
threshold=10.843257904052736 1.0000000180025095e-35 1.0000000180025095e-35 1.0000000180025095e-35 1.0000000180025095e-35 1.0000000180025095e-35 1.0000000180025095e-35 1.0000000180025095e-35 1.0000000180025095e-35 1.0000000180025095e-35 1.0000000180025095e-35 1.0000000180025095e-35 1.0000000180025095e-35 1.0000000180025095e-35 1.0000000180025095e-35 1.0000000180025095e-35 1.0000000180025095e-35 1.0000000180025095e-35 1.0000000180025095e-35 1.0000000180025095e-35 1.0000000180025095e-35 1.0000000180025095e-35 14.176591396331789 9.8631072044372576 9.0704994201660174 1.0000000180025095e-35 3.7193702459335332 6.2258727550506601 1.0000000180025095e-35 1.0000000180025095e-35
decision_type=2 2 2 2 2 2 2 2 2 2 2 2 2 2 2 2 2 2 2 2 2 2 2 2 2 2 2 2 2 2
left_child=1 3 4 5 12 -1 14 -7 16 10 11 20 -2 -11 27 23 17 18 19 -4 21 -10 -23 24 25 26 -16 -3 29 -6
right_child=2 6 8 -5 28 7 -8 -9 9 13 -12 -13 -14 -15 15 -17 -18 -19 -20 -21 -22 22 -24 -25 -26 -27 -28 -29 -30 -31
leaf_value=-0.045733290320450426 -0.085518425102552587 0.05059711617890944 0.029934505153475562 0.017504384762615493 0.011837046918732752 0.030951765938881888 0.0092562194127127542 -0.021017041623605265 -0.035970636999701468 0.06421908349340022 0.13220603013829821 0.12073630854644918 -0.039534500045102512 -0.049235850983835566 0.10358192511792007 0.12088846349808202 0.0066802642755704206 -0.058569330030887747 0.11185177125966556 -0.1034301086193626 0.09451363785222644 0.11405297874953089 -0.033708448645783075 0.12766148523675558 -0.066996814993058151 0.096646742558396323 -0.014478378023929456 0.009355372053663125 -0.040067231359339525 -0.10739751394654172
leaf_weight=69.413254976272583 46.618974402546883 51.748511373996735 5.8578207045793516 154.51115633547306 41.954214558005333 35.273729890584946 82.195136323571205 48.758473753929138 14.967265501618389 4.3448663651943233 6.0418523102998725 5.2746956497430793 46.187559202313423 17.604001775383949 5.0025358796119717 18.343793570995331 39.533427476882935 33.211870267987251 3.8265224397182456 4.9292279630899429 5.4328820556402198 5.8357058465480804 5.1199335306882858 4.9307199716567984 4.033896952867507 10.623012796044351 15.402452558279036 43.652999132871628 44.952651754021645 3.7343796640634528
leaf_count=520 401 223 38 753 244 184 397 277 77 21 28 25 315 87 22 76 205 227 25 32 26 25 23 22 20 47 71 207 267 21
internal_value=-0.000576201 0.0133911 -0.0232239 -0.00130813 -0.0409837 -0.0202513 0.0325776 0.000797615 -0.00178703 0.0203646 0.0446123 0.0301645 -0.0626333 -0.026777 0.0450463 0.0668297 -0.0181731 -0.0387173 0.00639978 -0.0310075 0.0149285 -0.00175086 0.0449992 0.0420341 0.0299924 0.0426018 0.0144656 0.0317261 -0.0188168 0.00209135
internal_weight=879.318 543.89 335.428 307.957 183.448 153.445 235.933 84.0322 151.98 64.6212 42.6723 36.6305 92.8065 21.9489 153.738 58.3364 87.3589 47.8254 14.6136 10.787 31.3558 25.9229 10.9556 39.9926 35.0619 31.028 20.405 95.4015 90.6412 45.6886
internal_count=4906 2819 2087 1734 1248 981 1085 461 839 312 204 176 716 108 688 258 527 322 95 70 151 125 48 182 160 140 93 430 532 265
is_linear=0
shrinkage=0.1


Tree=9
num_leaves=31
num_cat=0
split_feature=0 8 7 13 13 7 13 0 9 61 54 69 8 55 1 53 0 13 16 0 5 98 11 81 0 6 0 74 15 60
split_gain=22.8754 12.2891 10.7877 8.95488 7.85007 6.98589 5.5251 4.98254 5.65891 5.63497 5.39575 5.92528 4.63948 4.45579 4.209 5.07323 7.43887 5.59933 6.60162 8.29233 4.40849 3.92712 4.44299 9.3515 4.81067 4.72271 3.66414 5.03187 3.63068 5.7041
threshold=10.843257904052736 1.0000000180025095e-35 1.0000000180025095e-35 1.0000000180025095e-35 1.0000000180025095e-35 1.0000000180025095e-35 1.0000000180025095e-35 17.006159782409672 1.0000000180025095e-35 1.0000000180025095e-35 1.0000000180025095e-35 1.0000000180025095e-35 1.0000000180025095e-35 1.0000000180025095e-35 0.82082289457321178 1.0000000180025095e-35 11.43189573287964 1.0000000180025095e-35 1.0000000180025095e-35 14.176591396331789 1.0000000180025095e-35 1.0000000180025095e-35 1.0000000180025095e-35 1.0000000180025095e-35 6.1615331172943124 1.0000000180025095e-35 12.699520587921144 1.0000000180025095e-35 1.0000000180025095e-35 1.0000000180025095e-35
decision_type=2 2 2 2 2 2 2 2 2 2 2 2 2 2 2 2 2 2 2 2 2 2 2 2 2 2 2 2 2 2
left_child=1 3 4 5 12 -1 21 8 14 -10 -9 -12 -2 -7 15 16 -4 18 19 -18 26 22 28 -24 25 -25 -17 -28 -3 -30
right_child=2 6 7 -5 -6 13 -8 10 9 -11 11 -13 -14 -15 -16 20 17 -19 -20 -21 -22 -23 23 24 -26 -27 27 -29 29 -31
leaf_value=-0.042541849587435891 -0.082280959334149209 0.011290570559887412 -0.036724128353440993 0.015641396570018607 -0.017148469309535657 0.027437024028004103 0.046846425954754342 -0.11638689905668323 -0.049212522633576505 0.02324459317364443 0.068826999503619132 -0.071499276311555143 -0.036555529547737907 -0.01913775408050258 0.11482899116427697 -0.069059411146310007 0.13834288091376501 0.12069388198321425 -0.066183047036854029 -0.047322466758220175 -0.048449701871589229 0.068299811659487217 0.072817709681360546 0.080335640620550097 -0.060789240782111911 -0.040799678646611791 -0.012049443051644496 0.079646235500727747 0.013377248968521464 -0.080490775800359404
leaf_weight=67.27376152575016 43.757564768195152 46.045883685350418 8.8199785351753217 155.56394205987453 89.702864810824394 35.784281641244888 100.84909972548485 7.3671009093523034 29.489498138427734 16.875249221920967 5.502714991569519 6.640048623085022 45.019555747509003 48.221292078495026 4.4874610900878897 4.2313414812088039 6.9243917465209943 11.837084144353867 4.9319876134395608 3.6861230731010437 16.410090580582619 12.989221557974814 27.466782987117767 7.5306273400783557 11.120073601603506 5.6206392645835876 12.49358968436718 11.486900269985199 12.43572561442852 13.502913370728493
leaf_count=520 401 214 47 753 532 184 425 43 168 93 32 38 315 277 26 23 38 55 31 22 94 62 125 33 55 26 67 62 70 75
internal_value=-0.000573958 0.0120149 -0.0213631 -0.001205 -0.0380121 -0.0185285 0.0290902 -0.00170815 0.00527982 -0.0228405 -0.0488705 -0.00790786 -0.0590932 0.000701941 0.020563 0.0153291 0.0431455 0.0688744 0.029409 0.0738422 -0.00723703 0.0159919 0.0105003 0.0328529 -0.0123736 0.0285644 0.0167353 0.0318737 -0.00556536 -0.0354878
internal_weight=874.068 544.404 329.664 306.843 178.48 151.279 237.561 151.184 131.674 46.3647 19.5099 12.1428 88.7771 84.0056 85.3089 80.8215 36.1996 27.3796 15.5425 10.6105 44.6219 136.712 123.723 51.7381 24.2713 13.1513 28.2118 23.9805 71.9845 25.9386
internal_count=4906 2819 2087 1734 1248 981 1085 839 726 261 113 70 716 461 465 439 193 146 91 60 246 660 598 239 114 59 152 129 359 145
is_linear=0
shrinkage=0.1


Tree=10
num_leaves=31
num_cat=0
split_feature=0 13 8 10 87 8 14 15 95 8 7 7 15 134 5 99 7 6 14 26 8 6 11 70 5 57 73 15 55 1
split_gain=19.4368 16.4182 13.1431 9.12047 5.94365 5.95573 5.67839 6.43167 6.2199 5.82177 5.50168 5.44621 5.36191 5.07156 5.06237 4.84017 4.8171 4.65545 5.39377 4.28854 4.27162 4.24307 6.10634 5.22259 4.91335 5.16257 5.97528 4.59187 4.16187 4.1215
threshold=6.2258727550506601 1.0000000180025095e-35 1.0000000180025095e-35 1.0000000180025095e-35 1.0000000180025095e-35 1.0000000180025095e-35 1.0000000180025095e-35 1.0000000180025095e-35 1.0000000180025095e-35 1.0000000180025095e-35 1.0000000180025095e-35 1.0000000180025095e-35 1.0000000180025095e-35 1.0000000180025095e-35 1.0000000180025095e-35 1.0000000180025095e-35 1.0000000180025095e-35 1.0000000180025095e-35 1.0000000180025095e-35 1.0000000180025095e-35 1.0000000180025095e-35 1.0000000180025095e-35 1.0000000180025095e-35 1.0000000180025095e-35 1.0000000180025095e-35 1.0000000180025095e-35 1.0000000180025095e-35 1.0000000180025095e-35 1.0000000180025095e-35 0.74416303634643566
decision_type=2 2 2 2 2 2 2 2 2 2 2 2 2 2 2 2 2 2 2 2 2 2 2 2 2 2 2 2 2 2
left_child=3 2 10 6 5 16 8 9 -1 -8 13 -4 14 -2 -5 -13 29 18 20 -19 -16 24 23 -23 25 -18 -27 -26 -14 -3
right_child=1 4 11 12 -6 -7 7 -9 -10 -11 -12 15 28 -15 17 -17 21 19 -20 -21 -22 22 -24 -25 27 26 -28 -29 -30 -31
leaf_value=0.042476963847365962 -0.074311072292424785 -0.0083438970171746223 -0.024551713280038676 0.034048612009992006 -0.058600402496975901 0.027683575933922889 0.0070969509162163965 -0.019380482233809986 0.13581703592636737 0.081718992056724518 -0.03053240174427161 -0.001014739912978654 0.0028760711331404292 0.064561413296010658 0.0023354760549412798 0.060971027062195551 0.13857963096179876 0.013509143141425801 -0.069717730486307403 -0.10948031927735563 0.12712790642023722 -0.10077451127544344 0.048797039316027038 0.016174168608611525 -0.03719578252317339 -0.037012238834834697 0.093348770312810039 0.066639632858998696 -0.058473321490390875 -0.065031924297654198
leaf_weight=96.313699007034302 67.874889642000198 71.758665338158607 76.903667628765106 49.254623800516129 13.464212879538534 106.58926618099213 24.306527987122536 33.445163547992706 7.7107088118791571 18.34607370197773 79.130279392004013 50.754963830113411 21.305855363607407 2.7357086688280097 6.5369170904159564 16.756093174219131 7.2928699254989633 4.4270806908607501 5.0453263819217673 7.8842749148607254 4.7260055392980576 9.3036435991525632 9.4711481928825378 6.476830631494523 11.910827338695528 6.35627780854702 7.8690565675497055 6.629338636994361 22.989295542240143 15.61662746965885
leaf_count=462 633 420 488 235 77 488 129 176 37 77 532 258 111 21 37 80 34 22 25 40 20 45 44 33 57 30 37 32 122 104
internal_value=-0.000573923 -0.0114938 -0.0278807 0.0199044 0.00617984 0.0095439 0.0342096 0.0134503 0.0493957 0.039194 -0.0486392 -0.00635658 -0.00118666 -0.0689307 0.0146134 0.01437 -0.00311936 -0.0188347 0.0162081 -0.0652541 0.0546993 0.0174253 -0.0146782 -0.0527749 0.0376624 0.0701708 0.0350998 -6.77367e-05 -0.0289644 -0.0184758
internal_weight=869.186 566.894 294.156 302.292 272.739 259.275 180.122 76.0978 104.024 42.6526 149.741 144.415 122.169 70.6106 77.8742 67.5111 152.685 28.6196 16.3082 12.3114 11.2629 65.31 25.2516 15.7805 40.0584 21.5182 14.2253 18.5402 44.2952 87.3753
internal_count=4906 3413 2012 1493 1401 1324 881 382 499 206 1186 826 612 654 379 338 836 144 82 62 57 312 122 78 190 101 67 89 233 524
is_linear=0
shrinkage=0.1


Tree=11
num_leaves=31
num_cat=0
split_feature=0 13 13 6 8 42 7 8 0 15 0 11 16 67 7 10 32 67 0 56 47 55 87 190 99 12 35 132 12 0
split_gain=16.358 8.64802 7.93596 6.31672 5.90448 5.64821 5.44505 5.29841 6.63189 5.53696 5.45654 5.2734 4.15418 6.00969 4.06474 4.54118 6.20931 5.34638 4.57808 4.30896 4.25892 3.94654 3.91914 3.68286 3.66846 3.64326 5.04281 4.70547 3.59492 4.35425
threshold=10.843257904052736 1.0000000180025095e-35 1.0000000180025095e-35 1.0000000180025095e-35 1.0000000180025095e-35 1.0000000180025095e-35 1.0000000180025095e-35 1.0000000180025095e-35 12.203969955444338 1.0000000180025095e-35 14.109513759613039 1.0000000180025095e-35 1.0000000180025095e-35 1.0000000180025095e-35 1.0000000180025095e-35 1.0000000180025095e-35 1.0000000180025095e-35 1.0000000180025095e-35 3.7686516046524052 1.0000000180025095e-35 1.0000000180025095e-35 1.0000000180025095e-35 1.0000000180025095e-35 1.0000000180025095e-35 1.0000000180025095e-35 1.0000000180025095e-35 1.0000000180025095e-35 1.0000000180025095e-35 1.0000000180025095e-35 15.798768043518068
decision_type=2 2 2 2 2 2 2 2 2 2 2 2 2 2 2 2 2 2 2 2 2 2 2 2 2 2 2 2 2 2
left_child=1 4 3 5 6 -2 -1 8 11 12 -10 -7 13 -9 15 16 20 -18 19 -17 -3 -19 23 28 -8 26 27 -20 29 -4
right_child=2 14 22 -5 -6 7 24 9 10 -11 -12 -13 -14 -15 -16 18 17 21 25 -21 -22 -23 -24 -25 -26 -27 -28 -29 -30 -31
leaf_value=-0.037813938641164606 -0.040571649546070981 0.032855914035920718 0.033421114452779642 -0.057004170999803074 0.01290824354883228 -0.038757041730824116 0.0062251886922306673 0.026156727548346689 -0.099357399283031861 -0.027132900714516035 0.053580847019009975 0.12433500482500569 0.014830763818041085 0.18545253021146424 0.03949581134976772 0.0056574843827789396 -0.091126599264699126 -0.038752874521585413 -0.046053353459356246 0.11970610361040677 0.12729955066159598 0.082354358045915552 -0.054486730820242094 -0.088011841357826581 -0.081684875916167077 -0.062029592763532773 0.075766643759513252 0.061702826269385183 -0.015054828335520246 -0.01596731207728129
leaf_weight=64.128473624587059 51.054500684142113 75.781652942299843 58.734106808900833 68.116862192749977 137.36617223918438 3.8489110618829754 78.599106848239899 4.2522623687982577 11.55613327026367 8.548584386706354 2.9228826686739913 4.0885340869426727 7.3120984584093085 5.345648393034935 96.414100661873817 11.472121581435205 7.42563320696354 5.6293580085039139 19.579755023121841 4.6578002274036399 5.0958643704652777 5.1546102166175842 13.054667130112646 4.3288647830486289 5.0519650727510443 15.934309139847754 6.4147572070360175 5.1101049780845633 51.808373019099236 25.645424023270607
leaf_count=520 385 346 311 521 660 33 426 24 99 51 24 32 42 32 412 52 36 27 99 21 24 24 77 24 35 81 32 24 293 139
internal_value=-0.0005688 0.0099937 -0.0184844 -0.0335693 -0.00201711 -0.0174334 -0.0158907 0.00724143 -0.0282115 0.038458 -0.0684837 0.0452508 0.0716164 0.114878 0.0232338 0.0135708 0.0269284 -0.0258282 -0.00738195 0.038591 0.0388065 0.019135 -0.00207586 0.00279336 0.000916009 -0.0231464 -0.0032272 -0.0237509 0.00567969 0.0184105
internal_weight=864.434 543.816 320.618 167.046 285.146 98.9296 147.78 47.8751 22.4165 25.4586 14.479 7.93745 16.91 9.59791 258.67 162.256 99.0871 18.2096 63.1688 16.1299 80.8775 10.784 153.571 140.517 83.6511 47.0389 31.1046 24.6899 136.188 84.3795
internal_count=4906 2819 2087 1243 1641 722 981 337 188 149 123 65 98 56 1178 766 457 87 309 73 370 51 844 767 461 236 155 123 743 450
is_linear=0
shrinkage=0.1


Tree=12
num_leaves=31
num_cat=0
split_feature=8 0 15 13 7 85 7 67 14 9 6 9 0 31 0 137 1 9 0 47 61 56 55 14 0 99 151 5 69 34
split_gain=14.0221 12.4785 8.1407 7.98215 5.77789 12.5246 5.45646 5.72294 6.05558 7.0812 5.402 7.91808 6.8239 5.4492 5.16848 5.74715 4.67533 4.65747 6.67082 6.97616 7.07565 4.91432 4.62412 6.42873 4.80755 4.78547 4.46205 4.45688 6.43599 6.12715
threshold=1.0000000180025095e-35 8.8720054626464862 1.0000000180025095e-35 1.0000000180025095e-35 1.0000000180025095e-35 1.0000000180025095e-35 1.0000000180025095e-35 1.0000000180025095e-35 1.0000000180025095e-35 1.0000000180025095e-35 1.0000000180025095e-35 1.0000000180025095e-35 4.7556469440460214 1.0000000180025095e-35 7.2840518951416025 1.0000000180025095e-35 -0.094227697700262056 1.0000000180025095e-35 3.7686516046524052 1.0000000180025095e-35 1.0000000180025095e-35 1.0000000180025095e-35 1.0000000180025095e-35 1.0000000180025095e-35 9.1197810173034686 1.0000000180025095e-35 1.0000000180025095e-35 1.0000000180025095e-35 1.0000000180025095e-35 1.0000000180025095e-35
decision_type=2 2 2 2 2 2 2 2 2 2 2 2 2 2 2 2 2 2 2 2 2 2 2 2 2 2 2 2 2 2
left_child=1 4 6 -3 5 -1 10 8 9 -8 11 12 -2 -13 15 -12 -10 18 -6 21 -21 -20 24 -24 -14 -25 -4 28 29 -9
right_child=2 3 26 -5 17 -7 7 27 16 -11 14 13 22 -15 -16 -17 -18 -19 19 20 -22 -23 23 25 -26 -27 -28 -29 -30 -31
leaf_value=-0.016663459893443484 0.11912983636657495 -0.049467503193175576 -0.0098644282774577267 -0.011550300945416444 -0.012553554648989627 0.18457506403909918 0.07919564021026626 0.11592369622163845 0.047094669655772109 -0.029378835960617564 0.04552840942694824 -0.028987717752910553 -0.085925573628143792 0.066669734207215406 -0.039348023519227338 -0.065326163189973446 -0.071608983097749143 -0.0070588072664136943 0.12044776196253051 -0.033543010087386464 0.11056490481132349 0.046621858145152843 0.011399274175009225 0.15216890096582825 0.035928741646638146 0.017191368129047167 0.084347031897687164 0.020941659568375695 -0.0050022097736929158 0.0099978822011512446
leaf_weight=124.73026922345161 11.821351975202559 104.40327255427837 129.90273450314999 118.57663877308369 22.509912446141243 3.1713695824146262 17.613811448216438 29.225631728768349 4.7431845068931588 9.1156730651855487 20.664335653185848 28.215105026960373 5.6108776181936246 7.5483645647764197 31.525052890181541 6.0448320209980002 11.043351843953129 44.726503223180771 15.260151192545889 13.947924524545671 4.5084568262100211 22.038217708468437 14.40965761244297 8.405189320445059 7.6550685912370682 3.8205884844064721 5.2295978814363471 19.535472422838211 7.6279843002557746 6.7155878841876975
leaf_count=783 49 913 675 685 104 19 79 126 21 41 88 141 25 39 183 26 54 216 70 70 22 108 75 43 45 21 27 90 37 31
internal_value=-0.000561406 -0.0120906 0.0135751 -0.0293038 0.00320758 -0.0116737 0.024217 0.0415235 0.0131646 0.042168 0.0116729 0.0273815 0.0523975 -0.00879792 -0.0119263 0.0204397 -0.0359436 0.018683 0.0333938 0.0519442 0.00165914 0.0768268 0.0326271 0.0566519 -0.01561 0.109988 -0.00621846 0.0606299 0.0784253 0.0961315
internal_weight=860.346 473.873 386.473 222.98 250.893 127.902 251.341 105.621 42.516 26.7295 145.72 87.4862 51.7227 35.7635 58.2342 26.7092 15.7865 122.991 78.2647 55.7548 18.4564 37.2984 39.9014 26.6354 13.2659 12.2258 135.132 63.1047 43.5692 35.9412
internal_count=4906 2990 1916 1598 1392 802 1214 479 195 120 735 438 258 180 297 114 75 590 374 270 92 178 209 139 70 64 702 284 194 157
is_linear=0
shrinkage=0.1


Tree=13
num_leaves=31
num_cat=0
split_feature=13 7 8 8 14 68 0 0 31 9 11 0 73 10 60 83 26 9 16 0 51 83 10 6 78 9 8 61 12 0
split_gain=12.773 9.91365 7.43765 5.81369 5.43511 5.26246 4.42839 5.74703 5.0104 5.01931 4.46989 4.17859 5.31143 4.22542 4.14689 4.66347 3.87583 6.53096 3.86806 3.80484 3.6584 4.16509 7.33357 3.55938 8.23804 5.8287 7.23661 6.92944 4.66917 4.55102
threshold=1.0000000180025095e-35 1.0000000180025095e-35 1.0000000180025095e-35 1.0000000180025095e-35 1.0000000180025095e-35 1.0000000180025095e-35 13.550992488861086 13.882272243499758 1.0000000180025095e-35 1.0000000180025095e-35 1.0000000180025095e-35 17.006159782409672 1.0000000180025095e-35 1.0000000180025095e-35 1.0000000180025095e-35 1.0000000180025095e-35 1.0000000180025095e-35 1.0000000180025095e-35 1.0000000180025095e-35 3.1772758960723881 1.0000000180025095e-35 1.0000000180025095e-35 1.0000000180025095e-35 1.0000000180025095e-35 1.0000000180025095e-35 1.0000000180025095e-35 1.0000000180025095e-35 1.0000000180025095e-35 1.0000000180025095e-35 5.6960985660552987
decision_type=2 2 2 2 2 2 2 2 2 2 2 2 2 2 2 2 2 2 2 2 2 2 2 2 2 2 2 2 2 2
left_child=1 2 4 6 19 -4 10 -8 9 20 -2 13 -13 23 15 -12 17 -16 -11 -1 -9 22 -22 24 25 27 -27 -3 -25 -30
right_child=3 11 5 -5 -6 -7 7 8 -10 18 14 12 -14 -15 16 -17 -18 -19 -20 -21 21 -23 -24 28 -26 26 -28 -29 29 -31
leaf_value=0.055402662655922967 -0.0031098173974202772 0.090649607123528986 -0.0021844358846021495 0.026557748761155044 -0.073654732335246095 -0.059891174618789539 -0.12758100013820714 0.12498840173731479 -0.075688291482497214 -0.090040589493837309 0.017392797568638516 -0.12138494627380941 0.028823704605703201 -0.012684976845663618 0.126685112303457 -0.086010675865371686 0.023591127863614048 -0.0033047228922001453 0.025646840368986786 -0.035092525304209518 0.054870698407695755 0.11088045943883917 -0.077293047857129413 0.01975277490316214 -0.1093715667279706 -0.037886085656065993 0.056789320167205941 0.0055713109154781467 0.031852814455931314 -0.070394533420375202
leaf_weight=5.1462311744689933 116.55534146726131 28.094955645501614 103.80541484802961 166.53987602889538 44.686775788664818 18.640629418194294 4.8304432332515708 3.5216975212097195 10.003105729818342 7.8488944768905622 29.131477773189545 5.887732267379759 3.9223470687866211 80.527592547237873 11.923361018300058 5.1295116692781439 25.51916840672493 5.7189229726791373 4.5746474266052246 47.803309872746468 9.0633848458528572 3.6935201734304419 7.8217813521623603 33.659009993076324 4.0334356874227515 17.638665020465851 14.887888357043265 14.521406553685663 6.1643172353506115 14.816075958311556
leaf_count=38 589 143 570 736 434 141 30 21 64 48 141 42 26 454 59 26 129 29 29 449 52 21 48 186 23 111 68 81 29 89
internal_value=-0.000547635 -0.012309 -0.0273851 0.0121378 -0.0479721 -0.0109694 0.00234915 -0.0237615 -0.0129829 0.00419072 0.00926219 0.00249335 -0.0613273 0.0054143 0.0278876 0.00191136 0.0485071 0.0845476 -0.0474417 -0.0262972 0.0308068 0.0146892 -0.00635203 0.0163061 0.0298545 0.0373277 0.00544826 0.0616594 -0.00332656 -0.0403529
internal_weight=856.111 444.236 220.082 411.875 97.6363 122.446 245.335 51.3575 46.527 36.5239 193.978 224.153 9.81008 214.343 77.4224 34.261 43.1615 17.6423 12.4235 52.9495 24.1004 20.5787 16.8852 133.816 79.1764 75.1429 32.5266 42.6164 54.6394 20.9804
internal_count=4906 2884 1632 2022 921 711 1286 313 283 219 973 1252 68 1184 384 167 217 88 77 487 142 121 100 730 426 403 179 224 304 118
is_linear=0
shrinkage=0.1


Tree=14
num_leaves=31
num_cat=0
split_feature=10 0 17 15 85 0 5 14 83 32 1 7 0 81 12 6 11 8 12 0 0 0 8 0 9 6 31 8 81 26
split_gain=11.5561 9.07292 7.36817 6.13796 5.95877 5.43103 6.11398 5.90895 8.29114 5.22436 4.88819 4.72805 4.41732 4.11401 4.0033 3.96402 4.16715 6.66824 3.90247 5.50949 6.23799 6.03839 4.71276 3.85548 3.87881 5.86324 3.71426 8.6445 4.5031 3.69341
threshold=1.0000000180025095e-35 10.380561351776125 1.0000000180025095e-35 1.0000000180025095e-35 1.0000000180025095e-35 15.63039016723633 1.0000000180025095e-35 1.0000000180025095e-35 1.0000000180025095e-35 1.0000000180025095e-35 0.18290363997220996 1.0000000180025095e-35 3.5414099693298344 1.0000000180025095e-35 1.0000000180025095e-35 1.0000000180025095e-35 1.0000000180025095e-35 1.0000000180025095e-35 1.0000000180025095e-35 11.690622806549074 11.494866847991945 11.296372413635256 1.0000000180025095e-35 10.186173915863039 1.0000000180025095e-35 1.0000000180025095e-35 1.0000000180025095e-35 1.0000000180025095e-35 1.0000000180025095e-35 1.0000000180025095e-35
decision_type=2 2 2 2 2 2 2 2 2 2 2 2 2 2 2 2 2 2 2 2 2 2 2 2 2 2 2 2 2 2
left_child=1 4 -2 5 9 6 7 8 -4 23 -3 12 -5 14 29 16 17 -8 19 20 21 -12 -21 24 25 -1 28 -28 -14 -11
right_child=2 10 3 11 -6 -7 15 -9 -10 13 18 -13 26 -15 -16 -17 -18 -19 -20 22 -22 -23 -24 -25 -26 -27 27 -29 -30 -31
leaf_value=0.047803021130582796 -0.11389974950247593 -0.084572367294377129 0.046852153450428126 0.016452731714841313 0.11145501647123475 -0.05316850096837087 -0.079592223058760514 -0.011140357690363846 -0.053437778964055251 -0.024207699428594975 0.06386251054796975 -0.0064051656144738208 -0.10114649289547491 -0.042572160334693056 -0.0358088009628229 -0.04979418104178903 0.040398394583444103 0.026526456313146457 -0.021402232332763359 -0.024274001166598096 0.17710790906029986 -0.078536146870209905 0.019307745301814963 0.10100848428256551 0.0054848535586107441 0.0086722028290548651 -0.082241199731439257 0.076282483349214308 -0.037508547458825134 0.081684351890132775
leaf_weight=88.259212553501129 7.4005281403660765 7.9237208217382422 63.306029044091702 9.1010968610644323 6.8729077205061904 19.44032971560955 11.939739793539047 48.949175752699375 9.4773447513580305 4.8533703386783591 12.283904477953916 44.304021246731281 24.638315513730049 23.756015971302986 9.2751114517450333 28.910189114511013 14.998559281229971 11.747582070529461 81.105099730193615 49.752256020903587 3.4679216146469107 3.9308093041181555 49.497468240559101 6.1701099723577491 98.605006232857704 67.634506955742836 7.9258129671215993 6.0778364390134811 20.265012197196484 10.250535279512405
leaf_count=425 52 46 332 51 35 142 78 279 52 25 71 234 179 126 50 179 91 54 548 365 20 25 278 30 518 342 62 34 133 50
internal_value=-0.000545681 0.00867782 -0.015249 -0.0129752 0.0193617 -0.00283413 0.00233422 0.0157252 0.0337931 0.017312 -0.00753984 -0.0318258 -0.0483861 -0.0129564 0.0159026 -0.0217813 -0.000847105 -0.0269633 -0.00448849 0.00704573 0.0553771 0.0293419 -0.00253907 0.0229013 0.0210077 0.0308261 -0.0584037 -0.0134391 -0.0724265 0.0476578
internal_weight=852.12 523.638 328.482 321.081 315.677 208.769 189.329 121.733 72.7834 308.804 207.961 112.312 68.0081 48.135 24.379 67.5961 38.6859 23.6873 200.037 118.932 19.6826 16.2147 99.2497 260.669 254.499 155.894 58.907 14.0036 44.9033 15.1039
internal_count=4906 2954 1952 1900 1601 1207 1065 663 384 1566 1353 693 459 251 125 402 223 132 1307 759 116 96 643 1315 1285 767 408 96 312 75
is_linear=0
shrinkage=0.1


Tree=15
num_leaves=31
num_cat=0
split_feature=13 7 0 85 7 0 8 44 0 10 140 95 24 99 26 0 32 47 0 0 15 93 12 24 0 73 19 10 10 83
split_gain=10.3575 7.71211 6.04299 4.97045 4.80371 4.07648 3.91534 3.85725 3.72786 3.6388 4.63622 4.31178 4.22586 3.71433 4.25911 3.89178 5.7707 4.24924 5.08058 3.38321 3.36182 4.72926 3.97983 4.77397 3.33931 4.81171 3.19302 4.33845 3.09226 3.07016
threshold=1.0000000180025095e-35 1.0000000180025095e-35 12.057495117187502 1.0000000180025095e-35 1.0000000180025095e-35 5.6454484462738046 1.0000000180025095e-35 1.0000000180025095e-35 12.803559303283693 1.0000000180025095e-35 1.0000000180025095e-35 1.0000000180025095e-35 1.0000000180025095e-35 1.0000000180025095e-35 1.0000000180025095e-35 12.921286582946779 1.0000000180025095e-35 1.0000000180025095e-35 8.1492128372192401 16.735113143920902 1.0000000180025095e-35 1.0000000180025095e-35 1.0000000180025095e-35 1.0000000180025095e-35 17.006159782409672 1.0000000180025095e-35 1.0000000180025095e-35 1.0000000180025095e-35 1.0000000180025095e-35 1.0000000180025095e-35
decision_type=2 2 2 2 2 2 2 2 2 2 2 2 2 2 2 2 2 2 2 2 2 2 2 2 2 2 2 2 2 2
left_child=1 2 3 6 5 -2 -1 -6 -4 10 11 13 -11 15 -15 16 17 18 -7 -17 21 22 23 -10 26 -26 27 29 -25 -3
right_child=4 24 8 -5 7 9 -8 -9 20 12 -12 -13 -14 14 -16 19 -18 -19 -20 -21 -22 -23 -24 28 25 -27 -28 -29 -30 -31
leaf_value=-0.035529725071886967 0.020723205350316933 0.019993277885585192 -0.11411310328546719 0.10612920421235926 -0.053034951845233137 -0.066203165244747161 -0.0028387515911892161 0.027332706639242095 0.12573922896997411 -0.12724841627472613 0.079817008311261595 -0.054121678993914138 -0.019239663222180362 0.11630760802871008 0.0042066652767942681 -0.053215335993353478 -0.02209600358338859 0.11758544592789283 0.053884102415486579 0.036968236253530899 -0.072190073738629568 0.080255402300156042 -0.07621595865423747 -0.071375909527535281 -0.11868012284208079 0.026671980763287553 0.06743952995493438 -0.016731793239419878 0.029455735033861216 -0.0218146394536676
leaf_weight=64.144675575196743 80.063720539212227 107.92293756455183 8.1875632777810079 3.3598722144961348 6.2097636908292762 4.7202522307634416 85.430502615869045 155.93443018198013 2.4993712604045895 3.863929070532321 7.5894132554531089 13.362224444746969 57.952645875513554 6.1667756736278516 7.5248123556375504 19.63677699863911 22.491152614355087 6.4551444947719565 13.890520170331 5.2778716683387747 21.471241526305676 4.0304932594299308 12.922386005520821 6.740264318883419 5.3542517051100713 3.9633451849222183 7.7208410501480094 77.655723541975021 5.5423886403441429 20.979319989681244
leaf_count=586 364 582 81 20 30 22 437 694 25 25 40 76 333 32 40 119 115 34 67 31 212 34 122 62 42 26 43 443 53 116
internal_value=-0.000538981 -0.0112407 -0.024795 -0.0141562 0.0108599 0.00213727 -0.0168581 0.0242548 -0.051297 -0.00667139 0.004478 -0.00126705 -0.0259909 0.00692966 0.0546976 -0.00209482 0.0146781 0.0476748 0.0234264 -0.034111 -0.0416306 -0.0209546 -0.0356788 -0.000241398 0.00175188 -0.056853 0.00430023 0.00194017 -0.0258769 0.0131889
internal_weight=849.065 437.925 214.329 152.935 411.139 248.995 149.575 162.144 61.3937 168.932 107.115 99.5255 61.8166 86.1633 13.6916 72.4717 47.5571 25.0659 18.6108 24.9146 53.2061 31.7349 27.7044 14.782 223.596 9.3176 214.279 206.558 12.2827 128.902
internal_count=4906 2884 1632 1043 2022 1298 1023 724 589 934 576 536 358 460 72 388 238 123 89 150 508 296 262 140 1252 68 1184 1141 115 698
is_linear=0
shrinkage=0.1


Tree=16
num_leaves=31
num_cat=0
split_feature=0 6 10 44 1 7 104 15 10 102 64 1 7 1 0 13 0 0 0 67 0 0 21 9 99 10 167 13 84 14
split_gain=8.52514 7.75396 5.0389 4.90116 5.03081 4.41635 5.12733 4.71955 4.86415 5.91862 4.43312 4.32582 5.24179 6.17708 4.48008 4.70283 4.32004 4.31264 4.02275 8.70503 5.45851 4.43616 4.14494 5.95423 3.97536 4.92634 3.79329 4.28553 4.52235 3.75279
threshold=6.2258727550506601 1.0000000180025095e-35 1.0000000180025095e-35 1.0000000180025095e-35 -0.27872842550277704 1.0000000180025095e-35 1.0000000180025095e-35 1.0000000180025095e-35 1.0000000180025095e-35 1.0000000180025095e-35 1.0000000180025095e-35 -0.18701041489839551 1.0000000180025095e-35 -0.22138565033674237 8.0082135200500506 1.0000000180025095e-35 8.8049278259277362 2.1683777570724492 16.119096755981449 1.0000000180025095e-35 12.921286582946779 7.9493498802185067 1.0000000180025095e-35 1.0000000180025095e-35 1.0000000180025095e-35 1.0000000180025095e-35 1.0000000180025095e-35 1.0000000180025095e-35 1.0000000180025095e-35 1.0000000180025095e-35
decision_type=2 2 2 2 2 2 2 2 2 2 2 2 2 2 2 2 2 2 2 2 2 2 2 2 2 2 2 2 2 2
left_child=2 5 29 -3 -5 7 10 8 9 18 16 12 13 -6 -13 -16 -7 -4 20 -20 21 -2 23 -23 25 -12 27 -9 -29 -1
right_child=1 3 17 4 11 6 -8 26 -10 -11 24 14 -14 -15 15 -17 -18 -19 19 -21 -22 22 -24 -25 -26 -27 -28 28 -30 -31
leaf_value=0.035476850504868922 -0.016587813666343005 -0.099257775735977632 -0.10589620556523799 -0.12000569049287622 0.0069578272407631167 0.041637222997235671 -0.082739455493052963 -0.052843490032511313 -0.02231682921181322 -0.08975260696375742 0.088250170436966813 -0.076093361371886853 -0.030316843903186719 0.17357622222426208 -0.033679890928813155 -0.00025605860461611036 0.00084582362797344136 0.00050015299704255802 0.22304339681659374 -0.017982841159288301 -0.037941061448493824 0.12379265880207807 -0.035450197124800124 0.024910912320658007 0.15935081313390304 -0.04454614698919631 -0.1240673919320936 -0.012695667039462746 0.1062358664511395 0.0064172655294107558
leaf_weight=106.57403504103422 10.196741811931131 8.099360562860964 3.9382898882031432 4.9031310379505149 4.8615396320819864 34.822960808873177 5.335178166627883 28.73234024643898 41.027392141520977 4.3754564374685279 7.6555597186088544 14.074178390204905 7.4432287961244574 4.102828837931157 86.2382552921772 82.242829263210297 102.04069151729345 116.66668444126844 3.1483286991715422 2.8593612909317017 11.741078794002531 12.50956063717604 3.8940241485834113 11.86608000099659 3.615200199186801 4.3985619693994522 3.9917825907468787 34.417121209204197 3.5246287882328025 76.224999211728573
leaf_count=499 54 60 19 27 29 166 31 256 285 27 41 82 37 23 693 444 567 593 23 22 86 68 25 75 20 26 29 199 18 382
internal_value=-0.000530604 -0.00804255 0.0128916 -0.0229684 -0.0199375 0.00154021 0.0136225 -0.00953111 0.00427106 0.0222744 0.016993 -0.0174715 0.0317124 0.083216 -0.021892 -0.0173643 0.0112246 -0.00297416 0.0309939 0.108327 0.0217404 0.039957 0.0603524 0.075657 0.0673769 0.0397927 -0.0293787 -0.0237097 -0.00164743 0.0233594
internal_weight=845.521 542.117 303.404 211.965 203.866 330.152 157.868 172.284 101.618 60.5906 152.533 198.963 16.4076 8.96437 182.555 168.481 136.864 120.605 56.2152 6.00769 50.2075 38.4664 28.2697 24.3756 15.6693 12.0541 70.6659 66.6741 37.9417 182.799
internal_count=4906 3413 1493 1395 1335 2018 851 1167 665 380 820 1308 89 52 1219 1137 733 612 353 45 308 222 168 143 87 67 502 473 217 881
is_linear=0
shrinkage=0.1


Tree=17
num_leaves=31
num_cat=0
split_feature=8 0 10 15 13 19 6 94 67 59 99 0 14 83 7 12 9 26 16 0 32 22 50 9 55 73 12 151 67 14
split_gain=8.3211 7.28522 5.64983 5.52376 4.2607 3.95874 3.86438 4.64202 5.39068 3.99377 5.41728 3.76739 3.76369 3.67799 4.24124 3.94421 7.07667 4.93036 4.32005 3.97443 3.91204 3.59743 3.58686 4.02492 3.93681 6.71777 3.63103 3.57067 3.5518 3.97912
threshold=1.0000000180025095e-35 12.203969955444338 1.0000000180025095e-35 1.0000000180025095e-35 1.0000000180025095e-35 1.0000000180025095e-35 1.0000000180025095e-35 1.0000000180025095e-35 1.0000000180025095e-35 1.0000000180025095e-35 1.0000000180025095e-35 3.5414099693298344 1.0000000180025095e-35 1.0000000180025095e-35 1.0000000180025095e-35 1.0000000180025095e-35 1.0000000180025095e-35 1.0000000180025095e-35 1.0000000180025095e-35 13.419575691223146 1.0000000180025095e-35 1.0000000180025095e-35 1.0000000180025095e-35 1.0000000180025095e-35 1.0000000180025095e-35 1.0000000180025095e-35 1.0000000180025095e-35 1.0000000180025095e-35 1.0000000180025095e-35 1.0000000180025095e-35
decision_type=2 2 2 2 2 2 2 2 2 2 2 2 2 2 2 2 2 2 2 2 2 2 2 2 2 2 2 2 2 2
left_child=1 2 6 13 5 -3 7 9 -9 21 11 -11 -12 14 15 19 17 18 -17 -2 -15 -1 23 24 26 -26 -6 -5 29 -16
right_child=3 4 -4 27 22 -7 -8 8 -10 10 12 -13 -14 20 28 16 -18 -19 -20 -21 -22 -23 -24 -25 25 -27 -28 -29 -30 -31
leaf_value=0.024758445047127431 0.03954733083971524 -0.055483958211365286 -0.018288799158407514 -0.0094732371306067691 0.16145198628487092 0.090116088834520103 -0.0076110366271172365 0.18312343694172858 0.013888696517822595 0.063109238824606714 0.0058683904247294636 -0.025771598718887831 0.14238898405227449 0.0048964052422230987 0.041216354436777299 0.10502215378330203 -0.058861991542749563 -0.014601943680764097 -0.0086019631259383524 -0.019203616318913729 -0.08065131506393991 0.10292612504221343 -0.055209771045597635 -0.038659736321382247 -0.053894710201576213 0.046657927037463243 0.01538585912554743 0.073852941692098634 0.05690747141568251 -0.028187205009027317
leaf_weight=46.97464981675148 56.138827107846737 54.717250503599644 129.42418567836285 127.81956546008587 3.3693690970540038 1.9333664551377285 86.899890549480915 3.6610039770603171 3.8737786635756493 5.3567384257912627 4.1458624303340894 43.462513856589794 3.9370521008968353 31.932341083884239 23.044792592525482 9.013496480882166 18.293651044368744 19.274199925363064 5.3218470290303221 14.48562805354595 6.420215740799903 6.7312541082501403 15.710592888295649 18.152088657021523 11.83025548607111 15.156152583658695 3.4388928189873695 5.3582241535186759 54.047021463513374 12.87673683464527
leaf_count=253 261 557 820 675 20 17 514 21 23 29 24 244 24 153 102 46 100 96 30 91 34 37 104 118 72 91 22 27 239 62
internal_value=-0.000521264 -0.0096122 -0.00192984 0.0103392 -0.0302826 -0.0505149 0.00839602 0.02017 0.0961166 0.0149964 -0.00346413 -0.0160191 0.0723653 0.0190779 0.0242221 0.0121161 -0.00881262 0.0184292 0.0628404 0.0274971 -0.00942428 0.0345556 -0.0133417 -0.000679289 0.0197211 0.00257783 0.0876731 -0.00612072 0.0407091 0.0163374
internal_weight=842.801 458.775 334.467 384.027 124.308 56.6506 205.043 118.143 7.53478 110.608 56.9022 48.8193 8.08291 250.849 212.496 122.528 51.9032 33.6095 14.3353 70.6245 38.3526 53.7059 67.6574 51.9468 33.7947 26.9864 6.80826 133.178 89.9686 35.9215
internal_count=4906 2990 1989 1916 1001 574 1169 655 44 611 321 273 48 1214 1027 624 272 172 76 352 187 290 427 323 205 163 42 702 403 164
is_linear=0
shrinkage=0.1


Tree=18
num_leaves=31
num_cat=0
split_feature=13 7 8 14 87 8 176 63 5 0 0 50 53 0 15 73 81 0 7 9 137 55 12 95 70 178 6 81 57 14
split_gain=7.32855 5.58151 4.9597 5.35599 4.55125 3.5614 3.74736 3.50462 3.29921 4.34407 4.9464 4.93117 5.97107 6.11552 4.90751 4.46127 4.08069 3.82607 3.3034 3.20837 6.12606 6.23292 7.17169 3.60269 3.24286 3.11207 3.52534 4.69331 4.03134 5.8616
threshold=1.0000000180025095e-35 1.0000000180025095e-35 1.0000000180025095e-35 1.0000000180025095e-35 1.0000000180025095e-35 1.0000000180025095e-35 1.0000000180025095e-35 1.0000000180025095e-35 1.0000000180025095e-35 2.5407255887985234 3.2429842948913579 1.0000000180025095e-35 1.0000000180025095e-35 10.925393581390383 1.0000000180025095e-35 1.0000000180025095e-35 1.0000000180025095e-35 16.735113143920902 1.0000000180025095e-35 1.0000000180025095e-35 1.0000000180025095e-35 1.0000000180025095e-35 1.0000000180025095e-35 1.0000000180025095e-35 1.0000000180025095e-35 1.0000000180025095e-35 1.0000000180025095e-35 1.0000000180025095e-35 1.0000000180025095e-35 1.0000000180025095e-35
decision_type=2 2 2 2 2 2 2 2 2 2 2 2 2 2 2 2 2 2 2 2 2 2 2 2 2 2 2 2 2 2
left_child=1 2 3 19 5 6 8 -4 17 -10 -11 12 13 14 -12 16 -16 25 -13 24 21 22 -21 -23 -1 26 27 28 29 -2
right_child=4 -3 7 -5 -6 -7 -8 -9 9 10 11 18 -14 -15 15 -17 -18 -19 -20 20 -22 23 -24 -25 -26 -27 -28 -29 -30 -31
leaf_value=-0.022727394727977041 0.0472866741146446 0.0013677902295394773 -0.0047553283177876717 -0.0667961901703263 -0.050395725288998529 0.0223210084549826 -0.08108307413712601 -0.094759915245195184 0.092740996014223476 -0.10183223074089938 -0.019790398592650874 -0.08151901270436282 -0.0540229800823687 0.12377496094614811 -0.05083810423387522 0.11567373046865154 0.075680387818035183 -0.048506234627813116 -0.0047602808571521717 0.16765675151997861 0.15638458270248015 -0.074563880775781452 -0.0331497447510158 0.064336822333212945 -0.10895572983303706 -0.068538319794500133 0.0026861913067241271 0.0096266375806708868 0.032976505752049995 0.1715998555578237
leaf_weight=20.486202448606495 9.0061060488224012 222.25801520049572 114.64922329038382 39.491925295442343 12.486940853297709 162.19044281542301 5.1757452413439742 4.4958975315093985 3.9337046593427649 6.0590925663709632 22.475414127111435 12.655144095420837 12.337419524788855 5.4546129852533332 5.28360663354397 6.6056557446718207 4.9262069910764694 9.0153588876128179 10.066476836800575 3.5425221994519278 2.5515221059322348 10.524258509278296 3.5717948228120804 2.2700980976223954 5.5410962253808966 3.9542585909366599 55.822876662015915 34.550541140139103 21.752490170300007 6.5527188852429381
leaf_count=190 44 1252 674 434 77 710 28 37 17 28 107 78 79 33 26 31 24 60 48 34 20 113 31 25 74 21 291 175 112 33
internal_value=-0.000506171 -0.0096385 -0.021449 -0.0394567 0.00905077 0.0109167 0.00306675 -0.00815162 0.00495668 -0.0100181 -0.0147258 -0.00811234 0.00757061 0.0245535 0.0107789 0.0516375 0.0102067 0.014517 -0.0475122 -0.0171893 0.0105014 -0.00819517 0.0668404 -0.0499188 -0.041085 0.0188331 0.0215389 0.0361839 0.0607761 0.0996421
internal_weight=839.687 429.383 207.125 87.9794 410.305 397.818 235.627 119.145 230.452 89.7973 85.8636 79.8045 57.0829 44.7455 39.2909 16.8155 10.2098 140.654 22.7216 48.4875 22.4602 19.9087 7.11432 12.7944 26.0273 131.639 127.685 71.8619 37.3113 15.5588
internal_count=4906 2884 1632 921 2022 1945 1235 711 1207 471 454 426 300 221 188 81 50 736 126 487 223 203 65 138 264 676 655 364 189 77
is_linear=0
shrinkage=0.1


Tree=19
num_leaves=31
num_cat=0
split_feature=10 17 0 15 0 5 14 83 6 167 94 18 50 57 61 15 73 42 0 56 13 11 16 97 22 56 67 73 87 176
split_gain=6.50148 5.9765 4.9449 4.62263 4.2364 5.04304 4.76202 6.25437 4.0728 6.82971 6.82839 5.60054 4.62608 5.42324 6.12053 4.53058 5.87966 4.10512 4.4554 3.99537 4.6524 3.72235 3.61618 6.78186 3.94152 5.63829 3.63375 3.57163 3.51399 3.83658
threshold=1.0000000180025095e-35 1.0000000180025095e-35 6.2258727550506601 1.0000000180025095e-35 17.006159782409672 1.0000000180025095e-35 1.0000000180025095e-35 1.0000000180025095e-35 1.0000000180025095e-35 1.0000000180025095e-35 1.0000000180025095e-35 1.0000000180025095e-35 1.0000000180025095e-35 1.0000000180025095e-35 1.0000000180025095e-35 1.0000000180025095e-35 1.0000000180025095e-35 1.0000000180025095e-35 13.600273609161379 1.0000000180025095e-35 1.0000000180025095e-35 1.0000000180025095e-35 1.0000000180025095e-35 1.0000000180025095e-35 1.0000000180025095e-35 1.0000000180025095e-35 1.0000000180025095e-35 1.0000000180025095e-35 1.0000000180025095e-35 1.0000000180025095e-35
decision_type=2 2 2 2 2 2 2 2 2 2 2 2 2 2 2 2 2 2 2 2 2 2 2 2 2 2 2 2 2 2
left_child=2 -2 22 4 5 6 7 -3 9 11 12 -4 17 -14 15 16 -15 -10 19 -19 -21 -9 26 24 -24 -26 -1 -12 29 -13
right_child=1 3 8 -5 -6 -7 -8 21 10 -11 27 28 13 14 -16 -17 -18 18 -20 20 -22 -23 23 -25 25 -27 -28 -29 -30 -31
leaf_value=0.0048479316206229582 -0.10766297309221547 0.040056952505864662 0.13117139384578308 -0.026662273652662178 -0.072497536490688394 -0.019751807537074877 -0.010143015975760302 -0.10666610188855213 0.020641183355355114 -0.071154674048642966 -0.031049745313734146 0.015289332005231054 -0.067068687172468527 0.013705839341930152 -0.055108970406164942 -0.03938533432427388 0.19109129687271939 0.10654068159992314 -0.095556250843913101 -0.10096559505643583 0.05996931126579616 0.021644332119122586 -0.015264247602561124 0.12289995712550567 0.095416285029729958 -0.046388107980630713 0.04411633083838238 -0.13329079095177043 -0.051483824732805376 -0.07547503955802233
leaf_weight=34.873079434037209 6.370869066566228 67.253728784620762 3.8833454400300971 106.89544393122196 7.9607043266296378 69.355913661420345 50.142936356365681 4.9627609103918058 58.718823824077845 10.332452327013014 6.9372492805123311 175.54891265556216 22.38321640342474 3.8953605890274048 9.3577278628945351 3.4735773056745529 3.5913734510540962 2.9138050004839915 7.1074183061718932 4.1846451088786125 3.1472851559519768 4.1530125141143799 59.255712509155273 4.435193955898284 8.1572073176503164 4.2725814878940573 72.672899506986141 6.7328882440924644 8.9006199873983842 4.7839836850762358
leaf_count=167 52 358 27 693 63 437 297 27 370 60 46 1027 141 23 66 27 22 21 54 33 19 25 293 19 40 20 342 45 62 30
internal_value=-0.000501639 -0.0117854 0.00638505 -0.00981964 -0.000986741 0.00191968 0.0138003 0.0295211 -0.00082895 0.00805556 -0.0144766 0.0122936 -0.00677345 -0.0331149 0.00429011 0.055004 0.0987973 0.0080127 -0.034719 0.00748351 -0.0318831 -0.0482098 0.0195781 0.00289967 -0.00452477 0.0466728 0.0313831 -0.081406 0.00985405 0.0128815
internal_weight=836.655 317.095 519.559 310.725 203.829 195.868 126.512 76.3695 335.893 203.449 132.443 193.117 118.773 42.7013 20.318 10.9603 7.48673 76.072 17.3532 10.2457 7.33193 9.11577 183.667 76.1207 71.6855 12.4298 107.546 13.6701 189.234 180.333
internal_count=4906 1952 2954 1900 1207 1144 707 410 2073 1206 867 1146 776 279 138 72 45 497 127 73 52 52 881 372 353 60 509 91 1119 1057
is_linear=0
shrinkage=0.1


Tree=20
num_leaves=31
num_cat=0
split_feature=7 85 15 20 10 49 14 53 8 0 5 11 0 0 73 13 12 31 1 8 12 55 8 133 151 83 1 56 64 80
split_gain=6.10699 5.8903 5.31297 3.91059 3.74665 3.90656 4.53634 5.69017 4.34649 5.96216 3.69999 3.6901 3.40609 3.4075 3.26127 3.08276 5.90727 6.36199 5.65826 3.76138 3.91556 3.75611 3.08174 3.77249 3.44195 8.20649 4.11009 6.22198 4.31375 3.39542
threshold=1.0000000180025095e-35 1.0000000180025095e-35 1.0000000180025095e-35 1.0000000180025095e-35 1.0000000180025095e-35 1.0000000180025095e-35 1.0000000180025095e-35 1.0000000180025095e-35 1.0000000180025095e-35 5.7535934448242196 1.0000000180025095e-35 1.0000000180025095e-35 2.6105407476425175 3.3497605323791508 1.0000000180025095e-35 1.0000000180025095e-35 1.0000000180025095e-35 1.0000000180025095e-35 -0.4741805493831634 1.0000000180025095e-35 1.0000000180025095e-35 1.0000000180025095e-35 1.0000000180025095e-35 1.0000000180025095e-35 1.0000000180025095e-35 1.0000000180025095e-35 0.74826982617378246 1.0000000180025095e-35 1.0000000180025095e-35 1.0000000180025095e-35
decision_type=2 2 2 2 2 2 2 2 2 2 2 2 2 2 2 2 2 2 2 2 2 2 2 2 2 2 2 2 2 2
left_child=1 2 -1 22 5 6 7 11 -8 -10 -7 -4 -13 -14 -3 19 17 18 -17 -6 -21 -22 23 29 25 26 28 -28 -24 -2
right_child=3 14 4 -5 15 10 8 -9 9 -11 -12 12 13 -15 -16 16 -18 -19 -20 20 21 -23 24 -25 -26 -27 27 -29 -30 -31
leaf_value=-0.0010412751406256849 -0.0028898759999238075 0.11398990949257082 0.0071362526795259095 0.088362269474248009 -0.10396940173240408 -0.014123750712912428 -0.063689437516222289 -0.050162711097553228 -0.058149782904395146 0.06327438949336027 -0.083260668984001904 -0.028466951247620904 0.20035245904237975 0.067738434025134409 -0.0066816728580809531 0.075063821051901403 -0.083398309892212211 0.12631251673555591 -0.050549731439536207 -0.078896990096450459 0.094408221552872262 -0.047494448783699822 0.024115103060033283 0.024900130538392386 0.090063489489769208 -0.049113813337109229 -0.12832349416696795 0.026792154904816991 0.098524842662239126 -0.057174163063248518
leaf_weight=262.50404597446322 164.95810299366713 6.0252303630113584 21.623112984001637 6.0746912062168112 14.037360347807409 18.911136068403721 17.727498788386583 9.8025965094566327 7.4392104297876385 8.8599678054451925 13.104724630713461 3.0134405493736294 2.2889955490827552 12.620102636516092 3.5646414384245872 4.9112490862607983 10.500481888651846 3.7547163516283026 13.289352335035803 8.6829806491732615 3.5483671426773062 3.9327157884836197 109.84969462454319 48.076128289103508 6.4286224246025077 17.423913240432739 4.3026444837450963 6.4811940565705299 8.3857942074537259 12.387761555612085
leaf_count=1652 954 34 124 30 169 130 140 79 37 51 95 14 12 73 21 24 65 22 79 60 21 28 487 219 30 86 27 33 38 72
internal_value=-0.000492847 -0.00839776 -0.0100855 0.00876476 -0.0234198 -0.0127304 -0.00132848 0.0180406 -0.0294191 0.00785442 -0.0424229 0.0349469 0.0684997 0.0880987 0.0691352 -0.0431056 -0.0217086 0.00779545 -0.0166542 -0.0660997 -0.0332125 0.0198117 0.00748657 5.38258e-05 0.0184468 0.0153029 0.0240023 -0.0350974 0.0293926 -0.00668168
internal_weight=834.51 450.142 440.552 384.369 178.048 115.391 83.3749 49.3482 34.0267 16.2992 32.0159 39.5457 17.9225 14.9091 9.58987 62.6572 32.4558 21.9553 18.2006 30.2014 16.1641 7.48108 378.294 225.422 152.872 146.443 129.019 10.7838 118.235 177.346
internal_count=4906 2930 2875 1976 1223 755 530 302 228 88 225 223 99 85 55 468 190 125 103 278 109 49 1946 1245 701 671 585 60 525 1026
is_linear=0
shrinkage=0.1


end of trees

feature_importances:
Column_0=118
Column_7=55
Column_8=45
Column_13=28
Column_15=27
Column_1=22
Column_10=22
Column_14=21
Column_6=20
Column_9=18
Column_11=18
Column_67=15
Column_83=14
Column_12=13
Column_55=12
Column_73=11
Column_5=8
Column_16=8
Column_99=8
Column_61=6
Column_85=6
Column_87=6
Column_26=5
Column_42=5
Column_47=5
Column_56=5
Column_64=5
Column_81=5
Column_31=4
Column_32=4
Column_70=4
Column_95=4
Column_21=3
Column_22=3
Column_44=3
Column_50=3
Column_53=3
Column_57=3
Column_60=3
Column_74=3
Column_78=3
Column_133=3
Column_151=3
Column_17=2
Column_19=2
Column_24=2
Column_62=2
Column_68=2
Column_69=2
Column_94=2
Column_97=2
Column_98=2
Column_137=2
Column_167=2
Column_176=2
Column_18=1
Column_20=1
Column_34=1
Column_35=1
Column_40=1
Column_49=1
Column_51=1
Column_54=1
Column_58=1
Column_59=1
Column_63=1
Column_80=1
Column_82=1
Column_84=1
Column_93=1
Column_102=1
Column_104=1
Column_108=1
Column_128=1
Column_130=1
Column_132=1
Column_134=1
Column_139=1
Column_140=1
Column_178=1
Column_190=1

parameters:
[boosting: gbdt]
[objective: binary]
[metric: binary_logloss]
[tree_learner: serial]
[device_type: cpu]
[data_sample_strategy: bagging]
[data: ]
[valid: ]
[num_iterations: 300]
[learning_rate: 0.1]
[num_leaves: 31]
[num_threads: 0]
[seed: 0]
[deterministic: 0]
[force_col_wise: 0]
[force_row_wise: 0]
[histogram_pool_size: -1]
[max_depth: -1]
[min_data_in_leaf: 20]
[min_sum_hessian_in_leaf: 0.001]
[bagging_fraction: 1]
[pos_bagging_fraction: 1]
[neg_bagging_fraction: 1]
[bagging_freq: 0]
[bagging_seed: 7719]
[bagging_by_query: 0]
[feature_fraction: 1]
[feature_fraction_bynode: 1]
[feature_fraction_seed: 2437]
[extra_trees: 0]
[extra_seed: 11797]
[early_stopping_round: 0]
[early_stopping_min_delta: 0]
[first_metric_only: 0]
[max_delta_step: 0]
[lambda_l1: 0]
[lambda_l2: 0]
[linear_lambda: 0]
[min_gain_to_split: 0]
[drop_rate: 0.1]
[max_drop: 50]
[skip_drop: 0.5]
[xgboost_dart_mode: 0]
[uniform_drop: 0]
[drop_seed: 21238]
[top_rate: 0.2]
[other_rate: 0.1]
[min_data_per_group: 100]
[max_cat_threshold: 32]
[cat_l2: 10]
[cat_smooth: 10]
[max_cat_to_onehot: 4]
[top_k: 20]
[monotone_constraints: ]
[monotone_constraints_method: basic]
[monotone_penalty: 0]
[feature_contri: ]
[forcedsplits_filename: ]
[refit_decay_rate: 0.9]
[cegb_tradeoff: 1]
[cegb_penalty_split: 0]
[cegb_penalty_feature_lazy: ]
[cegb_penalty_feature_coupled: ]
[path_smooth: 0]
[interaction_constraints: ]
[verbosity: -1]
[saved_feature_importance_type: 0]
[use_quantized_grad: 0]
[num_grad_quant_bins: 4]
[quant_train_renew_leaf: 0]
[stochastic_rounding: 1]
[linear_tree: 0]
[max_bin: 255]
[max_bin_by_feature: ]
[min_data_in_bin: 3]
[bin_construct_sample_cnt: 200000]
[data_random_seed: 38]
[is_enable_sparse: 1]
[enable_bundle: 1]
[use_missing: 1]
[zero_as_missing: 0]
[feature_pre_filter: 1]
[pre_partition: 0]
[two_round: 0]
[header: 0]
[label_column: ]
[weight_column: ]
[group_column: ]
[ignore_column: ]
[categorical_feature: ]
[forcedbins_filename: ]
[precise_float_parser: 0]
[parser_config_file: ]
[objective_seed: 8855]
[num_class: 1]
[is_unbalance: 0]
[scale_pos_weight: 1]
[sigmoid: 1]
[boost_from_average: 1]
[reg_sqrt: 0]
[alpha: 0.9]
[fair_c: 1]
[poisson_max_delta_step: 0.7]
[tweedie_variance_power: 1.5]
[lambdarank_truncation_level: 30]
[lambdarank_norm: 1]
[label_gain: ]
[lambdarank_position_bias_regularization: 0]
[eval_at: ]
[multi_error_top_k: 1]
[auc_mu_weights: ]
[num_machines: 1]
[local_listen_port: 12400]
[time_out: 120]
[machine_list_filename: ]
[machines: ]
[gpu_platform_id: -1]
[gpu_device_id: -1]
[gpu_device_id_list: ]
[gpu_use_dp: 0]
[num_gpu: 1]

end of parameters

pandas_categorical:null
