tree
version=v4
num_class=1
num_tree_per_iteration=1
label_index=0
max_feature_idx=567
objective=binary sigmoid:1
feature_names=Column_0 Column_1 Column_2 Column_3 Column_4 Column_5 Column_6 Column_7 Column_8 Column_9 Column_10 Column_11 Column_12 Column_13 Column_14 Column_15 Column_16 Column_17 Column_18 Column_19 Column_20 Column_21 Column_22 Column_23 Column_24 Column_25 Column_26 Column_27 Column_28 Column_29 Column_30 Column_31 Column_32 Column_33 Column_34 Column_35 Column_36 Column_37 Column_38 Column_39 Column_40 Column_41 Column_42 Column_43 Column_44 Column_45 Column_46 Column_47 Column_48 Column_49 Column_50 Column_51 Column_52 Column_53 Column_54 Column_55 Column_56 Column_57 Column_58 Column_59 Column_60 Column_61 Column_62 Column_63 Column_64 Column_65 Column_66 Column_67 Column_68 Column_69 Column_70 Column_71 Column_72 Column_73 Column_74 Column_75 Column_76 Column_77 Column_78 Column_79 Column_80 Column_81 Column_82 Column_83 Column_84 Column_85 Column_86 Column_87 Column_88 Column_89 Column_90 Column_91 Column_92 Column_93 Column_94 Column_95 Column_96 Column_97 Column_98 Column_99 Column_100 Column_101 Column_102 Column_103 Column_104 Column_105 Column_106 Column_107 Column_108 Column_109 Column_110 Column_111 Column_112 Column_113 Column_114 Column_115 Column_116 Column_117 Column_118 Column_119 Column_120 Column_121 Column_122 Column_123 Column_124 Column_125 Column_126 Column_127 Column_128 Column_129 Column_130 Column_131 Column_132 Column_133 Column_134 Column_135 Column_136 Column_137 Column_138 Column_139 Column_140 Column_141 Column_142 Column_143 Column_144 Column_145 Column_146 Column_147 Column_148 Column_149 Column_150 Column_151 Column_152 Column_153 Column_154 Column_155 Column_156 Column_157 Column_158 Column_159 Column_160 Column_161 Column_162 Column_163 Column_164 Column_165 Column_166 Column_167 Column_168 Column_169 Column_170 Column_171 Column_172 Column_173 Column_174 Column_175 Column_176 Column_177 Column_178 Column_179 Column_180 Column_181 Column_182 Column_183 Column_184 Column_185 Column_186 Column_187 Column_188 Column_189 Column_190 Column_191 Column_192 Column_193 Column_194 Column_195 Column_196 Column_197 Column_198 Column_199 Column_200 Column_201 Column_202 Column_203 Column_204 Column_205 Column_206 Column_207 Column_208 Column_209 Column_210 Column_211 Column_212 Column_213 Column_214 Column_215 Column_216 Column_217 Column_218 Column_219 Column_220 Column_221 Column_222 Column_223 Column_224 Column_225 Column_226 Column_227 Column_228 Column_229 Column_230 Column_231 Column_232 Column_233 Column_234 Column_235 Column_236 Column_237 Column_238 Column_239 Column_240 Column_241 Column_242 Column_243 Column_244 Column_245 Column_246 Column_247 Column_248 Column_249 Column_250 Column_251 Column_252 Column_253 Column_254 Column_255 Column_256 Column_257 Column_258 Column_259 Column_260 Column_261 Column_262 Column_263 Column_264 Column_265 Column_266 Column_267 Column_268 Column_269 Column_270 Column_271 Column_272 Column_273 Column_274 Column_275 Column_276 Column_277 Column_278 Column_279 Column_280 Column_281 Column_282 Column_283 Column_284 Column_285 Column_286 Column_287 Column_288 Column_289 Column_290 Column_291 Column_292 Column_293 Column_294 Column_295 Column_296 Column_297 Column_298 Column_299 Column_300 Column_301 Column_302 Column_303 Column_304 Column_305 Column_306 Column_307 Column_308 Column_309 Column_310 Column_311 Column_312 Column_313 Column_314 Column_315 Column_316 Column_317 Column_318 Column_319 Column_320 Column_321 Column_322 Column_323 Column_324 Column_325 Column_326 Column_327 Column_328 Column_329 Column_330 Column_331 Column_332 Column_333 Column_334 Column_335 Column_336 Column_337 Column_338 Column_339 Column_340 Column_341 Column_342 Column_343 Column_344 Column_345 Column_346 Column_347 Column_348 Column_349 Column_350 Column_351 Column_352 Column_353 Column_354 Column_355 Column_356 Column_357 Column_358 Column_359 Column_360 Column_361 Column_362 Column_363 Column_364 Column_365 Column_366 Column_367 Column_368 Column_369 Column_370 Column_371 Column_372 Column_373 Column_374 Column_375 Column_376 Column_377 Column_378 Column_379 Column_380 Column_381 Column_382 Column_383 Column_384 Column_385 Column_386 Column_387 Column_388 Column_389 Column_390 Column_391 Column_392 Column_393 Column_394 Column_395 Column_396 Column_397 Column_398 Column_399 Column_400 Column_401 Column_402 Column_403 Column_404 Column_405 Column_406 Column_407 Column_408 Column_409 Column_410 Column_411 Column_412 Column_413 Column_414 Column_415 Column_416 Column_417 Column_418 Column_419 Column_420 Column_421 Column_422 Column_423 Column_424 Column_425 Column_426 Column_427 Column_428 Column_429 Column_430 Column_431 Column_432 Column_433 Column_434 Column_435 Column_436 Column_437 Column_438 Column_439 Column_440 Column_441 Column_442 Column_443 Column_444 Column_445 Column_446 Column_447 Column_448 Column_449 Column_450 Column_451 Column_452 Column_453 Column_454 Column_455 Column_456 Column_457 Column_458 Column_459 Column_460 Column_461 Column_462 Column_463 Column_464 Column_465 Column_466 Column_467 Column_468 Column_469 Column_470 Column_471 Column_472 Column_473 Column_474 Column_475 Column_476 Column_477 Column_478 Column_479 Column_480 Column_481 Column_482 Column_483 Column_484 Column_485 Column_486 Column_487 Column_488 Column_489 Column_490 Column_491 Column_492 Column_493 Column_494 Column_495 Column_496 Column_497 Column_498 Column_499 Column_500 Column_501 Column_502 Column_503 Column_504 Column_505 Column_506 Column_507 Column_508 Column_509 Column_510 Column_511 Column_512 Column_513 Column_514 Column_515 Column_516 Column_517 Column_518 Column_519 Column_520 Column_521 Column_522 Column_523 Column_524 Column_525 Column_526 Column_527 Column_528 Column_529 Column_530 Column_531 Column_532 Column_533 Column_534 Column_535 Column_536 Column_537 Column_538 Column_539 Column_540 Column_541 Column_542 Column_543 Column_544 Column_545 Column_546 Column_547 Column_548 Column_549 Column_550 Column_551 Column_552 Column_553 Column_554 Column_555 Column_556 Column_557 Column_558 Column_559 Column_560 Column_561 Column_562 Column_563 Column_564 Column_565 Column_566 Column_567
feature_infos=[2.0013689994812012:17.993154525756836] [-0.7776256799697876:0.99923950433731079] none none none [0:1] [0:1] [0:1] [0:1] [0:1] [0:1] [0:1] [0:1] [0:1] [0:1] [0:1] [0:1] [0:1] [0:1] [0:1] [0:1] [0:1] [0:1] [0:1] [0:1] [0:1] [0:1] [0:1] [0:1] [0:1] [0:1] [0:1] [0:1] [0:1] [0:1] [0:1] [0:1] [0:1] [0:1] [0:1] [0:1] [0:1] [0:1] [0:1] [0:1] [0:1] [0:1] [0:1] [0:1] [0:1] [0:1] [0:1] [0:1] [0:1] [0:1] [0:1] [0:1] [0:1] [0:1] [0:1] [0:1] [0:1] [0:1] [0:1] [0:1] [0:1] [0:1] [0:1] [0:1] [0:1] [0:1] [0:1] [0:1] [0:1] [0:1] [0:1] [0:1] [0:1] [0:1] [0:1] [0:1] [0:1] [0:1] [0:1] [0:1] [0:1] [0:1] [0:1] [0:1] [0:1] [0:1] [0:1] [0:1] [0:1] [0:1] [0:1] [0:1] [0:1] [0:1] [0:1] [0:1] [0:1] [0:1] [0:1] [0:1] [0:1] [0:1] [0:1] [0:1] none none none none [0:1] [0:1] none [0:1] none [0:1] none none [0:1] none none none none [0:1] [0:1] [0:1] [0:1] [0:1] none [0:1] [0:1] [0:1] [0:1] none [0:1] [0:1] [0:1] [0:1] [0:1] [0:1] [0:1] [0:1] [0:1] [0:1] [0:1] [0:1] [0:1] [0:1] [0:1] [0:1] [0:1] [0:1] [0:1] [0:1] none none none none none none none none none none [0:1] [0:1] none none none none none [0:1] [0:1] [0:1] [0:1] [0:1] [0:1] [0:1] [0:1] [0:1] [0:1] [0:1] [0:1] [0:1] [0:1] [0:1] [0:1] [0:1] [0:1] [0:1] [0:1] [0:1] [0:1] [0:1] [0:1] [0:1] [0:1] [0:1] [0:1] none none [0:1] [0:1] [0:1] none [0:1] [0:1] [0:1] [0:1] [0:1] none [0:1] none none [0:1] none [0:1] [0:1] [0:1] [0:1] [0:1] [0:1] [0:1] [0:1] [0:1] [0:1] [0:1] [0:1] [0:1] [0:1] [0:1] [0:1] [0:1] [0:1] [0:1] [0:1] [0:1] [0:1] [0:1] [0:1] [0:1] none none none none none none none none none none none none none none none none none [0:1] [0:1] [0:1] [0:1] [0:1] [0:1] [0:1] [0:1] [0:1] [0:1] none [0:1] [0:1] [0:1] [0:1] none [0:1] [0:1] none none none [0:1] [0:1] none none none none none [0:1] [0:1] [0:1] [0:1] [0:1] [0:1] [0:1] none none none [0:1] none [0:1] [0:1] [0:1] none [0:1] [0:1] [0:1] [0:1] none none [0:1] [0:1] none none none none [0:1] [0:1] none none none [0:1] none none [0:1] [0:1] none none [0:1] [0:1] none none none none none none none none none none none none none none none none none none none none none none none none none none none none none none none none none none none none none none none none none none none none none none none none none none none none none none none none none none none none none none none none none none none none none none none none none none none none none none none none none none none none none none none none none none none none none none none none none none none none none none none none none none none none none none none none none none none none none none none none none none none none none none none none none none none none none none none none none none none none none none none none none none none none none none none none none none none none none none none none none none none none none none none none none none none none none none none none none none none none none none none none none none none none none none none none none none none none none none none none none none none none none none none none none none none none none none none none none none none none none none none none none none none none none none none none none none none none none
tree_sizes=3388 3458 3467 3464 3465 3471 3464 3467 3486 3496 3494 3478 3487 3471

Tree=0
num_leaves=31
num_cat=0
split_feature=6 0 0 11 9 9 9 11 11 0 9 9 11 0 15 36 0 81 0 139 80 11 65 22 16 55 21 15 8 0
split_gain=173.728 76.3118 57.6529 58.9676 44.614 34.5639 33.6947 28.7075 24.5912 22.1307 14.1008 11.6351 10.1316 8.30481 8.14317 11.3297 7.89245 7.49121 7.22689 8.21221 10.2405 6.64538 7.38585 6.36571 6.40639 9.12546 6.32397 5.98239 5.86189 6.74322
threshold=1.0000000180025095e-35 7.1540040969848642 10.925393581390383 1.0000000180025095e-35 1.0000000180025095e-35 1.0000000180025095e-35 1.0000000180025095e-35 1.0000000180025095e-35 1.0000000180025095e-35 2.4503763914108281 1.0000000180025095e-35 1.0000000180025095e-35 1.0000000180025095e-35 14.47091054916382 1.0000000180025095e-35 1.0000000180025095e-35 3.6783025264739995 1.0000000180025095e-35 16.56947231292725 1.0000000180025095e-35 1.0000000180025095e-35 1.0000000180025095e-35 1.0000000180025095e-35 1.0000000180025095e-35 1.0000000180025095e-35 1.0000000180025095e-35 1.0000000180025095e-35 1.0000000180025095e-35 1.0000000180025095e-35 8.6844625473022479
decision_type=2 2 2 2 2 2 2 2 2 2 2 2 2 2 2 2 2 2 2 2 2 2 2 2 2 2 2 2 2 2
left_child=2 4 3 6 8 7 9 18 -2 -1 21 -5 16 14 15 -9 17 -6 19 20 -3 22 -4 24 26 -26 -11 28 29 -8
right_child=1 5 10 11 12 -7 27 13 -10 23 -12 -13 -14 -15 -16 -17 -18 -19 -20 -21 -22 -23 -24 -25 25 -27 -28 -29 -30 -31
leaf_value=-0.80877865685432815 -0.91689187231743807 -1.0198797496212761 -1.1544034539491976 -1.1459374692137043 -0.89157396130713051 -1.1450395632657455 -1.1124099477352198 -1.028450453987614 -1.0243690897082167 -1.0216802574853125 -1.2144475047322278 -1.2072530795612191 -1.1405536731674697 -1.1732805807022342 -1.1505294879999375 -1.1799067956499618 -1.0810791513262601 -1.0580453713239351 -1.1027223138412654 -0.9335475219523931 -1.1510579686666575 -1.1879143061608111 -1.0514393629899348 -0.98319103938929542 -1.1651479451519509 -1.0594109086171377 -1.1497252782897114 -1.1609402683470722 -1.0642109791023351 -1.2430136046759399
leaf_weight=3.9149312674999228 56.114014834165573 67.672383338212967 63.198176175355911 80.349303632974625 5.406333655118944 81.654280722141266 21.438909322023395 22.371035814285282 34.302254915237427 38.403611481189728 94.517626315355301 50.334830582141876 16.591851562261581 18.642529845237732 16.219000965356827 6.338460147380828 19.761081635951996 5.4063336551189423 12.117644399404524 9.6941155195236188 6.5248854458332053 61.706773787736893 7.8298625349998465 11.931219100952147 11.558368504047392 27.777369469404221 4.2877818644046775 34.115829616785049 19.574656337499619 4.8470577597618094
leaf_count=21 301 363 339 431 29 438 115 120 184 206 507 270 89 100 87 34 106 29 65 52 35 331 42 64 62 149 23 183 105 26
internal_value=-1.11006 -1.05823 -1.14671 -1.11855 -0.998795 -1.09212 -1.08108 -1.06505 -0.957667 -1.04173 -1.18493 -1.16955 -1.07764 -1.11717 -1.09389 -1.06189 -1.0435 -0.97481 -1.03053 -1.02011 -1.03142 -1.16391 -1.14305 -1.05144 -1.06137 -1.09048 -1.03454 -1.12923 -1.10564 -1.13649
internal_weight=914.603 378.816 535.786 308.534 137.582 241.234 177.85 159.58 90.4163 97.8733 227.252 130.684 47.1656 63.571 44.9285 28.7095 30.5737 10.8127 96.009 83.8914 74.1973 132.735 71.028 93.9584 82.0271 39.3357 42.6914 79.9765 45.8606 26.286
internal_count=4906 2032 2874 1655 738 1294 954 856 485 525 1219 701 253 341 241 154 164 58 515 450 398 712 381 504 440 211 229 429 246 141
is_linear=0
shrinkage=1


Tree=1
num_leaves=31
num_cat=0
split_feature=6 1 0 11 9 9 9 11 0 9 11 9 11 0 15 31 73 102 1 139 80 11 65 1 61 0 82 7 133 81
split_gain=139.48 57.1868 49.7343 48.6987 31.8545 26.9679 26.1647 25.9862 14.4968 12.996 12.7144 10.4938 7.82565 6.854 7.00254 7.54747 6.27904 6.18437 6.20457 5.97935 5.91803 5.88956 6.04074 5.77237 5.72185 5.33829 5.27205 6.31337 7.27999 6.00923
threshold=1.0000000180025095e-35 -0.28800669312477106 10.925393581390383 1.0000000180025095e-35 1.0000000180025095e-35 1.0000000180025095e-35 1.0000000180025095e-35 1.0000000180025095e-35 2.4503763914108281 1.0000000180025095e-35 1.0000000180025095e-35 1.0000000180025095e-35 1.0000000180025095e-35 14.47091054916382 1.0000000180025095e-35 1.0000000180025095e-35 1.0000000180025095e-35 1.0000000180025095e-35 0.80591678619384777 1.0000000180025095e-35 1.0000000180025095e-35 1.0000000180025095e-35 1.0000000180025095e-35 -0.46003498136997217 1.0000000180025095e-35 9.5071868896484393 1.0000000180025095e-35 1.0000000180025095e-35 1.0000000180025095e-35 1.0000000180025095e-35
decision_type=2 2 2 2 2 2 2 2 2 2 2 2 2 2 2 2 2 2 2 2 2 2 2 2 2 2 2 2 2 2
left_child=2 5 3 6 7 10 8 17 -1 21 -2 -5 -7 14 15 25 -12 18 19 20 -3 22 -4 -18 -21 -9 27 28 -8 -30
right_child=1 4 9 11 -6 12 26 13 -10 -11 16 -13 -14 -15 -16 -17 23 -19 -20 24 -22 -23 -24 -25 -26 -27 -28 -29 29 -31
leaf_value=0.23517229952817631 0.16192692285374596 0.086925392837604129 -0.04087763789683007 -0.032920528083785726 -0.031959529383626728 0.064954992284983193 -0.059086942577543711 0.13729172906394965 0.051108850547969369 -0.099517128620157158 0.056488433255614659 -0.092279735200619148 -0.025831563016773435 -0.058889944781256448 -0.036768131210426172 -0.04830050805783908 0.069872136211423533 -0.029007437872379305 0.016796777613325081 0.22237919704085107 -0.016128023291689577 -0.073116145065472801 0.051170901174745001 0.23823303589415584 0.075129739549977786 0.036258924467860575 -0.0802015491579742 0.030647852001160044 0.085799752989089151 -0.061999828649632271
leaf_weight=4.47707176208496 53.659641057252884 71.192929953336716 61.778160899877548 78.889838814735413 85.058912754058838 28.928721040487289 28.711810976266861 7.7040944844484391 96.694464057683945 89.492069005966187 23.909676611423492 47.844319045543671 14.133258223533629 18.044254183769226 17.830413773655891 7.1576618254184714 3.8877522945404053 5.61878578364849 13.949575528502463 6.0813578367233259 6.0457501113414756 59.264947772026062 8.0595615506172162 4.276527523994444 4.6619352996349335 16.282904103398323 11.46577540040016 26.976812139153481 7.7828041762113553 4.2547572106122971
leaf_count=21 263 364 339 431 464 150 156 40 504 507 123 270 77 100 97 39 20 29 74 30 33 331 42 22 23 84 62 146 42 23
internal_value=-0.000197087 0.045246 -0.0337741 -0.00782372 0.0182208 0.0997239 0.0255568 0.0426711 0.0592541 -0.0702311 0.132154 -0.0553296 0.0351582 -0.00620457 0.0132067 0.0418175 0.0823433 0.0731277 0.0787577 0.0885816 0.078859 -0.0499305 -0.0302549 0.158061 0.158482 0.0687084 -0.0174931 -0.00687686 -0.0317189 0.033559
internal_weight=914.117 388.424 525.692 307.098 259.629 128.796 180.363 174.57 101.172 218.595 85.7336 126.734 43.062 67.0193 48.9751 31.1447 32.074 107.55 101.932 87.982 77.2387 129.103 69.8377 8.16428 10.7433 23.987 79.192 67.7262 40.7494 12.0376
internal_count=4906 2032 2874 1655 1377 655 954 913 525 1219 428 701 227 360 260 163 165 553 524 450 397 712 381 42 53 124 429 367 221 65
is_linear=0
shrinkage=0.1


Tree=2
num_leaves=31
num_cat=0
split_feature=6 9 0 11 0 9 11 0 9 11 0 9 11 15 55 0 16 54 99 82 0 10 0 53 0 11 15 7 108 65
split_gain=112.603 43.9342 42.8911 40.3012 34.9103 20.555 16.8179 13.2859 12.0039 11.3579 10.952 9.47169 7.39777 7.39075 6.46215 5.81394 5.53858 8.03322 5.46097 6.87541 8.42887 8.50727 22.1549 9.88891 5.44494 5.21197 5.08402 5.04112 5.00653 4.94808
threshold=1.0000000180025095e-35 1.0000000180025095e-35 10.925393581390383 1.0000000180025095e-35 7.1540040969848642 1.0000000180025095e-35 1.0000000180025095e-35 8.0082135200500506 1.0000000180025095e-35 1.0000000180025095e-35 2.6652977466583256 1.0000000180025095e-35 1.0000000180025095e-35 1.0000000180025095e-35 1.0000000180025095e-35 15.181382656097414 1.0000000180025095e-35 1.0000000180025095e-35 1.0000000180025095e-35 1.0000000180025095e-35 15.368925571441652 1.0000000180025095e-35 12.803559303283693 1.0000000180025095e-35 16.880219459533695 1.0000000180025095e-35 1.0000000180025095e-35 1.0000000180025095e-35 1.0000000180025095e-35 1.0000000180025095e-35
decision_type=2 2 2 2 2 2 2 2 2 2 2 2 2 2 2 2 2 2 2 2 2 2 2 2 2 2 2 2 2 2
left_child=2 4 3 5 9 10 16 12 25 -2 -1 27 13 -3 -15 -8 18 -18 19 20 21 22 -6 -23 -17 29 -7 -5 -12 -4
right_child=1 7 8 11 6 26 15 -9 -10 -11 28 -13 -14 14 -16 24 17 -19 -20 -21 -22 23 -24 -25 -26 -27 -28 -29 -30 -31
leaf_value=0.16434611017313133 0.13384062170651947 0.086198726161022032 -0.03763713559313487 -0.051051076188911672 0.024816656010106498 0.0056735874480138932 0.0090963190738559321 -0.03710756007417583 -0.094977706201436557 0.06443626549388129 0.048919804654675297 -0.087664301977718392 -0.025016823840939163 0.069087343909793181 -0.068382042603355161 -0.12916588601542939 0.14218746754569225 0.051511840094776655 0.089770077271797644 -0.073544404243119921 -0.046903379831747166 0.070877229129969049 0.26778815178010712 -0.10161731498433811 0.0015843362829509201 -0.068631592598453139 -0.045902895052698706 0.0009652697474995457 -0.038369958202362976 0.044893083289519645
leaf_weight=7.9860612452030173 65.250454157590866 24.222690775990486 60.459003746509552 46.417157828807831 10.342380836606027 45.525926113128662 50.313024178147316 71.495142459869385 84.646030962467194 36.920685574412346 88.811398595571518 45.45269250869751 17.911654725670815 6.2995329648256284 7.4796119332313538 6.6429824233055097 16.389245137572289 24.192416697740555 16.626437619328499 6.3689492493867865 8.949283614754675 8.9930216670036334 5.8901340663433066 5.2717927396297446 6.1185364425182343 56.947040468454361 32.940309822559357 31.124683350324631 7.0956531912088385 8.2566763758659345
leaf_count=37 301 124 339 258 51 246 268 397 507 184 452 270 99 32 39 38 82 121 83 33 46 44 29 26 35 331 183 173 36 42
internal_value=-0.000325949 0.0398019 -0.0311168 -0.00718211 0.0627657 0.0226536 0.0344731 -0.00855037 -0.0658683 0.108761 0.0518307 -0.0514184 0.027965 0.0529372 -0.00553395 -0.00619409 0.0593709 0.088132 0.0406789 0.0228637 0.0384295 0.06347 0.112981 0.00712908 -0.0664774 -0.0462604 -0.0159783 -0.0301721 0.0424617 -0.0277205
internal_weight=911.341 395.678 515.663 305.354 268.269 182.359 166.098 127.409 210.309 102.171 103.893 122.995 55.9135 38.0018 13.7791 63.0745 103.024 40.5817 62.442 45.8156 39.4466 30.4973 16.2325 14.2648 12.7615 125.663 78.4662 77.5418 95.9071 68.7157
internal_count=4906 2032 2874 1655 1341 954 856 691 1219 485 525 701 294 195 71 341 515 203 312 229 196 150 80 70 73 712 429 431 488 381
is_linear=0
shrinkage=0.1


Tree=3
num_leaves=31
num_cat=0
split_feature=6 0 9 11 1 9 11 9 0 11 9 0 50 26 0 80 11 15 26 10 36 67 55 5 11 82 7 133 81 1
split_gain=91.1777 36.9475 34.1995 33.3973 27.1164 16.2125 11.9595 11.0935 10.8506 10.682 8.53886 8.33798 7.9738 7.38648 11.9195 7.16054 5.82471 5.62783 5.54066 6.59674 5.75158 5.32872 5.2587 4.62969 4.6022 4.56859 5.15979 6.1724 4.78697 4.55115
threshold=1.0000000180025095e-35 10.925393581390383 1.0000000180025095e-35 1.0000000180025095e-35 0.059396151453256614 1.0000000180025095e-35 1.0000000180025095e-35 1.0000000180025095e-35 8.0082135200500506 1.0000000180025095e-35 1.0000000180025095e-35 2.4503763914108281 1.0000000180025095e-35 1.0000000180025095e-35 4.2108144760131845 1.0000000180025095e-35 1.0000000180025095e-35 1.0000000180025095e-35 1.0000000180025095e-35 1.0000000180025095e-35 1.0000000180025095e-35 1.0000000180025095e-35 1.0000000180025095e-35 1.0000000180025095e-35 1.0000000180025095e-35 1.0000000180025095e-35 1.0000000180025095e-35 1.0000000180025095e-35 1.0000000180025095e-35 -0.38535249233245844
decision_type=2 2 2 2 2 2 2 2 2 2 2 2 2 2 2 2 2 2 2 2 2 2 2 2 2 2 2 2 2 2
left_child=1 3 4 5 9 11 15 24 16 -2 -5 -1 13 14 -11 18 17 -4 19 20 -6 -20 -19 -14 -3 26 27 -7 -29 -15
right_child=2 7 8 10 6 25 -8 -9 -10 12 -12 -13 23 29 -16 -17 -18 22 21 -21 -22 -23 -24 -25 -26 -27 -28 28 -30 -31
leaf_value=0.17114473868370747 0.10634631469300058 -0.025375642971170499 0.07448364687390098 -0.027639374601331902 0.13975303470996506 -0.053850006965518483 -0.017426872732792923 -0.090698006991105251 -0.034104221107645202 -0.0078460212257341188 -0.083288197481295595 0.039309143008714992 0.023599355246149211 0.064901796372216686 0.18774820774996223 -0.072627445920099926 -0.02283241918576083 0.060194519959091058 0.066178358836869108 0.032416973237665542 0.01895288440227234 -0.0086497526552260524 -0.063769668296358634 -0.11126836580796551 -0.064369866734209177 -0.074566852038476197 0.028818461460342261 0.0765374985510473 -0.056483552744289234 -0.024992235045743737
leaf_weight=5.0361584275960913 89.508096188306808 67.66452844440937 25.173886194825172 76.298873126506805 17.997687816619877 27.59504608809948 48.005174577236176 80.0185936242342 70.088593378663063 4.5190636515617362 43.176599442958832 101.14063881337643 6.8394476920366269 19.405804306268692 10.032291263341902 4.8676856011152259 17.675670191645622 6.4958489686250669 17.315943792462349 17.929993733763695 5.0465947687625876 21.129814073443413 7.2317879199981689 4.0539486855268478 54.762043431401253 10.898708641529081 27.18611091375351 8.0388167202472669 4.0775618553161612 7.9347951412200954
leaf_count=21 404 381 124 431 86 156 264 507 397 22 270 504 35 94 49 26 99 32 84 88 25 103 39 21 331 62 146 42 23 40
internal_value=-0.000421674 -0.0286565 0.0351764 -0.00658283 0.055005 0.0201519 0.0224138 -0.0617431 -0.007808 0.0853057 -0.04775 0.0455623 0.0496271 0.0694465 0.127005 0.0451046 0.0247681 0.0463963 0.0523204 0.0779053 0.113298 0.0250528 -0.00511044 -0.0265913 -0.042818 -0.0145284 -0.0047472 -0.027726 0.0317715 0.0388127
internal_weight=907.146 505.894 401.252 303.449 274.586 183.973 132.293 202.445 126.666 142.293 119.475 106.177 52.7854 41.892 14.5514 84.2877 56.5772 38.9015 79.42 40.9743 23.0443 38.4458 13.7276 10.8934 122.427 77.7962 66.8975 39.7114 12.1164 27.3406
internal_count=4906 2874 2032 1655 1341 954 676 1219 691 665 701 525 261 205 71 412 294 195 386 199 111 187 71 56 712 429 367 221 65 134
is_linear=0
shrinkage=0.1


Tree=4
num_leaves=31
num_cat=0
split_feature=6 0 11 1 9 9 11 9 9 9 0 11 140 0 15 50 55 0 5 105 174 139 7 7 0 82 10 0 61 15
split_gain=74.0611 31.7388 27.6601 26.942 16.0572 12.8873 11.9031 11.4076 10.2583 7.6911 6.74109 5.21199 4.92299 5.34883 7.06205 7.84771 5.59841 5.28414 5.26868 4.49632 4.40376 4.39392 5.01398 4.34281 4.99748 6.249 4.73022 4.56099 6.21846 4.3176
threshold=1.0000000180025095e-35 10.925393581390383 1.0000000180025095e-35 -0.28800669312477106 1.0000000180025095e-35 1.0000000180025095e-35 1.0000000180025095e-35 1.0000000180025095e-35 1.0000000180025095e-35 1.0000000180025095e-35 2.6652977466583256 1.0000000180025095e-35 1.0000000180025095e-35 14.47091054916382 1.0000000180025095e-35 1.0000000180025095e-35 1.0000000180025095e-35 9.6605067253112811 1.0000000180025095e-35 1.0000000180025095e-35 1.0000000180025095e-35 1.0000000180025095e-35 1.0000000180025095e-35 1.0000000180025095e-35 6.635181427001954 1.0000000180025095e-35 1.0000000180025095e-35 9.1197810173034686 1.0000000180025095e-35 1.0000000180025095e-35
decision_type=2 2 2 2 2 2 2 2 2 2 2 2 2 2 2 2 2 2 2 2 2 2 2 2 2 2 2 2 2 2
left_child=1 2 5 7 6 10 19 11 -3 23 -1 -2 13 14 15 16 -8 -18 -17 21 -6 -5 -23 24 25 -4 27 28 -25 -7
right_child=3 8 9 4 20 29 12 -9 -10 -11 -12 -13 -14 -15 -16 18 17 -19 -20 -21 -22 22 -24 26 -26 -27 -28 -29 -30 -31
leaf_value=0.12517430310721173 0.10331114045194541 -0.0395589145994793 -0.037792224059343266 0.044532613280827908 -0.018339495554593979 0.0065886253740686301 -0.018335802039742794 0.024694548425813121 -0.086623063408514028 -0.079106993345929702 0.03290197054607235 0.055005069153989998 -0.096694667413057017 -0.046496341326256241 -0.034089590281259317 0.042862273232940888 0.18881646255333551 0.068683498744444585 -0.10755527465885631 -0.051664664609555412 -0.11066702945686731 0.16778017205623139 0.046553017818776299 -0.045382240735866372 -0.085062023288814209 0.098566082553830592 0.052454815661197543 -0.12995325558756574 0.095569450683632526 -0.041465995963419308
leaf_weight=8.6022771745920164 61.579523786902428 119.45759536325932 22.064630508422855 98.601304486393929 75.627589598298073 45.249132931232452 4.1783945858478555 44.699419990181923 75.634521916508675 41.026198714971542 99.458406403660774 35.048162594437599 5.3835999071598044 16.041785135865211 15.407373413443564 5.0804217010736483 5.7050466537475595 10.221353769302366 4.2992427051067352 4.3549795448780051 5.5448493957519522 6.5924541354179365 7.0715163946151733 10.641944110393526 18.444652065634727 3.9647382944822303 12.060869991779329 3.5473147034645072 4.4341433793306342 31.862700775265694
leaf_count=37 263 712 128 470 432 246 21 227 507 270 488 165 29 95 85 27 27 52 24 21 32 30 32 60 107 23 68 20 25 183
internal_value=-0.000483176 -0.0263798 -0.0060358 0.0312267 0.0123697 0.017962 0.0287943 0.0664664 -0.057805 -0.044283 0.0402474 0.0857899 -0.00503184 0.00306674 0.0207778 0.0494492 0.0846878 0.111717 -0.0260828 0.0480299 -0.0246463 0.0518972 0.105041 -0.0252739 -0.0452404 -0.0170224 0.00366569 -0.0279311 -0.00392586 -0.0132676
internal_weight=901.886 496.449 301.357 405.437 264.11 185.173 182.937 141.327 195.092 116.184 108.061 96.6277 66.3172 60.9336 44.8918 29.4845 20.1048 15.9264 9.37966 116.62 81.1724 112.265 13.664 75.1583 44.474 26.0294 30.6843 18.6234 15.0761 77.1118
internal_count=4906 2874 1655 2032 1377 954 913 655 1219 701 525 428 360 331 236 151 100 79 51 553 464 532 62 431 258 151 173 105 85 429
is_linear=0
shrinkage=0.1


Tree=5
num_leaves=31
num_cat=0
split_feature=6 0 11 0 9 9 11 9 9 11 80 9 0 108 1 86 9 15 55 139 94 0 22 99 10 21 8 13 16 8
split_gain=60.3029 27.1699 22.98 21.2899 12.9602 10.2611 10.2579 9.48242 6.87783 6.30024 6.25492 5.82748 5.48045 4.61077 4.79981 5.60912 4.4005 4.30982 4.2213 4.20974 5.6214 5.14152 4.12042 4.48603 4.42572 4.2783 5.85049 4.96709 7.57153 4.08722
threshold=1.0000000180025095e-35 10.925393581390383 1.0000000180025095e-35 8.0082135200500506 1.0000000180025095e-35 1.0000000180025095e-35 1.0000000180025095e-35 1.0000000180025095e-35 1.0000000180025095e-35 1.0000000180025095e-35 1.0000000180025095e-35 1.0000000180025095e-35 2.4503763914108281 1.0000000180025095e-35 0.13636017590761187 1.0000000180025095e-35 1.0000000180025095e-35 1.0000000180025095e-35 1.0000000180025095e-35 1.0000000180025095e-35 1.0000000180025095e-35 14.109513759613039 1.0000000180025095e-35 1.0000000180025095e-35 1.0000000180025095e-35 1.0000000180025095e-35 1.0000000180025095e-35 1.0000000180025095e-35 1.0000000180025095e-35 1.0000000180025095e-35
decision_type=2 2 2 2 2 2 2 2 2 2 2 2 2 2 2 2 2 2 2 2 2 2 2 2 2 2 2 2 2 2
left_child=1 2 5 6 9 12 11 19 -4 10 -5 -2 -1 14 -11 -16 -8 -13 -19 20 -3 -22 23 25 -24 26 -14 -28 -29 -10
right_child=3 7 8 4 -6 -7 16 -9 29 13 -12 17 22 -15 15 -17 -18 18 -20 -21 21 -23 24 -25 -26 -27 27 28 -30 -31
leaf_value=0.13552291519677936 0.085887363028981603 -0.03737705699655338 -0.023207450450766786 0.044067974544409361 -0.029180012984839739 -0.01205041229467407 0.037110625452360956 -0.082710711753752164 -0.10050924872521801 0.038191586009944031 -0.064363804950456058 0.062967861447002532 -0.001424626960230629 0.084354212061140854 -0.049212394944000551 0.045819075649475946 -0.022167347354539572 0.050551238262980386 -0.060310098975702969 -0.097131045558882828 -0.021972015632024968 0.13306431507358185 0.036113509610326465 0.085662476343771665 0.15263404373447903 -0.057360804109816366 0.018341493850481321 0.16545315809555286 0.01810150781620266 -0.033869865732874524
leaf_weight=5.2332935929298392 80.234077349305153 97.672834634780884 74.090446263551712 95.835455924272537 67.807282745838165 76.53936293721199 43.398725181818008 71.507663950324059 24.126379057765007 13.900611579418181 5.6326389610767356 26.107680648565292 42.820905283093452 5.4508493095636359 31.153509765863419 7.7575834840536109 17.602623119950294 6.7080076485872251 7.0386638641357422 10.419469237327574 4.8335240334272367 3.837228000164032 8.3076252937316877 10.131885528564451 5.3646904528141013 7.406905621290206 16.296311810612679 7.7794457077980059 6.3202658295631409 14.880341574549673
leaf_count=21 340 595 431 446 397 429 206 507 167 69 30 124 207 29 180 41 99 32 39 64 30 23 39 49 25 37 79 37 31 103
internal_value=-0.00052205 -0.0242693 -0.00554674 0.0278128 0.00744981 0.0160485 0.0533988 -0.054033 -0.0411007 0.0229995 0.0380488 0.0703618 0.0356605 -0.00320969 -0.0122474 -0.0302663 0.0200053 0.0391059 -0.00621273 -0.0364703 -0.0305268 0.0466391 0.030656 0.0229461 0.0818334 0.0150646 0.0223915 0.0559428 0.099402 -0.0750876
internal_weight=896.196 487.569 299.298 408.628 227.538 186.201 181.09 188.271 113.097 159.731 101.468 120.088 109.661 58.2626 52.8117 38.9111 61.0013 39.8544 13.7467 116.763 106.344 8.67075 104.428 90.7557 13.6723 80.6238 73.2169 30.396 14.0997 39.0067
internal_count=4906 2874 1655 2032 1192 954 840 1219 701 795 476 535 525 319 290 221 305 195 71 712 648 53 504 440 64 391 354 147 68 270
is_linear=0
shrinkage=0.1


Tree=6
num_leaves=31
num_cat=0
split_feature=6 11 0 1 11 9 9 9 9 9 52 0 9 15 16 10 12 0 0 0 0 5 12 32 86 65 68 21 83 11
split_gain=49.1978 23.2568 18.8002 17.3869 10.3726 8.18002 7.95158 7.86141 7.17331 7.04173 6.60998 5.25034 4.64151 4.56972 5.40473 4.48806 5.4427 5.84491 5.35172 6.6764 4.45352 4.39164 6.29958 4.30033 4.27207 4.09528 4.67434 4.03535 5.38385 4.43163
threshold=1.0000000180025095e-35 1.0000000180025095e-35 10.925393581390383 -0.28800669312477106 1.0000000180025095e-35 1.0000000180025095e-35 1.0000000180025095e-35 1.0000000180025095e-35 1.0000000180025095e-35 1.0000000180025095e-35 1.0000000180025095e-35 11.190965175628664 1.0000000180025095e-35 1.0000000180025095e-35 1.0000000180025095e-35 1.0000000180025095e-35 1.0000000180025095e-35 5.3018479347229013 2.7310061454772954 3.9917863607406621 2.4503763914108281 1.0000000180025095e-35 1.0000000180025095e-35 1.0000000180025095e-35 1.0000000180025095e-35 1.0000000180025095e-35 1.0000000180025095e-35 1.0000000180025095e-35 1.0000000180025095e-35 1.0000000180025095e-35
decision_type=2 2 2 2 2 2 2 2 2 2 2 2 2 2 2 2 2 2 2 2 2 2 2 2 2 2 2 2 2 2
left_child=1 2 5 8 9 20 25 10 15 -5 -3 21 24 23 -15 18 17 -17 -2 -20 -1 22 -6 -11 -13 -4 -27 28 29 -10
right_child=3 7 6 4 11 -7 -8 -9 27 13 -12 12 -14 14 -16 16 -18 -19 19 -21 -22 -23 -24 -25 -26 26 -28 -29 -30 -31
leaf_value=0.12156694635227522 -0.01746827571176425 -0.021307367476006936 -0.026066442599217435 0.037318068989996338 0.073211782090249658 -0.010918884584407517 -0.072757279149786608 -0.078437837788278925 0.047444261919684455 -0.0047112289323070038 -0.073836028186235386 -0.040133719960531763 -0.089629430024936618 -0.004671632738000967 -0.11411120230185552 0.03583996496514362 0.1396343361574067 0.14199891306877607 0.11907936839372937 0.038764444367997489 0.027197213802119865 -0.035892891483660865 -0.027772353905158545 0.076793407437477743 0.038448930634488107 -0.030186600435050011 0.12205442827377125 0.10154173140074026 -0.084242031773026069 -0.029404438504194792
leaf_weight=5.2493306547403327 9.8655603528022748 90.921584486961365 55.864497616887093 120.43517272174358 15.79360231757164 76.05097784101963 41.226597502827644 63.540088310837746 23.79663397371769 25.915925085544586 32.525234013795853 28.500429317355156 13.381310805678366 12.241941243410112 7.1471283584833136 19.00428776443005 15.479253724217413 7.1330216675996772 14.899380654096602 33.899026587605476 105.6161821782589 13.932783439755438 10.145717188715935 8.628846198320387 9.135605186223982 3.8263154029846174 4.2645075619220734 5.3120267391204825 5.385384887456893 10.960059762001036
leaf_count=21 43 548 339 553 84 429 309 468 112 152 214 170 80 73 42 81 66 30 64 144 504 74 54 48 47 20 22 26 27 62
internal_value=-0.000544638 -0.0223202 -0.00469193 0.0248387 0.00959321 0.0143391 -0.0385116 -0.0498579 0.0525876 0.02387 -0.0351474 -0.0177965 -0.0390442 -0.00615967 -0.0450128 0.0675244 0.0926417 0.0648114 0.049706 0.0632866 0.0316655 0.00939051 0.0337136 0.0156476 -0.0210589 -0.0164363 0.0500565 0.0196342 0.00879535 0.023211
internal_weight=890.078 479.085 292.098 410.993 265.258 186.916 105.182 186.987 145.735 174.369 123.447 90.8894 51.0173 53.9338 19.3891 100.281 41.6166 26.1373 58.664 48.7984 110.866 39.8721 25.9393 34.5448 37.636 63.9553 8.09082 45.4541 40.1421 34.7567
internal_count=4906 2874 1644 2032 1377 954 690 1230 655 868 762 509 297 315 115 428 177 111 251 208 525 212 138 200 217 381 42 227 201 174
is_linear=0
shrinkage=0.1


Tree=7
num_leaves=31
num_cat=0
split_feature=6 0 11 1 9 9 9 11 98 0 9 0 0 0 11 50 26 0 81 84 81 65 86 14 8 82 7 0 59 8
split_gain=40.095 20.0526 15.6058 14.0219 8.42826 8.06218 6.54891 6.2387 5.50232 5.63502 5.40612 5.22186 5.36812 5.42495 4.75901 4.79017 4.42996 7.63005 5.31678 4.34377 4.20427 6.17177 4.48536 4.18871 4.0571 3.99902 4.25541 5.63637 4.36364 3.91134
threshold=1.0000000180025095e-35 10.925393581390383 1.0000000180025095e-35 0.082515783607959761 1.0000000180025095e-35 1.0000000180025095e-35 1.0000000180025095e-35 1.0000000180025095e-35 1.0000000180025095e-35 12.412046909332277 1.0000000180025095e-35 10.513347148895265 16.119096755981449 15.798768043518068 1.0000000180025095e-35 1.0000000180025095e-35 1.0000000180025095e-35 4.2108144760131845 1.0000000180025095e-35 1.0000000180025095e-35 1.0000000180025095e-35 1.0000000180025095e-35 1.0000000180025095e-35 1.0000000180025095e-35 1.0000000180025095e-35 1.0000000180025095e-35 1.0000000180025095e-35 6.4298424720764169 1.0000000180025095e-35 1.0000000180025095e-35
decision_type=2 2 2 2 2 2 2 2 2 2 2 2 2 2 2 2 2 2 2 2 2 2 2 2 2 2 2 2 2 2
left_child=1 2 6 4 14 -3 -1 11 20 -10 -4 -5 13 23 -2 16 17 -16 -19 -6 21 22 -9 -13 -12 26 27 28 -8 -27
right_child=3 5 10 7 19 -7 25 8 9 -11 24 12 -14 -15 15 -17 -18 18 -20 -21 -22 -23 -24 -25 -26 29 -28 -29 -30 -31
leaf_value=0.028204756808827017 0.064930835230232756 -0.030987408943729474 -0.019290052946254643 -0.051805050459778151 0.017091002368587224 -0.07544015734205714 0.049389174486612834 -0.049969087474032767 0.1327860150862826 -0.021104418072911215 -0.094371231505659625 0.0086412078786087445 -0.019538548167419158 0.14346465755989565 -0.02259505329845796 -0.030441748764257648 0.019925645286237491 0.063684907866570231 0.19700409665294386 -0.076521200360602809 -0.077374543066927398 0.11232956729963345 0.046101347999309102 0.054052285589571675 -0.024833938514415298 -0.12550447516418622 0.029547204471167529 -0.064347377744658346 -0.044185883171288187 -0.0015671572924113712
leaf_weight=111.97143979370594 99.516126394271851 111.87372818589211 72.251256093382835 10.800936833024023 64.150247618556023 64.220198884606361 12.718327075242996 24.595897465944294 4.15331222116947 5.5711105614900589 21.38293893635273 50.081863164901733 25.434519723057747 4.2033054232597342 4.7995876073837307 11.019608020782469 30.228505149483681 6.3405258655548078 5.6630118936300278 5.3718805611133567 17.405715480446815 3.3313847333192816 6.0564640015363684 34.171483635902405 13.808652251958845 5.4880045354366285 27.085810005664825 17.370904698967934 8.1941556036472321 4.7505867481231689
leaf_count=525 416 712 431 53 332 507 71 149 23 33 167 251 132 21 22 56 139 28 25 30 102 20 32 168 103 34 146 103 47 28
internal_value=-0.000557422 -0.020495 -0.00455578 0.0221914 0.0388607 -0.047199 0.0128507 0.00181857 -0.0243552 0.0446224 -0.034945 0.0146468 0.0209488 0.0325904 0.0516574 0.0289029 0.0428075 0.0839716 0.126582 0.00985771 -0.0374079 -0.0169378 -0.030987 0.027059 -0.0670858 -0.0098878 -0.000786005 -0.022247 0.0127236 -0.067999
internal_weight=884.011 471.116 295.022 412.895 227.089 176.094 187.579 185.806 61.1139 9.72442 107.443 124.692 113.891 88.4567 157.567 58.0512 47.0316 16.8031 12.0035 69.5221 51.3895 33.9837 30.6524 84.2533 35.1916 75.6078 65.3692 38.2834 20.9125 10.2386
internal_count=4906 2874 1655 2032 1048 1219 954 984 359 56 701 625 572 440 686 270 214 75 53 362 303 201 181 419 270 429 367 221 118 62
is_linear=0
shrinkage=0.1


Tree=8
num_leaves=31
num_cat=0
split_feature=6 11 0 9 0 9 1 0 0 8 55 108 9 82 16 174 138 11 16 86 13 12 140 68 0 0 102 14 55 67
split_gain=32.6944 17.6622 12.2919 12.009 9.12087 8.68346 6.89677 6.15906 5.80858 6.7684 5.20776 5.17078 4.69128 4.63239 4.30866 4.11994 4.32966 3.95706 3.92598 7.26664 6.48331 7.44236 3.8225 3.81547 3.93458 10.3668 4.32086 5.47901 7.05404 3.80955
threshold=1.0000000180025095e-35 1.0000000180025095e-35 11.43189573287964 1.0000000180025095e-35 7.1540040969848642 1.0000000180025095e-35 -0.27127538621425623 3.7686516046524052 2.6652977466583256 1.0000000180025095e-35 1.0000000180025095e-35 1.0000000180025095e-35 1.0000000180025095e-35 1.0000000180025095e-35 1.0000000180025095e-35 1.0000000180025095e-35 1.0000000180025095e-35 1.0000000180025095e-35 1.0000000180025095e-35 1.0000000180025095e-35 1.0000000180025095e-35 1.0000000180025095e-35 1.0000000180025095e-35 1.0000000180025095e-35 16.56947231292725 13.550992488861086 1.0000000180025095e-35 1.0000000180025095e-35 1.0000000180025095e-35 1.0000000180025095e-35
decision_type=2 2 2 2 2 2 2 2 2 2 2 2 2 2 2 2 2 2 2 2 2 2 2 2 2 2 2 2 2 2
left_child=1 2 8 4 -2 18 13 -5 9 -1 -8 14 -12 -3 29 16 23 -6 -4 20 21 -20 -19 24 25 26 27 -9 -29 -10
right_child=3 6 5 7 17 -7 10 15 11 -11 12 -13 -14 -15 -16 -17 -18 22 19 -21 -22 -23 -24 -25 -26 -27 -28 28 -30 -31
leaf_value=0.019986764928096021 0.052829297532732425 -0.026474315148518654 -0.032262518007102219 0.045761429971450059 0.027635160456163391 -0.073081107290193126 -0.092276875165484606 -0.019395345681613285 -0.0049597743964179498 0.16242699109905201 -0.027934674823391892 -0.05611399149026669 -0.076752871306818016 0.056997087347494903 -0.0068272272249669851 -0.10427066522413818 -0.11178953793030416 0.003412951635106993 -0.12548449840072012 -0.085583467905322397 0.10516791879500978 0.058005043379172873 -0.089355871563312206 -0.050041870759197776 -0.084754194884268441 0.12668328791548703 -0.1019167210300792 0.13761001483864377 0.009548096817041973 0.039174644189150183
leaf_weight=9.17735408246517 115.2185306251049 50.212901175022125 32.955908939242363 19.282871037721634 113.76159600913525 34.748478010296822 31.632289752364159 40.313225105404854 28.568538770079613 5.241084247827529 56.693097725510597 12.548557788133619 30.154824152588844 7.6632620990276328 77.840370506048203 5.0047217160463324 4.1106389611959449 56.476372823119164 3.5325787365436589 5.0973649322986594 9.8996027261018753 5.9063431173563004 4.8207803666591635 16.937263071537018 4.873928651213645 6.6944338977336875 4.2079112976789466 5.7609498798847225 16.976113557815552 62.007535591721535
leaf_count=43 485 331 202 93 515 289 227 222 151 23 375 67 248 49 404 32 22 313 22 32 60 35 28 102 30 40 26 29 95 316
internal_value=-0.000565097 -0.0188014 -0.00351953 0.0198468 0.0309798 -0.0336282 -0.0437164 -0.00618093 0.0106793 0.0717636 -0.0575379 0.00581243 -0.044885 -0.015422 0.0104265 -0.0157309 -0.0112942 0.016599 -0.00974105 0.0206329 0.0486301 -0.0106671 -0.00388295 -0.00698047 0.00227202 0.00800758 -0.00380461 0.00274329 0.0419955 0.0252542
internal_weight=878.319 463.88 287.524 414.439 290.277 92.1403 176.356 124.162 195.383 14.4184 118.48 180.965 86.8479 57.8762 168.416 104.879 99.8745 175.059 57.3918 24.4359 19.3385 9.43892 61.2972 95.7638 78.8266 73.9526 67.2582 63.0503 22.7371 90.5761
internal_count=4906 2874 1644 2032 1341 640 1230 691 1004 66 850 938 623 380 871 598 566 856 351 149 117 57 341 544 442 412 372 346 124 467
is_linear=0
shrinkage=0.1


Tree=9
num_leaves=31
num_cat=0
split_feature=9 11 0 0 11 140 6 21 15 83 34 138 55 24 6 80 52 11 16 13 1 139 26 35 0 0 5 16 6 134
split_gain=26.918 18.1122 12.7321 8.62883 8.01061 7.54827 6.72888 6.12608 6.01372 6.72008 5.95011 5.62828 5.3588 4.91106 4.62204 4.54907 4.51182 4.35987 4.4105 4.25655 14.3603 4.11547 4.02575 6.35999 4.16244 5.1646 3.95726 5.4673 3.95229 5.33942
threshold=1.0000000180025095e-35 1.0000000180025095e-35 11.296372413635256 7.7043120861053476 1.0000000180025095e-35 1.0000000180025095e-35 1.0000000180025095e-35 1.0000000180025095e-35 1.0000000180025095e-35 1.0000000180025095e-35 1.0000000180025095e-35 1.0000000180025095e-35 1.0000000180025095e-35 1.0000000180025095e-35 1.0000000180025095e-35 1.0000000180025095e-35 1.0000000180025095e-35 1.0000000180025095e-35 1.0000000180025095e-35 1.0000000180025095e-35 -0.48695717751979822 1.0000000180025095e-35 1.0000000180025095e-35 1.0000000180025095e-35 4.2108144760131845 9.0047912597656268 1.0000000180025095e-35 1.0000000180025095e-35 1.0000000180025095e-35 1.0000000180025095e-35
decision_type=2 2 2 2 2 2 2 2 2 2 2 2 2 2 2 2 2 2 2 2 2 2 2 2 2 2 2 2 2 2
left_child=1 3 4 7 8 6 16 28 11 12 15 19 -10 -8 -4 -5 -3 18 -16 21 -21 -2 23 24 -15 -26 27 -27 29 -1
right_child=2 5 14 10 -6 -7 13 -9 9 -11 -12 -13 -14 22 17 -17 -18 -19 -20 20 -22 -23 -24 -25 25 26 -28 -29 -30 -31
leaf_value=0.051661114158962809 0.056411301423167928 -0.011310968383336896 -0.074449621122444562 0.025045812356474413 -0.041047449670763098 -0.077574173139486446 -0.076662358457770474 -0.011106964482323581 0.033912012691767544 -0.11413975752508483 -0.023650236119100124 -0.0660110455153394 -0.038995591664197082 -0.019819560990357882 0.018987200580945229 -0.033771873132014789 -0.05901342547930423 -0.081799787996082965 -0.058736789078174902 0.084316271046811705 -0.054158585164870279 -0.052214889902403007 0.0021476986417053264 -0.037934868443795094 0.13938690696087999 0.15942317532471614 -0.022679524687849284 -0.0023668405633678956 0.067211375114366728 -0.010154224749244033
leaf_weight=46.759774476289749 40.951965384185314 80.845272719860077 54.201316766440868 157.40469926595688 59.607904508709908 15.772288858890532 5.6950366646051398 18.230092212557793 16.980829916894436 7.1732995212078086 37.887397482991219 7.0582799017429343 24.812405370175838 4.6359976828098324 19.120838791131973 14.348040238022802 26.270559594035149 11.95451684296131 11.810540080070497 12.187860772013666 19.424527756869793 3.8124877810478202 55.102065190672874 7.2935563325881949 9.7907447367906588 4.6731054633855802 5.369038611650466 3.776671975851059 69.964726179838181 19.928766638040543
leaf_count=214 212 509 477 779 433 99 34 80 91 43 198 37 149 21 114 75 190 78 72 59 110 22 276 41 42 24 30 21 283 93
internal_value=-0.000574415 0.011784 -0.0255286 0.0254441 -0.0106059 -0.0109299 -0.00576339 0.0433439 0.00309899 -0.0247205 0.0122196 0.0194258 -0.00937282 0.0134132 -0.0550413 0.0201322 -0.0230102 -0.0305121 -0.0106902 0.0273213 -0.000770899 0.0471599 0.0190727 0.0453144 0.066811 0.0838218 0.0444535 0.0871103 0.0506078 0.0331886
internal_weight=872.845 583.748 289.097 364.523 192.01 219.224 203.452 154.883 132.402 48.9665 209.64 83.4351 41.7932 96.3362 97.0872 171.753 107.116 42.8859 30.9314 76.3768 31.6124 44.7645 90.6412 35.5391 28.2456 23.6096 13.8188 8.44978 136.653 66.6885
internal_count=4906 3009 1897 1722 1156 1287 1188 670 723 283 1052 440 240 489 741 854 699 264 186 403 169 234 455 179 138 117 75 45 590 307
is_linear=0
shrinkage=0.1


Tree=10
num_leaves=31
num_cat=0
split_feature=6 52 9 24 54 1 1 22 8 15 5 68 61 14 0 62 11 151 93 13 55 11 94 13 67 10 127 61 16 0
split_gain=23.2114 12.9467 11.0627 10.115 10.1268 7.80633 6.3105 6.00461 5.69699 5.63531 7.02638 6.47601 5.64133 7.28849 5.36924 5.19338 4.95552 4.82761 5.21179 5.71219 5.18013 4.64712 4.61404 9.82684 4.52711 4.32679 5.68969 4.98534 4.30569 4.32623
threshold=1.0000000180025095e-35 1.0000000180025095e-35 1.0000000180025095e-35 1.0000000180025095e-35 1.0000000180025095e-35 -0.28800669312477106 -0.011027454398572443 1.0000000180025095e-35 1.0000000180025095e-35 1.0000000180025095e-35 1.0000000180025095e-35 1.0000000180025095e-35 1.0000000180025095e-35 1.0000000180025095e-35 2.2505134344100957 1.0000000180025095e-35 1.0000000180025095e-35 1.0000000180025095e-35 1.0000000180025095e-35 1.0000000180025095e-35 1.0000000180025095e-35 1.0000000180025095e-35 1.0000000180025095e-35 1.0000000180025095e-35 1.0000000180025095e-35 1.0000000180025095e-35 1.0000000180025095e-35 1.0000000180025095e-35 1.0000000180025095e-35 10.584530830383303
decision_type=2 2 2 2 2 2 2 2 2 2 2 2 2 2 2 2 2 2 2 2 2 2 2 2 2 2 2 2 2 2
left_child=1 2 7 4 -2 -5 21 14 -8 17 12 15 13 -11 -1 -12 -16 18 19 -7 -21 -4 -3 -24 -20 27 -27 -9 -10 -30
right_child=3 22 6 5 -6 9 8 25 28 10 11 -13 -14 -15 16 -17 -18 -19 24 20 -22 -23 23 -25 -26 26 -28 -29 29 -31
leaf_value=0.094287418805353712 0.065823288450682749 -0.054115409970265295 -0.00049436022087870877 0.038815439811488203 -0.080929694636443783 0.028272314870020805 -0.092957758634933566 -0.01495067972824536 -0.058819381990622137 -0.052108086518914756 0.046653525610465041 -0.13750820583740272 0.049502564058470533 0.04119758229936097 0.010539077705531717 -0.053036623780472116 -0.022418674449813839 0.10950190719248142 0.13494112822370993 -0.072867594007091127 0.0026863732445787394 -0.052647712402394714 -0.068800360756532675 0.13054938859101881 0.019101912396618449 0.0213930663404969 0.17794162020356008 0.11614875281270282 -0.021422952273281049 0.14486637240497155
leaf_weight=5.9411630779504767 6.2407753914594677 93.898519091308117 60.966285139322281 145.54090258479118 19.072655200958252 81.657561376690865 24.85310110449791 10.921463727951048 9.7236271277070063 20.825805142521858 7.2343669682741192 6.4167422056198111 22.663048043847084 13.999607965350149 117.70066344738007 18.820916965603828 74.498229756951332 5.9476939588785163 6.7292747497558576 11.624665826559065 41.366799831390381 23.737302675843239 5.7408766373991948 4.3437404483556747 6.7657219767570496 4.2627911418676376 5.0982446074485779 3.9496155828237542 3.8348034918308249 2.6426747739315033
leaf_count=31 33 713 342 638 107 419 209 56 75 108 36 35 120 72 580 96 477 30 33 61 210 202 43 33 34 22 24 21 25 21
internal_value=-0.000574577 -0.0162489 -0.00700047 0.0165053 -0.0447492 0.0204853 -0.030705 0.00640514 -0.0628814 0.00955404 -0.0103335 -0.0475192 0.0106706 -0.0145998 0.000658533 -0.0253572 -0.00223568 0.0211646 0.017618 0.0116801 -0.0138878 -0.0151098 -0.0472121 0.0170654 0.0768651 0.0533938 0.106653 0.0198681 -0.016743 0.0464196
internal_weight=867.02 452.113 348.13 414.907 25.3134 389.593 125.758 222.372 41.0542 244.052 89.9605 32.472 57.4885 34.8254 198.14 26.0553 192.199 154.092 148.144 134.649 52.9915 84.7036 103.983 10.0846 13.495 24.2321 9.36104 14.8711 16.2011 6.47748
internal_count=4906 2874 2085 2032 140 1892 874 1211 330 1254 467 167 300 180 1088 132 1057 787 757 690 271 544 789 76 67 123 46 77 121 46
is_linear=0
shrinkage=0.1


Tree=11
num_leaves=31
num_cat=0
split_feature=11 9 9 0 140 0 15 1 96 0 67 21 35 21 61 16 81 167 6 26 62 14 61 16 0 0 81 7 15 67
split_gain=20.5143 13.087 10.2113 8.40092 6.24097 5.41081 5.27491 5.92076 5.39292 7.37773 8.72496 5.03656 4.91557 4.33659 4.1954 4.10113 4.88712 4.06713 4.30455 4.88073 5.89466 4.33374 3.96032 3.71289 4.9697 5.64798 5.62205 5.18153 3.72615 3.78691
threshold=1.0000000180025095e-35 1.0000000180025095e-35 1.0000000180025095e-35 9.0047912597656268 1.0000000180025095e-35 7.7043120861053476 1.0000000180025095e-35 0.603315830230713 1.0000000180025095e-35 5.4524297714233407 1.0000000180025095e-35 1.0000000180025095e-35 1.0000000180025095e-35 1.0000000180025095e-35 1.0000000180025095e-35 1.0000000180025095e-35 1.0000000180025095e-35 1.0000000180025095e-35 1.0000000180025095e-35 1.0000000180025095e-35 1.0000000180025095e-35 1.0000000180025095e-35 1.0000000180025095e-35 1.0000000180025095e-35 5.7987680435180673 3.7686516046524052 1.0000000180025095e-35 1.0000000180025095e-35 1.0000000180025095e-35 1.0000000180025095e-35
decision_type=2 2 2 2 2 2 2 2 2 2 2 2 2 2 2 2 2 2 2 2 2 2 2 2 2 2 2 2 2 2
left_child=1 5 4 14 6 11 7 17 9 10 -8 -1 -7 -5 23 16 -12 18 19 21 -21 -2 -11 24 25 26 -3 -27 29 -25
right_child=2 3 -4 13 -6 12 8 -9 -10 22 15 -13 -14 -15 -16 -17 -18 -19 -20 20 -22 -23 -24 28 -26 27 -28 -29 -30 -31
leaf_value=0.042522479339068026 -0.0083883517393957743 0.10045492785722583 -0.050425140462109913 -0.02593087593698187 -0.07239464910560077 0.018547278016256011 0.10721594037513599 -0.042675475139231235 0.045757055955822107 -0.079442723786527808 -0.046202995787471633 -0.013312694624411198 -0.021400867161259284 -0.098838772125129828 -0.02566598717517616 -0.091480669635579145 0.078915791619082881 0.1109548438357465 0.034188589953483006 -0.02804281408293572 0.062254184875480567 -0.10900061722498632 -0.018064644396511145 0.075324842396003955 0.086453504332756573 0.018367073837430858 -0.012038593533197736 -0.10250078317352443 -0.055244405319247139 -0.011464324506744242
leaf_weight=137.94550353288651 10.456404671072962 10.627205252647402 87.138701312243938 76.060162238776684 14.865858308970926 172.13955007493496 6.6637075245380428 19.237806096673012 9.5539928525686246 30.180564202368259 7.3497939705848712 18.298422902822495 37.51493339240551 9.1384926289319974 27.317946121096611 6.3318434655666342 5.426882341504097 4.4858730584383002 49.122055113315582 14.466012582182884 14.452253095805645 7.2491745650768271 16.13127177208662 7.4424189180135736 14.483996123075483 8.9226803928613645 7.6339409202337256 5.8868426084518424 10.493276029825209 15.494252726435661
leaf_count=590 70 49 694 563 99 853 34 138 57 198 39 80 199 69 149 34 28 26 231 92 93 49 99 38 80 46 38 31 61 79
internal_value=-0.000578391 0.010774 -0.0215294 -0.0102588 -0.00987089 0.0218969 -0.00524913 0.00813872 -0.024841 -0.034198 0.00868759 0.0359834 0.0113991 -0.033751 0.00822191 -0.0256722 0.0069411 0.0178917 0.0135315 -0.0082325 0.0170842 -0.0495819 -0.0580636 0.0196531 0.0376056 0.0162117 0.0534278 -0.0296784 -0.00588475 0.0166968
internal_weight=862.512 559.4 303.112 193.501 215.973 365.898 201.108 119.47 81.6381 72.0841 25.7722 156.244 209.654 85.1987 108.303 19.1085 12.7767 100.232 95.7459 46.6238 28.9183 17.7056 46.3118 80.9846 47.5547 33.0707 18.2611 14.8095 33.4299 22.9367
internal_count=4906 2925 1981 1203 1287 1722 1188 699 489 432 135 670 1052 632 571 101 67 561 535 304 185 119 297 422 244 164 87 77 178 117
is_linear=0
shrinkage=0.1


Tree=12
num_leaves=31
num_cat=0
split_feature=6 52 24 55 9 11 0 15 113 108 1 13 82 8 11 0 102 1 36 11 0 22 94 13 0 68 86 81 78 7
split_gain=17.8451 10.1703 7.89396 8.53595 7.84131 5.65699 5.63932 5.54008 9.02561 6.00432 5.4873 4.57239 9.08219 6.68635 4.47682 4.3275 4.26953 4.57302 4.22083 5.97659 4.83702 4.43181 3.85549 7.66018 3.69876 3.52404 3.91171 3.45237 4.04453 3.43401
threshold=1.0000000180025095e-35 1.0000000180025095e-35 1.0000000180025095e-35 1.0000000180025095e-35 1.0000000180025095e-35 1.0000000180025095e-35 11.623545169830324 1.0000000180025095e-35 1.0000000180025095e-35 1.0000000180025095e-35 -0.51950716972351063 1.0000000180025095e-35 1.0000000180025095e-35 1.0000000180025095e-35 1.0000000180025095e-35 8.6036963462829608 1.0000000180025095e-35 -0.46931324899196619 1.0000000180025095e-35 1.0000000180025095e-35 11.377138614654543 1.0000000180025095e-35 1.0000000180025095e-35 1.0000000180025095e-35 10.120465755462648 1.0000000180025095e-35 1.0000000180025095e-35 1.0000000180025095e-35 1.0000000180025095e-35 1.0000000180025095e-35
decision_type=2 2 2 2 2 2 2 2 2 2 2 2 2 2 2 2 2 2 2 2 2 2 2 2 2 2 2 2 2 2
left_child=1 4 3 -2 7 10 14 8 18 11 27 12 -9 15 -6 -13 17 -12 19 20 21 -1 -3 -24 -17 -19 29 -4 -29 -27
right_child=2 22 5 -5 6 -7 -8 9 -10 -11 16 13 -14 -15 -16 24 -18 25 -20 -21 -22 -23 23 -25 -26 26 -28 28 -30 -31
leaf_value=0.024876539561669488 0.10333287131203205 -0.049381003109612985 0.080956503622604509 -0.064899771359538144 -0.0070768820825880489 0.00068238122125143311 -0.094618534582945391 -0.041540185592873778 0.15167944478591955 -0.10412364526468246 -0.048418190361541075 -0.037740256155895734 0.078566839351654372 0.072287348610920441 -0.05149402608060092 0.12136022697987424 -0.04069625846464392 0.032715576165528108 -0.019827749104788482 -0.006823351369420221 0.15317396352878901 0.11125525104947531 -0.064793955061271127 0.10971946870889658 -0.0092899224800309498 -0.045010869512142504 0.059398323904391495 0.0079705448088804292 0.10495896076658602 0.022968591326261622
leaf_weight=39.914044573903084 3.5222527831792858 89.088225334882736 26.203979849815369 20.983743607997894 78.036057971417904 129.2397444024682 11.152633316814898 46.514715299010277 4.944870024919509 6.652289777994155 8.6959134936332685 18.805320084095005 7.2813917919993392 15.009803608059881 31.995654873549938 3.8132550865411741 11.303418822586535 150.24638237059116 28.289143897593021 35.464393131434917 3.9339475333690634 6.9781954288482657 5.4496709331870061 4.671209417283535 5.0188570693135262 18.325515165925026 8.4378115236759168 19.714842393994335 5.4988472312688819 12.499513626098635
leaf_count=183 17 713 108 123 462 690 113 255 29 37 37 97 39 78 299 20 59 697 164 224 24 30 43 33 31 93 40 83 23 62
internal_value=-0.000575399 -0.0145307 0.0143337 -0.0407197 -0.00639154 0.0177915 -0.0268606 0.00475088 0.0194019 -0.0122349 0.0262659 -0.00589673 -0.0252835 0.0185582 -0.0199928 -0.010622 0.0190818 0.0224908 0.0136932 0.0246826 0.0466662 0.0377309 -0.0427365 0.0157513 0.0471181 0.0257446 -0.000931142 0.0555388 0.0291227 -0.0174453
internal_weight=857.686 443.014 414.672 24.506 343.805 390.166 121.184 222.62 119.525 103.096 260.926 96.4433 53.7961 42.6472 110.032 27.6374 209.509 198.205 114.58 86.2906 50.8262 46.8922 99.2091 10.1209 8.83211 189.509 39.2628 51.4177 25.2137 30.825
internal_count=4906 2874 2032 140 2085 1892 874 1211 654 557 1202 520 294 226 761 148 988 929 625 461 237 213 789 76 51 892 195 214 106 155
is_linear=0
shrinkage=0.1


Tree=13
num_leaves=31
num_cat=0
split_feature=9 11 0 17 140 8 140 137 133 0 16 0 0 14 14 57 6 0 36 91 1 64 6 67 51 0 26 15 16 0
split_gain=15.3397 9.52853 8.50108 7.96776 5.32176 5.25863 5.36451 5.75797 8.00128 5.46434 5.10906 5.05097 11.2818 7.65498 5.23683 5.95018 4.36286 4.81311 4.30644 5.18648 3.97378 3.79427 4.37022 4.84151 4.12562 4.1201 4.09349 4.0669 5.0172 3.94674
threshold=1.0000000180025095e-35 1.0000000180025095e-35 11.296372413635256 1.0000000180025095e-35 1.0000000180025095e-35 1.0000000180025095e-35 1.0000000180025095e-35 1.0000000180025095e-35 1.0000000180025095e-35 10.513347148895265 1.0000000180025095e-35 2.6105407476425175 3.7686516046524052 1.0000000180025095e-35 1.0000000180025095e-35 1.0000000180025095e-35 1.0000000180025095e-35 2.3791923522949223 1.0000000180025095e-35 1.0000000180025095e-35 -0.052095215767621987 1.0000000180025095e-35 1.0000000180025095e-35 1.0000000180025095e-35 1.0000000180025095e-35 9.9206023216247576 1.0000000180025095e-35 1.0000000180025095e-35 1.0000000180025095e-35 2.2026009559631352
decision_type=2 2 2 2 2 2 2 2 2 2 2 2 2 2 2 2 2 2 2 2 2 2 2 2 2 2 2 2 2 2
left_child=1 16 3 -2 18 11 7 8 9 10 -7 -5 13 -13 -14 -16 17 -1 19 21 -6 22 29 24 25 26 -24 -25 -29 -3
right_child=2 4 -4 5 20 6 -8 -9 -10 -11 -12 12 14 -15 15 -17 -18 -19 -20 -21 -22 -23 23 27 -26 -27 -28 28 -30 -31
leaf_value=0.1150288055822913 0.13789405986520017 0.1103522581537608 -0.045894946735925229 -0.1026208500540003 0.0018653182062463029 0.010829235835557855 0.1334273815159728 -0.071922591989047477 0.076654945461609628 0.082899641228450338 -0.06588167024353514 0.098987992339032993 -0.055571384962067552 -0.027012727547263735 0.045800794062279521 -0.037458538674144039 0.028857559302596134 0.0045205802461390394 -0.033386684826004175 0.11669247561991142 -0.10818133453869035 -0.058216735176231799 0.11692424654037087 0.02706829026121791 0.13407238244953967 -0.033106282894686291 0.00024920906748437466 0.0038205987956736161 -0.10689424246389789 -0.016943013518666599
leaf_weight=4.033479928970336 3.6676086857914916 2.522859424352645 87.078095771372318 7.6610647067427626 5.1991156190633783 20.375279136002064 3.391921564936637 8.5791013315319997 15.724416486918924 5.7914873659610739 15.128623113036154 12.115203894674778 49.351453557610512 8.0092416629195213 13.920672640204428 22.38783622533083 190.98550643026829 172.40794225037098 39.854160964488983 3.9392440989613524 8.8956867530941928 10.275567911565302 7.2665411084890419 29.183114752173424 5.6030805557966223 5.8615091368556014 5.129860982298851 12.341415017843248 6.1241830438375464 70.456280000507832
leaf_count=17 23 15 741 42 31 126 21 53 88 40 92 70 322 45 86 148 816 889 260 23 68 70 31 136 32 33 23 59 32 474
internal_value=-0.000567761 0.00863354 -0.020106 -0.00803928 -0.00821334 -0.0109731 0.010798 0.00445716 0.0159491 -0.00716637 -0.0218582 -0.0242129 -0.0185345 0.0488415 -0.0343634 -0.00553693 0.0183839 0.00704682 -0.00399853 0.00338152 -0.0675887 0.000497395 0.00467295 0.0222421 0.0590117 0.0359768 0.068642 0.00382904 -0.0328984 -0.0125425
internal_weight=853.262 580.08 273.182 186.104 212.653 182.436 68.9908 65.5989 57.0198 41.2954 35.5039 113.445 105.784 20.1244 85.66 36.3085 367.427 176.441 198.558 158.704 14.0948 154.764 144.489 71.5097 23.861 18.2579 12.3964 47.6487 18.4656 72.9791
internal_count=4906 3009 1897 1156 1287 1133 420 399 346 258 218 713 671 115 556 234 1722 906 1188 928 99 905 835 346 119 87 54 227 91 489
is_linear=0
shrinkage=0.1


end of trees

feature_importances:
Column_0=74
Column_9=48
Column_11=44
Column_1=17
Column_6=17
Column_15=16
Column_16=13
Column_55=10
Column_8=9
Column_7=8
Column_81=8
Column_13=7
Column_82=7
Column_10=6
Column_14=6
Column_21=6
Column_26=6
Column_61=6
Column_67=6
Column_140=6
Column_5=5
Column_65=5
Column_80=5
Column_86=5
Column_139=5
Column_22=4
Column_36=4
Column_52=4
Column_68=4
Column_108=4
Column_12=3
Column_24=3
Column_50=3
Column_94=3
Column_102=3
Column_133=3
Column_35=2
Column_54=2
Column_62=2
Column_83=2
Column_99=2
Column_138=2
Column_174=2
Column_17=1
Column_31=1
Column_32=1
Column_34=1
Column_51=1
Column_53=1
Column_57=1
Column_59=1
Column_64=1
Column_73=1
Column_78=1
Column_84=1
Column_91=1
Column_93=1
Column_96=1
Column_98=1
Column_105=1
Column_113=1
Column_127=1
Column_134=1
Column_137=1
Column_151=1
Column_167=1

parameters:
[boosting: gbdt]
[objective: binary]
[metric: binary_logloss]
[tree_learner: serial]
[device_type: cpu]
[data_sample_strategy: bagging]
[data: ]
[valid: ]
[num_iterations: 300]
[learning_rate: 0.1]
[num_leaves: 31]
[num_threads: 0]
[seed: 0]
[deterministic: 0]
[force_col_wise: 0]
[force_row_wise: 0]
[histogram_pool_size: -1]
[max_depth: -1]
[min_data_in_leaf: 20]
[min_sum_hessian_in_leaf: 0.001]
[bagging_fraction: 1]
[pos_bagging_fraction: 1]
[neg_bagging_fraction: 1]
[bagging_freq: 0]
[bagging_seed: 7719]
[bagging_by_query: 0]
[feature_fraction: 1]
[feature_fraction_bynode: 1]
[feature_fraction_seed: 2437]
[extra_trees: 0]
[extra_seed: 11797]
[early_stopping_round: 0]
[early_stopping_min_delta: 0]
[first_metric_only: 0]
[max_delta_step: 0]
[lambda_l1: 0]
[lambda_l2: 0]
[linear_lambda: 0]
[min_gain_to_split: 0]
[drop_rate: 0.1]
[max_drop: 50]
[skip_drop: 0.5]
[xgboost_dart_mode: 0]
[uniform_drop: 0]
[drop_seed: 21238]
[top_rate: 0.2]
[other_rate: 0.1]
[min_data_per_group: 100]
[max_cat_threshold: 32]
[cat_l2: 10]
[cat_smooth: 10]
[max_cat_to_onehot: 4]
[top_k: 20]
[monotone_constraints: ]
[monotone_constraints_method: basic]
[monotone_penalty: 0]
[feature_contri: ]
[forcedsplits_filename: ]
[refit_decay_rate: 0.9]
[cegb_tradeoff: 1]
[cegb_penalty_split: 0]
[cegb_penalty_feature_lazy: ]
[cegb_penalty_feature_coupled: ]
[path_smooth: 0]
[interaction_constraints: ]
[verbosity: -1]
[saved_feature_importance_type: 0]
[use_quantized_grad: 0]
[num_grad_quant_bins: 4]
[quant_train_renew_leaf: 0]
[stochastic_rounding: 1]
[linear_tree: 0]
[max_bin: 255]
[max_bin_by_feature: ]
[min_data_in_bin: 3]
[bin_construct_sample_cnt: 200000]
[data_random_seed: 38]
[is_enable_sparse: 1]
[enable_bundle: 1]
[use_missing: 1]
[zero_as_missing: 0]
[feature_pre_filter: 1]
[pre_partition: 0]
[two_round: 0]
[header: 0]
[label_column: ]
[weight_column: ]
[group_column: ]
[ignore_column: ]
[categorical_feature: ]
[forcedbins_filename: ]
[precise_float_parser: 0]
[parser_config_file: ]
[objective_seed: 8855]
[num_class: 1]
[is_unbalance: 0]
[scale_pos_weight: 1]
[sigmoid: 1]
[boost_from_average: 1]
[reg_sqrt: 0]
[alpha: 0.9]
[fair_c: 1]
[poisson_max_delta_step: 0.7]
[tweedie_variance_power: 1.5]
[lambdarank_truncation_level: 30]
[lambdarank_norm: 1]
[label_gain: ]
[lambdarank_position_bias_regularization: 0]
[eval_at: ]
[multi_error_top_k: 1]
[auc_mu_weights: ]
[num_machines: 1]
[local_listen_port: 12400]
[time_out: 120]
[machine_list_filename: ]
[machines: ]
[gpu_platform_id: -1]
[gpu_device_id: -1]
[gpu_device_id_list: ]
[gpu_use_dp: 0]
[num_gpu: 1]

end of parameters

pandas_categorical:null
