tree
version=v4
num_class=1
num_tree_per_iteration=1
label_index=0
max_feature_idx=567
objective=binary sigmoid:1
feature_names=Column_0 Column_1 Column_2 Column_3 Column_4 Column_5 Column_6 Column_7 Column_8 Column_9 Column_10 Column_11 Column_12 Column_13 Column_14 Column_15 Column_16 Column_17 Column_18 Column_19 Column_20 Column_21 Column_22 Column_23 Column_24 Column_25 Column_26 Column_27 Column_28 Column_29 Column_30 Column_31 Column_32 Column_33 Column_34 Column_35 Column_36 Column_37 Column_38 Column_39 Column_40 Column_41 Column_42 Column_43 Column_44 Column_45 Column_46 Column_47 Column_48 Column_49 Column_50 Column_51 Column_52 Column_53 Column_54 Column_55 Column_56 Column_57 Column_58 Column_59 Column_60 Column_61 Column_62 Column_63 Column_64 Column_65 Column_66 Column_67 Column_68 Column_69 Column_70 Column_71 Column_72 Column_73 Column_74 Column_75 Column_76 Column_77 Column_78 Column_79 Column_80 Column_81 Column_82 Column_83 Column_84 Column_85 Column_86 Column_87 Column_88 Column_89 Column_90 Column_91 Column_92 Column_93 Column_94 Column_95 Column_96 Column_97 Column_98 Column_99 Column_100 Column_101 Column_102 Column_103 Column_104 Column_105 Column_106 Column_107 Column_108 Column_109 Column_110 Column_111 Column_112 Column_113 Column_114 Column_115 Column_116 Column_117 Column_118 Column_119 Column_120 Column_121 Column_122 Column_123 Column_124 Column_125 Column_126 Column_127 Column_128 Column_129 Column_130 Column_131 Column_132 Column_133 Column_134 Column_135 Column_136 Column_137 Column_138 Column_139 Column_140 Column_141 Column_142 Column_143 Column_144 Column_145 Column_146 Column_147 Column_148 Column_149 Column_150 Column_151 Column_152 Column_153 Column_154 Column_155 Column_156 Column_157 Column_158 Column_159 Column_160 Column_161 Column_162 Column_163 Column_164 Column_165 Column_166 Column_167 Column_168 Column_169 Column_170 Column_171 Column_172 Column_173 Column_174 Column_175 Column_176 Column_177 Column_178 Column_179 Column_180 Column_181 Column_182 Column_183 Column_184 Column_185 Column_186 Column_187 Column_188 Column_189 Column_190 Column_191 Column_192 Column_193 Column_194 Column_195 Column_196 Column_197 Column_198 Column_199 Column_200 Column_201 Column_202 Column_203 Column_204 Column_205 Column_206 Column_207 Column_208 Column_209 Column_210 Column_211 Column_212 Column_213 Column_214 Column_215 Column_216 Column_217 Column_218 Column_219 Column_220 Column_221 Column_222 Column_223 Column_224 Column_225 Column_226 Column_227 Column_228 Column_229 Column_230 Column_231 Column_232 Column_233 Column_234 Column_235 Column_236 Column_237 Column_238 Column_239 Column_240 Column_241 Column_242 Column_243 Column_244 Column_245 Column_246 Column_247 Column_248 Column_249 Column_250 Column_251 Column_252 Column_253 Column_254 Column_255 Column_256 Column_257 Column_258 Column_259 Column_260 Column_261 Column_262 Column_263 Column_264 Column_265 Column_266 Column_267 Column_268 Column_269 Column_270 Column_271 Column_272 Column_273 Column_274 Column_275 Column_276 Column_277 Column_278 Column_279 Column_280 Column_281 Column_282 Column_283 Column_284 Column_285 Column_286 Column_287 Column_288 Column_289 Column_290 Column_291 Column_292 Column_293 Column_294 Column_295 Column_296 Column_297 Column_298 Column_299 Column_300 Column_301 Column_302 Column_303 Column_304 Column_305 Column_306 Column_307 Column_308 Column_309 Column_310 Column_311 Column_312 Column_313 Column_314 Column_315 Column_316 Column_317 Column_318 Column_319 Column_320 Column_321 Column_322 Column_323 Column_324 Column_325 Column_326 Column_327 Column_328 Column_329 Column_330 Column_331 Column_332 Column_333 Column_334 Column_335 Column_336 Column_337 Column_338 Column_339 Column_340 Column_341 Column_342 Column_343 Column_344 Column_345 Column_346 Column_347 Column_348 Column_349 Column_350 Column_351 Column_352 Column_353 Column_354 Column_355 Column_356 Column_357 Column_358 Column_359 Column_360 Column_361 Column_362 Column_363 Column_364 Column_365 Column_366 Column_367 Column_368 Column_369 Column_370 Column_371 Column_372 Column_373 Column_374 Column_375 Column_376 Column_377 Column_378 Column_379 Column_380 Column_381 Column_382 Column_383 Column_384 Column_385 Column_386 Column_387 Column_388 Column_389 Column_390 Column_391 Column_392 Column_393 Column_394 Column_395 Column_396 Column_397 Column_398 Column_399 Column_400 Column_401 Column_402 Column_403 Column_404 Column_405 Column_406 Column_407 Column_408 Column_409 Column_410 Column_411 Column_412 Column_413 Column_414 Column_415 Column_416 Column_417 Column_418 Column_419 Column_420 Column_421 Column_422 Column_423 Column_424 Column_425 Column_426 Column_427 Column_428 Column_429 Column_430 Column_431 Column_432 Column_433 Column_434 Column_435 Column_436 Column_437 Column_438 Column_439 Column_440 Column_441 Column_442 Column_443 Column_444 Column_445 Column_446 Column_447 Column_448 Column_449 Column_450 Column_451 Column_452 Column_453 Column_454 Column_455 Column_456 Column_457 Column_458 Column_459 Column_460 Column_461 Column_462 Column_463 Column_464 Column_465 Column_466 Column_467 Column_468 Column_469 Column_470 Column_471 Column_472 Column_473 Column_474 Column_475 Column_476 Column_477 Column_478 Column_479 Column_480 Column_481 Column_482 Column_483 Column_484 Column_485 Column_486 Column_487 Column_488 Column_489 Column_490 Column_491 Column_492 Column_493 Column_494 Column_495 Column_496 Column_497 Column_498 Column_499 Column_500 Column_501 Column_502 Column_503 Column_504 Column_505 Column_506 Column_507 Column_508 Column_509 Column_510 Column_511 Column_512 Column_513 Column_514 Column_515 Column_516 Column_517 Column_518 Column_519 Column_520 Column_521 Column_522 Column_523 Column_524 Column_525 Column_526 Column_527 Column_528 Column_529 Column_530 Column_531 Column_532 Column_533 Column_534 Column_535 Column_536 Column_537 Column_538 Column_539 Column_540 Column_541 Column_542 Column_543 Column_544 Column_545 Column_546 Column_547 Column_548 Column_549 Column_550 Column_551 Column_552 Column_553 Column_554 Column_555 Column_556 Column_557 Column_558 Column_559 Column_560 Column_561 Column_562 Column_563 Column_564 Column_565 Column_566 Column_567
feature_infos=[2.0013689994812012:17.993154525756836] [-0.7776256799697876:0.99923950433731079] none none none [0:1] [0:1] [0:1] [0:1] [0:1] [0:1] [0:1] [0:1] [0:1] [0:1] [0:1] [0:1] [0:1] [0:1] [0:1] [0:1] [0:1] [0:1] [0:1] [0:1] [0:1] [0:1] [0:1] [0:1] [0:1] [0:1] [0:1] [0:1] [0:1] [0:1] [0:1] [0:1] [0:1] [0:1] [0:1] [0:1] [0:1] [0:1] [0:1] [0:1] [0:1] [0:1] [0:1] [0:1] [0:1] [0:1] [0:1] [0:1] [0:1] [0:1] [0:1] [0:1] [0:1] [0:1] [0:1] [0:1] [0:1] [0:1] [0:1] [0:1] [0:1] [0:1] [0:1] [0:1] [0:1] [0:1] [0:1] [0:1] [0:1] [0:1] [0:1] [0:1] [0:1] [0:1] [0:1] [0:1] [0:1] [0:1] [0:1] [0:1] [0:1] [0:1] [0:1] [0:1] [0:1] [0:1] [0:1] [0:1] [0:1] [0:1] [0:1] [0:1] [0:1] [0:1] [0:1] [0:1] [0:1] [0:1] [0:1] [0:1] [0:1] [0:1] [0:1] [0:1] none none none none [0:1] [0:1] none [0:1] none [0:1] none none [0:1] none none none none [0:1] [0:1] [0:1] [0:1] [0:1] none [0:1] [0:1] [0:1] [0:1] none [0:1] [0:1] [0:1] [0:1] [0:1] [0:1] [0:1] [0:1] [0:1] [0:1] [0:1] [0:1] [0:1] [0:1] [0:1] [0:1] [0:1] [0:1] [0:1] [0:1] none none none none none none none none none none [0:1] [0:1] none none none none none [0:1] [0:1] [0:1] [0:1] [0:1] [0:1] [0:1] [0:1] [0:1] [0:1] [0:1] [0:1] [0:1] [0:1] [0:1] [0:1] [0:1] [0:1] [0:1] [0:1] [0:1] [0:1] [0:1] [0:1] [0:1] [0:1] [0:1] [0:1] none none [0:1] [0:1] [0:1] none [0:1] [0:1] [0:1] [0:1] [0:1] none [0:1] none none [0:1] none [0:1] [0:1] [0:1] [0:1] [0:1] [0:1] [0:1] [0:1] [0:1] [0:1] [0:1] [0:1] [0:1] [0:1] [0:1] [0:1] [0:1] [0:1] [0:1] [0:1] [0:1] [0:1] [0:1] [0:1] [0:1] none none none none none none none none none none none none none none none none none [0:1] [0:1] [0:1] [0:1] [0:1] [0:1] [0:1] [0:1] [0:1] [0:1] none [0:1] [0:1] [0:1] [0:1] none [0:1] [0:1] none none none [0:1] [0:1] none none none none none [0:1] [0:1] [0:1] [0:1] [0:1] [0:1] [0:1] none none none [0:1] none [0:1] [0:1] [0:1] none [0:1] [0:1] [0:1] [0:1] none none [0:1] [0:1] none none none none [0:1] [0:1] none none none [0:1] none none [0:1] [0:1] none none [0:1] [0:1] none none none none none none none none none none none none none none none none none none none none none none none none none none none none none none none none none none none none none none none none none none none none none none none none none none none none none none none none none none none none none none none none none none none none none none none none none none none none none none none none none none none none none none none none none none none none none none none none none none none none none none none none none none none none none none none none none none none none none none none none none none none none none none none none none none none none none none none none none none none none none none none none none none none none none none none none none none none none none none none none none none none none none none none none none none none none none none none none none none none none none none none none none none none none none none none none none none none none none none none none none none none none none none none none none none none none none none none none none none none none none none none none none none none none none none none none none none none none none
tree_sizes=3393 3458 3435 3453 3490 3486 3443 3482 3482 3481 3462 3469 3482 3497 3481 3513 3495 3485 3497

Tree=0
num_leaves=31
num_cat=0
split_feature=16 13 6 5 5 5 8 13 15 54 15 15 0 40 0 15 0 0 5 1 7 6 11 1 15 13 7 56 7 0
split_gain=383.004 61.3185 36.3999 28.1122 25.5178 23.2648 21.5415 20.9948 18.8439 12.4853 11.0127 10.9468 10.9328 10.3273 10.323 10.2113 8.55906 8.24407 12.7857 8.07389 7.60065 8.2494 9.11608 7.59472 7.58428 7.30406 7.25376 10.3425 6.78824 12.5628
threshold=1.0000000180025095e-35 1.0000000180025095e-35 1.0000000180025095e-35 1.0000000180025095e-35 1.0000000180025095e-35 1.0000000180025095e-35 1.0000000180025095e-35 1.0000000180025095e-35 1.0000000180025095e-35 1.0000000180025095e-35 1.0000000180025095e-35 1.0000000180025095e-35 12.412046909332277 1.0000000180025095e-35 8.0082135200500506 1.0000000180025095e-35 8.4750170707702654 3.1772758960723881 1.0000000180025095e-35 0.92577382922172557 1.0000000180025095e-35 1.0000000180025095e-35 1.0000000180025095e-35 -0.58673661947250355 1.0000000180025095e-35 1.0000000180025095e-35 1.0000000180025095e-35 1.0000000180025095e-35 1.0000000180025095e-35 7.7577002048492441
decision_type=2 2 2 2 2 2 2 2 2 2 2 2 2 2 2 2 2 2 2 2 2 2 2 2 2 2 2 2 2 2
left_child=3 2 4 7 6 11 -2 -1 19 12 -8 13 14 -3 23 -6 -12 18 -4 -9 21 -10 -23 -7 -5 -26 -27 -28 -13 -30
right_child=1 5 17 24 15 9 10 8 20 -11 16 28 -14 -15 -16 -17 -18 -19 -20 -21 -22 22 -24 -25 25 26 27 -29 29 -31
leaf_value=-1.1686615727591958 -0.95064536652114295 -0.99611718563166163 -0.88712917474772024 -1.2055913367135527 -1.1184215380493057 -0.87899280307426553 -1.0929089055755739 -1.1540095288693273 -1.0144181893724382 -1.0923621360971105 -0.86475415264571898 -0.87594166369671966 -1.1212063290455789 -0.86922915706611925 -0.82000410844171667 -1.0283586720520947 -1.0533436246483006 -1.1224212623723846 -1.1428437130563054 -1.0034792896781266 -1.1241834629635168 -1.0489177961006519 -1.2093294930165377 -1.0400929622086739 -1.1917851048252996 -1.1661588621373824 -0.93827208240943716 -1.1332544178697335 -0.85132913938451826 -1.0486659196792412
leaf_weight=173.92906728386879 46.182450413703918 46.182450413703918 3.9106107205152503 139.10600991547108 33.147081345319748 4.0968302786350277 23.649883881211281 82.309044688940048 25.139640346169472 21.601468741893768 4.469269394874571 23.836103439331055 4.8417085111141196 7.4487823247909537 4.4692693948745719 20.297931835055351 5.2141476273536682 82.309044688940048 3.9106107205152512 3.7243911623954764 20.670370951294899 9.6834170222282392 5.5865867435932151 10.242075696587564 56.238306552171707 25.325859904289246 3.9106107205152485 8.9385387897491455 5.5865867435932142 7.6350018829107285
leaf_count=934 248 248 21 747 178 22 127 442 135 116 24 128 26 40 24 109 28 442 21 20 111 52 30 55 302 136 21 48 30 41
internal_value=-1.11225 -1.03178 -1.06404 -1.16435 -1.03078 -0.978836 -0.994865 -1.14514 -1.11734 -1.0374 -1.05613 -0.949614 -0.9872 -0.978494 -0.952703 -1.08422 -0.966302 -1.1131 -1.01499 -1.14749 -1.07486 -1.04963 -1.10761 -0.994064 -1.19074 -1.16887 -1.13511 -1.07391 -0.907818 -0.965284
internal_weight=913.593 359.031 223.091 554.562 132.961 135.94 79.5158 321.043 147.113 45.2514 33.3333 90.6889 23.6499 53.6312 18.8082 53.445 9.68342 90.1303 7.82122 86.0334 61.08 40.4096 15.27 14.3389 233.519 94.4133 38.175 12.8491 37.0577 13.2216
internal_count=4906 1928 1198 2978 714 730 427 1724 790 243 179 487 127 288 101 287 52 484 42 462 328 217 82 77 1254 507 205 69 199 71
is_linear=0
shrinkage=1


Tree=1
num_leaves=31
num_cat=0
split_feature=16 5 6 5 8 13 6 13 15 0 15 13 73 15 140 99 6 15 42 61 61 10 82 1 0 12 14 7 0 12
split_gain=305.272 44.8048 27.3685 24.912 18.4342 17.8438 15.5103 15.281 15.2579 12.6875 10.507 10.0913 12.5002 7.81924 7.43349 7.36583 6.97029 7.29344 6.86777 8.04159 6.7134 6.57888 6.48455 6.42719 6.31171 15.2466 6.26812 5.86145 6.20289 10.4593
threshold=1.0000000180025095e-35 1.0000000180025095e-35 1.0000000180025095e-35 1.0000000180025095e-35 1.0000000180025095e-35 1.0000000180025095e-35 1.0000000180025095e-35 1.0000000180025095e-35 1.0000000180025095e-35 3.1772758960723881 1.0000000180025095e-35 1.0000000180025095e-35 1.0000000180025095e-35 1.0000000180025095e-35 1.0000000180025095e-35 1.0000000180025095e-35 1.0000000180025095e-35 1.0000000180025095e-35 1.0000000180025095e-35 1.0000000180025095e-35 1.0000000180025095e-35 1.0000000180025095e-35 1.0000000180025095e-35 0.92577382922172557 6.9705681800842294 1.0000000180025095e-35 1.0000000180025095e-35 1.0000000180025095e-35 13.550992488861086 1.0000000180025095e-35
decision_type=2 2 2 2 2 2 2 2 2 2 2 2 2 2 2 2 2 2 2 2 2 2 2 2 2 2 2 2 2 2
left_child=3 2 4 5 14 -1 11 9 23 -4 15 13 26 -3 -2 18 17 -5 19 -6 22 -19 -9 -7 -12 -26 -13 28 -10 -30
right_child=1 6 7 16 10 8 -8 20 27 -11 24 12 -14 -15 -16 -17 -18 21 -20 -21 -22 -23 -24 -25 25 -27 -28 -29 29 -31
leaf_value=-0.052353859874026659 0.16051072013736833 -0.0055748878861967928 0.1814820418914751 -0.079657254152695672 0.081021578172147321 -0.038444482562678566 -0.01779448214590805 0.15273796558851674 0.032687785171575418 0.0029163187257923145 0.21773801017064409 0.18265073356716366 0.010844123379014095 0.072294673552369404 0.051806585730422641 -0.052284235847700283 -0.095128395239043054 -0.057870380977011117 0.16837163504468039 -0.04141212946470791 0.040648021939767957 0.012436103115305004 0.013493091313384201 0.09258591645522056 0.17915287045784503 -0.049331519447161423 0.063265645711733487 -0.010811121372758657 0.042186760642001331 0.25175238302682529
leaf_weight=168.94379442930222 80.159046649932861 33.043642789125443 4.3388561904430381 75.555390983819962 18.979352906346325 80.565035045146942 53.677054643630981 21.274238601326946 31.60657587647438 47.982736960053444 6.6700932979583767 13.425627022981645 11.01485535502434 21.14835412800312 6.8264502286911002 6.0885390043258658 90.980110645294189 36.776242092251778 5.5936978459358206 7.4784705191850653 12.258653447031973 20.858150646090508 3.9682585000991812 3.9259120821952811 8.1869728863239271 4.5400734245777121 6.5401723831892005 20.545586049556732 6.1875880956649763 3.871816486120224
leaf_count=934 398 178 21 426 99 442 287 106 165 259 32 68 58 109 34 32 510 203 29 39 61 115 20 20 41 23 34 111 32 20
internal_value=-0.000223284 0.0693208 0.0959917 -0.0483017 0.122933 -0.0301979 0.0243066 0.0526434 -0.00468292 0.0177242 0.0790203 0.0508393 0.0963639 0.0248136 0.15198 0.0485454 -0.0737931 -0.0592192 0.0676991 0.0464149 0.101363 -0.0324261 0.130848 -0.0323561 0.138942 0.0976465 0.143544 0.0329007 0.054455 0.122848
internal_weight=913.011 373.195 234.345 539.816 144.523 315.646 138.85 89.8227 146.703 52.3216 57.5372 85.1727 30.9807 54.192 86.9855 38.1401 224.17 133.19 32.0515 26.4578 37.5012 57.6344 25.2425 84.4909 19.3971 12.727 19.9658 62.2116 41.666 10.0594
internal_count=4906 1928 1194 2978 727 1724 734 467 790 280 295 447 160 287 432 199 1254 744 167 138 187 318 126 462 96 64 102 328 217 52
is_linear=0
shrinkage=0.1


Tree=2
num_leaves=31
num_cat=0
split_feature=16 13 5 6 8 5 5 6 0 13 8 14 0 82 0 0 54 0 0 0 15 15 13 15 40 0 7 61 0 15
split_gain=245.29 34.8097 22.0319 20.4357 15.7539 12.5651 11.6328 11.1002 11.8024 13.0302 10.5499 8.06658 7.88965 7.49039 7.86029 7.08734 9.34779 10.4884 8.35686 6.97451 8.78038 6.50934 6.5093 6.4483 6.31932 6.86009 6.2343 8.34573 6.21186 6.05115
threshold=1.0000000180025095e-35 1.0000000180025095e-35 1.0000000180025095e-35 1.0000000180025095e-35 1.0000000180025095e-35 1.0000000180025095e-35 1.0000000180025095e-35 1.0000000180025095e-35 3.8535249233245854 1.0000000180025095e-35 1.0000000180025095e-35 1.0000000180025095e-35 4.4558520317077646 1.0000000180025095e-35 14.017796039581301 5.2279260158538827 1.0000000180025095e-35 12.412046909332277 14.054756641387941 9.1197810173034686 1.0000000180025095e-35 1.0000000180025095e-35 1.0000000180025095e-35 1.0000000180025095e-35 1.0000000180025095e-35 7.9493498802185067 1.0000000180025095e-35 1.0000000180025095e-35 5.3483915328979501 1.0000000180025095e-35
decision_type=2 2 2 2 2 2 2 2 2 2 2 2 2 2 2 2 2 2 2 2 2 2 2 2 2 2 2 2 2 2
left_child=2 3 4 5 7 10 11 8 -1 -10 -2 -3 -8 14 19 -14 17 -17 -18 20 -12 -4 -23 -6 25 -13 -24 -28 -11 -7
right_child=1 6 21 -5 23 29 12 -9 9 28 13 24 15 -15 -16 16 18 -19 -20 -21 -22 22 26 -25 -26 -27 27 -29 -30 -31
leaf_value=0.11896321384414998 0.11114628959462401 0.095511322714135136 -0.083929917540720253 -0.0011424305791632179 -0.071013327698118092 -0.0050324312050107293 0.14035392672939184 -0.034246346576439934 -0.03770823433304088 -0.058058699255210892 -0.026379354334377981 0.18650402266340069 -0.088604362679954057 -0.074712966552332144 -0.040223706650475644 0.16180723397504559 -0.034675695109174037 -0.013229405195243593 0.11885633620655466 0.15025955819646164 0.13200569877010279 -0.07128692396029139 -0.046353912179078922 -0.026728442155638826 0.25587785148330655 0.094272883736517959 0.10905040891997075 -0.055096753679945737 0.05722895368105424 0.062822980219902666
leaf_weight=9.9793592691421491 53.083780527114868 65.15197528898716 126.30115346610546 90.110841989517212 81.39987613260746 32.950113624334335 9.2236307710409147 82.794639468193054 39.222173750400543 5.3588804453611365 8.2690135985612923 15.096411630511282 3.9996421039104453 4.8580664694309226 6.3233878761529914 11.1238289475441 14.052081167697908 4.945231467485427 4.7414715886116019 9.7583563774824125 6.0690728276967993 52.264283001422882 23.991478502750397 55.161953493952751 5.2112053930759421 17.31297467648983 7.3891318738460523 5.3328357338905334 36.550381079316139 21.861912593245506
leaf_count=55 248 309 747 484 459 178 45 461 223 29 43 71 20 25 33 53 74 26 25 50 28 302 136 303 24 83 39 30 194 109
internal_value=-0.00036957 0.0603722 -0.0447513 0.036165 -0.027705 0.0596455 0.0978058 -0.00774344 0.0163404 0.00371757 0.0829778 0.1168 0.0572095 0.0405919 0.0590062 0.0374758 0.0519405 0.10794 0.00405928 0.085046 0.0406624 -0.0693349 -0.0486177 -0.0531252 0.153669 0.137234 -0.0163464 0.0402427 0.0424873 0.0220319
internal_weight=909.889 384.143 525.746 233.285 310.467 143.174 150.858 173.905 91.1108 81.1314 88.3617 102.773 48.0859 35.2779 30.4198 38.8623 34.8626 16.0691 18.7936 24.0964 14.3381 215.279 88.9777 136.562 37.6206 32.4094 36.7134 12.722 41.9093 54.812
internal_count=4906 1928 2978 1198 1724 714 730 962 501 446 427 487 243 179 154 198 178 79 99 121 71 1254 507 762 178 154 205 69 223 287
is_linear=0
shrinkage=0.1


Tree=3
num_leaves=31
num_cat=0
split_feature=16 6 13 15 13 5 0 0 5 13 8 8 31 99 8 82 68 73 7 21 5 54 42 6 0 0 0 53 0 1
split_gain=198.227 26.5382 20.0024 18.184 15.5593 11.4574 10.7186 9.98335 9.54642 8.5086 7.86258 7.4154 8.50521 7.96586 6.96842 6.01534 6.47765 6.87947 5.29668 5.26683 5.18129 5.40248 5.14309 6.08981 10.0932 6.57223 5.8676 5.59722 5.14178 5.56008
threshold=1.0000000180025095e-35 1.0000000180025095e-35 1.0000000180025095e-35 1.0000000180025095e-35 1.0000000180025095e-35 1.0000000180025095e-35 3.1772758960723881 17.498972892761234 1.0000000180025095e-35 1.0000000180025095e-35 1.0000000180025095e-35 1.0000000180025095e-35 1.0000000180025095e-35 1.0000000180025095e-35 1.0000000180025095e-35 1.0000000180025095e-35 1.0000000180025095e-35 1.0000000180025095e-35 1.0000000180025095e-35 1.0000000180025095e-35 1.0000000180025095e-35 1.0000000180025095e-35 1.0000000180025095e-35 1.0000000180025095e-35 3.3497605323791508 9.1197810173034686 15.368925571441652 1.0000000180025095e-35 4.1437373161315927 -0.16723705083131787
decision_type=2 2 2 2 2 2 2 2 2 2 2 2 2 2 2 2 2 2 2 2 2 2 2 2 2 2 2 2 2 2
left_child=2 4 14 7 8 6 -3 20 10 -8 18 13 -13 -6 22 16 17 -12 28 -10 21 -4 23 24 -1 -25 27 -27 -2 -30
right_child=1 5 3 -5 11 -7 9 -9 19 -11 15 12 -14 -15 -16 -17 -18 -19 -20 -21 -22 -23 -24 25 -26 26 -28 -29 29 -31
leaf_value=0.081866596781528508 0.16365769064370389 0.15842812282282348 -0.0072641799417438972 0.012673260723346711 0.13756873998475416 -0.017518667809002991 0.0027363756195150119 0.10948589655860722 0.03035004998842989 0.065906759747526744 0.032445865922645777 0.041862192644877047 0.15798382357862817 0.028031973791389581 -0.07742179619090428 -0.069840848194473226 -0.054349398194128096 0.13872442777014227 0.12716806056565899 -0.069012914219416063 -0.07570365410682979 -0.059540772935813141 -0.082231196501334453 -0.085424772605893817 -0.031499471625887003 -0.017454309802447745 -0.081579279879177069 0.12230763611893128 -0.030637774399276105 0.077308770422024817
leaf_weight=9.0041201710700971 4.456912741065028 7.1207675933837882 39.229954078793526 99.574333116412163 55.368990063667297 53.509890541434288 48.026039436459541 4.0954728275537482 49.347733378410339 38.347172453999519 16.651617825031288 28.306993439793587 8.1159691214561445 7.5437054485082617 120.53209947049618 4.6864158660173407 4.8611332774162284 9.6031976789236051 27.386192500591278 5.9811476320028296 46.389998227357864 39.8498425334692 31.170556455850601 38.360441133379936 61.458611741662025 10.035560905933382 8.8299054354429227 4.0106135606765738 6.6811900138855043 16.694616839289662
leaf_count=52 20 32 223 533 253 287 259 22 256 176 82 134 37 36 718 25 25 47 123 31 288 226 186 229 364 60 53 24 30 75
internal_value=-0.00047044 0.0529911 -0.0414306 -0.0194607 0.0730998 0.0193836 0.0405041 -0.0441566 0.0523669 0.0307822 0.0722795 0.103645 0.0677371 0.124434 -0.059194 0.035779 0.0516865 0.0713193 0.0959454 0.0196087 -0.0491716 -0.0336074 -0.0457044 -0.0370593 -0.0170129 -0.060126 -0.0177029 0.022452 0.0652236 0.0464559
internal_weight=905.231 392.69 512.542 229.14 245.686 147.004 93.494 129.565 146.35 86.3732 91.0213 99.3357 36.423 62.9127 283.402 35.8024 31.1159 26.2548 55.2189 55.3289 125.47 79.0798 162.87 131.699 70.4627 61.2365 22.8761 14.0462 27.8327 23.3758
internal_count=4906 1928 2978 1292 1174 754 467 759 714 435 427 460 171 289 1686 179 154 129 248 287 737 449 968 782 416 366 137 84 125 105
is_linear=0
shrinkage=0.1


Tree=4
num_leaves=31
num_cat=0
split_feature=16 5 5 15 8 6 6 25 6 8 13 0 140 6 10 13 0 65 99 15 129 54 0 8 67 7 12 99 15 10
split_gain=160.804 21.4939 19.311 13.3833 12.434 8.68584 8.47906 8.67957 8.43982 7.92632 7.88326 9.23055 7.09902 6.36541 6.19843 10.1383 5.78144 6.766 5.75871 5.68844 7.92207 6.69552 6.99288 5.77059 10.4323 7.76425 8.53625 5.63316 5.41801 5.79932
threshold=1.0000000180025095e-35 1.0000000180025095e-35 1.0000000180025095e-35 1.0000000180025095e-35 1.0000000180025095e-35 1.0000000180025095e-35 1.0000000180025095e-35 1.0000000180025095e-35 1.0000000180025095e-35 1.0000000180025095e-35 1.0000000180025095e-35 8.2737851142883319 1.0000000180025095e-35 1.0000000180025095e-35 1.0000000180025095e-35 1.0000000180025095e-35 15.305954456329347 1.0000000180025095e-35 1.0000000180025095e-35 1.0000000180025095e-35 1.0000000180025095e-35 1.0000000180025095e-35 14.054756641387941 1.0000000180025095e-35 1.0000000180025095e-35 1.0000000180025095e-35 1.0000000180025095e-35 1.0000000180025095e-35 1.0000000180025095e-35 1.0000000180025095e-35
decision_type=2 2 2 2 2 2 2 2 2 2 2 2 2 2 2 2 2 2 2 2 2 2 2 2 2 2 2 2 2 2
left_child=2 3 4 5 6 9 7 -1 19 -2 11 -9 14 28 15 -5 -6 -18 -15 23 21 -21 -23 24 25 26 -3 -11 -4 -30
right_child=1 8 13 12 16 -7 -8 10 -10 27 -12 -13 -14 18 -16 -17 17 -19 -20 20 -22 22 -24 -25 -26 -27 -28 -29 29 -31
leaf_value=-0.098933473210642289 0.089827953885246087 0.13971657527163669 -0.06699737816396667 0.045664504993408211 -0.054613395893271938 0.015391942145834803 -0.028322490257192329 0.045170567286053932 -0.015914383543326645 0.046923594442135085 0.052947119962460182 -0.052379624372964222 -0.0016628472477000799 -0.09677465230570613 0.13458573271717691 0.12628869688645505 -0.027988649191302169 0.1111354733768833 -0.026789359282421474 0.097127948860378066 0.13387167495890714 -0.053723109981719842 0.099913759409296934 -0.029660459363276478 -0.0085968351973531136 0.18034878650750141 -0.067421063817182797 -0.056477355143624765 -0.04951443716966427 0.017949269769189483
leaf_weight=6.0883301943540564 52.843269348144531 3.9345443844795209 66.562421053647995 35.631715729832649 109.29033024609089 59.375015795230865 79.538620933890343 17.719133719801903 53.039532214403152 34.309770360589027 45.585821732878685 21.433167442679405 7.5258995443582526 65.500147864222527 32.656339153647423 27.738506600260735 15.012143045663835 4.5566916465759268 14.329597949981688 9.7506087422370911 11.461171075701712 10.402933970093725 4.1421454101800927 19.451620906591415 20.090433284640312 6.8239371627569199 4.0245652198791504 6.2245493084192267 34.365483000874519 20.250375613570213
leaf_count=34 230 20 426 168 647 295 461 101 287 167 238 128 35 419 147 120 89 26 91 45 54 51 20 100 103 34 20 32 203 115
internal_value=-0.0005368 0.0467758 -0.0383151 0.0641104 -0.0222114 0.0452961 -0.00448279 0.0163941 0.0157327 0.0643109 0.0246803 -0.00823139 0.0918638 -0.0622873 0.0991938 0.0809554 -0.0456504 0.00440703 -0.0842122 0.0343662 0.0653403 0.0330115 -0.00997043 0.013979 0.0383201 0.102081 0.0349763 0.0310451 -0.0478437 -0.0245004
internal_weight=899.659 399.427 500.232 256.305 299.224 152.753 170.365 90.8265 143.121 93.3776 84.7381 39.1523 103.552 201.008 96.0266 63.3702 128.859 19.5688 79.8297 90.082 35.7569 24.2957 14.5451 54.3251 34.8735 14.783 7.95911 40.5343 121.178 54.6159
internal_count=4906 1928 2978 1194 1724 724 962 501 734 429 467 229 470 1254 435 288 762 115 510 447 170 116 71 277 177 74 40 199 744 318
is_linear=0
shrinkage=0.1


Tree=5
num_leaves=31
num_cat=0
split_feature=16 13 5 126 6 15 13 61 15 102 7 42 8 0 10 133 15 53 6 98 8 61 62 11 0 6 12 99 67 0
split_gain=130.746 18.1532 16.9468 11.5353 11.2161 10.8611 8.62124 8.46701 6.98045 8.08087 8.00356 7.83175 6.69291 8.23873 6.56228 6.22905 5.92787 6.34603 5.87009 5.5126 5.45424 6.95269 7.78047 5.37219 7.68807 6.34187 9.01784 5.35224 5.19917 6.24401
threshold=1.0000000180025095e-35 1.0000000180025095e-35 1.0000000180025095e-35 1.0000000180025095e-35 1.0000000180025095e-35 1.0000000180025095e-35 1.0000000180025095e-35 1.0000000180025095e-35 1.0000000180025095e-35 1.0000000180025095e-35 1.0000000180025095e-35 1.0000000180025095e-35 1.0000000180025095e-35 17.498972892761234 1.0000000180025095e-35 1.0000000180025095e-35 1.0000000180025095e-35 1.0000000180025095e-35 1.0000000180025095e-35 1.0000000180025095e-35 1.0000000180025095e-35 1.0000000180025095e-35 1.0000000180025095e-35 1.0000000180025095e-35 9.2238192558288592 1.0000000180025095e-35 1.0000000180025095e-35 1.0000000180025095e-35 1.0000000180025095e-35 13.661875724792482
decision_type=2 2 2 2 2 2 2 2 2 2 2 2 2 2 2 2 2 2 2 2 2 2 2 2 2 2 2 2 2 2
left_child=2 3 5 4 8 12 -7 16 9 11 14 20 13 -1 -10 19 23 -18 -4 -9 21 22 -2 24 -3 26 -26 -20 -8 -30
right_child=1 7 18 -5 -6 6 28 15 10 -11 -12 -13 -14 -15 -16 -17 17 -19 27 -21 -22 -23 -24 -25 25 -27 -28 -29 29 -31
leaf_value=-0.025683565260491793 0.038257856660749205 0.0076114376616850318 -0.044431973198402308 0.15839487073046887 -0.0076056246843334467 -0.023308590229032554 0.062209996567419969 0.0064043657651422659 0.0017156310970629315 0.14636872890144237 0.10910237768937017 0.067881792760808815 -0.060052226963106872 0.12464614984544059 0.08783890743180639 0.13277170914764488 0.13244676794233132 0.034528871331961426 -0.092830056681326101 0.088285993644070415 -0.039212496487927961 0.081881605027177395 -0.078335081175339272 0.10537386828967964 0.19870469648863534 0.00016702620894031679 0.037460412189638213 -0.024530514038422692 -0.015469487364563359 0.089232090867617825
leaf_weight=83.490258350968361 13.432526424527168 24.58635812997818 117.69722902774811 6.2289379388093939 88.522812709212303 70.848817884922028 25.63382762670517 38.788950428366661 23.137230977416039 4.7191222161054602 23.491361677646637 19.068146169185638 73.64056521654129 3.8120688945054999 14.325079202651976 5.8665674775838843 33.46021930873394 8.2508939802646619 61.655910834670067 10.433769851922987 26.995549455285072 12.123453363776205 9.9728442877531052 21.926127314567566 7.8218080252408999 5.4550211429595938 6.2318266034126282 14.096910476684569 30.830023810267448 6.9865979105234137
leaf_count=486 64 112 744 30 473 431 132 178 106 22 104 91 459 20 63 26 144 36 419 48 141 57 47 98 34 26 28 91 161 35
internal_value=-0.000585338 0.0414424 -0.0354016 0.0240736 0.0205252 -0.0203279 0.000668644 0.0672592 0.037435 0.0191389 0.0633425 0.0117803 -0.0378485 -0.0191194 0.034648 0.0353696 0.083566 0.113078 -0.058407 0.0237609 -0.00532911 0.0204162 -0.0114215 0.0649211 0.0448061 0.0916818 0.127204 -0.0801201 0.0274416 0.00387407
internal_weight=893.531 404.839 488.692 242.017 235.788 295.242 134.299 162.822 147.265 86.3116 60.9537 81.5925 160.943 87.3023 37.4623 55.0893 107.732 41.7111 193.45 49.2227 62.5244 35.5288 23.4054 66.0211 44.095 19.5087 14.0536 75.7528 63.4504 37.8166
internal_count=4906 1928 2978 1198 1168 1724 759 730 695 422 273 400 965 506 169 252 478 180 1254 226 309 168 111 298 200 88 62 510 328 196
is_linear=0
shrinkage=0.1


Tree=6
num_leaves=31
num_cat=0
split_feature=16 5 13 15 15 0 22 8 8 0 99 49 14 6 140 0 6 0 67 42 6 0 0 0 7 0 12 55 73 9
split_gain=106.465 16.1168 15.5736 12.5852 8.46679 7.03725 6.67397 6.0674 5.90236 5.77451 5.68189 5.4408 6.62741 5.8321 5.29696 5.53497 4.86746 5.06875 6.71157 4.59515 4.76775 8.06703 5.89496 5.26748 4.99924 4.68766 4.55868 5.68923 6.47044 4.48482
threshold=1.0000000180025095e-35 1.0000000180025095e-35 1.0000000180025095e-35 1.0000000180025095e-35 1.0000000180025095e-35 17.498972892761234 1.0000000180025095e-35 1.0000000180025095e-35 1.0000000180025095e-35 4.8911705017089853 1.0000000180025095e-35 1.0000000180025095e-35 1.0000000180025095e-35 1.0000000180025095e-35 1.0000000180025095e-35 16.425735473632816 1.0000000180025095e-35 7.7043120861053476 1.0000000180025095e-35 1.0000000180025095e-35 1.0000000180025095e-35 3.3497605323791508 9.1197810173034686 15.368925571441652 1.0000000180025095e-35 13.938398361206056 1.0000000180025095e-35 1.0000000180025095e-35 1.0000000180025095e-35 1.0000000180025095e-35
decision_type=2 2 2 2 2 2 2 2 2 2 2 2 2 2 2 2 2 2 2 2 2 2 2 2 2 2 2 2 2 2
left_child=2 4 7 5 8 -4 9 19 16 -3 -10 -11 26 -14 15 -6 -2 -18 -19 20 21 24 -22 25 -1 29 27 -13 -29 -24
right_child=1 6 3 -5 14 -7 -8 -9 10 11 -12 12 13 -15 -16 -17 17 18 -20 -21 22 -23 23 -25 -26 -27 -28 28 -30 -31
leaf_value=-0.006125934794493062 0.072000055558634077 0.057099719630528678 -0.039449115889116398 0.013402916679756932 0.085878850772161799 0.090735193278015255 -0.062271376509351023 -0.067338382737858041 0.026387653818097052 -0.011054133292269912 -0.055335431382709688 0.018550845450465578 0.025898621521302775 -0.11037447228481867 -0.0070216546914033734 -0.0052665668746097192 0.070490231525347724 0.05101486491638707 -0.061209483833835947 -0.072863649128164606 -0.075556397198887501 -0.023797780327422038 -0.081802049416063671 -0.073090269023203827 0.14284594280521792 0.10396625074153586 0.010318808293398225 0.22410981195728527 0.060411232922746 0.06580781235379693
leaf_weight=4.0246543139219266 54.737634152173996 27.733485281467438 115.76800103485584 98.826809525489807 92.695130988955498 4.306738853454589 11.705412745475767 108.12609374523163 55.4367835521698 68.141717329621315 10.04980358481407 5.2565044313669196 10.069366931915281 4.5640234947204581 7.6481156945228568 7.1786010414361945 14.34442415833473 10.418498411774635 10.908990606665611 27.997049599885941 34.038421988487244 58.172717183828354 4.6926336437463778 7.9918918758630744 5.1163583993911743 5.1862425655126563 8.4117858111858368 5.17503422498703 4.5266741216182709 3.6666076183319092
leaf_count=23 230 136 737 533 403 22 60 718 267 348 53 25 49 25 35 32 69 52 53 186 229 364 30 53 29 31 42 26 23 23
internal_value=-0.00061148 0.0368404 -0.032663 -0.0130269 0.0515978 -0.0347798 0.0101384 -0.0492583 0.0367088 0.0164695 0.0138461 0.00585362 0.03617 -0.0166037 0.0731855 0.0793276 0.0532689 0.0245265 -0.00638778 -0.036302 -0.0279724 -0.010075 -0.0496499 -0.0087063 0.0772558 0.0292805 0.0692148 0.102335 0.14773 -0.017056
internal_weight=886.916 409.002 477.914 218.902 263.418 120.075 145.584 259.013 155.896 133.879 65.4866 106.145 38.0034 14.6334 107.522 99.8737 90.4095 35.6719 21.3275 150.887 122.89 67.3137 55.5758 21.5374 9.14101 13.5455 23.37 14.9582 9.70171 8.35924
internal_count=4906 1928 2978 1292 1194 759 734 1686 724 674 320 538 190 74 470 435 404 174 105 968 782 416 366 137 52 84 116 74 49 53
is_linear=0
shrinkage=0.1


Tree=7
num_leaves=31
num_cat=0
split_feature=16 5 13 8 126 6 25 6 61 113 0 13 0 88 0 6 99 0 65 105 15 10 33 83 10 133 140 67 0 0
split_gain=86.8045 15.1447 13.8008 8.51056 8.30243 8.20057 6.90151 7.3685 6.16511 5.64108 6.62987 6.87854 5.68936 5.46269 5.40682 5.22585 4.96545 4.96116 4.92978 4.74254 5.30841 5.05256 4.73486 4.98061 4.6089 4.58212 5.07905 4.74125 6.41631 4.46619
threshold=1.0000000180025095e-35 1.0000000180025095e-35 1.0000000180025095e-35 1.0000000180025095e-35 1.0000000180025095e-35 1.0000000180025095e-35 1.0000000180025095e-35 1.0000000180025095e-35 1.0000000180025095e-35 1.0000000180025095e-35 3.8535249233245854 1.0000000180025095e-35 5.3483915328979501 1.0000000180025095e-35 14.351813793182375 1.0000000180025095e-35 1.0000000180025095e-35 15.305954456329347 1.0000000180025095e-35 1.0000000180025095e-35 1.0000000180025095e-35 1.0000000180025095e-35 1.0000000180025095e-35 1.0000000180025095e-35 1.0000000180025095e-35 1.0000000180025095e-35 1.0000000180025095e-35 1.0000000180025095e-35 8.0082135200500506 16.425735473632816
decision_type=2 2 2 2 2 2 2 2 2 2 2 2 2 2 2 2 2 2 2 2 2 2 2 2 2 2 2 2 2 2
left_child=1 3 4 6 5 13 -1 9 -4 10 -8 -12 -13 -2 -9 19 -17 24 -19 20 -3 -22 23 -23 -5 26 27 -10 -29 -16
right_child=2 15 8 17 -6 -7 7 14 25 -11 11 12 -14 -15 29 16 -18 18 -20 -21 21 22 -24 -25 -26 -27 -28 28 -30 -31
leaf_value=-0.076451021375623734 0.032541242601093492 -0.063977190321879818 0.068713692293472337 -0.063563327181506646 0.12792379458010983 -0.009330789052219006 0.10555000339593866 -0.032077274862414393 0.061720139515469834 -0.087556612222672248 -0.015100719608629019 -0.05136626201791808 0.062917385850058835 -0.072637780844527391 0.10224961453847613 -0.087242675916870252 -0.019917001450200277 -0.018614072786988834 0.099566024470606071 0.064346309104869728 -0.044679689952590078 -0.032223784223853476 0.12546526616506834 0.10375310955343027 -0.020314532532912169 0.10982925259173847 -0.07480642064396581 0.084553870733263869 -0.036002039239855198 -0.019041612756680218
leaf_weight=11.32987169921398 144.9966531842947 58.014126554131508 110.6436552554369 57.192107990384102 6.6555147171020499 89.153870522975922 10.217966988682745 58.400777354836464 22.195726871490479 4.2772299945354453 31.723295137286186 5.0147389620542517 33.164724171161652 5.1120614111423484 6.0373026281595212 56.189099416136742 13.607525736093519 14.040578961372377 4.715034455060958 4.24875384569168 30.962158113718033 12.457667261362078 3.5128751397132865 3.4368701726198188 43.292579174041748 6.0961457937955847 5.2748384773731223 6.0454427301883724 16.367047756910324 6.1064440459012985
leaf_count=67 671 408 478 367 30 473 51 359 101 23 197 28 168 24 35 419 91 89 26 28 195 73 20 20 280 26 24 26 75 34
internal_value=-0.000629032 -0.0301105 0.0328115 -0.0157301 0.0177562 0.0146917 -0.00110945 0.00439976 0.0550316 0.0243372 0.0303106 0.0193126 0.0479066 0.0289593 -0.019453 -0.0526165 -0.0741169 -0.0361177 0.0110956 -0.039293 -0.0433558 -0.0196048 0.0203992 -0.00282155 -0.0449301 0.0279887 0.0179871 0.0289597 -0.00348384 0.0412587
internal_weight=880.483 467.942 412.541 285.513 245.918 239.263 166.272 154.942 166.623 84.398 80.1207 69.9028 38.1795 150.109 70.5445 182.429 69.7966 119.24 18.7556 112.632 108.384 50.3696 19.4074 15.8945 100.485 55.9792 49.8831 44.6082 22.4125 12.1437
internal_count=4906 2978 1928 1724 1198 1168 962 895 730 467 444 393 196 695 428 1254 510 762 115 744 716 308 113 93 647 252 226 202 101 69
is_linear=0
shrinkage=0.1


Tree=8
num_leaves=31
num_cat=0
split_feature=16 15 5 13 5 15 22 8 0 8 1 139 12 11 99 0 9 1 0 0 12 61 86 26 13 81 128 133 67 132
split_gain=70.9384 13.1712 12.5902 9.25387 6.63667 6.44918 5.41 4.84549 5.80091 4.61788 4.5609 5.00032 4.45432 8.57675 4.41778 4.31485 5.16331 4.31456 4.30392 13.9031 6.50127 5.97503 4.08135 9.4 5.20014 3.72358 4.64788 3.70222 3.62289 3.90869
threshold=1.0000000180025095e-35 1.0000000180025095e-35 1.0000000180025095e-35 1.0000000180025095e-35 1.0000000180025095e-35 1.0000000180025095e-35 1.0000000180025095e-35 1.0000000180025095e-35 17.498972892761234 1.0000000180025095e-35 -0.33318121731281275 1.0000000180025095e-35 1.0000000180025095e-35 1.0000000180025095e-35 1.0000000180025095e-35 4.8911705017089853 1.0000000180025095e-35 -0.38535249233245844 7.8234086036682138 6.9705681800842294 1.0000000180025095e-35 1.0000000180025095e-35 1.0000000180025095e-35 1.0000000180025095e-35 1.0000000180025095e-35 1.0000000180025095e-35 1.0000000180025095e-35 1.0000000180025095e-35 1.0000000180025095e-35 1.0000000180025095e-35
decision_type=2 2 2 2 2 2 2 2 2 2 2 2 2 2 2 2 2 2 2 2 2 2 2 2 2 2 2 2 2 2
left_child=1 4 5 28 7 9 15 8 18 -2 -7 12 -12 -14 -11 -4 22 -8 19 20 25 -20 24 -24 -17 26 -1 -5 29 -3
right_child=2 3 6 27 -6 10 17 -9 -10 14 11 -13 13 -15 -16 16 -18 -19 21 -21 -22 -23 23 -25 -26 -27 -28 -29 -30 -31
leaf_value=0.15327511155438345 0.043794054595588029 -0.060488544713251081 0.045867897998762182 0.02166422000375616 -0.063363041954161994 0.091580460411862685 0.0049124788466476362 -0.05012444699027379 0.10308202198521421 0.019959286024767472 0.075895614758592578 -0.022639348776360497 -0.021754804227166399 0.10350932330807046 -0.052578095034240338 -0.045248942446874378 0.032336696386155633 -0.11776193414061016 -0.011642712934538647 0.17544170494056913 -0.065812402714619161 -0.086345391869130497 -0.049050221148604835 0.16422646240091032 0.014439089247372992 -0.016892731797429582 -0.0075033759965927359 -0.030420099652756022 -0.013525955468418331 0.031721012159726711
leaf_weight=3.9303090125322351 91.966706573963165 41.54265795648098 28.652652785181999 82.298681333661079 98.984654575586319 33.501691967248917 5.4167263060808182 66.978322237730026 4.0238287448883048 56.548927322030067 43.165598765015602 9.0112745910882932 15.590669691562653 8.4169104099273682 9.8601452708244306 38.418033331632614 37.160047024488449 6.0907660126686078 27.914070680737495 4.2716946154832831 14.469231650233271 17.369360700249672 4.3551386147737485 3.9325185865163803 23.539728134870529 8.8770777434110641 3.3142316937446594 16.360355585813522 62.938324481248856 5.1690563336014739
leaf_count=24 404 278 136 444 747 139 27 459 20 267 186 41 68 36 53 201 185 33 172 25 87 106 22 20 110 52 20 89 420 35
internal_value=-0.000641081 -0.0277666 0.0292786 -0.00919276 -0.0432347 0.042192 0.00582073 -0.030053 -0.0140811 0.0292838 0.0608302 0.0473079 0.0566913 0.022162 0.00918923 0.0113892 0.00219126 -0.0600175 -0.0199634 0.00644735 -0.017151 -0.0402964 -0.0137558 0.0521502 -0.0225716 0.0265229 0.0797222 0.0130272 -0.0291855 -0.0502848
internal_weight=874.069 458.442 415.628 208.309 250.133 268.062 147.566 151.148 84.1698 158.376 109.686 76.1845 67.1732 24.0076 66.4091 136.058 107.405 11.5075 80.146 34.8625 30.5909 45.2834 70.2454 8.28766 61.9578 16.1216 7.24454 98.659 109.65 46.7117
internal_count=4906 2978 1928 1266 1712 1194 734 965 506 724 470 331 290 104 320 674 538 60 486 208 183 278 353 42 311 96 44 533 733 313
is_linear=0
shrinkage=0.1


Tree=9
num_leaves=31
num_cat=0
split_feature=16 5 6 15 13 7 21 0 99 135 67 1 6 99 0 6 79 63 135 12 5 101 105 15 10 95 0 67 57 0
split_gain=57.9588 12.1376 10.494 7.15522 6.79593 4.957 7.34653 6.71007 5.89161 5.65152 5.18339 4.9317 4.822 4.7969 4.76608 4.49053 4.24234 4.23754 5.00099 8.35231 4.10413 4.02846 3.97813 3.97694 4.26709 4.18903 3.94436 3.75533 6.55565 3.74085
threshold=1.0000000180025095e-35 1.0000000180025095e-35 1.0000000180025095e-35 1.0000000180025095e-35 1.0000000180025095e-35 1.0000000180025095e-35 1.0000000180025095e-35 3.1252566576004033 1.0000000180025095e-35 1.0000000180025095e-35 1.0000000180025095e-35 -0.48056885600090021 1.0000000180025095e-35 1.0000000180025095e-35 3.1772758960723881 1.0000000180025095e-35 1.0000000180025095e-35 1.0000000180025095e-35 1.0000000180025095e-35 1.0000000180025095e-35 1.0000000180025095e-35 1.0000000180025095e-35 1.0000000180025095e-35 1.0000000180025095e-35 1.0000000180025095e-35 1.0000000180025095e-35 12.643394947052004 1.0000000180025095e-35 1.0000000180025095e-35 5.405886411666871
decision_type=2 2 2 2 2 2 2 2 2 2 2 2 2 2 2 2 2 2 2 2 2 2 2 2 2 2 2 2 2 2
left_child=1 3 4 15 5 6 7 -2 9 10 -7 -12 22 -14 20 -1 -9 18 -17 -20 -4 -16 23 25 -25 -3 -27 -6 -29 -11
right_child=2 12 14 -5 27 8 -8 16 -10 29 11 -13 13 -15 21 17 -18 -19 19 -21 -22 -23 -24 24 -26 26 -28 28 -30 -31
leaf_value=-0.011528787649596008 0.12583062764385158 -0.067914223699967913 0.10966062288196743 0.0044098567392004944 0.078992852261339619 0.11224744274289876 -0.071397802944998798 0.018168250275446943 -0.017831866443762483 -0.080911865440895014 0.12400178258472556 0.023279288632442774 -0.081910484218980742 -0.013965593651214131 0.003014250518358479 -0.06408099058741952 -0.074388169040118926 0.05426272155460992 0.079127049990296183 -0.12158154534092487 -0.0050210736251207972 -0.093636351179674976 0.060589129691354049 -0.040696335394259209 0.019465600356789639 0.080057829656013879 -0.063450178549172134 0.074096513144259954 0.0090339963263056516 0.041746282226900543
leaf_weight=79.532025516033173 5.4977606534957877 45.570322439074516 7.7237420827150327 130.42556834220886 46.375541344285011 19.366153180599213 10.088844150304793 65.046062231063843 12.47165662050247 4.2772499620914441 6.2148054689168921 22.31922218203545 51.273228116333485 13.031693443655966 135.42734108865261 55.254807934165001 5.3602284640073767 3.9394423663616172 6.437064975500105 3.058489516377449 5.2360333800315857 4.4543543756008139 4.3133902698755255 29.934518724679947 19.449052631855011 4.0337319970130912 3.6467412412166595 30.782138928771019 31.166323259472847 5.9387006014585495
leaf_count=509 24 349 32 759 198 86 48 297 59 20 27 100 419 91 672 366 26 26 43 21 27 23 28 195 113 31 28 127 135 27
internal_value=-0.000644473 -0.0255495 0.0261775 -0.0126729 0.0382164 0.0248943 0.00877399 0.0194301 0.0445328 0.0579161 0.0723176 0.045217 -0.0465011 -0.0681411 0.00531153 -0.0277047 0.0111217 -0.0464338 -0.0525602 0.0144794 0.0633267 -6.34648e-05 -0.0334894 -0.0374433 -0.0170024 -0.0563997 0.0119192 0.0574733 0.0413635 -0.00960866
internal_weight=867.646 449.9 417.746 278.647 264.905 156.581 85.9929 75.9041 70.5878 58.1161 47.9002 28.534 171.253 64.3049 152.841 148.222 70.4063 68.6898 64.7504 9.49555 12.9598 139.882 106.948 102.634 49.3836 53.2508 7.68047 108.324 61.9485 10.216
internal_count=4906 2978 1928 1724 1174 714 395 347 319 260 213 127 1254 510 754 965 323 456 430 64 59 695 744 716 308 408 59 460 262 47
is_linear=0
shrinkage=0.1


Tree=10
num_leaves=31
num_cat=0
split_feature=16 13 5 15 8 13 0 0 12 22 14 93 12 0 5 50 61 42 40 5 81 6 1 6 0 1 5 0 0 42
split_gain=47.3565 11.4343 9.77491 6.66765 5.39307 5.24875 5.23207 4.87387 4.56867 4.37392 4.23051 4.0872 4.07273 5.36084 5.03805 4.42103 4.30522 4.06528 3.97389 3.96908 3.78337 4.1445 3.70319 3.67025 6.28382 5.63977 3.78186 3.5015 7.35168 3.99353
threshold=1.0000000180025095e-35 1.0000000180025095e-35 1.0000000180025095e-35 1.0000000180025095e-35 1.0000000180025095e-35 1.0000000180025095e-35 17.498972892761234 3.4811772108078007 1.0000000180025095e-35 1.0000000180025095e-35 1.0000000180025095e-35 1.0000000180025095e-35 1.0000000180025095e-35 7.8234086036682138 1.0000000180025095e-35 1.0000000180025095e-35 1.0000000180025095e-35 1.0000000180025095e-35 1.0000000180025095e-35 1.0000000180025095e-35 1.0000000180025095e-35 1.0000000180025095e-35 -0.38535249233245844 1.0000000180025095e-35 3.3497605323791508 -0.40056277811527247 1.0000000180025095e-35 16.880219459533695 15.368925571441652 1.0000000180025095e-35
decision_type=2 2 2 2 2 2 2 2 2 2 2 2 2 2 2 2 2 2 2 2 2 2 2 2 2 2 2 2 2 2
left_child=1 4 5 6 17 7 12 8 -2 -4 27 -9 13 14 20 -14 -17 23 -12 -6 21 -3 -11 24 -1 -25 -27 28 29 -7
right_child=2 3 9 -5 19 10 -8 11 -10 22 18 -13 15 -15 -16 16 -18 -19 -20 -21 -22 -23 -24 25 -26 26 -28 -29 -30 -31
leaf_value=0.074540351430110258 0.02505220942370371 0.17777246469012614 0.0077162537059101872 0.012422354565164835 -0.041883333538037359 0.019160297657041796 0.084343892004613452 0.013149209031238607 0.13321204529573735 0.0016078886475632348 0.063442695352321513 0.10229208492126272 -0.073315566848158362 -0.035959398150467344 -0.042372463643698323 0.04173152754640605 -0.092826013325114184 -0.062708067891628694 0.15147945787590711 -0.084491294299441799 0.012318327570820527 0.031318318012917762 -0.11340202972755548 -0.091077413840436258 -0.014947827938769016 0.010634942778984958 -0.055741345193366612 -0.041154639191565014 0.15790021630954398 0.078486580378145224
leaf_weight=9.1664292812347394 8.389073893427847 3.8991616666316995 137.31258249282837 98.762028813362122 62.308366931974888 48.594896703958511 4.3263020664453498 132.8623359054327 7.306851238012313 5.4695450961589813 37.185392886400223 5.3505610376596442 29.14940133690834 38.580296739935875 8.1515537574887293 7.7781285271048528 3.4248020946979523 24.738389402627945 5.9473325461149207 33.681052759289742 10.138861149549484 3.8305530995130539 5.735395744442938 14.397006362676619 54.505231618881226 20.737547174096107 14.646275900304316 5.4261192232370368 5.0921352058649054 14.802852004766462
leaf_count=52 35 23 674 533 444 204 22 618 30 27 154 24 208 274 69 51 24 186 24 274 64 24 33 111 364 134 121 23 21 61
internal_value=-0.00063731 -0.0234694 0.0234329 -0.00640917 -0.0386254 0.0347345 -0.0234283 0.022597 0.0754034 0.002814 0.0506942 0.0166001 -0.0278709 -0.0123018 0.0227755 -0.0527955 0.000596492 -0.0259776 0.0755816 -0.0568337 0.0524957 0.105195 -0.0572614 -0.0179685 -0.00206475 -0.03831 -0.0168399 0.0361716 0.0422977 0.0330125
internal_weight=861.696 442.221 419.475 208.041 234.18 270.958 109.279 153.909 15.6959 148.518 117.049 138.213 104.953 64.6004 26.0201 40.3523 11.2029 138.191 43.1327 95.9894 17.8686 7.72971 11.2049 113.452 63.6717 49.7808 35.3838 73.916 68.4899 63.3977
internal_count=4906 2978 1928 1292 1686 1194 759 707 65 734 487 642 737 454 180 283 75 968 178 718 111 47 60 782 416 366 255 309 286 265
is_linear=0
shrinkage=0.1


Tree=11
num_leaves=31
num_cat=0
split_feature=16 13 6 6 15 8 67 12 73 8 12 1 0 68 132 35 5 65 5 113 140 0 14 84 95 0 10 70 49 61
split_gain=38.761 9.72156 8.27274 5.89617 5.82078 5.90035 5.40033 5.2985 4.81107 4.75932 4.39079 10.375 7.62958 8.45551 6.13432 4.99771 4.98916 4.65508 4.31371 4.28128 4.78302 4.60139 4.18659 4.16416 4.09192 4.49334 5.51186 7.69143 5.02443 4.01559
threshold=1.0000000180025095e-35 1.0000000180025095e-35 1.0000000180025095e-35 1.0000000180025095e-35 1.0000000180025095e-35 1.0000000180025095e-35 1.0000000180025095e-35 1.0000000180025095e-35 1.0000000180025095e-35 1.0000000180025095e-35 1.0000000180025095e-35 -0.12221461907029151 11.560575008392336 1.0000000180025095e-35 1.0000000180025095e-35 1.0000000180025095e-35 1.0000000180025095e-35 1.0000000180025095e-35 1.0000000180025095e-35 1.0000000180025095e-35 1.0000000180025095e-35 8.2737851142883319 1.0000000180025095e-35 1.0000000180025095e-35 1.0000000180025095e-35 16.425735473632816 1.0000000180025095e-35 1.0000000180025095e-35 1.0000000180025095e-35 1.0000000180025095e-35
decision_type=2 2 2 2 2 2 2 2 2 2 2 2 2 2 2 2 2 2 2 2 2 2 2 2 2 2 2 2 2 2
left_child=1 9 4 10 5 6 7 -2 -9 -1 11 14 23 16 15 18 -14 -13 -3 20 21 -6 -7 -12 25 26 28 -28 -23 -24
right_child=2 3 -4 -5 19 22 -8 8 -10 -11 12 17 13 -15 -16 -17 -18 -19 -20 -21 -22 24 29 -25 -26 -27 27 -29 -30 -31
leaf_value=-0.023893380021813557 0.095541103467284103 0.11712589629898476 0.00251970657048877 -0.027415493023019561 0.072543712341161956 -0.025376414518162277 0.014919291331607458 -0.026289505950842892 0.082595782743330126 -0.053329495130375153 -0.058253275904918779 -0.015963863539039256 0.15038583221465471 -0.038169372054689468 0.0055869328574197213 0.183937077589297 0.0054725404229018868 0.10000197015717496 0.006117409123002444 0.13109649968761292 -0.040831408086190957 -0.021813927538342763 0.053509161066875324 0.052267691691383927 0.099098585390410873 -0.068466612571827318 0.012746813683523414 0.16942499763074639 0.077581440085979822 -0.034322152893160769
leaf_weight=135.6676599085331 22.257069602608681 8.3300877213478106 153.68175564706326 78.666643440723419 46.785105049610138 37.960647374391556 54.761603742837906 9.3820660859346408 7.150745451450347 92.292515873908997 28.317099682986736 43.533307515084743 6.4244363903999329 8.5225671455264091 10.201207906007768 5.319577991962432 3.7699751928448677 3.7605412602424613 6.0378874838352194 6.0326202958822241 6.186380758881568 19.745334982872013 17.499859556555752 3.8756738528609267 7.2210246920585623 5.301022231578826 6.8894096016883832 5.746773436665535 6.8500981032848349 7.4092493802309027
leaf_count=968 95 45 754 524 194 180 241 40 31 718 176 264 33 52 61 29 25 20 39 25 28 86 82 24 30 23 29 24 29 37
internal_value=-0.000626454 -0.0215691 0.0210058 -0.0058669 0.0316391 0.0192189 0.0351404 0.0636877 0.0208054 -0.035811 0.00736696 0.0224036 -0.0154296 0.0353409 0.068523 0.101134 0.0967957 -0.00674291 0.0704765 0.0491799 0.0444611 0.0498159 -0.0044728 -0.0449477 0.0292701 0.0179473 0.0296236 0.084002 0.00378701 0.0273836
internal_weight=855.58 434.719 420.861 206.759 267.179 156.421 93.5515 38.7899 16.5328 227.96 128.092 77.1826 50.9098 18.717 29.8888 19.6876 10.1944 47.2938 14.368 110.758 104.725 98.5388 62.8698 32.1928 51.7537 44.5326 39.2316 12.6362 26.5954 24.9091
internal_count=4906 2978 1928 1292 1174 706 407 166 71 1686 768 458 310 110 174 113 58 284 84 468 443 415 299 200 221 191 168 53 115 119
is_linear=0
shrinkage=0.1


Tree=12
num_leaves=31
num_cat=0
split_feature=16 5 5 15 8 64 11 6 99 6 135 57 22 8 0 51 25 78 54 1 140 10 1 49 67 11 0 44 0 25
split_gain=31.6944 9.46596 7.94248 5.36132 4.38636 4.17182 4.80682 3.98129 4.70445 3.95736 4.58352 5.80827 3.64176 3.55441 3.47597 4.15431 3.47125 3.46284 4.74956 4.69226 8.36697 3.55896 6.26774 4.8276 5.15802 3.99417 3.37618 3.35651 5.51303 3.37381
threshold=1.0000000180025095e-35 1.0000000180025095e-35 1.0000000180025095e-35 1.0000000180025095e-35 1.0000000180025095e-35 1.0000000180025095e-35 1.0000000180025095e-35 1.0000000180025095e-35 1.0000000180025095e-35 1.0000000180025095e-35 1.0000000180025095e-35 1.0000000180025095e-35 1.0000000180025095e-35 1.0000000180025095e-35 14.917180061340334 1.0000000180025095e-35 1.0000000180025095e-35 1.0000000180025095e-35 1.0000000180025095e-35 -0.33318121731281275 1.0000000180025095e-35 1.0000000180025095e-35 0.68545135855674755 1.0000000180025095e-35 1.0000000180025095e-35 1.0000000180025095e-35 16.880219459533695 1.0000000180025095e-35 13.096509456634523 1.0000000180025095e-35
decision_type=2 2 2 2 2 2 2 2 2 2 2 2 2 2 2 2 2 2 2 2 2 2 2 2 2 2 2 2 2 2
left_child=1 3 4 5 17 9 -7 27 -9 -1 13 -12 -4 -11 15 -10 -5 19 -19 -2 21 22 23 24 -21 -25 -24 28 -3 -29
right_child=2 7 12 16 -6 6 -8 8 14 10 11 -13 -14 -15 -16 -17 -18 18 -20 20 -22 -23 26 25 -26 -27 -28 29 -30 -31
leaf_value=-0.011098688928327886 0.071725027060276822 0.14034289401407049 0.004706736588272066 -0.052839294580160082 0.01266534076354006 0.10108367178431561 -0.026775865881564533 -0.074952869092191607 -0.018770843280655494 -0.036982926244063456 0.076260891482306636 -0.089980118476560969 -0.055240156963256529 -0.092081112518143146 -0.09082934667761744 0.12865157817502809 0.010989759888596101 -0.055405804872584022 0.061965356986360777 0.034112860580213518 -0.066093090915656946 0.061829486914520476 0.11750686679455376 0.0065750933732524322 -0.048591158470896498 0.10671277537403651 0.013214819987464542 0.04446777945633109 -0.052964763973421161 -0.036390022570768371
leaf_weight=70.840158626437187 42.068807661533356 3.021956965327262 138.45269364118576 9.1763780415058118 102.41905780136585 5.7043115124106389 6.0681276023387909 45.40982124209404 6.0127204209566099 30.190668508410454 6.0316392406821233 3.2256705686450005 10.934240669012068 19.125251471996307 3.4078027606010428 2.8023936152458191 119.14883248507977 8.5657841265201551 5.7702023833990088 12.552748650312425 7.9817978739738455 43.953278228640556 9.4410588443279249 8.822502329945566 18.887781456112862 7.2617366611957541 4.6244089603424063 5.4756834879517546 2.8826931342482567 89.597889482975006
leaf_count=468 176 20 674 56 470 38 40 419 46 206 41 23 60 149 25 20 703 36 24 54 36 187 40 38 81 31 21 42 20 662
internal_value=-0.000608746 -0.0197758 0.0188485 -0.00836863 0.0290122 -0.0218151 0.0351782 -0.0391587 -0.06013 -0.0269996 -0.0462307 0.0183349 0.000318978 -0.0583506 -0.00506098 0.0280959 0.00642542 0.0388646 -0.00816418 0.0431977 0.0326264 0.0400922 0.0245795 0.00722486 -0.0155713 0.0517854 0.083218 -0.0271895 0.0459687 -0.0317331
internal_weight=849.858 428.122 421.736 269.511 272.349 141.186 11.7724 158.611 57.6327 129.413 58.5732 9.25731 149.387 49.3159 12.2229 8.81511 128.325 169.93 14.336 155.594 113.525 105.544 61.5902 47.5248 31.4405 16.0842 14.0655 100.978 5.90465 95.0736
internal_count=4906 2978 1928 1724 1194 965 78 1254 510 887 419 64 734 355 91 66 759 724 60 664 488 452 265 204 135 69 61 744 40 704
is_linear=0
shrinkage=0.1


Tree=13
num_leaves=31
num_cat=0
split_feature=16 13 13 126 12 0 10 86 86 1 55 7 9 6 40 68 6 11 231 8 61 78 7 21 0 15 99 42 11 0
split_gain=25.925 8.12308 7.42746 5.92385 4.69214 8.54216 5.67244 8.39105 7.93825 5.86922 7.09029 5.59323 4.9106 4.63771 4.4711 4.45634 4.38919 4.29585 4.03117 4.44398 3.94441 3.91453 3.82848 5.61767 4.84571 4.82117 6.35179 6.73894 3.96036 3.81551
threshold=1.0000000180025095e-35 1.0000000180025095e-35 1.0000000180025095e-35 1.0000000180025095e-35 1.0000000180025095e-35 13.661875724792482 1.0000000180025095e-35 1.0000000180025095e-35 1.0000000180025095e-35 -0.46931324899196619 1.0000000180025095e-35 1.0000000180025095e-35 1.0000000180025095e-35 1.0000000180025095e-35 1.0000000180025095e-35 1.0000000180025095e-35 1.0000000180025095e-35 1.0000000180025095e-35 1.0000000180025095e-35 1.0000000180025095e-35 1.0000000180025095e-35 1.0000000180025095e-35 1.0000000180025095e-35 1.0000000180025095e-35 3.1252566576004033 1.0000000180025095e-35 1.0000000180025095e-35 1.0000000180025095e-35 1.0000000180025095e-35 16.735113143920902
decision_type=2 2 2 2 2 2 2 2 2 2 2 2 2 2 2 2 2 2 2 2 2 2 2 2 2 2 2 2 2 2
left_child=1 14 3 16 6 -6 7 9 11 10 13 -8 -11 -3 18 -7 22 -14 19 21 -4 -1 23 24 -2 26 27 -24 -27 -21
right_child=2 4 20 -5 5 15 8 -9 -10 12 -12 -13 17 -15 -16 -17 -18 -19 -20 29 -22 -23 25 -25 -26 28 -28 -29 -30 -31
leaf_value=-0.0050092015630405443 0.097668740054804803 0.057343971600084975 0.043795693997119911 0.097187919480815677 -0.044170555010417376 0.079783866777662873 0.018708473968298028 0.10913419712825444 -0.10158196480749448 -0.060474262009569492 0.1532557953642194 0.088425217749115687 -0.039633627022430132 -0.079997231923382275 -0.065764125796281686 -0.014117389394576359 -0.014055468412378687 0.046517791169428703 -0.11957207809237938 -0.047478131065999726 0.011602872523266047 -0.074889508257503942 0.0065732217591746413 -0.071226313070151412 0.0015579495226927696 0.097821744488585008 -0.06751368850001728 0.11130457016301579 0.015949365848621153 0.062680979543508208
leaf_weight=101.11474259197712 5.674176260828971 5.3018070384860021 113.59955689311028 6.9272698760032645 54.619633682072163 9.9123662188649178 32.805105060338974 5.4544809684157363 4.0959884598851195 31.155832327902317 3.8741522729396811 17.725707225501537 12.507581725716591 4.5848871767520905 32.40670357644558 10.311528012156487 90.594849020242691 10.773389622569084 4.448969915509223 69.089057572185993 57.235161647200584 8.7064551413059217 28.002408266067505 9.9269985705614072 69.48803685605526 15.344232589006424 8.3018550723791105 7.8706697523593894 9.607672855257988 3.2941278517246237
leaf_count=733 24 32 478 30 360 57 202 34 27 204 24 106 81 32 257 66 473 67 35 571 252 65 129 48 315 64 41 34 40 25
internal_value=-0.000593933 -0.0181204 0.0169164 0.00599485 -0.00371543 -0.0236133 0.00789387 -0.0102161 0.0323111 -0.0197618 0.0385866 0.0431644 -0.0345114 -0.00634708 -0.0314774 0.0319066 0.00341442 0.000233386 -0.0255245 -0.0232281 0.0330101 -0.0105492 0.0136772 -0.000524332 0.00881358 0.031158 0.01131 0.0295516 0.066297 -0.0424648
internal_weight=844.755 422.183 422.573 251.738 203.122 74.8435 128.279 73.6521 54.6268 68.1977 13.7608 50.5308 54.4368 9.88669 219.06 20.2239 244.811 23.281 186.653 182.204 170.835 109.821 154.216 85.0892 75.1622 69.1268 44.1749 35.8731 24.9519 72.3832
internal_count=4906 2978 1928 1198 1292 483 809 474 335 440 88 308 352 64 1686 123 1168 148 1429 1394 730 798 695 387 339 308 204 163 104 596
is_linear=0
shrinkage=0.1


Tree=14
num_leaves=31
num_cat=0
split_feature=16 5 15 214 8 0 8 25 99 6 102 113 0 5 0 62 1 0 1 132 1 10 12 81 1 42 15 0 64 67
split_gain=21.2352 8.08464 6.37659 8.53319 6.10232 4.65333 4.86212 5.08451 4.04684 4.02745 4.65333 4.6066 4.55671 3.8651 7.31005 4.69227 3.82347 3.90957 6.60698 4.53036 6.58409 3.81449 3.85704 6.49453 6.70389 4.84428 4.77734 3.56803 5.0262 3.56631
threshold=1.0000000180025095e-35 1.0000000180025095e-35 1.0000000180025095e-35 1.0000000180025095e-35 1.0000000180025095e-35 17.80835056304932 1.0000000180025095e-35 1.0000000180025095e-35 1.0000000180025095e-35 1.0000000180025095e-35 1.0000000180025095e-35 1.0000000180025095e-35 3.8535249233245854 1.0000000180025095e-35 4.4558520317077646 1.0000000180025095e-35 -0.57183054089546193 5.3483915328979501 -0.35188987851142878 1.0000000180025095e-35 -0.18701041489839551 1.0000000180025095e-35 1.0000000180025095e-35 1.0000000180025095e-35 -0.12221461907029151 1.0000000180025095e-35 1.0000000180025095e-35 14.917180061340334 1.0000000180025095e-35 1.0000000180025095e-35
decision_type=2 2 2 2 2 2 2 2 2 2 2 2 2 2 2 2 2 2 2 2 2 2 2 2 2 2 2 2 2 2
left_child=1 5 3 4 29 6 7 -1 13 10 11 16 -11 -6 -15 -16 -9 -18 -19 20 -20 27 25 -24 -25 26 -23 -8 -29 -2
right_child=2 -3 -4 -5 8 -7 21 9 -10 12 -12 -13 -14 14 15 -17 17 18 19 -21 -22 22 23 24 -26 -27 -28 28 -30 -31
leaf_value=-0.065504956931190433 0.033219286068413519 -0.034983361820983445 0.030305570185165026 0.14294129238383185 0.0064765062553134682 0.11730756489070922 -0.052613812183911174 0.089346140541169738 -0.065258831314985888 -0.068651593562902569 -0.081543545881588367 -0.078699061694915529 0.0017890516345644891 0.060805737684429643 -0.016134724749391247 -0.11121870698060768 -0.036959764243957159 0.18276420338381122 0.14896028453822549 -0.080434673696450021 0.022725279657348902 -0.00083132374900840166 -0.090475232065231087 -0.060054920635929945 0.14646804500726954 -0.057641963000923536 0.090840073286244674 -0.034432133891622911 0.11232860130639657 0.0021971283353066479
leaf_weight=9.9455043077468854 64.362317517399788 152.04086176306009 168.30197234451771 4.4205331951379767 57.194751381874084 3.0231057703495017 48.200117558240891 10.681655079126349 14.573273122310637 11.088909178972242 4.0428812205791465 3.8141263201832762 53.44286771863699 5.6878362149000194 9.6862698495388031 11.180823996663094 8.8548261523246818 2.8549905270337979 4.5637491941451946 3.6801081448793402 43.650942064821734 12.532343089580539 10.19556672871113 3.2878032997250557 3.0114183425903311 6.3998339325189582 10.404451072216034 7.6124211773276311 3.3651424273848534 87.350374281406403
leaf_count=66 289 1254 740 19 263 16 356 51 79 76 24 22 347 27 50 58 54 16 25 20 250 93 76 24 23 48 63 52 22 403
internal_value=-0.000585952 -0.0166061 0.0152044 0.00521624 0.00278132 -0.00604857 -0.00747394 0.00368849 -0.0166244 0.00838025 0.0230674 0.0284826 -0.0103152 -0.00816155 -0.0396894 -0.0670818 0.0339857 0.0246886 0.0346591 0.0265111 0.034674 -0.0241226 -0.00246544 -0.0411535 0.0386759 0.0192873 0.0407521 -0.0408955 0.010557 0.0153579
internal_weight=839.452 416.694 422.758 254.456 250.036 264.653 261.63 156.621 98.323 146.675 82.1433 78.1004 64.5318 83.7497 26.5549 20.8671 74.2863 63.6046 54.7498 51.8948 48.2147 105.009 45.8314 16.4948 6.29922 29.3366 22.9368 59.1777 10.9776 151.713
internal_count=4906 2978 1928 1188 1169 1724 1708 951 477 885 462 438 423 398 135 108 416 365 311 295 275 757 327 123 47 204 156 430 74 692
is_linear=0
shrinkage=0.1


Tree=15
num_leaves=31
num_cat=0
split_feature=16 15 6 103 13 5 13 167 6 132 57 63 88 24 0 79 101 101 1 8 128 26 60 140 8 140 67 0 133 54
split_gain=17.3869 7.53822 5.97133 4.40851 4.19257 3.99453 3.90023 3.70956 3.50712 3.6077 5.01982 4.22326 3.46975 3.34992 3.33776 3.22102 3.21454 3.12958 3.12169 3.07409 3.15977 2.96057 2.9458 2.93397 2.87931 4.09019 3.00219 4.03238 2.77281 3.45298
threshold=1.0000000180025095e-35 1.0000000180025095e-35 1.0000000180025095e-35 1.0000000180025095e-35 1.0000000180025095e-35 1.0000000180025095e-35 1.0000000180025095e-35 1.0000000180025095e-35 1.0000000180025095e-35 1.0000000180025095e-35 1.0000000180025095e-35 1.0000000180025095e-35 1.0000000180025095e-35 1.0000000180025095e-35 3.1772758960723881 1.0000000180025095e-35 1.0000000180025095e-35 1.0000000180025095e-35 -0.030344513244926926 1.0000000180025095e-35 1.0000000180025095e-35 1.0000000180025095e-35 1.0000000180025095e-35 1.0000000180025095e-35 1.0000000180025095e-35 1.0000000180025095e-35 1.0000000180025095e-35 15.464749813079836 1.0000000180025095e-35 1.0000000180025095e-35
decision_type=2 2 2 2 2 2 2 2 2 2 2 2 2 2 2 2 2 2 2 2 2 2 2 2 2 2 2 2 2 2
left_child=1 3 4 5 12 8 7 13 -1 11 -11 19 -2 -3 -4 23 -16 -7 -9 20 21 -10 -23 -6 25 -15 -26 -28 -8 -30
right_child=2 6 14 -5 15 17 28 18 9 10 -12 -13 -14 24 16 -17 -18 -19 -20 -21 -22 22 -24 -25 26 -27 27 -29 29 -31
leaf_value=-0.0046702072850226609 0.014943325588996895 -0.087575272455564249 0.046229064146026032 0.09841990898283276 0.03684845374241176 -0.050863513939289645 0.020562676590067903 -0.010203986755703784 -0.060786034388324278 0.081277919722787945 -0.083318219873482868 0.052355601601098437 -0.070471452853803712 -0.0073314533060817632 -0.0037690346718504777 0.093364857710570334 -0.091388383094420378 0.071509513310600986 0.14218307919096843 -0.087975238485906104 -0.11835290855673614 0.073117868326074253 -0.02359219106250501 -0.034361351912044223 -0.073457231427547329 0.10363637002365728 -0.030391899023913507 0.1010051522273032 -0.051206309259047171 0.059726254031589932
leaf_weight=74.231450356543064 153.91375841200352 6.7565910518169394 13.149450093507765 2.7197348326444617 93.700612410902977 76.909331865608692 81.77757167071104 2.7004319056868553 11.49731390923262 5.3684674799442273 2.8294468596577644 3.9578754976391783 4.9075394868850699 48.625739268958569 137.6472894847393 9.5073193013668043 4.3185262978076926 2.1482244580984107 2.6768332943320265 17.862660452723503 3.9982537329196921 4.6159277260303488 9.9150879979133606 6.1667582690715781 13.632299877703188 3.5651537179946891 17.181240774691108 2.7029866725206366 12.030164606869219 3.659453570842742
leaf_count=502 690 56 59 21 393 717 444 20 82 36 22 26 24 343 672 40 23 20 20 155 31 32 68 27 111 26 137 20 68 21
internal_value=-0.000580455 -0.0152215 0.0136473 -0.0280921 0.0226797 -0.029705 -0.000983664 -0.015088 -0.0192054 -0.0371747 0.0244688 -0.0469216 0.012304 -0.0197836 -0.00196998 0.0377462 -0.00643437 -0.0475383 0.0656552 -0.0551265 -0.0355849 -0.0228708 0.00712876 0.0324513 -0.0144394 0.000248746 -0.0373113 -0.0125303 0.0131748 -0.0253323
internal_weight=834.673 411.362 423.311 216.054 268.196 213.334 195.308 97.8413 134.276 60.045 8.19791 51.8471 158.821 92.464 155.115 109.375 141.966 79.0576 5.37727 47.8892 30.0266 26.0283 14.531 99.8674 85.7074 52.1909 33.5165 19.8842 97.4672 15.6896
internal_count=4906 2978 1928 1712 1174 1691 1266 733 954 452 58 394 714 693 754 460 695 737 40 368 213 182 100 420 637 369 268 157 533 89
is_linear=0
shrinkage=0.1


Tree=16
num_leaves=31
num_cat=0
split_feature=16 15 5 44 0 1 104 5 54 13 174 9 0 68 31 15 88 22 26 13 81 12 0 55 82 0 7 62 135 14
split_gain=14.2452 6.31979 5.90342 4.0235 8.85945 5.72845 3.69332 4.0885 3.22934 3.18833 3.97479 4.19444 3.83678 3.99866 3.83018 3.16664 3.19282 3.01291 3.03255 3.00913 4.74681 3.84688 7.11048 5.43694 2.94894 3.31978 3.07659 2.83809 4.38337 4.71499
threshold=1.0000000180025095e-35 1.0000000180025095e-35 1.0000000180025095e-35 1.0000000180025095e-35 12.699520587921144 0.9397673010826112 1.0000000180025095e-35 1.0000000180025095e-35 1.0000000180025095e-35 1.0000000180025095e-35 1.0000000180025095e-35 1.0000000180025095e-35 14.205338954925539 1.0000000180025095e-35 1.0000000180025095e-35 1.0000000180025095e-35 1.0000000180025095e-35 1.0000000180025095e-35 1.0000000180025095e-35 1.0000000180025095e-35 1.0000000180025095e-35 1.0000000180025095e-35 7.0814509391784677 1.0000000180025095e-35 1.0000000180025095e-35 5.5947980880737314 1.0000000180025095e-35 1.0000000180025095e-35 1.0000000180025095e-35 1.0000000180025095e-35
decision_type=2 2 2 2 2 2 2 2 2 2 2 2 2 2 2 2 2 2 2 2 2 2 2 2 2 2 2 2 2 2
left_child=1 3 15 4 -1 6 7 8 19 10 11 12 13 -3 24 16 -2 -4 -19 20 -5 27 -23 -24 25 26 -13 28 29 -21
right_child=2 9 17 5 -6 -7 -8 -9 -10 -11 -12 14 -14 -15 -16 -17 -18 18 -20 21 -22 22 23 -25 -26 -27 -28 -29 -30 -31
leaf_value=0.16190032878130778 0.014467712646903547 -0.030387178604272161 0.00028295547870913011 -0.060519025841459011 -0.051741629100835324 0.055539199968534694 -0.10538111778931845 -0.04872721256458553 -0.035356561975728638 0.011765433299478217 0.077705549345536709 -0.097344764867750511 -0.082088183041182011 0.072195790540871094 -0.066383514753355397 0.034028166263486134 -0.071489439855552339 -0.11292130547423805 -0.0062822691845804317 -0.096740853124377107 0.01909779660108846 -0.1036332823648618 0.11068817457881673 -0.059976686518501798 0.092729082708153332 0.037178378248001152 0.022856490602489003 0.12309019772962378 0.097186176945148417 0.048639823787708876
leaf_weight=3.5287892371416083 157.72542999684811 40.412017479538918 139.63462167978287 16.865260638296604 4.3139606043696404 7.7817722782492629 6.6174428313970557 69.27955899387598 57.431594543159008 98.062679216265678 4.5235244929790488 4.5209868326783234 13.215438328683375 4.1941998898982993 5.5992456153035155 111.10299937427044 4.4429927766323081 4.8788028806447965 5.8814550042152405 3.9757144525647181 13.468822300434114 5.9639663845300657 4.6126441434025764 3.1355900466442108 5.1315994933247557 15.191657915711401 4.0252674892544746 3.9813196882605544 5.6312376111745825 5.082974448800087
leaf_count=27 704 312 674 131 33 50 54 674 430 533 34 36 100 33 42 470 20 28 32 29 101 44 29 21 37 111 28 25 31 33
internal_value=-0.000565925 -0.0139379 0.0122657 -0.025901 0.044385 -0.0286055 -0.0319455 -0.0293801 -0.0182243 -0.000943781 -0.0138169 -0.0183028 -0.0347627 -0.0207416 0.00930875 0.0210228 0.0121127 -0.00364613 -0.0546334 -0.00253591 -0.0251679 0.0186638 -0.0215547 0.0416228 0.0239893 0.00912929 -0.0407302 0.0482004 0.0279034 -0.0151654
internal_weight=830.214 406.547 423.666 211.671 7.84275 203.828 196.046 189.429 120.149 194.877 96.8139 92.2904 57.8217 44.6062 34.4688 273.271 162.168 150.395 10.7603 62.7175 30.3341 32.3834 13.7122 7.74823 28.8695 23.7379 8.54625 18.6712 14.6899 9.05869
internal_count=4906 2978 1928 1712 60 1652 1602 1548 874 1266 733 699 445 345 254 1194 724 734 60 444 232 212 94 50 212 175 64 118 93 62
is_linear=0
shrinkage=0.1


Tree=17
num_leaves=31
num_cat=0
split_feature=16 5 13 126 7 13 61 9 15 26 0 6 84 25 0 0 103 8 25 104 6 0 1 102 73 68 7 50 0 67
split_gain=11.6893 5.55998 4.99332 4.64788 3.618 4.93813 6.81599 4.95386 6.34526 3.89752 4.62278 3.57692 5.87537 6.35251 3.94183 5.91019 3.52449 3.56097 3.9559 4.98608 3.71836 3.56861 3.26387 3.96332 3.79337 5.03085 4.02142 6.42131 3.2434 3.30393
threshold=1.0000000180025095e-35 1.0000000180025095e-35 1.0000000180025095e-35 1.0000000180025095e-35 1.0000000180025095e-35 1.0000000180025095e-35 1.0000000180025095e-35 1.0000000180025095e-35 1.0000000180025095e-35 1.0000000180025095e-35 3.5414099693298344 1.0000000180025095e-35 1.0000000180025095e-35 1.0000000180025095e-35 9.2908968925476092 7.9493498802185067 1.0000000180025095e-35 1.0000000180025095e-35 1.0000000180025095e-35 1.0000000180025095e-35 1.0000000180025095e-35 3.8535249233245854 -0.46444596350193018 1.0000000180025095e-35 1.0000000180025095e-35 1.0000000180025095e-35 1.0000000180025095e-35 1.0000000180025095e-35 15.305954456329347 1.0000000180025095e-35
decision_type=2 2 2 2 2 2 2 2 2 2 2 2 2 2 2 2 2 2 2 2 2 2 2 2 2 2 2 2 2 2
left_child=1 16 3 -2 11 9 7 8 -7 -6 -11 12 13 -3 15 -15 17 18 -1 20 -20 -22 -23 24 26 -26 27 -24 -19 -30
right_child=2 4 -4 -5 5 6 -8 -9 -10 10 -12 -13 -14 14 -16 -17 -18 28 19 -21 21 22 23 -25 25 -27 -28 -29 29 -31
leaf_value=-0.059386984837108137 -0.00021711238108192176 0.078937136114850481 0.024184979490554585 0.082358779635338164 -0.073063378566594089 0.028638780730731672 -0.042076792368509669 -0.016307006637941351 0.18943250174599061 0.096517051051846686 -0.027783575547489638 -0.06867479456037133 0.10917984521074575 -0.035591681490733093 -0.074867228188041132 0.11539597910024615 0.095154291651639175 -0.028245533572409401 0.025952857416805798 -0.090400411834505812 -0.06124992503103982 0.094880992469244682 0.096484073856430264 0.10741757736609368 -0.071491491753319467 0.049876417541518989 -0.032349190989410685 -0.037278517061277695 -0.020283498205127089 0.068517892939729305
leaf_weight=9.2458664625883085 245.42681139707565 4.5210121273994437 171.59725432097912 7.0110093653202048 14.443429373204706 4.921939589083193 9.0655596852302551 4.6694092303514489 4.894963800907135 3.671649023890498 16.162499293684959 31.217782407999039 3.0288250595331183 20.447431400418285 22.792845502495766 2.9689237847924224 3.5326115861535063 83.198450937867165 78.88112024217844 4.9686686024069777 10.063317887485026 3.657169669866561 9.7346974164247495 3.043861746788024 15.025571808218958 4.420018143951892 10.823873937129974 5.6845244765281686 9.2861376181244868 7.6342677250504485
leaf_count=65 1168 35 730 30 137 48 73 36 26 29 155 316 22 166 188 23 22 638 440 30 75 25 60 21 100 27 71 37 63 50
internal_value=-0.00055951 -0.0127769 0.0110232 0.00207629 -0.0286209 -0.00932624 0.025927 0.0684839 0.108815 -0.0335485 -0.00477335 -0.0417515 -0.0261171 -0.034195 -0.0452636 -0.0164482 -0.00404765 -0.00541834 0.00404994 0.00805895 0.0115203 -0.00670863 0.00376798 -0.00306966 -0.0104305 -0.0439043 0.0143729 0.0471705 -0.0201286 0.0197825
internal_weight=826.042 402.006 424.035 252.438 142.806 57.8294 23.5519 14.4863 9.8169 34.2776 19.8341 84.9768 53.759 50.7302 46.2092 23.4164 259.2 255.668 155.549 146.303 141.334 62.453 52.3897 48.7325 45.6887 19.4456 26.2431 15.4192 100.119 16.9204
internal_count=4906 2978 1928 1198 1254 504 183 110 74 321 184 750 434 412 377 189 1724 1702 951 886 856 416 341 316 295 127 168 97 751 113
is_linear=0
shrinkage=0.1


Tree=18
num_leaves=31
num_cat=0
split_feature=6 8 5 94 81 82 15 0 1 61 174 82 0 67 15 10 69 16 12 74 1 140 24 132 67 95 67 81 5 0
split_gain=9.85415 6.42535 5.08997 4.30798 5.88612 5.3634 4.5595 4.12147 5.73909 9.40557 4.11058 3.96913 6.97278 5.21949 3.86745 4.91216 5.82115 5.44319 4.24262 4.31036 4.09898 3.91007 3.82458 3.86791 5.28008 4.19909 4.36901 5.80551 3.78771 4.01563
threshold=1.0000000180025095e-35 1.0000000180025095e-35 1.0000000180025095e-35 1.0000000180025095e-35 1.0000000180025095e-35 1.0000000180025095e-35 1.0000000180025095e-35 17.80835056304932 0.825994372367859 1.0000000180025095e-35 1.0000000180025095e-35 1.0000000180025095e-35 3.7193702459335332 1.0000000180025095e-35 1.0000000180025095e-35 1.0000000180025095e-35 1.0000000180025095e-35 1.0000000180025095e-35 1.0000000180025095e-35 1.0000000180025095e-35 -0.0050954443868249646 1.0000000180025095e-35 1.0000000180025095e-35 1.0000000180025095e-35 1.0000000180025095e-35 1.0000000180025095e-35 1.0000000180025095e-35 1.0000000180025095e-35 1.0000000180025095e-35 8.8720054626464862
decision_type=2 2 2 2 2 2 2 2 2 2 2 2 2 2 2 2 2 2 2 2 2 2 2 2 2 2 2 2 2 2
left_child=1 7 3 5 -5 6 22 8 11 -10 14 28 -13 -14 21 17 18 -16 19 20 -17 -3 -2 25 -25 26 -24 -28 -1 -30
right_child=2 10 -4 4 -6 -7 -8 -9 9 -11 -12 12 13 -15 15 16 -18 -19 -20 -21 -22 -23 23 24 -26 -27 27 -29 29 -31
leaf_value=0.02427317826876077 0.072380785271266485 -0.010794925609298994 -0.032901609532997811 -0.099095842854175636 0.019997678458064959 -0.045453257243085361 0.024594719128709853 0.1147362738944185 -0.077993164005734431 0.057398513426102873 -0.079364761243387802 0.17649296515515533 0.077581466737727839 0.00024217813292385011 -0.03981162864606369 0.014536722752775531 -0.050834394780718717 0.026417615707309512 0.0069718026450270492 0.17453392096113815 0.15275631866289063 -0.088021030294601871 0.0034418253627738378 -0.034027358866060529 0.082776947569977444 0.090966756261473755 -0.073877738962690884 0.00061709524504715164 0.018551292325842128 -0.021789495774295356
leaf_weight=155.18054512888193 5.4608522430062285 100.09339805692434 102.09189631789923 10.750290744006636 6.7594785243272772 24.041792087256908 69.658518843352795 4.2254761308431616 15.345822013914587 7.7083318233489981 7.4484368488192549 3.8514928668737403 15.772281803190706 19.533423699438572 23.612868309020996 6.363005235791209 4.8664038553833953 26.154981791973114 7.1709969714283934 5.1512655243277541 3.237036399543288 7.0158063024282447 27.60202345252037 6.9075420051813099 8.8011512160301208 3.0964833199977866 29.01010525226593 16.361503265798092 51.519914463162422 47.357150562107563
leaf_count=740 31 646 797 66 37 148 383 22 87 42 46 18 81 104 170 33 30 113 43 27 18 47 171 38 50 19 186 106 303 304
internal_value=-0.000555696 0.00797383 -0.0146079 -0.00564817 -0.0531209 -0.00129477 0.00506628 0.0166278 0.015317 -0.0327239 -0.0065387 0.0190943 0.04873 0.0347923 -0.00358529 0.0135788 0.0481046 -0.00500553 0.0700675 0.10074 0.061143 -0.0158533 -0.00892309 -0.0137607 0.0314149 -0.0230896 -0.0279293 -0.0470141 0.0145266 -0.00076992
internal_weight=822.15 511.609 310.542 208.45 17.5098 190.94 166.898 320.494 316.269 23.0542 191.114 293.215 39.1572 35.3057 183.666 76.5566 26.7887 49.7679 21.9223 14.7513 9.60004 107.109 97.2397 91.7788 15.7087 76.0701 72.9736 45.3716 254.058 98.8771
internal_count=4906 2874 2032 1235 103 1132 984 1701 1679 129 1173 1550 203 185 1127 434 151 283 121 78 51 693 601 570 88 482 463 292 1347 607
is_linear=0
shrinkage=0.1


end of trees

feature_importances:
Column_0=85
Column_6=39
Column_15=39
Column_5=37
Column_13=33
Column_8=29
Column_1=22
Column_16=19
Column_12=16
Column_7=15
Column_67=15
Column_99=13
Column_10=12
Column_61=12
Column_140=9
Column_42=8
Column_11=7
Column_25=7
Column_54=7
Column_14=6
Column_81=6
Column_82=6
Column_9=5
Column_22=5
Column_68=5
Column_73=5
Column_132=5
Column_26=4
Column_40=4
Column_126=4
Column_133=4
Column_135=4
Column_21=3
Column_49=3
Column_55=3
Column_57=3
Column_62=3
Column_65=3
Column_86=3
Column_88=3
Column_95=3
Column_101=3
Column_102=3
Column_113=3
Column_24=2
Column_31=2
Column_44=2
Column_50=2
Column_53=2
Column_63=2
Column_64=2
Column_78=2
Column_79=2
Column_84=2
Column_103=2
Column_104=2
Column_105=2
Column_128=2
Column_174=2
Column_33=1
Column_35=1
Column_51=1
Column_56=1
Column_60=1
Column_69=1
Column_70=1
Column_74=1
Column_83=1
Column_93=1
Column_94=1
Column_98=1
Column_129=1
Column_139=1
Column_167=1
Column_214=1
Column_231=1

parameters:
[boosting: gbdt]
[objective: binary]
[metric: binary_logloss]
[tree_learner: serial]
[device_type: cpu]
[data_sample_strategy: bagging]
[data: ]
[valid: ]
[num_iterations: 300]
[learning_rate: 0.1]
[num_leaves: 31]
[num_threads: 0]
[seed: 0]
[deterministic: 0]
[force_col_wise: 0]
[force_row_wise: 0]
[histogram_pool_size: -1]
[max_depth: -1]
[min_data_in_leaf: 20]
[min_sum_hessian_in_leaf: 0.001]
[bagging_fraction: 1]
[pos_bagging_fraction: 1]
[neg_bagging_fraction: 1]
[bagging_freq: 0]
[bagging_seed: 7719]
[bagging_by_query: 0]
[feature_fraction: 1]
[feature_fraction_bynode: 1]
[feature_fraction_seed: 2437]
[extra_trees: 0]
[extra_seed: 11797]
[early_stopping_round: 0]
[early_stopping_min_delta: 0]
[first_metric_only: 0]
[max_delta_step: 0]
[lambda_l1: 0]
[lambda_l2: 0]
[linear_lambda: 0]
[min_gain_to_split: 0]
[drop_rate: 0.1]
[max_drop: 50]
[skip_drop: 0.5]
[xgboost_dart_mode: 0]
[uniform_drop: 0]
[drop_seed: 21238]
[top_rate: 0.2]
[other_rate: 0.1]
[min_data_per_group: 100]
[max_cat_threshold: 32]
[cat_l2: 10]
[cat_smooth: 10]
[max_cat_to_onehot: 4]
[top_k: 20]
[monotone_constraints: ]
[monotone_constraints_method: basic]
[monotone_penalty: 0]
[feature_contri: ]
[forcedsplits_filename: ]
[refit_decay_rate: 0.9]
[cegb_tradeoff: 1]
[cegb_penalty_split: 0]
[cegb_penalty_feature_lazy: ]
[cegb_penalty_feature_coupled: ]
[path_smooth: 0]
[interaction_constraints: ]
[verbosity: -1]
[saved_feature_importance_type: 0]
[use_quantized_grad: 0]
[num_grad_quant_bins: 4]
[quant_train_renew_leaf: 0]
[stochastic_rounding: 1]
[linear_tree: 0]
[max_bin: 255]
[max_bin_by_feature: ]
[min_data_in_bin: 3]
[bin_construct_sample_cnt: 200000]
[data_random_seed: 38]
[is_enable_sparse: 1]
[enable_bundle: 1]
[use_missing: 1]
[zero_as_missing: 0]
[feature_pre_filter: 1]
[pre_partition: 0]
[two_round: 0]
[header: 0]
[label_column: ]
[weight_column: ]
[group_column: ]
[ignore_column: ]
[categorical_feature: ]
[forcedbins_filename: ]
[precise_float_parser: 0]
[parser_config_file: ]
[objective_seed: 8855]
[num_class: 1]
[is_unbalance: 0]
[scale_pos_weight: 1]
[sigmoid: 1]
[boost_from_average: 1]
[reg_sqrt: 0]
[alpha: 0.9]
[fair_c: 1]
[poisson_max_delta_step: 0.7]
[tweedie_variance_power: 1.5]
[lambdarank_truncation_level: 30]
[lambdarank_norm: 1]
[label_gain: ]
[lambdarank_position_bias_regularization: 0]
[eval_at: ]
[multi_error_top_k: 1]
[auc_mu_weights: ]
[num_machines: 1]
[local_listen_port: 12400]
[time_out: 120]
[machine_list_filename: ]
[machines: ]
[gpu_platform_id: -1]
[gpu_device_id: -1]
[gpu_device_id_list: ]
[gpu_use_dp: 0]
[num_gpu: 1]

end of parameters

pandas_categorical:null
