tree
version=v4
num_class=1
num_tree_per_iteration=1
label_index=0
max_feature_idx=567
objective=binary sigmoid:1
feature_names=Column_0 Column_1 Column_2 Column_3 Column_4 Column_5 Column_6 Column_7 Column_8 Column_9 Column_10 Column_11 Column_12 Column_13 Column_14 Column_15 Column_16 Column_17 Column_18 Column_19 Column_20 Column_21 Column_22 Column_23 Column_24 Column_25 Column_26 Column_27 Column_28 Column_29 Column_30 Column_31 Column_32 Column_33 Column_34 Column_35 Column_36 Column_37 Column_38 Column_39 Column_40 Column_41 Column_42 Column_43 Column_44 Column_45 Column_46 Column_47 Column_48 Column_49 Column_50 Column_51 Column_52 Column_53 Column_54 Column_55 Column_56 Column_57 Column_58 Column_59 Column_60 Column_61 Column_62 Column_63 Column_64 Column_65 Column_66 Column_67 Column_68 Column_69 Column_70 Column_71 Column_72 Column_73 Column_74 Column_75 Column_76 Column_77 Column_78 Column_79 Column_80 Column_81 Column_82 Column_83 Column_84 Column_85 Column_86 Column_87 Column_88 Column_89 Column_90 Column_91 Column_92 Column_93 Column_94 Column_95 Column_96 Column_97 Column_98 Column_99 Column_100 Column_101 Column_102 Column_103 Column_104 Column_105 Column_106 Column_107 Column_108 Column_109 Column_110 Column_111 Column_112 Column_113 Column_114 Column_115 Column_116 Column_117 Column_118 Column_119 Column_120 Column_121 Column_122 Column_123 Column_124 Column_125 Column_126 Column_127 Column_128 Column_129 Column_130 Column_131 Column_132 Column_133 Column_134 Column_135 Column_136 Column_137 Column_138 Column_139 Column_140 Column_141 Column_142 Column_143 Column_144 Column_145 Column_146 Column_147 Column_148 Column_149 Column_150 Column_151 Column_152 Column_153 Column_154 Column_155 Column_156 Column_157 Column_158 Column_159 Column_160 Column_161 Column_162 Column_163 Column_164 Column_165 Column_166 Column_167 Column_168 Column_169 Column_170 Column_171 Column_172 Column_173 Column_174 Column_175 Column_176 Column_177 Column_178 Column_179 Column_180 Column_181 Column_182 Column_183 Column_184 Column_185 Column_186 Column_187 Column_188 Column_189 Column_190 Column_191 Column_192 Column_193 Column_194 Column_195 Column_196 Column_197 Column_198 Column_199 Column_200 Column_201 Column_202 Column_203 Column_204 Column_205 Column_206 Column_207 Column_208 Column_209 Column_210 Column_211 Column_212 Column_213 Column_214 Column_215 Column_216 Column_217 Column_218 Column_219 Column_220 Column_221 Column_222 Column_223 Column_224 Column_225 Column_226 Column_227 Column_228 Column_229 Column_230 Column_231 Column_232 Column_233 Column_234 Column_235 Column_236 Column_237 Column_238 Column_239 Column_240 Column_241 Column_242 Column_243 Column_244 Column_245 Column_246 Column_247 Column_248 Column_249 Column_250 Column_251 Column_252 Column_253 Column_254 Column_255 Column_256 Column_257 Column_258 Column_259 Column_260 Column_261 Column_262 Column_263 Column_264 Column_265 Column_266 Column_267 Column_268 Column_269 Column_270 Column_271 Column_272 Column_273 Column_274 Column_275 Column_276 Column_277 Column_278 Column_279 Column_280 Column_281 Column_282 Column_283 Column_284 Column_285 Column_286 Column_287 Column_288 Column_289 Column_290 Column_291 Column_292 Column_293 Column_294 Column_295 Column_296 Column_297 Column_298 Column_299 Column_300 Column_301 Column_302 Column_303 Column_304 Column_305 Column_306 Column_307 Column_308 Column_309 Column_310 Column_311 Column_312 Column_313 Column_314 Column_315 Column_316 Column_317 Column_318 Column_319 Column_320 Column_321 Column_322 Column_323 Column_324 Column_325 Column_326 Column_327 Column_328 Column_329 Column_330 Column_331 Column_332 Column_333 Column_334 Column_335 Column_336 Column_337 Column_338 Column_339 Column_340 Column_341 Column_342 Column_343 Column_344 Column_345 Column_346 Column_347 Column_348 Column_349 Column_350 Column_351 Column_352 Column_353 Column_354 Column_355 Column_356 Column_357 Column_358 Column_359 Column_360 Column_361 Column_362 Column_363 Column_364 Column_365 Column_366 Column_367 Column_368 Column_369 Column_370 Column_371 Column_372 Column_373 Column_374 Column_375 Column_376 Column_377 Column_378 Column_379 Column_380 Column_381 Column_382 Column_383 Column_384 Column_385 Column_386 Column_387 Column_388 Column_389 Column_390 Column_391 Column_392 Column_393 Column_394 Column_395 Column_396 Column_397 Column_398 Column_399 Column_400 Column_401 Column_402 Column_403 Column_404 Column_405 Column_406 Column_407 Column_408 Column_409 Column_410 Column_411 Column_412 Column_413 Column_414 Column_415 Column_416 Column_417 Column_418 Column_419 Column_420 Column_421 Column_422 Column_423 Column_424 Column_425 Column_426 Column_427 Column_428 Column_429 Column_430 Column_431 Column_432 Column_433 Column_434 Column_435 Column_436 Column_437 Column_438 Column_439 Column_440 Column_441 Column_442 Column_443 Column_444 Column_445 Column_446 Column_447 Column_448 Column_449 Column_450 Column_451 Column_452 Column_453 Column_454 Column_455 Column_456 Column_457 Column_458 Column_459 Column_460 Column_461 Column_462 Column_463 Column_464 Column_465 Column_466 Column_467 Column_468 Column_469 Column_470 Column_471 Column_472 Column_473 Column_474 Column_475 Column_476 Column_477 Column_478 Column_479 Column_480 Column_481 Column_482 Column_483 Column_484 Column_485 Column_486 Column_487 Column_488 Column_489 Column_490 Column_491 Column_492 Column_493 Column_494 Column_495 Column_496 Column_497 Column_498 Column_499 Column_500 Column_501 Column_502 Column_503 Column_504 Column_505 Column_506 Column_507 Column_508 Column_509 Column_510 Column_511 Column_512 Column_513 Column_514 Column_515 Column_516 Column_517 Column_518 Column_519 Column_520 Column_521 Column_522 Column_523 Column_524 Column_525 Column_526 Column_527 Column_528 Column_529 Column_530 Column_531 Column_532 Column_533 Column_534 Column_535 Column_536 Column_537 Column_538 Column_539 Column_540 Column_541 Column_542 Column_543 Column_544 Column_545 Column_546 Column_547 Column_548 Column_549 Column_550 Column_551 Column_552 Column_553 Column_554 Column_555 Column_556 Column_557 Column_558 Column_559 Column_560 Column_561 Column_562 Column_563 Column_564 Column_565 Column_566 Column_567
feature_infos=[2.0013689994812012:17.993154525756836] [-0.7776256799697876:0.99923950433731079] none none none [0:1] [0:1] [0:1] [0:1] [0:1] [0:1] [0:1] [0:1] [0:1] [0:1] [0:1] [0:1] [0:1] [0:1] [0:1] [0:1] [0:1] [0:1] [0:1] [0:1] [0:1] [0:1] [0:1] [0:1] [0:1] [0:1] [0:1] [0:1] [0:1] [0:1] [0:1] [0:1] [0:1] [0:1] [0:1] [0:1] [0:1] [0:1] [0:1] [0:1] [0:1] [0:1] [0:1] [0:1] [0:1] [0:1] [0:1] [0:1] [0:1] [0:1] [0:1] [0:1] [0:1] [0:1] [0:1] [0:1] [0:1] [0:1] [0:1] [0:1] [0:1] [0:1] [0:1] [0:1] [0:1] [0:1] [0:1] [0:1] [0:1] [0:1] [0:1] [0:1] [0:1] [0:1] [0:1] [0:1] [0:1] [0:1] [0:1] [0:1] [0:1] [0:1] [0:1] [0:1] [0:1] [0:1] [0:1] [0:1] [0:1] [0:1] [0:1] [0:1] [0:1] [0:1] [0:1] [0:1] [0:1] [0:1] [0:1] [0:1] [0:1] [0:1] [0:1] [0:1] none none none none [0:1] [0:1] none [0:1] none [0:1] none none [0:1] none none none none [0:1] [0:1] [0:1] [0:1] [0:1] none [0:1] [0:1] [0:1] [0:1] none [0:1] [0:1] [0:1] [0:1] [0:1] [0:1] [0:1] [0:1] [0:1] [0:1] [0:1] [0:1] [0:1] [0:1] [0:1] [0:1] [0:1] [0:1] [0:1] [0:1] none none none none none none none none none none [0:1] [0:1] none none none none none [0:1] [0:1] [0:1] [0:1] [0:1] [0:1] [0:1] [0:1] [0:1] [0:1] [0:1] [0:1] [0:1] [0:1] [0:1] [0:1] [0:1] [0:1] [0:1] [0:1] [0:1] [0:1] [0:1] [0:1] [0:1] [0:1] [0:1] [0:1] none none [0:1] [0:1] [0:1] none [0:1] [0:1] [0:1] [0:1] [0:1] none [0:1] none none [0:1] none [0:1] [0:1] [0:1] [0:1] [0:1] [0:1] [0:1] [0:1] [0:1] [0:1] [0:1] [0:1] [0:1] [0:1] [0:1] [0:1] [0:1] [0:1] [0:1] [0:1] [0:1] [0:1] [0:1] [0:1] [0:1] none none none none none none none none none none none none none none none none none [0:1] [0:1] [0:1] [0:1] [0:1] [0:1] [0:1] [0:1] [0:1] [0:1] none [0:1] [0:1] [0:1] [0:1] none [0:1] [0:1] none none none [0:1] [0:1] none none none none none [0:1] [0:1] [0:1] [0:1] [0:1] [0:1] [0:1] none none none [0:1] none [0:1] [0:1] [0:1] none [0:1] [0:1] [0:1] [0:1] none none [0:1] [0:1] none none none none [0:1] [0:1] none none none [0:1] none none [0:1] [0:1] none none [0:1] [0:1] none none none none none none none none none none none none none none none none none none none none none none none none none none none none none none none none none none none none none none none none none none none none none none none none none none none none none none none none none none none none none none none none none none none none none none none none none none none none none none none none none none none none none none none none none none none none none none none none none none none none none none none none none none none none none none none none none none none none none none none none none none none none none none none none none none none none none none none none none none none none none none none none none none none none none none none none none none none none none none none none none none none none none none none none none none none none none none none none none none none none none none none none none none none none none none none none none none none none none none none none none none none none none none none none none none none none none none none none none none none none none none none none none none none none none none none none none none none none none
tree_sizes=3404 3461 3467 3459 3467 3454 3452 3468 3479 3477 3463 3481 3468 3498 3486 3462 3503 3500 3485 3476 3496 3515

Tree=0
num_leaves=31
num_cat=0
split_feature=7 0 5 12 5 12 13 13 13 13 13 6 82 9 9 14 0 14 15 14 0 67 0 69 0 81 6 31 9 83
split_gain=111.6 86.7116 45.9076 37.6595 33.6077 25.7182 21.141 20.0212 17.9792 15.6581 14.3083 14.0059 12.7221 12.4403 11.8586 21.7067 13.3388 11.0529 10.8409 10.445 9.72321 11.8542 10.4068 9.62445 9.48789 8.86287 8.6663 8.28893 8.27446 7.93444
threshold=1.0000000180025095e-35 11.824777603149416 1.0000000180025095e-35 1.0000000180025095e-35 1.0000000180025095e-35 1.0000000180025095e-35 1.0000000180025095e-35 1.0000000180025095e-35 1.0000000180025095e-35 1.0000000180025095e-35 1.0000000180025095e-35 1.0000000180025095e-35 1.0000000180025095e-35 1.0000000180025095e-35 1.0000000180025095e-35 1.0000000180025095e-35 10.260096073150637 1.0000000180025095e-35 1.0000000180025095e-35 1.0000000180025095e-35 16.495551109313968 1.0000000180025095e-35 12.510609149932863 1.0000000180025095e-35 3.9917863607406621 1.0000000180025095e-35 1.0000000180025095e-35 1.0000000180025095e-35 1.0000000180025095e-35 1.0000000180025095e-35
decision_type=2 2 2 2 2 2 2 2 2 2 2 2 2 2 2 2 2 2 2 2 2 2 2 2 2 2 2 2 2 2
left_child=1 2 5 8 6 10 23 11 13 -4 -1 18 -11 19 15 29 27 26 -5 -3 22 -22 -10 -2 -16 28 -12 -17 -9 -7
right_child=4 3 9 7 -6 14 -8 25 20 12 17 -13 -14 -15 24 16 -18 -19 -20 -21 21 -23 -24 -25 -26 -27 -28 -29 -30 -31
leaf_value=-1.1515811949862806 -1.1700944558047468 -1.0151504246945633 -1.1863557240396541 -1.0167175429345903 -1.1937861833842418 -0.97334194879098357 -1.0931678890123877 -0.92018758713837945 -0.9271679292187569 -1.0987345528651165 -1.0918582427413601 -0.96059776812280961 -1.2251179307365114 -1.1572563979084478 -1.1987798090553841 -1.0837495938992041 -0.91357557713688931 -1.1302248995285358 -1.1371715070360511 -1.1213616938108579 -1.0249482059599426 -0.80658123347641308 -1.0713282356185434 -1.1060238153088047 -1.0636449847375993 -0.85768087319118225 -0.9900348818710063 -1.2461884280814135 -1.0404148476280091 -0.81635028224541306
leaf_weight=56.021084949374199 107.76148898899555 18.611656129360199 83.566336020827293 17.867189884185791 143.12363563477993 23.822919845581058 86.916434124112129 16.564373955130577 5.9557299613952628 49.507005304098129 17.494956761598587 20.658938303589821 9.4919446259736997 26.986901387572289 6.3279630839824668 16.006024271249778 3.9084477871656409 25.870202019810677 12.842042729258539 18.425539568066597 6.3279630839824659 4.0945643484592438 31.453698858618736 29.96476636826992 29.03418356180191 12.097576484084128 16.006024271249771 3.9084477871656409 8.7474783807992953 3.7223312258720389
leaf_count=301 579 100 449 96 769 128 467 89 32 266 94 111 51 145 34 86 21 139 69 99 34 22 169 161 156 65 86 21 47 20
internal_value=-1.11334 -1.08463 -1.11506 -1.03237 -1.15591 -1.08441 -1.13178 -0.983735 -1.07096 -1.15851 -1.11533 -1.02426 -1.11907 -1.10562 -1.04326 -1.01258 -1.08248 -1.08113 -1.06709 -1.06799 -1.02458 -0.939161 -1.04838 -1.15615 -1.08783 -0.928087 -1.04321 -1.11563 -0.961737 -0.952127
internal_weight=913.088 545.322 344.688 200.634 367.766 202.123 224.643 88.7776 111.856 142.565 115.392 51.3682 58.9989 64.0241 86.7303 51.3682 23.8229 59.3712 30.7092 37.0372 47.832 10.4225 37.4094 137.726 35.3621 37.4094 33.501 19.9145 25.3119 27.5453
internal_count=4906 2930 1852 1078 1976 1086 1207 477 601 766 620 276 317 344 466 276 128 319 165 199 257 56 201 740 190 201 180 107 136 148
is_linear=0
shrinkage=1


Tree=1
num_leaves=31
num_cat=0
split_feature=13 7 5 0 7 0 12 14 5 6 0 7 6 132 21 62 12 44 0 5 14 0 83 8 6 6 99 67 86 22
split_gain=90.9953 41.9333 37.0501 36.5033 29.9554 24.6274 20.7152 19.8009 17.555 13.6666 12.792 16.9956 11.6482 13.4095 10.8249 10.1885 8.9286 8.88888 8.31046 8.18647 8.08358 7.41232 7.40314 8.81813 7.38283 7.31784 7.48806 7.27464 7.2394 7.09016
threshold=1.0000000180025095e-35 1.0000000180025095e-35 1.0000000180025095e-35 10.260096073150637 1.0000000180025095e-35 14.528405189514162 1.0000000180025095e-35 1.0000000180025095e-35 1.0000000180025095e-35 1.0000000180025095e-35 10.843257904052736 1.0000000180025095e-35 1.0000000180025095e-35 1.0000000180025095e-35 1.0000000180025095e-35 1.0000000180025095e-35 1.0000000180025095e-35 1.0000000180025095e-35 16.495551109313968 1.0000000180025095e-35 1.0000000180025095e-35 8.4175219535827654 1.0000000180025095e-35 1.0000000180025095e-35 1.0000000180025095e-35 1.0000000180025095e-35 1.0000000180025095e-35 1.0000000180025095e-35 1.0000000180025095e-35 1.0000000180025095e-35
decision_type=2 2 2 2 2 2 2 2 2 2 2 2 2 2 2 2 2 2 2 2 2 2 2 2 2 2 2 2 2 2
left_child=2 3 4 7 5 9 18 12 -3 16 -4 15 -2 -14 22 24 -1 -6 -5 -8 -17 -18 -11 -24 -12 28 -27 -20 -19 -9
right_child=1 8 10 6 17 -7 19 29 -10 14 11 -13 13 -15 -16 20 21 25 27 -21 -22 -23 23 -25 -26 26 -28 -29 -30 -31
leaf_value=-0.058936948847791805 0.024359602662087369 0.017964120114501495 -0.079402178394729184 0.049217678714953382 0.11431347666833713 0.10038904092807044 0.18163906637304822 -0.033322218227575216 -0.058366876876768184 0.0087457502621721313 0.0015439350136869038 -0.082571814097625859 0.066323976349578595 0.21152396771395662 0.15377168662286558 0.012280512532846344 -0.033595500177770812 -0.072021456487488422 0.076002984357624648 0.095886049676404975 -0.07482183216447047 0.055782679542618507 0.2088316680305162 -0.00027838021866005312 0.12679290156970588 -0.028880216633736046 0.086505832696851789 0.23881237634139404 0.038609903512400331 0.081199641179926729
leaf_weight=37.01091668009758 46.035947889089584 87.800701171159744 123.44092425704002 53.277906537055969 3.657326102256774 33.591313689947128 32.097892627120018 48.346199959516525 45.871381849050522 46.355310007929802 9.6682127565145493 39.802794367074966 26.76005294919014 8.3433578312396985 7.3095144480466834 24.520481795072556 18.819325879216194 72.385149002075195 6.6073737442493421 17.044090956449509 18.842175170779228 18.303018003702164 4.3679023832082731 3.7462543249130249 9.169950395822525 45.832685828208923 6.4109236001968375 4.6942169368267059 6.4412176609039298 6.086642622947692
leaf_count=202 243 467 690 279 20 176 159 261 257 247 52 223 139 43 39 129 99 398 34 85 101 95 23 20 48 252 35 22 35 33
internal_value=-0.00017577 0.0369593 -0.0270252 0.0611899 -0.00425803 0.0237172 0.10297 0.0261433 -0.00822989 0.00476747 -0.0577487 -0.0315446 0.0574452 0.100835 0.0395041 0.00110818 -0.0241803 -0.0394544 0.0657396 0.151897 -0.0255677 0.010472 0.02417 0.112287 0.062512 -0.0437451 -0.014721 0.143627 -0.0629813 -0.0205165
internal_weight=912.641 382.966 529.675 249.294 304.231 169.504 113.721 135.572 133.672 135.912 225.445 102.004 81.1394 35.1034 61.779 62.2008 74.1333 134.727 64.5795 49.142 43.3627 37.1223 54.4695 8.11416 18.8382 131.07 52.2436 11.3016 78.8264 54.4328
internal_count=4906 2022 2884 1298 1641 901 579 719 724 725 1243 553 425 182 329 330 396 740 335 244 230 194 290 43 100 720 287 56 433 294
is_linear=0
shrinkage=0.1


Tree=2
num_leaves=31
num_cat=0
split_feature=7 0 5 5 12 12 13 14 100 5 83 13 64 57 13 82 80 69 15 9 15 54 0 0 73 13 9 0 0 5
split_gain=74.3705 52.445 32.8107 25.8454 21.6189 18.1315 14.5423 12.2502 11.7631 11.5851 14.1336 10.1622 9.243 8.62195 8.22247 8.70511 8.05208 7.89529 7.52843 7.45826 8.23836 7.29357 8.05143 7.16736 7.10552 8.24798 6.90426 6.74348 12.7306 6.66536
threshold=1.0000000180025095e-35 11.824777603149416 1.0000000180025095e-35 1.0000000180025095e-35 1.0000000180025095e-35 1.0000000180025095e-35 1.0000000180025095e-35 1.0000000180025095e-35 1.0000000180025095e-35 1.0000000180025095e-35 1.0000000180025095e-35 1.0000000180025095e-35 1.0000000180025095e-35 1.0000000180025095e-35 1.0000000180025095e-35 1.0000000180025095e-35 1.0000000180025095e-35 1.0000000180025095e-35 1.0000000180025095e-35 1.0000000180025095e-35 1.0000000180025095e-35 1.0000000180025095e-35 14.528405189514162 2.6105407476425175 1.0000000180025095e-35 1.0000000180025095e-35 1.0000000180025095e-35 15.181382656097414 16.56947231292725 1.0000000180025095e-35
decision_type=2 2 2 2 2 2 2 2 2 2 2 2 2 2 2 2 2 2 2 2 2 2 2 2 2 2 2 2 2 2
left_child=1 2 5 6 9 11 17 12 14 10 -3 -1 29 19 -4 18 23 -2 -16 20 -7 22 -9 -13 25 26 -15 -19 -29 -6
right_child=3 4 8 -5 7 13 -8 21 -10 -11 -12 16 -14 24 15 -17 -18 27 -20 -21 -22 -23 -24 -25 -26 -27 -28 28 -30 -31
leaf_value=-0.034252328015155459 -0.049551651392500215 0.03927517188217472 -0.066928398036250239 -0.071288471693996255 0.13273979208507294 0.10776914211685069 0.01601675182864892 0.026033197571317303 0.12244642420145331 -0.0029897336035184892 0.16424208985845637 -0.087467627783708646 0.19997095454074648 0.16424711009816717 0.032828941806515098 -0.10777188463773089 -0.076834591732532043 -0.030467843430841291 -0.046539642098495648 -0.031696351752333672 -0.0084777555401221449 0.015518616055385718 0.16360881315220793 0.04858232710880514 0.054800824013254958 0.21882042656103826 0.014152881198806365 0.15431084659951777 -0.053407177053245582 0.053257616377094565
leaf_weight=54.566903352737427 102.22647927701473 53.388200610876083 74.78029827773571 131.85588911175728 29.010634154081345 13.831699892878532 88.584238976240158 7.7055142819881466 4.3317857384681693 52.099093869328499 10.897631242871283 4.1971319764852515 12.810589164495466 5.6510190665721911 28.640429228544235 8.8998193740844709 6.8740787357091895 17.606509506702427 20.509111806750298 15.63985340297222 10.901353016495705 22.536892667412758 9.4966988861560804 50.024321272969246 31.163280874490738 6.9845515787601462 6.6963106095790863 6.981297090649603 5.1103174984455109 16.58108152449131
leaf_count=301 579 274 434 769 139 70 467 37 24 272 55 22 61 29 150 50 36 95 108 83 56 112 46 261 158 35 35 38 28 82
internal_value=-0.000294577 0.0224111 -0.00180506 -0.0362651 0.0612078 0.0233744 -0.0153224 0.0957778 -0.039719 0.0320567 0.0604594 -0.00288794 0.124921 0.0568028 -0.0450075 -0.0167685 0.0251249 -0.0363659 -0.000289967 0.0223537 0.0565321 0.0529474 0.101984 0.0380511 0.0843461 0.131974 0.0828467 0.00902178 0.0665223 0.103833
internal_weight=910.583 558.218 343.692 352.365 214.526 206.531 220.509 98.1414 137.161 116.385 64.2858 115.662 58.4023 90.8681 132.83 58.0494 61.0955 131.925 49.1495 40.3729 24.7331 39.7391 17.2022 54.2215 50.4952 19.3319 12.3473 29.6981 12.0916 45.5917
internal_count=4906 2930 1852 1976 1078 1086 1207 477 766 601 329 620 282 466 742 308 319 740 258 209 126 195 83 283 257 99 64 161 66 221
is_linear=0
shrinkage=0.1


Tree=3
num_leaves=31
num_cat=0
split_feature=13 12 7 0 7 0 0 14 5 12 6 0 0 0 1 6 5 8 24 6 6 0 65 9 56 14 9 81 15 67
split_gain=64.4678 28.2784 26.4846 22.9826 21.0832 17.8004 15.5418 15.32 11.6738 11.5823 8.37958 8.68627 13.2031 8.12094 8.35142 7.43852 7.37191 7.60651 7.34008 7.0625 6.66638 8.03237 7.71644 6.57504 6.90618 6.34975 7.20697 6.09701 6.01871 5.81145
threshold=1.0000000180025095e-35 1.0000000180025095e-35 1.0000000180025095e-35 10.260096073150637 1.0000000180025095e-35 12.057495117187502 13.938398361206056 1.0000000180025095e-35 1.0000000180025095e-35 1.0000000180025095e-35 1.0000000180025095e-35 8.3682408332824725 4.3846678733825692 4.2108144760131845 -0.48695717751979822 1.0000000180025095e-35 1.0000000180025095e-35 1.0000000180025095e-35 1.0000000180025095e-35 1.0000000180025095e-35 1.0000000180025095e-35 12.699520587921144 1.0000000180025095e-35 1.0000000180025095e-35 1.0000000180025095e-35 1.0000000180025095e-35 1.0000000180025095e-35 1.0000000180025095e-35 1.0000000180025095e-35 1.0000000180025095e-35
decision_type=2 2 2 2 2 2 2 2 2 2 2 2 2 2 2 2 2 2 2 2 2 2 2 2 2 2 2 2 2 2
left_child=1 5 3 7 6 15 13 10 25 -5 -2 12 -12 -3 -15 -1 17 23 -16 28 -7 -22 -23 24 -6 26 -4 -11 -8 -14
right_child=2 4 8 9 16 20 19 -9 -10 27 11 -13 29 14 18 -17 -18 -19 -20 -21 21 22 -24 -25 -26 -27 -28 -29 -30 -31
leaf_value=-0.081468800321000678 0.019584253043221672 -0.051758912034198662 0.060463514367208183 0.052904647241675797 0.058643315795128693 -0.034664937990860505 0.090265810193500939 -0.020492065695684691 -0.049289468547169341 0.091228246804925847 0.027432899070942499 -0.019469126797901214 0.08942234652075734 0.16023036612107552 0.13392359121976533 -0.0411271277888808 -0.07601192407307919 0.036138264164601648 0.006015116794971455 0.13790532869032093 0.13307393137068016 -0.016684336395322758 0.098666344054757119 -0.098363921203547158 -0.052995159734913935 -0.022820967248681892 -0.011864542331767588 0.16251673793696064 -0.018402478984267032 0.20684244593224568
leaf_weight=99.974268734455109 46.915247485041618 18.967600584030151 36.897102639079094 67.464118838310242 9.0521756261587143 57.764606267213821 12.88894847035408 54.331202775239944 42.672996982932091 35.849498420953751 12.531643092632295 6.7402844727039328 6.8704340308904657 4.0787901729345313 4.7680167108774176 84.202665582299232 29.989560306072235 19.347846239805222 75.970134899020195 14.420006304979323 5.1951408237218848 36.722228273749352 6.8869214206933966 13.033179327845572 14.287109702825546 30.397094920277596 21.985320225358009 18.031414404511452 8.4305883198976517 10.905657082796097
leaf_count=592 243 107 193 335 52 320 62 294 257 164 62 34 33 22 24 486 183 111 398 67 27 197 37 75 81 159 115 80 43 53
internal_value=-0.000380422 -0.0235988 0.0302132 0.0487529 0.00299931 -0.0442037 0.0269789 0.0208838 -0.00626693 0.0805147 0.0476574 0.0832076 0.106042 0.00739342 0.0206216 -0.0630253 -0.0360362 -0.0145206 0.0135688 0.0838534 -0.0116755 0.0155347 0.00153228 -0.041468 -0.00969602 0.0142966 0.0334579 0.115085 0.0472941 0.16146
internal_weight=907.572 515.98 391.592 259.64 225.234 290.746 139.524 138.294 131.953 121.345 83.9633 37.048 30.3077 103.785 84.8169 184.177 85.7099 55.7203 80.7382 35.7395 106.569 48.8043 43.6091 36.3725 23.3393 89.2795 58.8824 53.8809 21.3195 17.7761
internal_count=4906 2884 2022 1298 1225 1659 723 719 724 579 425 182 148 551 444 1078 502 319 422 172 581 261 234 208 133 467 308 244 105 86
is_linear=0
shrinkage=0.1


Tree=4
num_leaves=31
num_cat=0
split_feature=5 7 9 14 7 0 0 0 6 8 12 6 13 65 12 1 0 80 15 79 73 36 9 81 1 45 12 0 14 0
split_gain=55.8013 36.3144 27.3719 20.0818 18.9983 18.7089 13.0621 12.3899 11.2108 13.9692 11.0825 9.11488 8.52308 8.43416 7.93687 9.97183 7.92115 7.82915 6.62792 6.59592 6.45881 9.14554 7.96885 6.37774 6.23332 5.89179 5.92817 5.87415 5.56971 6.98933
threshold=1.0000000180025095e-35 1.0000000180025095e-35 1.0000000180025095e-35 1.0000000180025095e-35 1.0000000180025095e-35 13.211498737335207 10.260096073150637 3.9917863607406621 1.0000000180025095e-35 1.0000000180025095e-35 1.0000000180025095e-35 1.0000000180025095e-35 1.0000000180025095e-35 1.0000000180025095e-35 1.0000000180025095e-35 -0.38535249233245844 9.3497605323791522 1.0000000180025095e-35 1.0000000180025095e-35 1.0000000180025095e-35 1.0000000180025095e-35 1.0000000180025095e-35 1.0000000180025095e-35 1.0000000180025095e-35 0.63586583733558666 1.0000000180025095e-35 1.0000000180025095e-35 5.07460641860962 1.0000000180025095e-35 12.057495117187502
decision_type=2 2 2 2 2 2 2 2 2 2 2 2 2 2 2 2 2 2 2 2 2 2 2 2 2 2 2 2 2 2
left_child=1 2 3 14 5 12 -5 -4 9 -3 -7 -9 25 27 15 -1 -10 -14 24 28 21 -18 -22 -17 -12 26 -2 -13 29 -11
right_child=4 8 7 6 -6 10 -8 11 16 19 18 13 17 -15 -16 23 20 -19 -20 -21 22 -23 -24 -25 -26 -27 -28 -29 -30 -31
leaf_value=-0.010835033251540636 -0.09939966147593654 -0.059247682787959423 -0.072937908157574227 -0.0096953284567501772 -0.063614711444654498 -0.0054224671244096946 0.067132307368049315 -0.0045925274651055208 -0.016402345463230942 -0.012976119417454364 0.21705538566117749 0.13525454002811563 0.003153365590393135 0.18607292279028739 0.11981844644853626 0.058721809449362908 -0.023716113391860298 -0.11322150513755336 0.012213492774376207 0.12706375764418984 0.12710822377733016 0.12305173410917435 -0.0034363558570977672 0.14373601669706337 0.080187150739897406 -0.016973515409946582 -0.035077334976186217 0.025352562308553362 -0.043593832780880311 0.089001479939593856
leaf_weight=12.920417800545691 34.13337367773056 75.65069206058979 17.168550878763199 43.90263643860817 122.5005349367857 38.40979215502739 44.622615873813629 76.40082186460495 42.835199415683746 17.805599629879001 4.369124889373782 5.4816831350326529 63.440668821334839 4.1621118783950797 55.171422570943832 23.203977629542351 19.239010795950893 6.3605021983385077 10.189526319503786 4.2656925916671744 14.155284374952318 5.4479361623525611 6.9826834648847571 14.239662289619444 13.956712380051611 28.456952542066574 24.694568976759911 43.113510563969612 19.688971400260925 10.795878842473028
leaf_count=69 211 427 96 239 769 201 216 394 240 100 20 28 326 19 252 116 104 37 49 24 75 29 38 69 64 165 146 213 112 58
internal_value=-0.000439874 0.0191543 0.0395304 0.0641545 -0.0319509 -0.0146355 0.0290309 0.0068737 -0.0128275 -0.0317349 0.02964 0.0174828 -0.0334987 0.0494513 0.0936168 0.0649141 0.0145134 -0.00745108 0.0768688 0.00786775 0.0434122 0.00867274 0.0839843 0.0910524 0.112818 -0.0543288 -0.0723987 0.0377498 -0.00266132 0.0255162
internal_weight=903.766 557.254 340.387 194.061 346.512 224.011 88.5253 146.327 216.867 128.207 66.9252 129.158 157.086 52.7573 105.535 50.3641 88.6601 69.8012 28.5154 52.5561 45.8249 24.6869 21.138 37.4436 18.3258 87.2849 58.8279 48.5952 48.2904 28.6015
internal_count=4906 2918 1711 961 1988 1219 455 750 1207 721 334 654 885 260 506 254 486 363 133 294 246 133 113 185 84 522 357 241 270 158
is_linear=0
shrinkage=0.1


Tree=5
num_leaves=31
num_cat=0
split_feature=13 12 5 30 0 9 7 82 0 14 0 0 7 12 69 99 6 88 67 95 83 7 0 0 5 21 0 0 7 8
split_gain=48.5935 21.1921 20.0008 16.4469 13.8929 13.783 13.6543 12.8528 10.2287 9.71536 8.96196 8.8267 8.37631 6.89149 6.8029 7.0044 6.53551 6.11686 6.81646 7.49399 6.69348 6.02152 5.92411 6.41082 5.83964 5.76856 5.65927 5.63116 11.3419 5.5611
threshold=1.0000000180025095e-35 1.0000000180025095e-35 1.0000000180025095e-35 1.0000000180025095e-35 12.057495117187502 1.0000000180025095e-35 1.0000000180025095e-35 1.0000000180025095e-35 13.938398361206056 1.0000000180025095e-35 17.498972892761234 8.2737851142883319 1.0000000180025095e-35 1.0000000180025095e-35 1.0000000180025095e-35 1.0000000180025095e-35 1.0000000180025095e-35 1.0000000180025095e-35 1.0000000180025095e-35 1.0000000180025095e-35 1.0000000180025095e-35 1.0000000180025095e-35 4.2108144760131845 4.9609856605529794 1.0000000180025095e-35 1.0000000180025095e-35 3.5961669683456425 11.108829498291017 1.0000000180025095e-35 1.0000000180025095e-35
decision_type=2 2 2 2 2 2 2 2 2 2 2 2 2 2 2 2 2 2 2 2 2 2 2 2 2 2 2 2 2 2
left_child=1 4 3 -2 16 9 8 10 22 13 12 -11 17 -5 15 21 -1 18 19 20 -4 -7 -3 -24 29 -10 -20 -13 -29 -8
right_child=2 6 7 5 -6 14 24 -9 25 11 -12 27 -14 -15 -16 -17 -18 -19 26 -21 -22 -23 23 -25 -26 -27 -28 28 -30 -31
leaf_value=-0.074917979156714706 0.2412615846822492 -0.04726546625033224 -0.023831433620334335 0.05264244509382511 -0.01084835611897773 0.0022650030677467958 -0.035765429619283404 -0.087678260132571573 0.080988813378963978 -0.01802387058310953 0.16210525804336193 0.12388323410648897 -0.04064279852501379 0.10628742829919008 0.062275750507050767 0.065429060382436025 -0.036060570923256638 0.13320117438508081 -0.046860967791227941 -0.13856527262512056 0.11312487959540232 -0.06472298493981056 0.10440420285874406 0.0070877883218432736 -0.068179237871930462 -0.032620371633430872 0.051807062041477392 0.079369589880177685 -0.062051380223071863 0.030570903311888459
leaf_weight=92.944583147764206 4.0793626457452765 18.257150635123253 23.439922302961353 53.211456879973412 105.655003875494 46.083968684077263 34.859441041946411 16.61602371931076 32.393379271030426 26.201619207859039 3.5759306550025931 9.6008322983980161 33.67946483194828 43.54348860681057 19.223938494920731 12.166912123560904 81.011851385235786 4.4044504314661017 6.8391225188970557 4.7815570980310431 4.2093554139137259 18.93113999068737 7.4039214402437201 78.970485061407089 27.544150143861771 5.1846356093883506 38.747807532548904 17.804479151964188 8.3214857280254382 19.824143975973129
leaf_count=592 19 107 118 258 581 230 208 99 148 142 18 50 217 199 92 61 486 22 36 24 20 101 38 406 183 24 191 81 44 111
internal_value=-0.00049234 -0.0210798 0.025748 0.0420566 -0.0394502 0.0388709 0.00180679 -0.00526361 0.0205624 0.056989 0.00617883 0.0260608 0.0013763 0.0767848 0.00904877 -0.00420862 -0.056822 0.0185462 0.0120734 -0.0229714 -0.00298106 -0.0172406 0.00448998 0.0154296 -0.0306303 0.0653142 0.0370045 0.0583919 0.034325 -0.0117169
internal_weight=899.511 504.049 395.462 259.169 279.611 255.089 224.437 136.294 142.21 158.683 119.678 61.9284 116.102 96.7549 96.406 77.182 173.956 82.4222 78.0178 32.4308 27.6493 65.0151 104.632 86.3744 82.2277 37.578 45.5869 35.7268 26.126 54.6836
internal_count=4906 2884 2022 1277 1659 1258 1225 745 723 774 646 317 628 457 484 392 1078 411 389 162 138 331 551 444 502 172 227 175 125 319
is_linear=0
shrinkage=0.1


Tree=6
num_leaves=31
num_cat=0
split_feature=5 7 9 7 0 14 0 0 14 9 0 0 9 12 0 6 58 65 1 0 0 82 54 81 83 22 67 6 11 0
split_gain=40.5156 25.6753 18.7839 14.2459 13.6091 13.4353 9.56352 9.50544 9.3198 12.4184 8.11859 11.5567 7.26873 7.25706 7.21136 7.06356 6.60327 5.90989 5.53678 5.20472 5.19217 5.41849 5.78989 5.17072 5.16953 7.08892 5.43995 6.2888 5.1074 5.04302
threshold=1.0000000180025095e-35 1.0000000180025095e-35 1.0000000180025095e-35 1.0000000180025095e-35 13.211498737335207 1.0000000180025095e-35 3.9917863607406621 15.034907817840578 1.0000000180025095e-35 1.0000000180025095e-35 15.368925571441652 17.229294776916507 1.0000000180025095e-35 1.0000000180025095e-35 6.9705681800842294 1.0000000180025095e-35 1.0000000180025095e-35 1.0000000180025095e-35 0.099551297724246993 4.3846678733825692 12.746064186096193 1.0000000180025095e-35 1.0000000180025095e-35 1.0000000180025095e-35 1.0000000180025095e-35 1.0000000180025095e-35 1.0000000180025095e-35 1.0000000180025095e-35 1.0000000180025095e-35 16.223134994506839
decision_type=2 2 2 2 2 2 2 2 2 2 2 2 2 2 2 2 2 2 2 2 2 2 2 2 2 2 2 2 2 2
left_child=1 2 5 4 12 18 -4 16 9 10 -3 -12 19 -6 -10 -8 -7 -17 24 -2 21 22 -21 29 25 26 -1 28 -28 -9
right_child=3 8 6 -5 13 7 15 23 14 -11 11 -13 -14 -15 -16 17 -18 -19 -20 20 -22 -23 -24 -25 -26 -27 27 -29 -30 -31
leaf_value=-0.024378691648349993 -0.054032963945059242 0.016271898592024419 -0.066817775240952421 -0.056689653314009963 -0.0047604786361148182 -0.026411786097739622 -0.0050095001405843203 -0.017236237165315371 -0.079760525521732628 -0.034240231848109363 0.17916054490373068 -0.033477755534699116 -0.059588538793700553 0.061138771129511965 -0.016717012947689396 0.032378583283250564 0.034295936946064462 0.15296081981667062 0.098629222736636657 0.047921772356036063 -0.090052306305635862 -0.062923846696411309 -0.01459766688570047 0.17260133654512677 0.12309050805303755 0.14750878232054981 0.087978269380583063 0.10544626661332013 -0.036019356540347477 0.11911573639428595
leaf_weight=14.066845849156378 24.267820954322815 71.386275172233582 16.237764447927475 114.3569465726614 38.236422255635262 31.024816006422043 76.26069301366806 5.2518421709537524 27.399787858128548 50.215701803565025 7.5439339876174909 3.865644708275795 53.231942266225815 29.684085205197334 53.712586164474487 49.454833224415779 42.408958911895752 4.4285161495208731 54.827023088932037 31.208093389868736 5.9900460541248313 9.5453795343637449 28.196265399456024 5.4432945698499671 9.0015389472246152 5.4369352757930747 5.1495079994201651 12.180586650967598 9.3590352088212967 5.609904870390892
leaf_count=68 146 389 96 769 201 165 394 24 165 289 38 20 317 133 306 241 216 19 243 171 30 60 161 24 41 26 25 57 46 26
internal_value=-0.000524603 0.0159208 0.0327579 -0.0280518 -0.01319 0.0526992 0.00554487 0.0239836 -0.0112971 0.00499472 0.0287907 0.107117 -0.0297782 0.0240402 -0.0380131 0.0145734 0.00864771 0.0422889 0.0761211 -0.0137829 -0.000748628 0.00700968 0.0182469 0.0930526 0.0537627 0.0402529 0.0259448 0.0524684 0.00799104 0.0531872
internal_weight=894.983 560.266 346.142 334.717 220.36 199.76 146.382 89.7388 214.124 133.012 82.7959 11.4096 152.44 67.9205 81.1124 130.144 73.4338 53.8833 110.021 99.2076 74.9398 68.9497 59.4044 16.305 55.1944 46.1929 40.756 26.6891 14.5085 10.8617
internal_count=4906 2918 1711 1988 1219 961 750 455 1207 736 447 58 885 334 471 654 381 260 506 568 422 392 332 74 263 222 196 128 71 50
is_linear=0
shrinkage=0.1


Tree=7
num_leaves=31
num_cat=0
split_feature=13 6 44 12 65 0 6 85 12 5 9 15 12 99 0 134 1 67 26 82 0 70 7 67 21 0 0 68 0 26
split_gain=38.1967 18.07 14.5908 14.1186 12.5609 12.1583 10.5847 10.0711 10.0369 9.84639 9.02509 9.3286 9.00882 11.1761 7.48315 7.1827 8.68528 6.50095 6.3595 6.1228 6.07476 5.8695 7.42185 6.34754 5.59426 6.26371 5.61563 5.52712 8.41754 5.35483
threshold=1.0000000180025095e-35 1.0000000180025095e-35 1.0000000180025095e-35 1.0000000180025095e-35 1.0000000180025095e-35 9.2238192558288592 1.0000000180025095e-35 1.0000000180025095e-35 1.0000000180025095e-35 1.0000000180025095e-35 1.0000000180025095e-35 1.0000000180025095e-35 1.0000000180025095e-35 1.0000000180025095e-35 8.9486651420593279 1.0000000180025095e-35 0.80591678619384777 1.0000000180025095e-35 1.0000000180025095e-35 1.0000000180025095e-35 13.938398361206056 1.0000000180025095e-35 1.0000000180025095e-35 1.0000000180025095e-35 1.0000000180025095e-35 7.0266940593719491 10.788501262664797 1.0000000180025095e-35 13.474332809448244 1.0000000180025095e-35
decision_type=2 2 2 2 2 2 2 2 2 2 2 2 2 2 2 2 2 2 2 2 2 2 2 2 2 2 2 2 2 2
left_child=1 2 -1 6 7 -5 19 9 20 12 11 18 27 -14 -11 16 -8 -17 -10 -2 -4 23 -23 -7 25 -13 -27 -3 -29 -6
right_child=3 4 8 5 29 21 15 -9 10 14 -12 24 13 -15 -16 17 -18 -19 -20 -21 -22 22 -24 -25 -26 26 -28 28 -30 -31
leaf_value=0.070765378679384441 -0.0033244303943261062 -0.027913121848210421 -0.071984523247605223 0.015404985009999376 0.1491182634713859 0.060055074298095736 0.011028779214558665 0.12713687356939798 -0.013082643257478585 -0.069117544121132843 -0.055416861611519597 -0.07785441216152976 0.020528023176576857 0.14300338052074382 -0.0071615776062726039 0.032621415494688243 0.10814504941287127 0.18034466780383307 0.064263660114512136 -0.069792682341591486 -0.022324888452039782 0.069776899028742845 -0.023833724807965948 0.14408416008464647 -0.13316380427150928 0.10510032598745288 -0.019590802139071301 0.14195268833847305 -0.019342816028265448 0.017259244650308394
leaf_weight=12.162641838192938 120.65288817882538 55.228615909814835 103.27624060213566 70.773663550615311 7.9037127047777158 17.923055604100227 81.992049843072891 5.7147294580936423 18.683743000030518 35.505773320794106 47.200645610690117 11.847969725728037 45.378651812672615 8.9142823219299299 43.23134446144104 6.1309161335229856 10.373848870396612 5.7947992086410522 24.661718741059303 15.657095432281492 32.349152341485023 38.199830710887909 10.882409721612929 18.036183059215546 5.3014633804559699 5.0612964928150204 12.611894577741621 5.2842442989349356 8.3451680541038495 5.0461394935846329
leaf_count=67 638 312 685 370 37 86 423 32 104 238 274 72 230 42 253 30 50 28 133 89 186 160 60 88 30 29 66 26 42 26
internal_value=-0.000543536 -0.0191056 -0.0362963 0.0225743 0.00218521 0.0460255 0.00738715 -0.00377513 -0.0412856 -0.00748078 -0.0208888 -3.95737e-05 0.0101777 0.0406371 -0.0351 0.031366 0.0219362 0.104401 0.0309241 -0.0109592 -0.0601398 0.0715086 0.0490218 0.102202 -0.0385816 -0.0215964 0.0161186 -0.0138388 0.0431929 0.0977371
internal_weight=890.126 493.709 273.157 396.417 220.553 155.815 240.602 207.603 260.994 201.888 125.369 78.1681 123.151 54.2929 78.7371 104.292 92.3659 11.9257 43.3455 136.31 135.625 85.0415 49.0822 35.9592 34.8226 29.5212 17.6732 68.858 13.6294 12.9499
internal_count=4906 2884 1646 2022 1238 764 1258 1175 1579 1143 708 434 652 272 491 531 473 58 237 727 871 394 220 174 197 167 95 380 68 63
is_linear=0
shrinkage=0.1


Tree=8
num_leaves=31
num_cat=0
split_feature=13 5 5 30 0 82 9 1 0 7 15 0 22 220 14 9 7 56 94 0 0 15 65 6 21 83 0 83 11 132
split_gain=31.1336 15.2539 12.3949 11.7426 10.2627 10.0362 8.41238 8.17857 8.12656 8.08734 7.88225 9.44548 9.56991 7.75314 6.75373 6.19438 6.22038 8.63618 7.35997 6.13885 5.89038 5.70245 5.64709 5.55482 7.57795 5.26307 5.22596 4.82608 5.97107 4.66701
threshold=1.0000000180025095e-35 1.0000000180025095e-35 1.0000000180025095e-35 1.0000000180025095e-35 15.181382656097414 1.0000000180025095e-35 1.0000000180025095e-35 0.81200090050697338 5.1663243770599374 1.0000000180025095e-35 1.0000000180025095e-35 2.6105407476425175 1.0000000180025095e-35 1.0000000180025095e-35 1.0000000180025095e-35 1.0000000180025095e-35 1.0000000180025095e-35 1.0000000180025095e-35 1.0000000180025095e-35 17.498972892761234 13.938398361206056 1.0000000180025095e-35 1.0000000180025095e-35 1.0000000180025095e-35 1.0000000180025095e-35 1.0000000180025095e-35 16.495551109313968 1.0000000180025095e-35 1.0000000180025095e-35 1.0000000180025095e-35
decision_type=2 2 2 2 2 2 2 2 2 2 2 2 2 2 2 2 2 2 2 2 2 2 2 2 2 2 2 2 2 2
left_child=1 4 3 -2 9 19 10 -6 -3 22 11 -5 14 15 -13 16 17 20 29 21 -10 -4 23 -1 25 -25 -8 -12 -29 -18
right_child=2 8 5 6 7 -7 26 -9 13 -11 27 12 -14 -15 -16 -17 18 -19 -20 -21 -22 -23 -24 24 -26 -27 -28 28 -30 -31
leaf_value=-0.019198334058743396 0.1949423162311078 -0.078916259481403697 0.01865094012710625 -0.066643426798321026 0.084017371322603715 -0.080985800457700055 -0.0010721725064695247 0.0026361938272522565 0.020608085797842953 -0.033211399499628112 0.0056787183547169478 0.084842572798033727 0.18033078840050162 0.10715168416607956 0.026423087353035259 -0.06031616261077978 -0.076525678548124268 -0.026205453595760864 0.092430281522764224 0.13004165192141676 0.13752615501014318 -0.027102134906486788 0.12140390883003152 -0.0044334410048684821 0.111290966531155 0.077189907604463412 0.077343304445719574 0.14356026534295377 0.0075866932760292674 0.058092699908638371
leaf_weight=71.341246917843819 4.3868084549903861 41.126302480697632 70.786148741841316 5.3309569507837287 21.769424468278885 15.252087190747259 87.239352166652679 28.536657601594925 15.291212722659113 102.21181863546371 56.672058343887329 47.685050323605537 7.2709963768720618 4.0838754475116721 33.827551409602165 51.835588529706001 29.487175330519676 37.458710536360741 3.2807972878217688 3.8112943470478049 5.9997518211603156 44.282108023762703 3.9581538140773764 50.160742521286011 8.1401348114013654 9.3763538599014264 9.4162381589412671 6.2572993636131269 6.6743867993354797 2.8217590004205695
leaf_count=400 19 297 384 27 106 99 441 140 90 636 269 214 34 22 171 338 209 214 23 18 29 244 18 257 39 45 43 28 31 21
internal_value=-0.000565269 -0.0175348 0.0201474 0.0326942 -0.00328994 -0.0046185 0.0299606 0.037853 -0.0395287 -0.0117314 0.0437717 0.0626413 0.0704042 -0.0287481 0.0605986 -0.032545 -0.0172858 0.00269998 -0.0502774 0.00517932 0.0535554 0.00104363 0.00362437 0.000270939 0.0207943 0.00842122 0.0065671 0.0182571 0.0733807 -0.0647685
internal_weight=885.772 486.88 398.892 264.761 295.495 134.132 260.374 50.3061 191.385 245.188 163.718 94.1146 88.7836 150.259 81.5126 146.175 94.3394 58.7497 35.5897 118.88 21.291 115.068 142.977 139.018 67.6772 59.5371 96.6556 69.6037 12.9317 32.3089
internal_count=4906 2884 2022 1277 1641 745 1258 246 1243 1395 774 446 419 946 385 924 586 333 253 646 119 628 759 741 341 302 484 328 59 230
is_linear=0
shrinkage=0.1


Tree=9
num_leaves=31
num_cat=0
split_feature=7 1 13 5 12 138 62 10 0 14 9 14 84 0 9 9 0 63 102 139 0 1 14 68 99 1 73 99 65 16
split_gain=25.7078 17.3524 13.6878 10.7071 9.89257 7.62856 7.75351 7.26989 7.2547 7.07213 8.83417 6.59487 7.67401 7.48284 7.66576 6.09896 5.84852 5.62987 5.58303 5.51045 5.09253 4.79538 6.64998 4.73329 4.73101 4.68628 5.65223 5.74517 5.16738 4.28364
threshold=1.0000000180025095e-35 -0.52635180950164784 1.0000000180025095e-35 1.0000000180025095e-35 1.0000000180025095e-35 1.0000000180025095e-35 1.0000000180025095e-35 1.0000000180025095e-35 16.495551109313968 1.0000000180025095e-35 1.0000000180025095e-35 1.0000000180025095e-35 1.0000000180025095e-35 4.850102663040162 1.0000000180025095e-35 1.0000000180025095e-35 6.9705681800842294 1.0000000180025095e-35 1.0000000180025095e-35 1.0000000180025095e-35 4.6392881870269784 -0.38535249233245844 1.0000000180025095e-35 1.0000000180025095e-35 1.0000000180025095e-35 -0.024564606137573716 1.0000000180025095e-35 1.0000000180025095e-35 1.0000000180025095e-35 1.0000000180025095e-35
decision_type=2 2 2 2 2 2 2 2 2 2 2 2 2 2 2 2 2 2 2 2 2 2 2 2 2 2 2 2 2 2
left_child=1 5 4 9 15 7 -7 -1 11 10 17 12 13 -4 -15 21 -11 24 -13 -17 -6 -3 23 -23 -2 -22 27 28 -27 -16
right_child=3 2 8 -5 20 6 -8 -9 -10 16 -12 18 -14 14 29 19 -18 -19 -20 -21 25 22 -24 -25 -26 26 -28 -29 -30 -31
leaf_value=-0.072681557930896409 0.007227525778689888 -0.072003180317091117 0.14593543555730079 -0.049282282001093886 0.13616076964454285 0.1084338036908703 -0.0723691478122961 -0.0069128546323972435 0.089578710265680664 -0.073519431345053163 -0.030184610683135927 0.015218754333018975 0.13759224509964477 0.053213377251144903 0.023854107351785517 -0.051060946429223181 -0.015211434424220469 0.14088664503641743 -0.098397486965692962 0.049823638424006035 -0.009242679612413705 0.020100030420148764 -0.019578499981352054 0.104443740041103 0.074203341266483008 0.022367839653058504 0.0017801961557522635 0.12012034320753207 0.12799893850368585 -0.042616226335462276
leaf_weight=37.9952277764678 67.773948431015015 7.6319323927164069 6.1706964671611777 105.98694763332605 3.8950929939746848 7.0419823676347715 3.5764550492167473 30.138555817306042 23.618945717811584 25.468215823173523 48.666164845228195 75.913150526583195 8.4309090226888639 68.714989796280861 25.572862267494202 50.883762389421463 53.00336292386055 3.8864600509405127 4.5863262414932242 6.0589374601840964 37.731137320399284 24.120855063199997 33.832955956459045 9.1881126314401609 12.490436211228369 33.422217845916748 33.87185226380825 10.585389345884321 5.3760600239038459 15.615275293588637
leaf_count=227 365 50 30 769 19 42 23 177 99 165 289 375 39 310 122 315 306 19 23 36 204 137 194 44 63 155 162 49 23 75
internal_value=-0.000573028 0.0122377 0.0193043 -0.0233447 0.00345056 -0.0313024 0.0475366 -0.0435892 0.0370979 -0.0103338 0.00372882 0.0310515 0.0454735 0.0387825 0.0327662 -0.0156681 -0.0341355 0.0233417 0.00874565 -0.0403264 0.0236156 0.00311003 0.011648 0.0433658 0.01765 0.0199922 0.0332414 0.0548204 0.0370045 -0.00134617
internal_weight=881.249 563.974 485.221 317.276 256.598 78.7522 10.6184 68.1338 228.623 211.289 132.817 205.004 124.505 116.074 109.903 131.717 78.4716 84.1508 80.4995 56.9427 124.882 74.7739 67.1419 33.309 80.2644 120.987 83.2555 49.3837 38.7983 41.1881
internal_count=4906 2930 2461 1976 1388 469 65 404 1073 1207 736 974 576 537 507 776 471 447 398 351 612 425 375 181 428 593 389 227 178 197
is_linear=0
shrinkage=0.1


Tree=10
num_leaves=31
num_cat=0
split_feature=5 7 9 7 0 14 6 8 0 0 14 26 0 9 22 60 1 0 14 69 8 79 100 1 129 1 16 9 0 73
split_gain=23.979 15.201 11.3304 8.2846 8.06458 7.57974 6.83763 11.2641 6.64703 6.01746 5.97535 6.81749 6.12493 5.58257 5.45593 9.52681 5.34412 7.52944 10.8782 5.95668 6.27753 5.10271 5.06891 4.85287 8.13384 7.13685 4.77755 4.68904 4.3257 4.09328
threshold=1.0000000180025095e-35 1.0000000180025095e-35 1.0000000180025095e-35 1.0000000180025095e-35 13.211498737335207 1.0000000180025095e-35 1.0000000180025095e-35 1.0000000180025095e-35 3.9917863607406621 10.260096073150637 1.0000000180025095e-35 1.0000000180025095e-35 14.29021215438843 1.0000000180025095e-35 1.0000000180025095e-35 1.0000000180025095e-35 0.61715719103813182 5.07460641860962 1.0000000180025095e-35 1.0000000180025095e-35 1.0000000180025095e-35 1.0000000180025095e-35 1.0000000180025095e-35 -0.46003498136997217 1.0000000180025095e-35 -0.21636626124382016 1.0000000180025095e-35 1.0000000180025095e-35 16.223134994506839 1.0000000180025095e-35
decision_type=2 2 2 2 2 2 2 2 2 2 2 2 2 2 2 2 2 2 2 2 2 2 2 2 2 2 2 2 2 2
left_child=1 2 5 4 22 -1 7 -3 -4 -7 11 -6 -12 -13 16 -16 17 18 -10 -18 -21 -9 27 -8 25 -25 -14 -2 -5 -27
right_child=3 6 8 28 10 9 23 21 14 -11 12 13 26 -15 15 -17 19 -19 -20 20 -22 -23 -24 24 -26 29 -28 -29 -30 -31
leaf_value=0.057041597626905471 -0.015464425790788706 -0.051007002845872201 -0.059482544436072704 -0.052780829729495687 0.07629901321812535 -0.0086924953473426561 -0.037253829843636461 0.0010454066634274237 0.15589038153119061 0.042908090639734692 0.074167270280795256 0.032006341657060691 -0.073137855538528099 -0.098185480948316931 -0.013086197217748294 0.18898002544917936 -0.0097317176447834965 -0.018233538532277944 -0.046778532208886066 0.12276900184275114 -0.0008414549082098547 0.1134231844947482 0.066169035709087748 -0.072284131882118255 0.15209195551554863 0.0031715729482738454 0.019554847051576858 -0.05421832185816608 0.015687533029406883 0.05612680746704151
leaf_weight=113.59651246666908 92.624996073544025 69.795330211520195 15.103269279003142 92.274647764861584 23.655763640999794 43.26817786693573 16.505527779459953 46.757953613996506 6.2901618927717191 47.311371967196465 5.9424683451652554 10.296615377068518 15.206668823957443 4.8425555378198615 4.8456527292728406 4.5000967085361481 13.464482292532923 78.940144956111908 4.5744147449731827 11.437332436442377 6.4115898609161368 4.4227335155010215 5.8909145891666403 8.3741300702095014 4.5617135465145102 33.370651915669441 8.7658389806747437 47.096438691020012 10.25257098674774 25.945523768663406
leaf_count=506 546 427 96 696 112 239 99 270 31 216 30 48 76 25 26 22 61 410 25 50 29 24 32 48 26 181 43 307 73 132
internal_value=-0.000574245 0.0118743 0.0246388 -0.0225552 -0.0113713 0.0398365 -0.00941129 -0.0248771 0.00332212 0.0182594 0.0168676 0.0427633 -0.0167151 -0.00963802 0.0105928 0.0842112 0.00491219 -0.00749144 0.0705588 0.040485 0.0783663 0.0107564 -0.0246963 0.0116685 0.0228445 0.0141344 -0.0392436 -0.0285273 -0.0459341 0.0263348
internal_weight=876.326 559.477 349.743 316.849 214.322 204.176 209.734 120.976 145.567 90.5795 68.7099 38.7949 29.915 15.1392 130.464 9.34575 121.118 89.8047 10.8646 31.3134 17.8489 51.1807 145.612 88.7575 72.252 67.6903 23.9725 139.721 102.527 59.3162
internal_count=4906 2918 1711 1988 1219 961 1207 721 750 455 334 185 149 73 654 48 606 466 56 140 79 294 885 486 387 361 119 853 769 313
is_linear=0
shrinkage=0.1


Tree=11
num_leaves=31
num_cat=0
split_feature=13 6 44 12 65 85 9 82 0 12 15 12 6 99 0 73 134 1 26 108 15 21 70 26 67 0 10 7 1 0
split_gain=21.4224 12.7562 11.4313 9.87024 8.22261 8.10406 7.77464 7.68674 7.63454 7.17896 7.61974 6.71564 6.63743 5.72736 5.64332 5.37288 5.24142 5.69584 5.54234 5.19223 6.08307 5.13115 4.98542 4.93458 4.84055 4.75924 4.68415 4.65493 4.50861 4.43065
threshold=1.0000000180025095e-35 1.0000000180025095e-35 1.0000000180025095e-35 1.0000000180025095e-35 1.0000000180025095e-35 1.0000000180025095e-35 1.0000000180025095e-35 1.0000000180025095e-35 9.2238192558288592 1.0000000180025095e-35 1.0000000180025095e-35 1.0000000180025095e-35 1.0000000180025095e-35 1.0000000180025095e-35 16.495551109313968 1.0000000180025095e-35 1.0000000180025095e-35 0.80591678619384777 1.0000000180025095e-35 1.0000000180025095e-35 1.0000000180025095e-35 1.0000000180025095e-35 1.0000000180025095e-35 1.0000000180025095e-35 1.0000000180025095e-35 5.2279260158538827 1.0000000180025095e-35 1.0000000180025095e-35 0.69503384828567516 11.824777603149416
decision_type=2 2 2 2 2 2 2 2 2 2 2 2 2 2 2 2 2 2 2 2 2 2 2 2 2 2 2 2 2 2
left_child=1 2 -1 7 5 11 9 12 -5 14 23 -3 19 -13 26 -15 17 28 -18 20 -2 25 24 -11 -10 -12 -4 -24 29 -14
right_child=3 4 6 8 -6 -7 -8 -9 22 10 21 13 16 15 -16 -17 18 -19 -20 -21 -22 -23 27 -25 -26 -27 -28 -29 -30 -31
leaf_value=0.063753817241765182 0.010753750925792272 -0.021429893723468669 -0.080220067002148954 0.011638402514029249 0.079162201987282077 0.11332198113475088 -0.055553762118190068 -0.043571060459233812 0.046902185830853038 -0.010590120261885223 -0.094405790657751065 0.00429676868253986 0.0011898546534351178 0.13202185700546856 0.048231874985096686 0.0071504180025931362 0.028068973287764865 0.090593373150520073 0.16788138004925779 0.069510504811203119 -0.03610124537694976 -0.12976063229131116 0.051233798641888421 0.057871356944533839 0.11910334889456808 0.0034676676321553491 -0.023681285654242587 -0.023194684064492085 -0.09337424617814967 0.059066059554467969
leaf_weight=12.378915801644323 60.559328466653824 112.7257127314806 30.928827852010727 70.94483358412981 13.293107360601423 5.9122919440269461 103.58180440962315 30.017266690731049 18.285899072885513 18.211218357086182 6.4041302502155331 69.662744462490082 46.524922713637352 7.5002842545509321 6.0191302299499503 6.374040886759758 5.9731558710336667 10.460328832268713 5.3972882479429245 8.702869310975073 51.07917420566082 4.8462305814027777 38.751253291964531 24.955743670463562 18.865227714180946 22.159786090254784 27.846380330622196 10.72968830168247 3.8761935383081427 18.481548771262169
leaf_count=67 323 693 219 370 63 32 702 170 86 104 43 383 242 35 34 32 28 48 24 47 268 30 160 133 88 124 190 60 19 89
internal_value=-0.000575408 -0.0149723 -0.0300026 0.0164994 0.0029782 -0.00203093 -0.0347406 0.00377783 0.0359618 -0.019491 0.00123757 -0.00550587 0.010512 0.0159822 -0.043989 0.0746543 0.0309376 0.021838 0.0944347 -0.00488478 -0.0106843 -0.0346181 0.0558807 0.0289889 0.0835657 -0.0184759 -0.0534333 0.0350944 0.011397 0.0176442
internal_weight=871.449 472.8 257.332 398.649 215.468 202.175 244.953 241.072 157.577 141.371 76.5771 196.263 211.055 83.5371 64.7943 13.8743 90.7134 79.343 11.3704 120.341 111.639 33.4101 86.6321 43.167 37.1511 28.5639 58.7752 49.4809 68.8827 65.0065
internal_count=4906 2884 1646 2022 1238 1175 1579 1258 764 877 434 1143 1088 450 443 67 450 398 52 638 591 197 394 237 174 167 409 220 350 331
is_linear=0
shrinkage=0.1


Tree=12
num_leaves=31
num_cat=0
split_feature=5 7 9 82 13 104 0 0 11 0 93 15 101 81 0 80 22 1 80 140 0 220 9 1 0 0 81 12 0 31
split_gain=19.4043 11.4568 8.45549 6.79774 7.37622 6.44801 6.16548 6.0193 6.80441 6.5105 5.83181 5.67093 6.32819 5.83128 5.84645 6.30829 6.18253 5.30737 6.42095 5.29846 5.23894 5.10009 5.44216 5.08797 4.91813 4.58537 4.57846 4.41917 7.46257 4.9841
threshold=1.0000000180025095e-35 1.0000000180025095e-35 1.0000000180025095e-35 1.0000000180025095e-35 1.0000000180025095e-35 1.0000000180025095e-35 4.3846678733825692 10.260096073150637 1.0000000180025095e-35 3.6783025264739995 1.0000000180025095e-35 1.0000000180025095e-35 1.0000000180025095e-35 1.0000000180025095e-35 11.934291839599611 1.0000000180025095e-35 1.0000000180025095e-35 0.718609780073166 1.0000000180025095e-35 1.0000000180025095e-35 3.9917863607406621 1.0000000180025095e-35 1.0000000180025095e-35 -0.52635180950164784 15.51813840866089 17.229294776916507 1.0000000180025095e-35 1.0000000180025095e-35 4.2108144760131845 1.0000000180025095e-35
decision_type=2 2 2 2 2 2 2 2 2 2 2 2 2 2 2 2 2 2 2 2 2 2 2 2 2 2 2 2 2 2
left_child=1 2 5 4 6 7 -2 8 9 -1 -6 12 13 19 15 16 -15 18 -13 -3 -4 22 -8 -11 -16 -19 -9 -10 -29 -30
right_child=3 11 20 -5 10 -7 21 26 27 23 -12 17 -14 14 24 -17 -18 25 -20 -21 -22 -23 -24 -25 -26 -27 -28 28 29 -31
leaf_value=0.11698834934306078 -0.074031506240727352 0.02633983989198839 -0.054242282608472907 -0.060424074796738197 0.0081720988932131242 -0.054854615529548845 -0.0096034084420706309 0.039729799497320292 -0.036715054435574206 -0.085513834352794013 -0.10739519700123884 -0.048818203190905407 0.13336380287105098 -0.055666560225179032 -0.13406835745930046 0.068924254112657041 0.05274539658975208 0.070427323135583739 0.061993611900511648 -0.08610506410858558 0.0094086424973316291 0.086404467278138997 -0.054149787062017923 0.038915095111381637 -0.0090389987569542939 -0.060497669709505743 0.084849970152211796 -0.085201977167448026 0.083013031932732129 -0.038293238099335263
leaf_weight=10.295238003134726 25.869169302284718 67.997968219220638 14.360864087939261 37.685037679970264 113.40272895991802 7.7444897145032874 83.492305591702461 63.518213465809822 24.030674114823341 3.5956035256385794 4.5413650572299948 62.926581457257271 3.7413550913333884 20.671502351760868 7.6584399789571744 8.8419869691133481 7.0558195859193793 8.8417548984289152 5.7030157148838034 4.4657500311732283 129.8775200098753 4.3107659518718711 40.839773260056973 38.197151601314545 5.3396941125392914 3.8354228585958472 34.816684365272522 4.9073469936847713 13.953432694077494 4.4727497249841681
leaf_count=51 215 393 96 270 624 37 538 277 132 19 22 380 21 127 42 50 42 44 34 26 654 22 297 187 28 20 151 24 62 21
internal_value=-0.000570275 0.0105946 0.0216313 -0.0206164 -0.0151104 0.0346563 -0.029486 0.0381612 0.0208143 0.0457571 0.00372225 -0.00804713 0.00525831 0.00133072 -0.0251 -0.0046247 -0.0280788 -0.0286292 -0.0396099 0.0194102 0.00307134 -0.0205282 -0.0242357 0.02821 -0.0827057 0.0308166 0.0557052 -0.00661602 0.0243823 0.0535673
internal_weight=866.99 556.849 349.77 310.141 272.456 205.532 154.512 197.787 99.4522 52.088 117.944 207.079 125.773 122.031 49.5674 36.5693 27.7273 81.3068 68.6296 72.4637 144.238 128.643 124.332 41.7928 12.9981 12.6772 98.3349 47.3642 23.3335 18.4262
internal_count=4906 2918 1711 1988 1718 961 1072 924 496 257 646 1207 729 708 289 219 169 478 414 419 750 857 835 206 70 64 428 239 107 83
is_linear=0
shrinkage=0.1


Tree=13
num_leaves=31
num_cat=0
split_feature=13 6 44 12 0 65 97 82 12 0 1 14 6 11 54 7 101 26 10 73 16 53 108 0 0 134 26 1 108 15
split_gain=15.9975 10.4548 9.12839 7.59173 6.66634 6.52349 7.58298 6.13364 6.07729 5.94878 5.44177 5.41798 5.17712 5.00683 6.05109 4.882 5.33864 4.64009 4.5656 4.17272 6.87869 5.85325 5.56664 4.16297 4.28181 4.13377 4.28288 4.26626 4.04172 4.90436
threshold=1.0000000180025095e-35 1.0000000180025095e-35 1.0000000180025095e-35 1.0000000180025095e-35 4.0835044384002694 1.0000000180025095e-35 1.0000000180025095e-35 1.0000000180025095e-35 1.0000000180025095e-35 9.2238192558288592 0.94737243652343761 1.0000000180025095e-35 1.0000000180025095e-35 1.0000000180025095e-35 1.0000000180025095e-35 1.0000000180025095e-35 1.0000000180025095e-35 1.0000000180025095e-35 1.0000000180025095e-35 1.0000000180025095e-35 1.0000000180025095e-35 1.0000000180025095e-35 1.0000000180025095e-35 13.938398361206056 11.377138614654543 1.0000000180025095e-35 1.0000000180025095e-35 0.80591678619384777 1.0000000180025095e-35 1.0000000180025095e-35
decision_type=2 2 2 2 2 2 2 2 2 2 2 2 2 2 2 2 2 2 2 2 2 2 2 2 2 2 2 2 2 2
left_child=1 2 -1 7 -4 6 10 12 19 -5 15 17 28 18 23 16 -3 -8 -10 22 -21 -22 -6 24 -15 27 -27 -14 29 -2
right_child=3 5 4 9 8 -7 11 -9 13 -11 -12 -13 25 14 -16 -17 -18 -19 -20 20 21 -23 -24 -25 -26 26 -28 -29 -30 -31
leaf_value=0.055544616101018643 0.0090297917108099444 0.0028811642716109758 -0.076613825590188339 0.0096559900181979255 -0.067048688393176528 0.070287466799880363 0.036434759594991199 -0.040075580965119421 -0.0479184290051579 0.048594238881481761 -0.11528129437573048 -0.011653477268644205 0.0095885732850388514 0.06840871374986647 -0.015579211166404939 -0.027581779605296664 0.11339615358276388 0.16265161178695822 0.0070494198652793468 -0.059017619326176142 -0.016751834182525367 0.093273885690579039 0.046108944616246157 0.1470895615836264 -0.056462442609306586 0.024091538873638893 0.14575906019535143 0.077489149361740783 0.059644662642198289 -0.033191312717237305
leaf_weight=12.690153464674948 60.937605276703835 110.82753962278366 28.789070755243301 71.259147934615612 58.125588171184063 13.512218803167341 5.6985381096601504 29.166617900133133 37.713010758161545 87.30510213971138 4.5827556997537604 6.7463925108313552 69.201126798987389 10.30510336905718 22.679983265697956 61.842824622988701 4.550549551844596 5.9579162150621414 25.212468780577183 20.504314258694649 13.62422037124634 7.4950841441750518 4.6987965852022162 4.3496618866920462 3.7435761690139762 6.0190916061401349 5.5712270885705948 10.681694790720938 8.9994834512472135 50.156900033354759
leaf_count=67 323 606 234 370 417 63 32 170 226 394 25 41 350 60 129 418 23 30 143 147 104 44 33 21 21 28 24 48 47 268
internal_value=-0.000566177 -0.0132015 -0.0270874 0.0141055 -0.0315074 0.00303715 -0.00150167 0.00291486 -0.0252778 0.0310953 -0.00769354 0.0596685 0.00884151 -0.00816676 0.0189891 -0.00491143 0.00723991 0.100947 -0.0258944 -0.0423162 -0.0177604 0.0222955 -0.0585853 0.0616021 0.0351341 0.0267655 0.0825746 0.018668 -0.0048108 -0.0100322
internal_weight=862.948 463.65 249.931 399.298 237.241 213.719 200.207 240.734 208.452 158.564 181.804 18.4028 211.567 104.004 41.0783 177.221 115.378 11.6565 62.9255 104.448 41.6236 21.1193 62.8244 18.3983 14.0487 91.4731 11.5903 79.8828 120.094 111.095
internal_count=4906 2884 1646 2022 1579 1238 1175 1258 1345 764 1072 103 1088 600 231 1047 629 62 369 745 295 148 450 102 81 450 52 398 638 591
is_linear=0
shrinkage=0.1


Tree=14
num_leaves=31
num_cat=0
split_feature=5 14 9 0 151 7 14 1 88 101 0 18 26 63 12 82 15 67 132 9 56 0 21 139 12 73 0 6 49 0
split_gain=15.4525 10.0897 10.5706 9.42165 6.3672 6.18392 6.84465 8.25522 8.39763 7.01655 5.23838 5.13095 4.91866 4.68928 6.5883 5.08568 5.89071 4.56785 6.13039 5.15295 4.39482 4.37269 4.3219 4.28408 4.31097 7.84136 7.06617 5.85626 7.58064 8.16562
threshold=1.0000000180025095e-35 1.0000000180025095e-35 1.0000000180025095e-35 7.0266940593719491 1.0000000180025095e-35 1.0000000180025095e-35 1.0000000180025095e-35 0.59692752361297619 1.0000000180025095e-35 1.0000000180025095e-35 15.181382656097414 1.0000000180025095e-35 1.0000000180025095e-35 1.0000000180025095e-35 1.0000000180025095e-35 1.0000000180025095e-35 1.0000000180025095e-35 1.0000000180025095e-35 1.0000000180025095e-35 1.0000000180025095e-35 1.0000000180025095e-35 17.370294570922855 1.0000000180025095e-35 1.0000000180025095e-35 1.0000000180025095e-35 1.0000000180025095e-35 7.5879535675048837 1.0000000180025095e-35 1.0000000180025095e-35 8.0862421989440936
decision_type=2 2 2 2 2 2 2 2 2 2 2 2 2 2 2 2 2 2 2 2 2 2 2 2 2 2 2 2 2 2
left_child=1 2 11 -3 13 6 7 8 9 17 -9 -1 -12 14 15 16 22 -2 -19 -20 -8 -4 -5 24 25 27 -27 -13 29 -29
right_child=5 3 21 4 -6 -7 20 10 -10 -11 12 23 -14 -15 -16 -17 -18 18 19 -21 -22 -23 -24 -25 -26 26 -28 28 -30 -31
leaf_value=0.14530261071351727 -0.048366936607698988 -0.038075080372857839 -0.0051677198571135471 0.010905899038209927 0.092458839853776398 -0.039681850050153768 -0.0044893390478943423 0.14777960925804873 0.11943865181699197 0.10975290276167307 0.071713123896861797 -0.039269631425225028 -0.022602643467175554 -0.057264915840268396 0.032248299375100445 -0.072431250071165743 -0.037838875326573422 -0.019319512367719407 0.11807198243869479 -0.0251008437668271 -0.051266963622458861 0.09365531778644498 0.1125081570019842 -0.011804185657348854 0.053183541420517948 -0.026758741537104325 0.084030037734054708 0.047600146519776676 0.10409445864719308 -0.080625906437504558
leaf_weight=4.1346407234668723 35.791661269962788 67.788588717579842 125.09455185383558 35.525683104991913 8.1682053133845312 95.924035459756851 34.87189993262291 4.8809727430343655 4.912480264902114 4.3192249238491049 13.723619624972343 23.585937008261681 9.2606136798858643 12.337367758154867 59.297441206872463 11.798288084566591 26.487147696316242 42.219702012836933 6.8002792820334417 3.9880672469735146 47.364499062299728 4.6436774730682364 4.7459647953510276 19.444805152714252 88.548780046403408 7.3820906877517691 26.150587767362595 11.860292837023737 8.996682673692705 8.5440584421157819
leaf_count=19 219 429 692 194 41 769 212 23 26 22 63 127 45 62 286 70 144 257 37 28 287 22 25 92 408 41 121 61 42 42
internal_value=-0.000557723 0.00937616 0.02057 -0.00687821 0.00647611 -0.018675 -0.00899338 0.00566311 -0.00798918 -0.0147116 0.0536927 0.0350694 0.0337122 0.00179992 0.00708596 -0.0119074 -0.001211 -0.0207656 -0.00212884 0.0651461 -0.0314312 -0.00163058 0.0228796 0.0327262 0.0376722 0.021797 0.0596403 -0.00215198 0.0276243 -0.00609286
internal_weight=858.592 554.535 328.386 226.149 158.36 304.057 208.133 125.897 98.0314 93.1189 27.8652 198.648 22.9842 150.192 137.855 78.5571 66.7588 88.7997 53.008 10.7883 82.2364 129.738 40.2716 194.513 175.068 86.5196 33.5327 52.987 29.401 20.4044
internal_count=4906 2918 1667 1251 822 1988 1219 720 589 563 131 953 108 781 719 433 363 541 322 65 499 714 219 934 842 434 162 272 145 103
is_linear=0
shrinkage=0.1


Tree=15
num_leaves=31
num_cat=0
split_feature=13 0 6 43 15 44 9 1 0 5 83 7 16 93 42 0 85 9 64 16 11 0 0 0 8 1 21 83 12 65
split_gain=12.6828 8.53524 7.1258 6.64662 6.8493 5.33335 5.2128 5.13755 4.62959 4.73946 5.40782 4.56421 5.56747 4.31232 7.07745 11.1731 5.58709 4.17402 5.7839 5.75493 4.69843 6.37705 6.30991 6.16129 5.92585 5.86574 4.28578 4.21657 4.134 4.10317
threshold=1.0000000180025095e-35 4.2108144760131845 1.0000000180025095e-35 1.0000000180025095e-35 1.0000000180025095e-35 1.0000000180025095e-35 1.0000000180025095e-35 0.73792684078216564 15.132101058959963 1.0000000180025095e-35 1.0000000180025095e-35 1.0000000180025095e-35 1.0000000180025095e-35 1.0000000180025095e-35 1.0000000180025095e-35 12.34633779525757 1.0000000180025095e-35 1.0000000180025095e-35 1.0000000180025095e-35 1.0000000180025095e-35 1.0000000180025095e-35 13.726214885711672 9.9206023216247576 16.119096755981449 1.0000000180025095e-35 -0.50079855322837818 1.0000000180025095e-35 1.0000000180025095e-35 1.0000000180025095e-35 1.0000000180025095e-35
decision_type=2 2 2 2 2 2 2 2 2 2 2 2 2 2 2 2 2 2 2 2 2 2 2 2 2 2 2 2 2 2
left_child=1 -1 5 -2 13 -3 -7 8 9 10 11 12 -6 14 16 -16 17 20 19 26 21 22 25 -23 27 28 -19 -22 -5 -4
right_child=3 2 29 4 7 6 -8 -9 -10 -11 -12 -13 -14 -15 15 -17 -18 18 -20 -21 24 23 -24 -25 -26 -27 -28 -29 -30 -31
leaf_value=-0.048607815468519909 0.13675474525556855 0.045561858021774669 0.003281400865646272 0.043309148256898335 -0.017379425474622921 -0.0097108267061263125 -0.042367180800804233 0.036920029660418359 -0.11721479290346491 -0.0375297736480487 0.052876655668784626 -0.044320158508143123 0.05480303633181445 -0.03562368240790309 0.0026161329157528713 0.11105219434444685 0.13317850345707891 -0.0014990124077348544 0.10504004458020351 -0.051203492083343585 0.012773548289836923 -0.061375656296618709 0.13861619681817389 0.062296349120091771 -0.045190313261313085 0.020272639092415261 0.10108888431938504 0.1206957135663595 0.15393816282505324 0.060117164139661894
leaf_weight=55.717454344034195 4.2581731528043738 11.972488135099409 172.61133289337158 6.6854052245616824 28.557819560170174 118.93917199224234 82.984790474176407 24.598676823079586 4.1177937909960738 41.025260001420975 17.789546057581902 23.892661303281784 17.074104860424995 12.360896803438662 16.795755177736282 21.882124871015549 4.0456160455942145 33.47390416264534 4.4219812899827948 24.41754724830389 23.603895351290706 10.005367890000345 8.4167378693819028 6.7433947771787635 17.290590949356556 31.047790944576271 4.6363114789128295 4.276089370250701 6.8272251561284065 13.711094498634337
leaf_count=440 19 60 990 36 136 742 589 113 19 247 85 128 81 59 83 106 21 180 20 128 118 49 41 32 86 156 25 21 33 63
internal_value=-0.0005498 -0.011938 -0.00683291 0.0124881 0.0111451 -0.0192866 -0.0231316 -0.00504936 -0.0128435 -0.00949474 0.00367775 -0.00891098 0.0096291 0.02188 0.0250452 0.0639642 0.0169474 0.0143616 -0.00548586 -0.0133023 0.0259266 0.0422028 0.0592071 -0.0115828 0.000802379 0.0442081 0.0109814 0.0293261 0.0992042 0.00746383
internal_weight=854.181 455.936 400.219 398.245 393.986 213.896 201.924 157.056 132.457 128.339 87.3141 69.5246 45.6319 236.931 224.57 38.6779 185.892 181.846 66.9497 62.5278 114.896 69.7259 52.9772 16.7488 45.1706 44.5604 38.1102 27.88 13.5126 186.322
internal_count=4906 2884 2444 2022 2003 1391 1331 809 696 677 430 345 217 1194 1135 189 946 925 353 333 572 347 266 81 225 225 205 139 69 1053
is_linear=0
shrinkage=0.1


Tree=16
num_leaves=31
num_cat=0
split_feature=14 1 9 68 15 5 29 1 12 71 58 6 7 13 151 61 98 140 80 8 82 15 0 8 0 7 10 9 82 61
split_gain=12.4849 10.5697 10.3158 6.42676 6.30956 5.80541 5.73845 5.50056 5.28546 6.77739 5.21612 5.07495 5.02825 4.97889 4.8949 4.7818 4.48143 4.37494 4.21513 5.243 4.08772 3.88375 4.90546 5.83112 4.41882 3.77741 3.73633 6.70465 3.78696 4.44606
threshold=1.0000000180025095e-35 -0.19324663281440732 1.0000000180025095e-35 1.0000000180025095e-35 1.0000000180025095e-35 1.0000000180025095e-35 1.0000000180025095e-35 0.9397673010826112 1.0000000180025095e-35 1.0000000180025095e-35 1.0000000180025095e-35 1.0000000180025095e-35 1.0000000180025095e-35 1.0000000180025095e-35 1.0000000180025095e-35 1.0000000180025095e-35 1.0000000180025095e-35 1.0000000180025095e-35 1.0000000180025095e-35 1.0000000180025095e-35 1.0000000180025095e-35 1.0000000180025095e-35 11.190965175628664 1.0000000180025095e-35 11.23477077484131 1.0000000180025095e-35 1.0000000180025095e-35 1.0000000180025095e-35 1.0000000180025095e-35 1.0000000180025095e-35
decision_type=2 2 2 2 2 2 2 2 2 2 2 2 2 2 2 2 2 2 2 2 2 2 2 2 2 2 2 2 2 2
left_child=2 26 3 5 7 6 -1 18 14 -10 11 -11 -5 25 17 -15 -14 20 -4 -20 -3 24 -23 -24 -7 -6 -2 28 29 -28
right_child=1 8 4 12 13 21 -8 -9 9 10 -12 -13 16 15 -16 -17 -18 -19 19 -21 -22 22 23 -25 -26 -27 27 -29 -30 -31
leaf_value=0.14106931832819064 -0.056397262638257187 -0.0080163736649191547 -0.0039746147814431641 0.070649550310816753 -0.033489898227262047 0.029828188740220682 0.021746141665252544 0.12956331303020616 0.040680291690706201 -0.012796185627225762 -0.035549377705952678 0.094904550968714141 -0.0022646943600314342 -0.034614060817262725 0.063964984297557967 0.04171125908275311 0.11550288161322085 -0.083264922348964987 0.14956345697227988 -0.004341352199415417 -0.061466674945319315 -0.051970714507442388 -0.02873564889160464 0.11954009075713296 -0.030165126857442277 -0.097842974208384503 0.055897822247330559 -0.076291472635191995 -0.090915124289273494 -0.044510381468708421
leaf_weight=4.1387567520141593 65.956457361578941 101.87449848651886 104.33814062923193 39.555379688739777 26.764182850718498 38.463025256991386 153.89766527712345 3.4650945961475363 48.291670903563499 10.658034734427931 32.616209715604782 7.4218675643205634 22.818853661417965 20.171089969575405 7.1619548648595801 13.840489998459814 3.7642388716340056 10.367673337459562 4.1644205227494222 4.7248275652527809 16.645938009023666 28.807949483394623 7.2600598782300931 4.1788421794772148 18.033455856144428 13.836922958493231 15.741180106997495 12.613641150295733 3.0653980225324622 6.1262993589043608
leaf_count=18 462 595 625 172 174 256 748 16 253 51 166 35 133 107 40 72 20 64 25 29 110 208 41 23 103 107 100 90 22 41
internal_value=-0.000534533 -0.0154354 0.00931382 0.0202707 -0.00906665 0.0130606 0.0248711 0.00545518 -0.00370989 0.0138706 -0.0116675 0.0314154 0.0480457 -0.0317784 -0.0165012 -0.00355464 0.0144115 -0.0209724 0.0016571 0.0677597 -0.0155234 -0.00623249 -0.0299714 0.0254322 0.0106786 -0.0554215 -0.0420621 -0.0168801 0.0131763 0.0277679
internal_weight=850.764 338.541 512.223 320.918 191.305 254.78 158.036 116.692 235.038 98.9878 50.6961 18.0799 66.1385 74.6127 136.05 34.0116 26.5831 128.888 113.227 8.88925 118.52 96.7433 40.2469 11.4389 56.4965 40.6011 103.503 37.5465 24.9329 21.8675
internal_count=4906 2029 2877 1722 1155 1397 766 695 1314 505 252 86 325 460 809 179 153 769 679 54 705 631 272 64 359 281 715 253 163 141
is_linear=0
shrinkage=0.1


Tree=17
num_leaves=31
num_cat=0
split_feature=5 7 82 7 85 14 1 88 85 83 8 98 22 0 80 44 9 61 100 83 12 0 26 8 0 26 81 74 55 83
split_gain=11.3735 7.57145 5.34629 5.40267 4.88384 4.81199 6.10387 5.39977 4.70963 4.9898 7.46565 5.6434 5.28461 4.91982 4.52944 4.82087 5.43575 4.39433 4.30253 4.29493 4.64121 4.28596 4.55633 4.10107 4.07343 4.00859 3.95322 6.12165 6.15685 5.84504
threshold=1.0000000180025095e-35 1.0000000180025095e-35 1.0000000180025095e-35 1.0000000180025095e-35 1.0000000180025095e-35 1.0000000180025095e-35 0.59692752361297619 1.0000000180025095e-35 1.0000000180025095e-35 1.0000000180025095e-35 1.0000000180025095e-35 1.0000000180025095e-35 1.0000000180025095e-35 16.041068077087406 1.0000000180025095e-35 1.0000000180025095e-35 1.0000000180025095e-35 1.0000000180025095e-35 1.0000000180025095e-35 1.0000000180025095e-35 1.0000000180025095e-35 15.181382656097414 1.0000000180025095e-35 1.0000000180025095e-35 2.8350445032119755 1.0000000180025095e-35 1.0000000180025095e-35 1.0000000180025095e-35 1.0000000180025095e-35 1.0000000180025095e-35
decision_type=2 2 2 2 2 2 2 2 2 2 2 2 2 2 2 2 2 2 2 2 2 2 2 2 2 2 2 2 2 2
left_child=1 8 3 4 5 6 7 18 9 12 11 17 13 24 15 -3 26 -11 -2 23 -21 -8 -23 -5 -1 -12 -17 28 29 -28
right_child=2 14 -4 19 -6 -7 21 -9 -10 10 25 -13 -14 -15 -16 16 -18 -19 -20 20 -22 22 -24 -25 -26 -27 27 -29 -30 -31
leaf_value=-0.057616854679688335 -0.016327799892795605 0.06920503036972725 -0.053261345199808963 -0.027251779717801978 0.11517613992035036 -0.025400259858709445 0.13467719025152336 0.099170903951065259 0.09776868214188203 0.05649192775677863 0.044176787209308975 -0.022953838812890336 0.057285889708831243 0.041258686735830191 0.042293113205365725 0.011324135191642383 -0.039499925964778575 0.13668689650615573 0.08616818490039628 -0.03181137454970643 0.092818655990405896 0.067123962422142455 -0.026236583527043195 -0.08166618874024982 0.0036890454819931209 -0.038745976763822923 -0.058561716922497876 0.0262875424367515 -0.095959756322103046 0.073346428608452016
leaf_weight=11.40980229526758 76.210699111223221 7.0617982894182196 34.605071693658829 46.605806171894073 3.4874261468648902 67.514740765094757 4.8805049955844906 4.7252506464719763 7.063142627477645 15.991160713136196 10.762424029409885 5.1730370149016371 21.699064858257771 34.268493920564651 16.85450141876936 75.005825072526932 60.275957696139812 11.930551372468472 4.328120917081832 7.0428577437996847 5.1899400502443314 13.554610446095467 8.5089797526597977 19.707377463579178 216.32903800904751 12.719344057142735 8.1682309657335264 14.703294336795805 15.54200367629528 5.7058546915650377
leaf_count=68 465 36 270 386 18 415 22 23 35 78 51 24 109 148 97 422 400 54 23 59 41 61 41 164 1080 64 49 80 90 33
internal_value=-0.000526155 0.00797478 -0.0163216 -0.011438 -0.0020312 -0.00430555 0.00838697 -0.00472414 0.016946 0.0152684 0.0423852 0.0729838 0.00986081 0.00593313 -0.00735162 -0.011839 -0.0150292 0.0907581 -0.0108197 -0.0333796 0.0210647 0.0498768 0.0311188 -0.043423 0.000617597 -0.000739897 -0.00264729 -0.0263996 -0.0527347 -0.00431319
internal_weight=847.025 550.664 296.361 261.756 183.21 179.723 112.208 85.2641 347.346 340.283 56.5765 33.0947 283.706 262.007 203.317 186.463 179.401 27.9217 80.5388 78.546 12.2328 26.9441 22.0636 66.3132 227.739 23.4818 119.125 44.1194 29.4161 13.8741
internal_count=4906 2918 1988 1718 1068 1050 635 511 1711 1676 271 156 1405 1296 1207 1110 1074 132 488 650 100 124 102 550 1148 115 674 252 172 82
is_linear=0
shrinkage=0.1


Tree=18
num_leaves=31
num_cat=0
split_feature=14 1 9 15 68 1 67 13 12 71 58 6 140 5 29 7 61 98 7 62 151 87 10 61 22 0 0 0 61 8
split_gain=9.89129 8.71789 8.11033 5.3845 4.97699 4.66918 5.05738 4.16537 4.15007 5.19229 4.28781 4.16115 4.09744 4.08998 4.34535 3.93478 3.89204 3.76388 4.22148 3.73905 3.68616 3.88176 3.60089 6.29083 3.49439 4.80001 3.46017 3.37793 3.84045 3.32159
threshold=1.0000000180025095e-35 -0.19324663281440732 1.0000000180025095e-35 1.0000000180025095e-35 1.0000000180025095e-35 0.58901816606521618 1.0000000180025095e-35 1.0000000180025095e-35 1.0000000180025095e-35 1.0000000180025095e-35 1.0000000180025095e-35 1.0000000180025095e-35 1.0000000180025095e-35 1.0000000180025095e-35 1.0000000180025095e-35 1.0000000180025095e-35 1.0000000180025095e-35 1.0000000180025095e-35 1.0000000180025095e-35 1.0000000180025095e-35 1.0000000180025095e-35 1.0000000180025095e-35 1.0000000180025095e-35 1.0000000180025095e-35 1.0000000180025095e-35 3.5961669683456425 15.683778285980226 10.310746192932131 1.0000000180025095e-35 1.0000000180025095e-35
decision_type=2 2 2 2 2 2 2 2 2 2 2 2 2 2 2 2 2 2 2 2 2 2 2 2 2 2 2 2 2 2
left_child=2 24 4 5 13 -4 -7 -5 12 27 11 -11 20 14 -1 -8 -9 18 -6 -20 21 -3 -12 -24 -2 -26 -21 -10 29 -29
right_child=1 8 3 7 17 6 15 16 9 10 22 -13 -14 -15 -16 -17 -18 -19 19 26 -22 -23 23 -25 25 -27 -28 28 -30 -31
leaf_value=0.1220121832842956 -0.046674908128280693 -0.018583466035478693 -0.0059129800584754207 -0.051773525722761143 0.054691271508864686 0.00083916630000879225 0.13411313846059927 -0.032326977906311727 0.013273607235755776 -0.01190496223272336 -0.057310579655404474 0.085304099248884144 -0.074129912267333856 -0.0048188868783677515 0.018663524635070771 0.021601616349211927 0.036523331610278563 0.10136788034631167 0.055086274407585456 -0.064417523367661683 0.063597831501125024 0.054491993951226086 -0.078970597800272435 0.07282667531257439 0.090469867082120653 -0.03070739722427647 0.038580097394640536 -0.01968442226782811 0.11600376720116419 0.088790449564746368
leaf_weight=4.17804230749607 84.335950799286366 109.06553340703249 88.895402498543262 39.006156861782074 34.532219052314758 14.425804473459721 7.4571158736944199 19.836797520518303 28.714500188827515 10.608108349144461 20.646385237574577 7.5287920683622351 10.704564087092875 95.29926759749651 154.91027849167585 5.330018937587738 14.008505590260027 9.2827305272221547 7.7996732369065294 9.9058087691664678 6.5109030753374091 7.7882749661803237 4.5215396881103498 6.8907546997070312 4.6067419201135626 11.256033554673193 4.8629035428166398 6.3811935633420944 8.8578895330429077 5.0622264370322227
leaf_count=18 605 662 552 281 149 74 34 107 156 51 108 35 69 631 748 35 72 43 45 60 35 43 24 34 33 77 28 31 42 24
internal_value=-0.000514769 -0.0139052 0.0082456 -0.00818909 0.017927 0.00518226 0.0414266 -0.0294999 -0.00330868 0.0121963 -0.0104102 0.0284474 -0.0147824 0.0115639 0.0213777 0.0872153 -0.00382997 0.0423109 0.0327102 -0.000923479 -0.00963272 -0.013713 -0.0323935 0.0126847 -0.0385758 0.00448395 -0.0305034 0.035347 0.0665679 0.0283016
internal_weight=843.21 333.479 509.731 188.96 320.771 116.108 27.2129 72.8515 233.281 99.2114 50.1956 18.1369 134.069 254.388 159.088 12.7871 33.8453 66.3833 57.1006 22.5684 123.365 116.854 32.0587 11.4123 100.199 15.8628 14.7687 49.0158 20.3013 11.4434
internal_count=4906 2029 2877 1155 1722 695 143 460 1314 505 252 86 809 1397 766 69 179 325 282 133 740 705 166 58 715 110 88 253 97 55
is_linear=0
shrinkage=0.1


Tree=19
num_leaves=31
num_cat=0
split_feature=13 6 0 0 15 1 85 99 0 0 55 41 65 23 12 12 80 14 177 0 96 5 56 21 15 26 0 1 0 7
split_gain=9.11426 6.61252 5.54241 5.93254 4.98345 4.77984 4.50667 4.65886 6.0966 7.88255 4.33808 5.14516 4.41046 4.25552 5.29379 4.14012 5.6422 4.116 3.9217 4.83525 4.48744 4.52575 5.96101 3.70367 3.66365 5.26361 5.07624 6.72841 3.64568 3.71105
threshold=1.0000000180025095e-35 1.0000000180025095e-35 15.585215568542482 15.798768043518068 1.0000000180025095e-35 0.73792684078216564 1.0000000180025095e-35 1.0000000180025095e-35 14.109513759613039 12.699520587921144 1.0000000180025095e-35 1.0000000180025095e-35 1.0000000180025095e-35 1.0000000180025095e-35 1.0000000180025095e-35 1.0000000180025095e-35 1.0000000180025095e-35 1.0000000180025095e-35 1.0000000180025095e-35 12.699520587921144 1.0000000180025095e-35 1.0000000180025095e-35 1.0000000180025095e-35 1.0000000180025095e-35 1.0000000180025095e-35 1.0000000180025095e-35 12.746064186096193 -0.13499125093221662 13.419575691223146 1.0000000180025095e-35
decision_type=2 2 2 2 2 2 2 2 2 2 2 2 2 2 2 2 2 2 2 2 2 2 2 2 2 2 2 2 2 2
left_child=1 2 15 -4 -2 18 7 10 9 -9 11 12 -3 -7 -15 -1 24 -10 19 20 21 22 -6 -5 -17 26 27 -26 -21 -30
right_child=4 6 3 23 5 13 -8 8 17 -11 -12 -13 -14 14 -16 16 -18 -19 -20 28 -22 -23 -24 -25 25 -27 -28 -29 29 -31
leaf_value=-0.043820525451179537 0.019651692956639443 -0.0052874949571993322 0.10852853191789352 0.0080396856165621724 -0.016313112097270925 0.1257738428411766 0.086638911241065208 0.035091573218720161 0.12967522416825678 -0.099899470543146504 -0.020756346636222073 0.095569602454085634 0.086185711340805451 -0.019033822123271826 0.085740039858695327 0.0098580831691875911 -0.089949529162470829 0.019107325511217611 0.090534326555680888 -0.12276499537125399 -0.069859018758643129 -0.030169644523924635 0.045310389819380535 -0.091943827480917562 -0.022485815454305398 -0.062669842626879343 -0.083858119771175341 0.13536997370552412 -0.0065887906363202089 -0.10901101640953077
leaf_weight=95.178869232535362 238.62678498029709 57.175585843622684 5.4410314112901679 32.442663073539734 28.762652784585953 4.3925182223320034 6.1967962011694899 16.809546262025837 8.2298263609409315 5.8245801031589499 96.6075129956007 6.6601421609520903 5.8063197880983344 13.781508900225164 7.4180715009570113 52.884982578456402 9.0175949633121473 5.6977270543575278 3.6911440193653098 5.8456545919179943 9.5111161544918996 29.381211303174496 34.557092927396297 4.1825245991349211 5.9039522036910048 21.701460987329483 3.8530626967549315 4.9758941307663909 14.06910213828087 4.7259049192070952
leaf_count=787 1205 366 28 184 150 20 32 97 40 31 580 35 27 65 32 323 56 30 19 28 51 192 168 24 44 150 23 27 63 29
internal_value=-0.000495339 -0.0103146 -0.0218017 0.0110963 0.0105633 -0.00332682 0.00263316 6.64073e-05 0.0323857 0.000353491 -0.00704126 0.0119843 0.00314545 0.0361899 0.0176282 -0.0289531 -0.0145631 0.0844422 -0.0110738 -0.0140303 -0.0044444 0.00226714 0.0173182 -0.00337824 -0.00695215 -0.0313524 0.0147779 0.0497095 -0.0537938 -0.0323423
internal_weight=839.353 444.59 235.582 42.0662 394.763 156.136 209.008 202.811 36.5617 22.6341 166.25 69.642 62.9819 25.5921 21.1996 193.516 98.3369 13.9276 130.544 126.853 102.212 92.701 63.3197 36.6252 89.3194 36.4344 14.7329 10.8798 24.6407 18.795
internal_count=4906 2884 1646 236 2022 817 1238 1206 198 128 1008 428 393 117 97 1410 623 70 700 681 561 510 318 208 567 244 94 71 120 92
is_linear=0
shrinkage=0.1


Tree=20
num_leaves=31
num_cat=0
split_feature=7 85 12 73 99 9 140 15 14 83 53 130 1 137 0 6 21 14 8 86 5 50 113 33 0 137 0 8 42 22
split_gain=8.5807 6.29777 6.16248 5.96537 6.56267 5.47901 4.92928 5.38242 4.93732 4.73099 6.50224 4.2578 4.74163 4.13005 4.11088 4.27034 6.53229 4.2925 4.15484 6.28584 4.59486 4.24737 3.99755 3.96928 3.89602 3.87369 4.65495 5.51721 3.8151 3.8084
threshold=1.0000000180025095e-35 1.0000000180025095e-35 1.0000000180025095e-35 1.0000000180025095e-35 1.0000000180025095e-35 1.0000000180025095e-35 1.0000000180025095e-35 1.0000000180025095e-35 1.0000000180025095e-35 1.0000000180025095e-35 1.0000000180025095e-35 1.0000000180025095e-35 -0.31721043586730951 1.0000000180025095e-35 17.80835056304932 1.0000000180025095e-35 1.0000000180025095e-35 1.0000000180025095e-35 1.0000000180025095e-35 1.0000000180025095e-35 1.0000000180025095e-35 1.0000000180025095e-35 1.0000000180025095e-35 1.0000000180025095e-35 4.4558520317077646 1.0000000180025095e-35 16.735113143920902 1.0000000180025095e-35 1.0000000180025095e-35 1.0000000180025095e-35
decision_type=2 2 2 2 2 2 2 2 2 2 2 2 2 2 2 2 2 2 2 2 2 2 2 2 2 2 2 2 2 2
left_child=1 2 5 4 6 11 7 8 23 10 24 12 -1 14 15 17 -17 18 -2 20 -20 -22 -7 -4 -10 26 27 -9 -6 -19
right_child=13 -3 3 -5 28 22 -8 25 9 -11 -12 -13 -14 -15 -16 16 -18 29 19 -21 21 -23 -24 -25 -26 -27 -28 -29 -30 -31
leaf_value=0.097942846137649336 -0.024737545302543788 0.081313365979691299 0.069799335755124425 -0.0035072802070090941 0.11652165661125885 -0.017074378428691198 0.11539720865692445 -0.05604585831155931 0.031536814416832246 0.094424016757731224 0.063964983879901946 -0.023156386549221378 0.010658742277181487 -0.055736564173730269 -0.11014020378880957 0.014535361949075579 -0.060268494001839062 -0.048098218303663398 0.025507687924551672 0.14447890482724901 -0.099142685366962163 0.059725049283167887 -0.099395669019132285 0.0014082432513820972 -0.067049863022535336 0.062860483566045788 0.080282866890852664 0.021216410879950204 0.015519377669763934 0.066755485032764794
leaf_weight=6.5384754985570899 56.089017190039158 11.137519836425779 37.109487563371658 90.589577488601208 12.379339680075647 108.51637182384729 5.365572676062583 26.241393715143204 5.4400775581598309 4.9726251661777487 8.2360907047987002 37.619591735303402 129.32954041659832 22.316375441849232 4.1143619418144217 97.282169103622437 13.265850596129892 53.991664752364159 26.932215146720409 3.5555599480867377 6.480721250176428 2.2731313928961754 6.2379663810133925 11.002151690423487 15.232900962233542 6.7680883705615988 4.327261120080947 14.26750613003969 5.3585678786039344 3.0501329973340026
leaf_count=38 411 55 182 437 55 677 27 141 33 23 36 240 664 159 24 611 84 413 151 21 61 20 39 53 76 38 19 74 23 21
internal_value=-0.000484034 0.00688656 0.0053387 0.0169201 0.0287292 -0.00459726 0.0214177 0.0176433 0.033567 0.00432551 -0.0111723 0.00661577 0.0148592 -0.0144093 -0.0109555 -0.0094034 0.00555884 -0.0202587 -0.00727548 0.0176835 0.0050503 -0.0578892 -0.0215493 0.0541597 -0.0411069 -0.00765762 -0.0183024 -0.0288336 0.0860092 -0.0419568
internal_weight=836.021 546.67 535.533 247.291 156.701 288.242 138.963 133.598 81.9933 33.8817 28.9091 173.488 135.868 289.351 267.035 262.92 110.548 152.372 95.3306 39.2416 35.6861 8.75385 114.754 48.1116 20.673 51.6042 44.8362 40.5089 17.7379 57.0418
internal_count=4906 2930 2875 1217 780 1658 702 675 403 168 145 942 702 1976 1817 1793 695 1098 664 253 232 81 716 235 109 272 234 215 78 434
is_linear=0
shrinkage=0.1


Tree=21
num_leaves=31
num_cat=0
split_feature=5 214 6 82 84 209 0 15 44 54 11 74 16 71 21 7 138 10 54 96 16 12 81 8 7 1 138 1 101 55
split_gain=8.33824 6.34596 5.9501 4.3022 3.87217 3.78018 3.77177 4.16539 5.73148 5.57151 7.0748 5.66911 5.06609 9.53261 4.41373 4.34738 5.66243 5.61235 4.84914 4.738 5.45148 4.20843 9.15706 3.88744 3.73949 4.28575 4.73248 4.14575 4.22008 3.84972
threshold=1.0000000180025095e-35 1.0000000180025095e-35 1.0000000180025095e-35 1.0000000180025095e-35 1.0000000180025095e-35 1.0000000180025095e-35 2.4503763914108281 1.0000000180025095e-35 1.0000000180025095e-35 1.0000000180025095e-35 1.0000000180025095e-35 1.0000000180025095e-35 1.0000000180025095e-35 1.0000000180025095e-35 1.0000000180025095e-35 1.0000000180025095e-35 1.0000000180025095e-35 1.0000000180025095e-35 1.0000000180025095e-35 1.0000000180025095e-35 1.0000000180025095e-35 1.0000000180025095e-35 1.0000000180025095e-35 1.0000000180025095e-35 1.0000000180025095e-35 -0.506730556488037 1.0000000180025095e-35 -0.46444596350193018 1.0000000180025095e-35 1.0000000180025095e-35
decision_type=2 2 2 2 2 2 2 2 2 2 2 2 2 2 2 2 2 2 2 2 2 2 2 2 2 2 2 2 2 2
left_child=1 2 6 5 -4 24 -1 9 -9 10 11 14 -11 -14 -8 16 18 -17 -10 20 21 -20 -23 -22 25 26 29 -27 -29 -2
right_child=3 -3 4 -5 -6 -7 7 8 15 12 -12 -13 13 -15 -16 17 -18 -19 19 -21 23 22 -24 -25 -26 27 -28 28 -30 -31
leaf_value=-0.073276760969481033 -0.019687176958201859 -0.083549865111008967 0.016549379952176261 -0.048414563398562066 0.070970754389845486 -0.1175164381921168 -0.033001199841371023 0.080482108858352386 -0.042770956140698785 -0.028498816936092575 0.062810926218399066 0.092764007641563728 -0.020069705653385929 0.078281679980959432 0.060550327466251941 -0.075642895874156471 0.098022547551423117 0.00065548789255522912 -0.051201484722477292 -0.055837761953940003 0.033753346550610699 -0.039986848617573463 0.1392398111633561 0.14790287711636005 -0.027383760037028526 0.092785227439171086 0.068643115421952852 -0.00040038024954791091 0.094943942955322755 -0.10236376912372946
leaf_weight=7.1420851200819007 13.517313413321975 7.6638706773519507 229.74391943961382 32.645470932126045 13.863136649131773 3.2206387668848029 26.319774299860001 6.1635398864746085 29.697367608547211 47.217317618429661 36.017979823052883 5.733222469687461 24.457235485315323 16.505737841129303 6.2385464906692496 24.113791681826115 5.0274245440959922 16.06280505657196 10.002404823899269 8.7446603551506978 7.4498417600989324 6.6128820776939392 5.010729968547821 4.976274847984314 74.005141265690327 5.2973852232098571 3.631418675184249 141.3359557390213 4.7999287545680991 9.6546469479799271
leaf_count=50 102 42 1144 270 71 17 148 29 171 254 202 32 141 81 35 171 30 105 55 43 36 31 22 25 646 32 28 795 24 74
internal_value=-0.000472193 0.00680428 0.00809355 -0.0142308 0.0196464 -0.00986248 -0.0014956 0.000294745 -0.0135194 0.0108249 0.0309963 0.0010707 -0.00617361 0.0195603 -0.0150757 -0.018442 -0.00460616 -0.0451384 -0.0117234 0.00982099 0.0266823 -0.00364714 0.0372745 0.0794667 -0.00848795 -0.000642274 -0.0375002 0.0058815 0.00273127 -0.0541346
internal_weight=832.872 544.765 537.101 288.108 243.607 255.462 293.494 286.352 123.862 162.49 74.3095 38.2915 88.1803 40.963 32.5583 117.698 77.5216 40.1766 72.4942 42.7968 34.0521 21.626 11.6236 12.4261 252.242 178.237 26.8034 151.433 146.136 23.172
internal_count=4906 2918 2876 1988 1215 1718 1661 1611 718 893 417 215 476 222 183 689 413 276 383 212 169 108 53 61 1701 1055 204 851 819 176
is_linear=0
shrinkage=0.1


end of trees

feature_importances:
Column_0=113
Column_7=36
Column_9=34
Column_12=34
Column_1=31
Column_6=30
Column_5=29
Column_14=29
Column_13=23
Column_15=21
Column_8=15
Column_82=14
Column_83=13
Column_26=11
Column_21=10
Column_65=10
Column_67=10
Column_22=8
Column_73=8
Column_81=8
Column_99=8
Column_16=7
Column_44=7
Column_80=7
Column_85=7
Column_10=6
Column_11=6
Column_61=6
Column_54=5
Column_56=4
Column_68=4
Column_69=4
Column_101=4
Column_140=4
Column_55=3
Column_58=3
Column_62=3
Column_71=3
Column_88=3
Column_98=3
Column_100=3
Column_108=3
Column_132=3
Column_134=3
Column_138=3
Column_151=3
Column_29=2
Column_30=2
Column_31=2
Column_42=2
Column_53=2
Column_63=2
Column_64=2
Column_70=2
Column_74=2
Column_79=2
Column_84=2
Column_86=2
Column_93=2
Column_96=2
Column_137=2
Column_139=2
Column_220=2
Column_18=1
Column_23=1
Column_24=1
Column_33=1
Column_36=1
Column_41=1
Column_43=1
Column_45=1
Column_49=1
Column_50=1
Column_57=1
Column_60=1
Column_87=1
Column_94=1
Column_95=1
Column_97=1
Column_102=1
Column_104=1
Column_113=1
Column_129=1
Column_130=1
Column_177=1
Column_209=1
Column_214=1

parameters:
[boosting: gbdt]
[objective: binary]
[metric: binary_logloss]
[tree_learner: serial]
[device_type: cpu]
[data_sample_strategy: bagging]
[data: ]
[valid: ]
[num_iterations: 300]
[learning_rate: 0.1]
[num_leaves: 31]
[num_threads: 0]
[seed: 0]
[deterministic: 0]
[force_col_wise: 0]
[force_row_wise: 0]
[histogram_pool_size: -1]
[max_depth: -1]
[min_data_in_leaf: 20]
[min_sum_hessian_in_leaf: 0.001]
[bagging_fraction: 1]
[pos_bagging_fraction: 1]
[neg_bagging_fraction: 1]
[bagging_freq: 0]
[bagging_seed: 7719]
[bagging_by_query: 0]
[feature_fraction: 1]
[feature_fraction_bynode: 1]
[feature_fraction_seed: 2437]
[extra_trees: 0]
[extra_seed: 11797]
[early_stopping_round: 0]
[early_stopping_min_delta: 0]
[first_metric_only: 0]
[max_delta_step: 0]
[lambda_l1: 0]
[lambda_l2: 0]
[linear_lambda: 0]
[min_gain_to_split: 0]
[drop_rate: 0.1]
[max_drop: 50]
[skip_drop: 0.5]
[xgboost_dart_mode: 0]
[uniform_drop: 0]
[drop_seed: 21238]
[top_rate: 0.2]
[other_rate: 0.1]
[min_data_per_group: 100]
[max_cat_threshold: 32]
[cat_l2: 10]
[cat_smooth: 10]
[max_cat_to_onehot: 4]
[top_k: 20]
[monotone_constraints: ]
[monotone_constraints_method: basic]
[monotone_penalty: 0]
[feature_contri: ]
[forcedsplits_filename: ]
[refit_decay_rate: 0.9]
[cegb_tradeoff: 1]
[cegb_penalty_split: 0]
[cegb_penalty_feature_lazy: ]
[cegb_penalty_feature_coupled: ]
[path_smooth: 0]
[interaction_constraints: ]
[verbosity: -1]
[saved_feature_importance_type: 0]
[use_quantized_grad: 0]
[num_grad_quant_bins: 4]
[quant_train_renew_leaf: 0]
[stochastic_rounding: 1]
[linear_tree: 0]
[max_bin: 255]
[max_bin_by_feature: ]
[min_data_in_bin: 3]
[bin_construct_sample_cnt: 200000]
[data_random_seed: 38]
[is_enable_sparse: 1]
[enable_bundle: 1]
[use_missing: 1]
[zero_as_missing: 0]
[feature_pre_filter: 1]
[pre_partition: 0]
[two_round: 0]
[header: 0]
[label_column: ]
[weight_column: ]
[group_column: ]
[ignore_column: ]
[categorical_feature: ]
[forcedbins_filename: ]
[precise_float_parser: 0]
[parser_config_file: ]
[objective_seed: 8855]
[num_class: 1]
[is_unbalance: 0]
[scale_pos_weight: 1]
[sigmoid: 1]
[boost_from_average: 1]
[reg_sqrt: 0]
[alpha: 0.9]
[fair_c: 1]
[poisson_max_delta_step: 0.7]
[tweedie_variance_power: 1.5]
[lambdarank_truncation_level: 30]
[lambdarank_norm: 1]
[label_gain: ]
[lambdarank_position_bias_regularization: 0]
[eval_at: ]
[multi_error_top_k: 1]
[auc_mu_weights: ]
[num_machines: 1]
[local_listen_port: 12400]
[time_out: 120]
[machine_list_filename: ]
[machines: ]
[gpu_platform_id: -1]
[gpu_device_id: -1]
[gpu_device_id_list: ]
[gpu_use_dp: 0]
[num_gpu: 1]

end of parameters

pandas_categorical:null
