tree
version=v4
num_class=1
num_tree_per_iteration=1
label_index=0
max_feature_idx=567
objective=binary sigmoid:1
feature_names=Column_0 Column_1 Column_2 Column_3 Column_4 Column_5 Column_6 Column_7 Column_8 Column_9 Column_10 Column_11 Column_12 Column_13 Column_14 Column_15 Column_16 Column_17 Column_18 Column_19 Column_20 Column_21 Column_22 Column_23 Column_24 Column_25 Column_26 Column_27 Column_28 Column_29 Column_30 Column_31 Column_32 Column_33 Column_34 Column_35 Column_36 Column_37 Column_38 Column_39 Column_40 Column_41 Column_42 Column_43 Column_44 Column_45 Column_46 Column_47 Column_48 Column_49 Column_50 Column_51 Column_52 Column_53 Column_54 Column_55 Column_56 Column_57 Column_58 Column_59 Column_60 Column_61 Column_62 Column_63 Column_64 Column_65 Column_66 Column_67 Column_68 Column_69 Column_70 Column_71 Column_72 Column_73 Column_74 Column_75 Column_76 Column_77 Column_78 Column_79 Column_80 Column_81 Column_82 Column_83 Column_84 Column_85 Column_86 Column_87 Column_88 Column_89 Column_90 Column_91 Column_92 Column_93 Column_94 Column_95 Column_96 Column_97 Column_98 Column_99 Column_100 Column_101 Column_102 Column_103 Column_104 Column_105 Column_106 Column_107 Column_108 Column_109 Column_110 Column_111 Column_112 Column_113 Column_114 Column_115 Column_116 Column_117 Column_118 Column_119 Column_120 Column_121 Column_122 Column_123 Column_124 Column_125 Column_126 Column_127 Column_128 Column_129 Column_130 Column_131 Column_132 Column_133 Column_134 Column_135 Column_136 Column_137 Column_138 Column_139 Column_140 Column_141 Column_142 Column_143 Column_144 Column_145 Column_146 Column_147 Column_148 Column_149 Column_150 Column_151 Column_152 Column_153 Column_154 Column_155 Column_156 Column_157 Column_158 Column_159 Column_160 Column_161 Column_162 Column_163 Column_164 Column_165 Column_166 Column_167 Column_168 Column_169 Column_170 Column_171 Column_172 Column_173 Column_174 Column_175 Column_176 Column_177 Column_178 Column_179 Column_180 Column_181 Column_182 Column_183 Column_184 Column_185 Column_186 Column_187 Column_188 Column_189 Column_190 Column_191 Column_192 Column_193 Column_194 Column_195 Column_196 Column_197 Column_198 Column_199 Column_200 Column_201 Column_202 Column_203 Column_204 Column_205 Column_206 Column_207 Column_208 Column_209 Column_210 Column_211 Column_212 Column_213 Column_214 Column_215 Column_216 Column_217 Column_218 Column_219 Column_220 Column_221 Column_222 Column_223 Column_224 Column_225 Column_226 Column_227 Column_228 Column_229 Column_230 Column_231 Column_232 Column_233 Column_234 Column_235 Column_236 Column_237 Column_238 Column_239 Column_240 Column_241 Column_242 Column_243 Column_244 Column_245 Column_246 Column_247 Column_248 Column_249 Column_250 Column_251 Column_252 Column_253 Column_254 Column_255 Column_256 Column_257 Column_258 Column_259 Column_260 Column_261 Column_262 Column_263 Column_264 Column_265 Column_266 Column_267 Column_268 Column_269 Column_270 Column_271 Column_272 Column_273 Column_274 Column_275 Column_276 Column_277 Column_278 Column_279 Column_280 Column_281 Column_282 Column_283 Column_284 Column_285 Column_286 Column_287 Column_288 Column_289 Column_290 Column_291 Column_292 Column_293 Column_294 Column_295 Column_296 Column_297 Column_298 Column_299 Column_300 Column_301 Column_302 Column_303 Column_304 Column_305 Column_306 Column_307 Column_308 Column_309 Column_310 Column_311 Column_312 Column_313 Column_314 Column_315 Column_316 Column_317 Column_318 Column_319 Column_320 Column_321 Column_322 Column_323 Column_324 Column_325 Column_326 Column_327 Column_328 Column_329 Column_330 Column_331 Column_332 Column_333 Column_334 Column_335 Column_336 Column_337 Column_338 Column_339 Column_340 Column_341 Column_342 Column_343 Column_344 Column_345 Column_346 Column_347 Column_348 Column_349 Column_350 Column_351 Column_352 Column_353 Column_354 Column_355 Column_356 Column_357 Column_358 Column_359 Column_360 Column_361 Column_362 Column_363 Column_364 Column_365 Column_366 Column_367 Column_368 Column_369 Column_370 Column_371 Column_372 Column_373 Column_374 Column_375 Column_376 Column_377 Column_378 Column_379 Column_380 Column_381 Column_382 Column_383 Column_384 Column_385 Column_386 Column_387 Column_388 Column_389 Column_390 Column_391 Column_392 Column_393 Column_394 Column_395 Column_396 Column_397 Column_398 Column_399 Column_400 Column_401 Column_402 Column_403 Column_404 Column_405 Column_406 Column_407 Column_408 Column_409 Column_410 Column_411 Column_412 Column_413 Column_414 Column_415 Column_416 Column_417 Column_418 Column_419 Column_420 Column_421 Column_422 Column_423 Column_424 Column_425 Column_426 Column_427 Column_428 Column_429 Column_430 Column_431 Column_432 Column_433 Column_434 Column_435 Column_436 Column_437 Column_438 Column_439 Column_440 Column_441 Column_442 Column_443 Column_444 Column_445 Column_446 Column_447 Column_448 Column_449 Column_450 Column_451 Column_452 Column_453 Column_454 Column_455 Column_456 Column_457 Column_458 Column_459 Column_460 Column_461 Column_462 Column_463 Column_464 Column_465 Column_466 Column_467 Column_468 Column_469 Column_470 Column_471 Column_472 Column_473 Column_474 Column_475 Column_476 Column_477 Column_478 Column_479 Column_480 Column_481 Column_482 Column_483 Column_484 Column_485 Column_486 Column_487 Column_488 Column_489 Column_490 Column_491 Column_492 Column_493 Column_494 Column_495 Column_496 Column_497 Column_498 Column_499 Column_500 Column_501 Column_502 Column_503 Column_504 Column_505 Column_506 Column_507 Column_508 Column_509 Column_510 Column_511 Column_512 Column_513 Column_514 Column_515 Column_516 Column_517 Column_518 Column_519 Column_520 Column_521 Column_522 Column_523 Column_524 Column_525 Column_526 Column_527 Column_528 Column_529 Column_530 Column_531 Column_532 Column_533 Column_534 Column_535 Column_536 Column_537 Column_538 Column_539 Column_540 Column_541 Column_542 Column_543 Column_544 Column_545 Column_546 Column_547 Column_548 Column_549 Column_550 Column_551 Column_552 Column_553 Column_554 Column_555 Column_556 Column_557 Column_558 Column_559 Column_560 Column_561 Column_562 Column_563 Column_564 Column_565 Column_566 Column_567
feature_infos=[2.0013689994812012:17.993154525756836] [-0.7776256799697876:0.99923950433731079] none none none [0:1] [0:1] [0:1] [0:1] [0:1] [0:1] [0:1] [0:1] [0:1] [0:1] [0:1] [0:1] [0:1] [0:1] [0:1] [0:1] [0:1] [0:1] [0:1] [0:1] [0:1] [0:1] [0:1] [0:1] [0:1] [0:1] [0:1] [0:1] [0:1] [0:1] [0:1] [0:1] [0:1] [0:1] [0:1] [0:1] [0:1] [0:1] [0:1] [0:1] [0:1] [0:1] [0:1] [0:1] [0:1] [0:1] [0:1] [0:1] [0:1] [0:1] [0:1] [0:1] [0:1] [0:1] [0:1] [0:1] [0:1] [0:1] [0:1] [0:1] [0:1] [0:1] [0:1] [0:1] [0:1] [0:1] [0:1] [0:1] [0:1] [0:1] [0:1] [0:1] [0:1] [0:1] [0:1] [0:1] [0:1] [0:1] [0:1] [0:1] [0:1] [0:1] [0:1] [0:1] [0:1] [0:1] [0:1] [0:1] [0:1] [0:1] [0:1] [0:1] [0:1] [0:1] [0:1] [0:1] [0:1] [0:1] [0:1] [0:1] [0:1] [0:1] [0:1] [0:1] none none none none [0:1] [0:1] none [0:1] none [0:1] none none [0:1] none none none none [0:1] [0:1] [0:1] [0:1] [0:1] none [0:1] [0:1] [0:1] [0:1] none [0:1] [0:1] [0:1] [0:1] [0:1] [0:1] [0:1] [0:1] [0:1] [0:1] [0:1] [0:1] [0:1] [0:1] [0:1] [0:1] [0:1] [0:1] [0:1] [0:1] none none none none none none none none none none [0:1] [0:1] none none none none none [0:1] [0:1] [0:1] [0:1] [0:1] [0:1] [0:1] [0:1] [0:1] [0:1] [0:1] [0:1] [0:1] [0:1] [0:1] [0:1] [0:1] [0:1] [0:1] [0:1] [0:1] [0:1] [0:1] [0:1] [0:1] [0:1] [0:1] [0:1] none none [0:1] [0:1] [0:1] none [0:1] [0:1] [0:1] [0:1] [0:1] none [0:1] none none [0:1] none [0:1] [0:1] [0:1] [0:1] [0:1] [0:1] [0:1] [0:1] [0:1] [0:1] [0:1] [0:1] [0:1] [0:1] [0:1] [0:1] [0:1] [0:1] [0:1] [0:1] [0:1] [0:1] [0:1] [0:1] [0:1] none none none none none none none none none none none none none none none none none [0:1] [0:1] [0:1] [0:1] [0:1] [0:1] [0:1] [0:1] [0:1] [0:1] none [0:1] [0:1] [0:1] [0:1] none [0:1] [0:1] none none none [0:1] [0:1] none none none none none [0:1] [0:1] [0:1] [0:1] [0:1] [0:1] [0:1] none none none [0:1] none [0:1] [0:1] [0:1] none [0:1] [0:1] [0:1] [0:1] none none [0:1] [0:1] none none none none [0:1] [0:1] none none none [0:1] none none [0:1] [0:1] none none [0:1] [0:1] none none none none none none none none none none none none none none none none none none none none none none none none none none none none none none none none none none none none none none none none none none none none none none none none none none none none none none none none none none none none none none none none none none none none none none none none none none none none none none none none none none none none none none none none none none none none none none none none none none none none none none none none none none none none none none none none none none none none none none none none none none none none none none none none none none none none none none none none none none none none none none none none none none none none none none none none none none none none none none none none none none none none none none none none none none none none none none none none none none none none none none none none none none none none none none none none none none none none none none none none none none none none none none none none none none none none none none none none none none none none none none none none none none none none none none none none none none none none none
tree_sizes=3397 3457 3454 3457 3452 3485 3457 3459 3463 3471 3466 3457 3478 3465 3481 3497 3458 3484 3467 3489 3456 3463 3502

Tree=0
num_leaves=31
num_cat=0
split_feature=0 12 9 0 16 0 0 9 9 12 1 16 21 16 96 99 9 8 42 11 6 57 0 1 10 13 9 16 73 54
split_gain=269.646 79.4502 53.5202 39.3487 28.2527 17.9356 11.4316 11.8491 11.2827 11.1459 10.6267 8.80573 8.06039 10.6518 8.04244 8.7756 6.68593 6.67477 8.31388 6.56298 9.24047 7.03821 6.72011 5.85875 6.11567 6.86307 5.96052 5.75965 5.74528 6.32924
threshold=10.186173915863039 1.0000000180025095e-35 1.0000000180025095e-35 3.9917863607406621 1.0000000180025095e-35 5.1238877773284921 6.7118411064147958 1.0000000180025095e-35 1.0000000180025095e-35 1.0000000180025095e-35 0.57563310861587536 1.0000000180025095e-35 1.0000000180025095e-35 1.0000000180025095e-35 1.0000000180025095e-35 1.0000000180025095e-35 1.0000000180025095e-35 1.0000000180025095e-35 1.0000000180025095e-35 1.0000000180025095e-35 1.0000000180025095e-35 1.0000000180025095e-35 2.8952771425247197 0.92577382922172557 1.0000000180025095e-35 1.0000000180025095e-35 1.0000000180025095e-35 1.0000000180025095e-35 1.0000000180025095e-35 1.0000000180025095e-35
decision_type=2 2 2 2 2 2 2 2 2 2 2 2 2 2 2 2 2 2 2 2 2 2 2 2 2 2 2 2 2 2
left_child=1 3 5 8 9 -3 7 -5 19 -2 16 -7 13 -10 15 28 -6 -18 -19 20 21 -1 -22 24 -11 -26 -27 -9 29 -4
right_child=4 2 14 6 10 11 -8 27 12 23 -12 -13 -14 -15 -16 -17 17 18 -20 -21 22 -23 -24 -25 25 26 -28 -29 -30 -31
leaf_value=-0.91281423041829979 -1.1598559576103273 -0.88569341092593912 -1.0374187766229115 -1.0174353448049374 -1.0464606793501809 -0.98937917141675591 -1.0918116390678796 -1.1181820650995669 -1.0973884812736989 -1.1310847178357188 -1.1186068887296921 -0.9205200247206774 -0.90032036975327967 -0.97119463388939342 -1.1598082451036962 -0.89407343942076967 -1.1375890998137521 -0.9378019517483398 -1.1083431498258636 -0.99660926143024453 -0.90500556750266226 -0.75039404177303926 -1.0502466977335203 -1.1904555785298563 -1.1107725116218397 -0.97978132358280723 -1.1252098617236406 -1.0415300507579248 -1.0860986457287951 -0.94338431502419984
leaf_weight=8.0039311051368696 161.22204083204269 54.693529218435287 35.636550396680832 59.648343712091446 56.599227100610733 44.593330442905426 117.2004197537899 24.392932891845703 18.485269457101822 60.791762441396713 73.559938251972198 31.825154632329941 4.0019655525684348 10.481338351964952 4.9548144936561576 4.5736749172210684 20.772106915712357 4.5736749172210676 7.6227915287017822 22.106095433235168 6.0982332229614258 4.0019655525684366 6.6699425876140594 10.290768563747404 25.726921409368515 9.528489410877226 4.0019655525684348 16.389001786708832 17.532420516014099 8.9567800462245923
leaf_count=42 846 287 187 313 297 234 615 128 97 319 386 167 21 55 26 24 109 24 40 116 32 21 35 54 135 50 21 86 92 47
internal_value=-1.06573 -1.01566 -0.967393 -1.04857 -1.12334 -0.929412 -1.0706 -1.04584 -0.988523 -1.1431 -1.09044 -0.960702 -1.03335 -1.05173 -1.03689 -1.02776 -1.06731 -1.10311 -1.04439 -0.957 -0.921656 -0.858674 -0.980878 -1.11861 -1.11122 -1.08045 -1.0228 -1.08738 -1.0376 -1.01853
internal_weight=934.935 500.246 202.766 297.479 434.69 131.112 217.631 100.43 79.8487 271.562 163.128 76.4185 32.9686 28.9666 71.6542 66.6994 89.5678 32.9686 12.1965 46.8802 24.7741 12.0059 12.7682 110.34 100.049 39.2574 13.5305 40.7819 62.1258 44.5933
internal_count=4906 2625 1064 1561 2281 688 1142 527 419 1425 856 401 173 152 376 350 470 173 64 246 130 63 67 579 525 206 71 214 326 234
is_linear=0
shrinkage=1


Tree=1
num_leaves=31
num_cat=0
split_feature=0 12 9 0 16 0 12 81 16 12 78 40 9 9 0 8 96 0 16 99 67 0 9 67 0 70 0 0 1 41
split_gain=219.353 58.4321 38.8469 29.8923 24.8367 11.3911 10.557 10.3312 10.2535 10.2173 9.5662 9.05565 8.63449 8.07569 7.84735 7.82758 6.57907 6.47307 6.26366 6.19227 5.57321 5.53495 10.6816 7.90904 5.46669 5.24688 5.00451 4.95504 7.63511 4.91871
threshold=10.120465755462648 1.0000000180025095e-35 1.0000000180025095e-35 3.9917863607406621 1.0000000180025095e-35 5.1238877773284921 1.0000000180025095e-35 1.0000000180025095e-35 1.0000000180025095e-35 1.0000000180025095e-35 1.0000000180025095e-35 1.0000000180025095e-35 1.0000000180025095e-35 1.0000000180025095e-35 6.7802875041961679 1.0000000180025095e-35 1.0000000180025095e-35 14.205338954925539 1.0000000180025095e-35 1.0000000180025095e-35 1.0000000180025095e-35 14.591375827789308 1.0000000180025095e-35 1.0000000180025095e-35 4.507871389389039 1.0000000180025095e-35 12.123203277587892 3.3497605323791508 -0.67830252647399891 1.0000000180025095e-35
decision_type=2 2 2 2 2 2 2 2 2 2 2 2 2 2 2 2 2 2 2 2 2 2 2 2 2 2 2 2 2 2
left_child=1 3 5 10 9 -3 17 20 13 -2 12 15 27 -5 24 -9 19 -6 -7 -4 -8 22 23 -11 -10 -23 -25 28 -1 -22
right_child=4 2 16 8 6 18 7 11 14 21 -12 -13 -14 -15 -16 -17 -18 -19 -20 -21 29 25 -24 26 -26 -27 -28 -29 -30 -31
leaf_value=0.092881628166707877 -0.088641776524086946 0.1486457051400572 0.024911200290126948 -0.0012772337050104205 -0.021039547546650134 0.066588765055402163 -0.058933023940753074 0.040104132517579924 -0.029614289361958292 0.053102948273695244 0.1576826423860557 -0.055015171598649409 0.013230872236485034 -0.053128488686070591 -0.0051918846743197536 0.17457948968250567 -0.089024881284819835 -0.073079189570604164 0.12357360225833086 0.14593192720775031 -0.013303402248646927 -0.003553335416547346 -0.085756586233199109 0.020974516831627339 0.069739410767997098 -0.090352829278427527 -0.074776784882222211 0.1366016195090376 -0.01915533724276389 0.093663609522061486
leaf_weight=21.56068480014801 154.48672550916672 59.333154559135437 62.963694721460342 72.605291590094566 55.558315724134445 45.639801576733589 20.104649767279625 10.35618400573731 6.5953594744205466 17.127258792519569 10.147085204720495 5.0845762938261023 30.261366069316864 51.232609897851944 49.856307581067085 7.4369551837444297 4.7248088121414176 41.950341135263443 33.408655822277069 4.5322924256324759 17.467461034655575 8.5190883874893171 21.439337491989136 9.0444357693195361 34.54533588886261 38.153875157237053 13.767299830913542 12.312440127134321 8.4730408191680926 5.7021809220314017
leaf_count=107 850 287 326 379 292 231 107 55 34 91 51 27 157 274 265 39 26 226 164 22 93 46 116 48 178 207 74 61 43 30
internal_value=-0.000176382 0.0441947 0.0845025 0.0156691 -0.0530837 0.115529 -0.0225088 0.00832657 -0.00400139 -0.0721434 0.0667345 0.0626783 0.0540243 -0.0227285 0.0214843 0.0963105 0.0250521 -0.0434281 0.0906726 0.0330376 -0.0204074 -0.0485548 -0.0288184 0.00174607 0.0538118 -0.0745096 -0.0368131 0.0831761 0.061274 0.0130218
internal_weight=934.391 508.192 210.602 297.59 426.199 138.382 163.661 66.152 214.835 262.538 82.7546 22.8777 72.6075 123.838 90.997 17.7931 72.2208 97.5087 79.0485 67.496 43.2743 108.051 61.3783 39.939 41.1407 46.673 22.8117 42.3462 30.0337 23.1696
internal_count=4906 2605 1056 1549 2301 682 869 351 1130 1432 419 121 368 653 477 94 374 518 395 348 230 582 329 213 212 253 122 211 150 123
is_linear=0
shrinkage=0.1


Tree=2
num_leaves=31
num_cat=0
split_feature=1 9 12 1 16 96 12 12 0 81 40 0 6 8 10 0 0 1 12 16 0 134 8 11 14 15 0 67 1 10
split_gain=179.167 44.1007 36.3638 22.4583 22.2054 11.6403 9.26812 9.25551 8.75783 8.344 7.22204 6.19118 5.81688 8.40067 5.62842 5.49802 5.41863 7.32142 6.63375 6.1794 7.65185 8.00531 8.32901 5.99128 6.0475 7.17039 5.75613 5.38616 5.31298 5.06956
threshold=0.12905924767255786 1.0000000180025095e-35 1.0000000180025095e-35 -0.24967678636312482 1.0000000180025095e-35 1.0000000180025095e-35 1.0000000180025095e-35 1.0000000180025095e-35 5.5947980880737314 1.0000000180025095e-35 1.0000000180025095e-35 3.9219712018966679 1.0000000180025095e-35 1.0000000180025095e-35 1.0000000180025095e-35 14.351813793182375 4.3846678733825692 -0.46444596350193018 1.0000000180025095e-35 1.0000000180025095e-35 8.8049278259277362 1.0000000180025095e-35 1.0000000180025095e-35 1.0000000180025095e-35 1.0000000180025095e-35 1.0000000180025095e-35 4.5790553092956552 1.0000000180025095e-35 0.92577382922172557 1.0000000180025095e-35
decision_type=2 2 2 2 2 2 2 2 2 2 2 2 2 2 2 2 2 2 2 2 2 2 2 2 2 2 2 2 2 2
left_child=1 2 3 14 6 11 -2 15 27 -9 12 -3 13 -11 -1 -6 -13 26 19 -19 21 22 -21 24 25 -20 -18 -4 29 -8
right_child=4 5 8 -5 7 -7 28 9 -10 10 -12 16 -14 -15 -16 -17 17 18 23 20 -22 -23 -24 -25 -26 -27 -28 -29 -30 -31
leaf_value=0.03869505042689219 -0.084345731694345394 0.038817263781728388 0.079810571569872119 -0.014900936379299224 -0.020815143874796285 -0.08137880873508159 -0.057215810460368402 -0.018077941560480478 0.073378064804356088 -0.030543955218797644 -0.050990240099797329 -0.067276589520735453 0.15912881528835887 0.14114313357555611 0.08365861704902422 -0.069940943215269141 0.0026290399010015474 -0.050435963525408349 0.066073523460545999 0.16471899755186464 -0.084886253556877386 -0.03168845716287582 -0.0069873973372350674 -0.024601582106719842 0.11461680222468823 -0.069923456637556752 0.14698638543761156 0.13943892332535607 -0.11759516791885394 -0.010186042919610852
leaf_weight=63.987029671669006 146.56865930557251 48.393573224544525 21.203627407550812 66.652276486158371 56.75068436563015 15.757468968629835 57.188041359186172 42.623231083154678 71.505517095327377 6.7072618305683189 4.9448573887348166 11.942204073071478 6.7352439612150183 4.9556440711021423 49.28118422627449 38.060611635446548 5.1120511442422849 38.245243951678276 10.825100570917131 7.0236467421054876 6.1894998997449866 8.5132986158132553 4.725798636674881 14.939231753349302 10.299561202526094 6.0400938093662253 6.0090308487415314 53.048241630196571 9.2876637876033765 38.251431792974472
leaf_count=317 846 247 98 355 302 86 319 229 344 35 27 63 34 24 244 213 27 210 55 37 33 43 25 75 52 31 31 244 54 206
internal_value=-0.000299426 0.0387477 0.0612317 0.031156 -0.0495443 0.00100566 -0.0681122 -0.0205227 0.0983566 0.0082418 0.0563004 0.00828818 0.0851368 0.042407 0.058258 -0.040536 -0.00308835 0.00341209 -0.00462843 -0.0247337 0.0124273 0.0421529 0.0956562 0.0262655 0.0542398 0.0173676 0.0806293 0.122411 -0.045393 -0.0383666
internal_weight=931.767 519.694 325.678 179.92 412.073 194.016 251.296 160.778 145.757 65.9662 23.343 178.258 18.3981 11.6629 113.268 94.8113 129.865 117.923 106.801 64.6975 26.4522 20.2627 11.7494 42.104 27.1648 16.8652 11.1211 74.2519 104.727 95.4395
internal_count=4906 2617 1602 916 2289 1015 1425 864 686 349 120 929 93 59 561 515 682 619 561 348 138 105 62 213 138 86 58 342 579 525
is_linear=0
shrinkage=0.1


Tree=3
num_leaves=31
num_cat=0
split_feature=1 9 12 16 1 96 12 0 9 8 51 1 126 0 0 0 16 138 12 105 26 1 8 67 6 16 10 22 55 10
split_gain=146.595 34.3737 27.4549 19.4832 17.5831 9.81399 8.47179 7.95909 8.73743 7.98839 6.74625 6.50637 5.24513 5.08021 5.06085 5.08887 5.01016 9.87181 9.49627 6.76852 4.92648 4.87963 4.64848 4.61351 4.6046 4.55245 6.27473 4.52162 4.45952 4.36603
threshold=0.12905924767255786 1.0000000180025095e-35 1.0000000180025095e-35 1.0000000180025095e-35 -0.24967678636312482 1.0000000180025095e-35 1.0000000180025095e-35 12.803559303283693 1.0000000180025095e-35 1.0000000180025095e-35 1.0000000180025095e-35 -0.37394477427005762 1.0000000180025095e-35 11.190965175628664 3.8535249233245854 3.5414099693298344 1.0000000180025095e-35 1.0000000180025095e-35 1.0000000180025095e-35 1.0000000180025095e-35 1.0000000180025095e-35 0.92577382922172557 1.0000000180025095e-35 1.0000000180025095e-35 1.0000000180025095e-35 1.0000000180025095e-35 1.0000000180025095e-35 1.0000000180025095e-35 1.0000000180025095e-35 1.0000000180025095e-35
decision_type=2 2 2 2 2 2 2 2 2 2 2 2 2 2 2 2 2 2 2 2 2 2 2 2 2 2 2 2 2 2
left_child=1 2 4 6 14 12 -2 8 10 -10 -5 20 16 -11 15 27 18 19 -3 -18 22 29 23 -4 -6 -22 -27 28 -1 -8
right_child=3 5 11 7 24 -7 21 -9 9 13 -12 -13 -14 -15 -16 -17 17 -19 -20 -21 25 -23 -24 -25 -26 26 -28 -29 -30 -31
leaf_value=0.097839877608598511 -0.079846638585679086 -0.028313534625659803 0.045794423116936017 0.019948564181383573 0.011062682506046783 -0.076640720391895692 -0.053203347505285263 -0.035903225043677212 -0.0868938877175022 0.10306766260829488 0.13028414459877624 0.063645729396462195 -0.10882509335251163 -0.052059148818077772 0.033392734506194829 0.1460016975134564 0.0062864918741817495 0.12623074924297134 0.032639738933980145 0.13540990877509035 0.09732868433618666 -0.11369268301860541 0.007518970258491864 0.14718394032001339 -0.041834040450019913 0.12282084975153972 0.23871201327586419 -0.016906832819724191 0.016492467592923079 -0.0092174379913322665
leaf_weight=24.370954185724258 139.7068667113781 63.431171029806137 8.6684514731168747 29.736693650484085 35.414896100759506 15.093637883663176 55.444564342498779 100.16720931231976 13.560223504900932 4.9025359600782394 6.8107630014419547 72.311839163303375 3.8048217445611945 3.707662358880043 67.594413191080093 8.498887822031973 54.937994942069054 9.37969923019409 42.810627713799477 4.3835200518369666 29.908810272812843 8.6773781776428205 8.223567411303522 9.30584517121315 30.740911692380905 15.908610090613367 6.6143604367971411 6.3078621923923484 9.3148164302110654 38.054806381464005
leaf_count=115 846 346 39 156 190 86 319 553 75 24 36 338 20 20 333 39 279 46 216 22 132 54 37 41 165 70 29 30 44 206
internal_value=-0.000388865 0.0342741 0.0537536 -0.0459719 0.0276291 0.000791706 -0.0638418 -0.0187671 0.0104655 -0.0390622 0.04051 0.0852955 0.00733017 0.0362681 0.0510776 0.0757288 0.00985643 0.0309011 -0.00375213 0.015828 0.105206 -0.0419583 0.0697946 0.0982869 -0.0135171 0.122899 0.156855 0.0607954 0.0753456 -0.0353008
internal_weight=927.794 527.026 333.184 400.769 182.243 193.841 241.884 158.885 58.7179 22.1704 36.5475 150.941 178.748 8.6102 116.087 48.4925 174.943 68.7012 106.242 59.3215 78.6296 102.177 26.1979 17.9743 66.1558 52.4318 22.523 39.9936 33.6858 93.4994
internal_count=4906 2617 1602 2289 916 1015 1425 864 311 119 192 686 929 44 561 228 909 347 562 301 348 579 117 80 355 231 99 189 159 525
is_linear=0
shrinkage=0.1


Tree=4
num_leaves=31
num_cat=0
split_feature=1 9 12 16 1 96 12 12 81 40 16 32 0 8 168 0 10 0 108 67 9 0 67 0 45 11 0 0 1 7
split_gain=120.183 26.9877 21.1093 17.0796 13.8617 8.28589 7.77613 7.73069 6.55028 5.6601 5.14088 5.6471 6.02995 5.95633 5.20447 4.90096 4.84838 4.7717 4.61803 4.5769 4.5627 9.14586 7.5525 7.04279 8.34744 4.55598 4.61397 4.50573 5.47029 5.18771
threshold=0.12905924767255786 1.0000000180025095e-35 1.0000000180025095e-35 1.0000000180025095e-35 -0.24967678636312482 1.0000000180025095e-35 1.0000000180025095e-35 1.0000000180025095e-35 1.0000000180025095e-35 1.0000000180025095e-35 1.0000000180025095e-35 1.0000000180025095e-35 6.9705681800842294 1.0000000180025095e-35 1.0000000180025095e-35 3.9219712018966679 1.0000000180025095e-35 6.5010266304016122 1.0000000180025095e-35 1.0000000180025095e-35 1.0000000180025095e-35 14.752909183502199 1.0000000180025095e-35 13.882272243499758 1.0000000180025095e-35 1.0000000180025095e-35 13.030800819396974 4.3846678733825692 -0.46444596350193018 1.0000000180025095e-35
decision_type=2 2 2 2 2 2 2 2 2 2 2 2 2 2 2 2 2 2 2 2 2 2 2 2 2 2 2 2 2 2
left_child=1 2 4 7 -1 15 -5 -2 19 25 11 18 13 -13 16 -3 17 -12 -4 -8 21 22 23 24 -9 26 -10 29 -29 -17
right_child=3 5 10 6 -6 -7 8 20 9 -11 14 12 -14 -15 -16 27 -18 -19 -20 -21 -22 -23 -24 -25 -26 -27 -28 28 -30 -31
leaf_value=0.045007101435856005 -0.075556664492088255 0.033341610025804179 0.078349799736850773 -0.035913709843210649 -0.012271937005519118 -0.072149830929240114 -0.051033461749594035 -0.044170657458063589 0.19391426774950885 -0.046097966873935262 0.095367011335387747 -0.0046382892482005394 -0.068079374079144189 0.14227136051020042 0.19649146736063702 -0.11774730028834926 0.130327735201961 0.023674325704852561 -0.024209826026301555 0.015479352305273678 -0.066904381357704698 -0.070381987988550457 -0.031996862206836417 0.17519048230154852 0.11549351598948797 0.009428350982020087 0.065932464616492784 0.067355670942792878 -0.0049381575854909035 0.01897602353963947
leaf_weight=118.36670096218586 133.21836170554161 49.398905709385872 68.988902896642685 91.786571606993675 65.701166436076164 14.463267162442206 18.892647311091423 7.8448763787746447 4.4090827554464394 4.7691899538040152 24.833818823099136 7.0960680842399615 6.4518092572689048 4.5162664800882339 4.8185630142688742 6.9578813761472684 18.704770237207413 14.826349943876265 4.6887896209955207 22.868836551904678 36.496664434671402 24.472847461700439 21.456275194883347 3.892711177468299 5.6204105913639069 6.6805061101913443 7.8009248524904251 11.606585159897802 106.56901621818542 4.61647829413414
leaf_count=561 846 247 306 515 355 86 106 42 21 27 107 33 30 21 21 38 81 66 21 123 218 146 122 21 30 33 39 58 561 25
internal_value=-0.000445792 0.0304436 0.0474555 -0.0426074 0.0245619 0.000657821 -0.0171372 -0.0597923 0.00920638 0.0512455 0.0746555 0.0595381 0.00943231 0.0524978 0.0966057 0.00653582 0.0883592 0.0685658 0.071823 -0.0146106 -0.0387457 -0.0225071 0.00767862 0.0567216 0.0224732 0.0758214 0.112147 -0.00366979 0.00216216 -0.0632147
internal_weight=922.815 532.605 338.993 390.21 184.068 193.612 157.208 233.002 65.4212 23.6597 154.925 91.7418 18.0641 11.6123 63.1835 179.149 58.3649 39.6602 73.6777 41.7615 99.7838 63.2871 38.8143 17.358 13.4653 18.8905 12.21 129.75 118.176 11.5744
internal_count=4906 2617 1602 2289 916 1015 864 1425 349 120 686 411 84 54 275 929 254 173 327 229 579 361 215 93 72 93 60 682 619 63
is_linear=0
shrinkage=0.1


Tree=5
num_leaves=31
num_cat=0
split_feature=0 12 0 16 9 16 9 0 12 1 78 16 8 6 10 10 6 61 26 12 21 67 5 0 99 16 74 45 67 86
split_gain=100.768 22.8882 15.7224 12.7141 11.1932 8.17531 7.32028 7.75444 6.3745 6.22166 5.92944 6.06754 6.19852 6.2339 5.97124 5.05096 8.49162 5.03406 6.39717 4.82848 5.86644 6.41237 4.85267 8.92385 4.6014 3.89068 4.93432 4.70466 5.59225 3.80176
threshold=11.190965175628664 1.0000000180025095e-35 3.9917863607406621 1.0000000180025095e-35 1.0000000180025095e-35 1.0000000180025095e-35 1.0000000180025095e-35 15.132101058959963 1.0000000180025095e-35 -0.37394477427005762 1.0000000180025095e-35 1.0000000180025095e-35 1.0000000180025095e-35 1.0000000180025095e-35 1.0000000180025095e-35 1.0000000180025095e-35 1.0000000180025095e-35 1.0000000180025095e-35 1.0000000180025095e-35 1.0000000180025095e-35 1.0000000180025095e-35 1.0000000180025095e-35 1.0000000180025095e-35 14.591375827789308 1.0000000180025095e-35 1.0000000180025095e-35 1.0000000180025095e-35 1.0000000180025095e-35 1.0000000180025095e-35 1.0000000180025095e-35
decision_type=2 2 2 2 2 2 2 2 2 2 2 2 2 2 2 2 2 2 2 2 2 2 2 2 2 2 2 2 2 2
left_child=1 2 10 6 9 24 7 19 -5 -3 11 14 13 -13 -1 -7 17 18 -17 22 21 -21 23 -2 -4 26 27 28 -11 -10
right_child=3 4 5 8 -6 15 -8 -9 29 25 -12 12 -14 -15 -16 16 -18 -19 -20 20 -22 -23 -24 -25 -26 -27 -28 -29 -30 -31
leaf_value=-0.027035596219809083 -0.042071682012984696 0.081229094237032493 -0.015289020102836316 -0.04002547298095302 0.016508166261074302 -0.0025461228879033408 -0.085932494639305398 -0.077492147296563063 -0.0088442324442622022 0.040340108321916944 0.11033237767025224 0.075080868572630188 0.12093419108782062 -0.039726735572416967 0.04573887326806847 0.035175741202268178 -0.011253213883710452 0.017921283263343916 0.16472374492214514 0.030404262237406145 0.10129477013335182 -0.066227066855944747 -0.08560409020630616 0.14362683732126599 -0.072087331622099834 0.067977913104304719 0.066166047051809104 0.032487518744172321 -0.095325554651428043 0.055389030393820475
leaf_weight=22.500922560691833 18.632351040840152 82.576416671276093 123.17415924370289 76.457363620400429 81.807953760027885 65.033615246415138 74.019147202372551 47.422435641288757 45.747006624937057 4.8481759279966328 11.434139952063559 12.458084464073183 12.617553398013113 7.6238157153129569 22.598239749670029 6.3253436386585227 17.467896968126297 8.4980230182409286 9.5922254472970963 14.53545418381691 5.1220608651638022 13.017212808132172 18.932872831821442 3.0052179098129264 16.131230294704437 36.88852733373642 19.006477177143097 20.166158095002174 8.1396003216505051 11.538420557975767
leaf_count=109 124 348 675 442 416 337 479 307 248 23 51 57 58 36 108 32 90 45 49 77 28 77 126 20 96 163 91 94 39 61
internal_value=-0.000485743 0.024266 0.00713023 -0.0448667 0.0469477 -0.00590264 -0.0611743 -0.0459873 -0.0211281 0.0614572 0.0430922 0.0332098 0.0660069 0.0314957 0.00943016 0.0148967 0.0419805 0.0800661 0.113244 -0.0255895 0.00302025 -0.0152491 -0.0486314 -0.0162802 -0.0218661 0.0431224 0.0255442 0.00225652 -0.0446832 0.00409362
internal_weight=917.318 588.889 335.455 328.43 253.433 246.222 194.687 120.668 133.743 171.625 89.2328 77.7986 32.6995 20.0819 45.0992 106.917 41.8835 24.4156 15.9176 73.2452 32.6747 27.5527 40.5704 21.6376 139.305 89.0489 52.1604 33.1539 12.9878 57.2854
internal_count=4906 2917 1743 1989 1174 1324 1238 759 751 758 419 368 151 93 217 553 216 126 81 452 182 154 270 144 771 410 247 156 62 309
is_linear=0
shrinkage=0.1


Tree=6
num_leaves=31
num_cat=0
split_feature=0 9 0 12 12 61 10 16 81 178 11 14 5 9 42 10 137 67 1 1 7 13 135 0 6 7 1 0 14 0
split_gain=83.1683 18.3131 14.7481 11.4406 8.64068 5.88652 6.3154 5.52798 4.66239 4.63678 4.61335 6.18681 5.78609 4.56651 7.01751 4.49934 5.65894 5.51037 5.43422 6.67849 4.72391 4.65412 4.46346 10.4378 8.53388 4.25833 4.19102 8.15647 4.15982 4.15519
threshold=11.190965175628664 1.0000000180025095e-35 5.6454484462738046 1.0000000180025095e-35 1.0000000180025095e-35 1.0000000180025095e-35 1.0000000180025095e-35 1.0000000180025095e-35 1.0000000180025095e-35 1.0000000180025095e-35 1.0000000180025095e-35 1.0000000180025095e-35 1.0000000180025095e-35 1.0000000180025095e-35 1.0000000180025095e-35 1.0000000180025095e-35 1.0000000180025095e-35 1.0000000180025095e-35 -0.40056277811527247 -0.46444596350193018 1.0000000180025095e-35 1.0000000180025095e-35 1.0000000180025095e-35 6.7802875041961679 1.0000000180025095e-35 1.0000000180025095e-35 -0.45531979203224177 4.2108144760131845 1.0000000180025095e-35 7.6317591667175302
decision_type=2 2 2 2 2 2 2 2 2 2 2 2 2 2 2 2 2 2 2 2 2 2 2 2 2 2 2 2 2 2
left_child=1 2 15 5 10 13 -7 -5 -8 -3 22 29 -13 14 -2 18 17 -17 19 -1 26 -21 23 -4 -25 -24 27 -19 -18 -12
right_child=3 9 4 7 -6 6 8 -9 -10 -11 11 12 -14 -15 -16 16 28 20 -20 21 -22 -23 25 24 -26 -27 -28 -29 -30 -31
leaf_value=0.047116804815001689 -0.089657304931074794 0.0005179920931331531 0.19282330791756094 -0.036790037255263676 0.038661794649105637 -0.059903636715278145 -0.02409398202168125 0.0036613468356786107 0.067455031524784367 -0.1048797184475983 -0.0050563498526528874 0.057330881297559921 -0.058397928204625443 -0.097739453229578652 -0.025726491580666727 0.0364506059566201 0.066316199227051273 0.1150786470931604 0.11733627000572905 -0.072540108090671823 0.062769996031808703 0.034770352673610047 0.013016379675670535 0.058420714945055886 -0.029280538723172995 -0.1033218096834596 0.045962983074960911 0.25381457922405187 -0.038939775292949327 -0.089167842527030694
leaf_weight=79.993460655212402 32.933004096150398 211.5523911267519 3.572802707552909 82.134159222245216 90.033731132745743 40.677694767713547 19.168086886405948 57.387581393122673 7.8374522775411597 4.2580280452966681 9.0368440747261065 12.01971383392811 6.7442239373922339 43.436344772577286 35.87126624584198 15.619714900851248 8.4351526051759702 18.286145567893985 8.7994686365127546 8.7840703278780001 16.547677785158157 7.4859000891447058 7.155744791030882 22.490403607487679 21.898289129137993 5.615143820643425 4.9340426176786449 5.5158970504999152 6.7669281959533683 16.777244627475739
leaf_count=350 218 1118 17 506 409 266 127 309 51 26 46 65 37 288 224 69 37 78 39 40 72 34 35 122 125 28 22 24 30 94
internal_value=-0.00051629 0.0216634 0.0349756 -0.0416424 0.0159157 -0.0583073 -0.0350146 -0.0201517 0.00247505 -0.00156155 -0.00353076 -0.0279607 0.0157351 -0.0723532 -0.0563268 0.0555268 0.0740429 0.0876664 0.042114 0.035238 0.105332 -0.023166 0.014401 0.0283901 0.015155 -0.0381356 0.129842 0.147229 0.0194634 -0.0597226
internal_weight=911.769 592.323 376.513 319.446 195.344 179.924 67.6832 139.522 27.0055 215.81 105.31 44.578 18.7639 112.241 68.8043 181.168 76.1056 60.9035 105.063 96.2634 45.2838 16.27 60.7324 47.9615 44.3887 12.7709 28.7361 23.802 15.2021 25.8141
internal_count=4906 2917 1773 1989 978 1174 444 815 178 1144 569 242 102 730 442 795 332 265 463 424 196 74 327 264 247 63 124 102 67 140
is_linear=0
shrinkage=0.1


Tree=7
num_leaves=31
num_cat=0
split_feature=0 12 1 16 9 0 9 16 0 0 9 8 6 0 9 21 16 10 0 1 0 14 82 140 12 21 5 0 67 14
split_gain=68.5505 16.0918 11.0561 10.8031 6.63896 6.70835 6.52573 6.41748 5.74493 8.72553 10.0915 5.01429 8.97506 4.9246 4.55737 5.29155 4.4787 4.38022 5.19605 7.42635 5.78447 5.96618 4.3576 4.28488 4.65334 5.99377 4.97687 4.49661 4.34819 4.25433
threshold=11.190965175628664 1.0000000180025095e-35 -0.27872842550277704 1.0000000180025095e-35 1.0000000180025095e-35 15.132101058959963 1.0000000180025095e-35 1.0000000180025095e-35 11.494866847991945 12.803559303283693 1.0000000180025095e-35 1.0000000180025095e-35 1.0000000180025095e-35 5.3483915328979501 1.0000000180025095e-35 1.0000000180025095e-35 1.0000000180025095e-35 1.0000000180025095e-35 10.584530830383303 -0.10076811909675597 6.9705681800842294 1.0000000180025095e-35 1.0000000180025095e-35 1.0000000180025095e-35 1.0000000180025095e-35 1.0000000180025095e-35 1.0000000180025095e-35 14.405201911926271 1.0000000180025095e-35 1.0000000180025095e-35
decision_type=2 2 2 2 2 2 2 2 2 2 2 2 2 2 2 2 2 2 2 2 2 2 2 2 2 2 2 2 2 2
left_child=1 2 7 4 5 23 16 14 -5 10 -10 12 -9 -13 -1 -16 -3 -4 19 20 -19 -22 -18 24 26 28 27 -2 -26 -14
right_child=3 6 17 8 -6 -7 -8 11 9 -11 -12 13 29 -15 15 -17 22 18 -20 -21 21 -23 -24 -25 25 -27 -28 -29 -30 -31
leaf_value=0.021635156242972704 -0.041374624269917497 0.035863502921109312 -0.029660203978724306 -0.1120508120340204 -0.079160193100482126 -0.070450246412118209 0.01489439046529138 0.059058262683237897 0.07429010308410304 -0.026821587285310217 -0.051736337387440295 0.097229937020954949 0.01410771436126791 0.0035636827910276109 -0.034151395800305802 0.069307719824138206 0.057253026859877189 -0.038442954532649148 0.094246616693887855 -0.032468156944674857 0.037045681155126547 0.17986484884733106 0.12347413161414543 0.056016364224680829 0.019460983605319712 0.10607480366027311 -0.094726390798743773 0.087481402086858437 -0.064023322898393895 -0.07860851011475295
leaf_weight=67.111158773303032 15.064851343631746 104.87207762897015 88.089563772082329 6.0037199258804312 67.500637829303741 43.553640708327293 82.343641966581345 28.158625453710556 20.547561034560204 94.006722837686539 9.1979725807905215 23.15530996024609 10.729955211281776 7.4092107415199271 36.738160595297813 5.7122941613197318 59.190213769674301 5.9846717268228558 5.9216571599245063 34.581262364983559 9.9900351762771589 4.1359515339136115 11.941787168383597 6.6250468939542762 13.674055695533756 4.5519357770681372 15.825028464198111 3.301708683371543 11.473579928278923 9.1858540177345276
leaf_count=310 105 460 499 35 479 307 416 129 108 553 55 104 51 35 202 29 248 31 38 195 54 22 50 43 73 24 114 21 72 44
internal_value=-0.000532374 0.0193542 0.00495623 -0.0385553 -0.0543026 -0.0395932 0.0381302 0.0210589 -0.0165196 -0.011885 0.03532 0.0428551 0.0227208 0.0745241 0.00541437 -0.0202295 0.0490011 -0.0154235 0.00526677 -0.00436734 0.0439534 0.0788617 0.0683704 -0.0205346 -0.0284724 0.000484167 -0.0536247 -0.0182105 -0.0186286 -0.0286562
internal_weight=906.578 595.251 336.904 311.326 181.57 114.07 258.348 188.201 129.756 123.752 29.7455 78.639 48.0744 30.5645 109.562 42.4505 176.004 148.703 60.6136 54.6919 20.1107 14.126 71.132 70.5162 63.8912 29.6996 34.1916 18.3666 25.1476 19.9158
internal_count=4906 2917 1743 1989 1238 759 1174 904 751 716 163 363 224 139 541 231 758 839 340 302 107 76 298 452 409 169 240 126 145 95
is_linear=0
shrinkage=0.1


Tree=8
num_leaves=31
num_cat=0
split_feature=0 12 16 0 143 9 1 9 8 0 151 41 10 61 6 5 81 0 0 5 71 39 16 78 0 9 47 97 56 0
split_gain=56.7929 13.0538 10.9957 8.53616 8.11289 5.89846 5.88763 6.22747 5.8795 6.5686 5.46802 5.15536 5.22891 6.15882 6.03997 8.01319 5.01922 7.26934 6.33959 5.62273 5.30428 8.7615 4.61478 4.39478 4.0351 4.01993 6.57354 8.06294 5.25959 3.8822
threshold=10.120465755462648 1.0000000180025095e-35 1.0000000180025095e-35 3.9917863607406621 1.0000000180025095e-35 1.0000000180025095e-35 0.92577382922172557 1.0000000180025095e-35 1.0000000180025095e-35 15.798768043518068 1.0000000180025095e-35 1.0000000180025095e-35 1.0000000180025095e-35 1.0000000180025095e-35 1.0000000180025095e-35 1.0000000180025095e-35 1.0000000180025095e-35 10.843257904052736 14.017796039581301 1.0000000180025095e-35 1.0000000180025095e-35 1.0000000180025095e-35 1.0000000180025095e-35 1.0000000180025095e-35 14.591375827789308 1.0000000180025095e-35 1.0000000180025095e-35 1.0000000180025095e-35 1.0000000180025095e-35 13.211498737335207
decision_type=2 2 2 2 2 2 2 2 2 2 2 2 2 2 2 2 2 2 2 2 2 2 2 2 2 2 2 2 2 2
left_child=1 3 6 23 22 -3 7 11 9 25 -9 12 -2 -14 24 -16 19 -18 -19 20 -10 -22 -5 -1 -15 26 27 -4 -28 -27
right_child=2 5 8 4 -6 -7 -8 10 16 -11 -12 -13 13 14 15 -17 17 18 -20 -21 21 -23 -24 -25 -26 29 28 -29 -30 -31
leaf_value=0.023175005117735622 -0.060171805336215627 0.048123963221269307 -0.039388956161112702 -0.02061869563258013 0.13562087064210912 0.014245706779840703 -0.10508163911966462 -0.071182326040919189 -0.05482952391066364 -0.073129755071085004 0.060758905151188661 0.012420805382754072 -0.04538928915150011 -0.075966359614567644 0.17454010923323762 -0.019174129114651522 0.16176821966969937 -0.039889142746488832 0.083607436666162993 -0.060817188221042373 0.0077249878802627117 0.1745926745787828 0.0093027334347955647 0.088115740451720312 0.055288020866794997 -0.077756105394512123 0.15277529838409848 0.095605891889457062 0.020375024987560105 0.0014317619293295512
leaf_weight=79.827821552753448 50.906974881887436 162.5080833286047 27.884798616170883 117.72841049730778 4.0359850674867621 75.16146145761013 15.835021384060381 67.763361603021622 6.4605886787176159 22.747890517115593 3.2936805188655844 25.274684518575668 24.869650512933731 5.8305662125349045 4.9718338549137115 3.7430763095617294 4.7500606477260616 8.3622775226831454 8.2651901692152006 13.067166849970816 11.726312339305879 4.3005101829767218 91.689355775713921 11.985439971089361 3.9148756414651871 14.355964615941049 4.5234113782644245 5.2588661462068549 8.9110071361064911 10.885241121053694
leaf_count=368 347 682 155 642 21 374 124 495 36 141 23 164 162 36 31 24 22 45 46 76 69 26 467 51 26 88 24 29 46 66
internal_value=-0.000548861 0.0198371 -0.0314743 0.00615538 -0.00481173 0.0374102 -0.046491 -0.0416225 -0.0110153 -0.0263006 -0.0650665 -0.0276836 -0.0384398 -0.0129075 0.0308517 0.0913393 0.0143743 0.0526663 0.0214986 -0.00864913 0.0216651 0.0525009 -0.0075182 0.0316525 -0.0232397 -0.011468 0.00594814 -0.0179695 0.0649546 -0.0436064
internal_weight=900.84 542.937 357.903 305.267 213.454 237.67 206.404 190.569 151.499 94.5672 71.057 119.512 94.237 43.33 18.4604 8.71491 56.9321 21.3775 16.6275 35.5546 22.4874 16.0268 209.418 91.8133 9.74544 71.8193 46.5781 33.1437 13.4344 25.2412
internal_count=4906 2605 2301 1549 1130 1056 1432 1308 869 549 518 790 626 279 117 55 320 113 91 207 131 95 1109 419 62 408 254 184 70 154
is_linear=0
shrinkage=0.1


Tree=9
num_leaves=31
num_cat=0
split_feature=0 9 12 0 11 135 1 61 87 34 0 5 1 73 14 13 82 7 0 0 16 8 10 79 12 0 137 178 9 42
split_gain=47.5981 10.8574 10.0518 9.26369 5.41358 5.70367 14.2079 5.36808 6.42646 5.01647 5.15946 4.87443 5.08772 5.90292 4.90213 4.06484 7.45388 4.88782 9.49231 6.99785 4.98996 4.84815 3.93838 4.60829 4.90018 4.82395 4.49559 3.93587 3.93153 5.80761
threshold=11.190965175628664 1.0000000180025095e-35 1.0000000180025095e-35 6.1615331172943124 1.0000000180025095e-35 1.0000000180025095e-35 -0.25576089322566981 1.0000000180025095e-35 1.0000000180025095e-35 1.0000000180025095e-35 5.6454484462738046 1.0000000180025095e-35 -0.019545212388038632 1.0000000180025095e-35 1.0000000180025095e-35 1.0000000180025095e-35 1.0000000180025095e-35 1.0000000180025095e-35 10.035592079162599 9.0704994201660174 1.0000000180025095e-35 1.0000000180025095e-35 1.0000000180025095e-35 1.0000000180025095e-35 1.0000000180025095e-35 4.3846678733825692 1.0000000180025095e-35 1.0000000180025095e-35 1.0000000180025095e-35 1.0000000180025095e-35
decision_type=2 2 2 2 2 2 2 2 2 2 2 2 2 2 2 2 2 2 2 2 2 2 2 2 2 2 2 2 2 2
left_child=1 3 7 9 5 6 -5 28 -9 10 22 12 13 -6 -14 17 -17 18 21 -19 -21 -8 23 24 25 -1 -24 -3 29 -2
right_child=2 27 -4 4 11 -7 15 8 -10 -11 -12 -13 14 -15 -16 16 -18 19 -20 20 -22 -23 26 -25 -26 -27 -28 -29 -30 -31
leaf_value=0.020711587066693401 -0.081764662928626539 -0.00042612632327570349 -0.012774776569668137 0.20719802794348238 0.0031564315986653958 -0.045751780450283844 0.16291402047400902 -0.036091300291788746 0.083966555512867691 0.10966162108211192 -0.019643995201888899 -0.047157048212608743 -0.075133253257383736 0.1065576308712629 0.024688231097682822 -0.025035872516446844 0.073107516748240536 -0.04652687227515151 -0.034905603235788958 -0.0065455790366316328 0.12500618149559431 0.059053303052737094 0.070245301522459003 0.10413472237830677 0.046136974254480587 -0.047251899903711161 0.01000227664511091 -0.10096641520297489 -0.08965980168600568 -0.021173032204425891
leaf_weight=37.200401052832603 29.175805561244488 211.65071552991867 132.2648342102766 4.3765964806079856 16.631109967827797 10.709017887711523 8.922087043523792 58.363406307995319 4.8272839188575736 9.8366570770740491 15.122135818004606 25.882772907614708 10.966802030801773 8.264517620205881 8.9221201986074448 30.769549310207367 10.338764369487761 11.252119973301889 5.9734970182180396 5.3644500076770765 6.2343740314245224 9.0565781593322754 62.193003550171852 7.5162899792194358 47.422887310385704 14.519946947693823 15.468009933829306 3.9666593968868247 37.679492011666298 34.552859887480736
leaf_count=164 218 1118 815 19 80 51 42 411 33 44 69 136 59 40 46 156 51 56 33 29 30 43 263 33 193 69 67 26 288 224
internal_value=-0.000563911 0.015673 -0.0333022 0.0257791 0.00870526 0.0233299 0.031346 -0.0497972 -0.0269198 0.0399474 0.036509 -0.01261 0.00735616 0.0374822 -0.0303536 0.0225914 -0.000352754 0.0427438 0.0743083 0.00965807 0.0641636 0.110595 0.041116 0.0286429 0.0229197 0.00163155 0.0582465 -0.00227574 -0.0640528 -0.0489127
internal_weight=895.425 598.561 296.864 382.944 173.664 102.997 92.288 164.599 63.1907 209.279 199.443 70.6673 44.7845 24.8956 19.8889 87.9114 41.1083 46.8031 23.9522 22.8509 11.5988 17.9787 184.321 106.66 99.1432 51.7203 77.661 215.617 101.408 63.7287
internal_count=4906 2917 1989 1773 871 510 459 1174 444 902 858 361 225 120 105 440 207 233 118 115 59 85 789 459 426 233 330 1144 730 442
is_linear=0
shrinkage=0.1


Tree=10
num_leaves=31
num_cat=0
split_feature=0 12 12 1 16 23 16 19 81 8 6 0 9 140 52 139 0 0 99 14 49 33 0 0 0 16 61 10 5 5
split_gain=39.1769 9.49668 8.75671 7.00757 5.12946 4.8522 4.67968 11.321 4.27441 3.79209 6.99364 3.72616 3.72272 5.8014 5.46636 3.6322 3.61664 3.56744 3.75664 3.54429 3.53308 5.27522 5.59952 4.52181 4.83942 5.41374 3.53054 3.87665 4.16908 3.48925
threshold=11.190965175628664 1.0000000180025095e-35 1.0000000180025095e-35 -0.27872842550277704 1.0000000180025095e-35 1.0000000180025095e-35 1.0000000180025095e-35 1.0000000180025095e-35 1.0000000180025095e-35 1.0000000180025095e-35 1.0000000180025095e-35 5.3483915328979501 1.0000000180025095e-35 1.0000000180025095e-35 1.0000000180025095e-35 1.0000000180025095e-35 2.1683777570724492 16.119096755981449 1.0000000180025095e-35 1.0000000180025095e-35 1.0000000180025095e-35 1.0000000180025095e-35 11.824777603149416 13.938398361206056 14.528405189514162 1.0000000180025095e-35 1.0000000180025095e-35 1.0000000180025095e-35 1.0000000180025095e-35 1.0000000180025095e-35
decision_type=2 2 2 2 2 2 2 2 2 2 2 2 2 2 2 2 2 2 2 2 2 2 2 2 2 2 2 2 2 2
left_child=1 3 4 6 8 -5 7 16 -2 10 -8 29 13 17 -14 26 -1 18 20 -12 23 -22 -23 -4 -25 -26 -6 28 -28 -11
right_child=2 -3 12 5 15 -7 9 -9 -10 11 19 -13 14 -15 -16 -17 -18 -19 -20 -21 21 22 -24 24 25 -27 27 -29 -30 -31
leaf_value=0.081242516905428025 -0.07682416170800635 0.028301449073541807 -0.069266924606833383 0.10437992059214168 -0.036144025977735812 -0.016316619643251654 0.047857179456400258 0.16694277208215685 -0.030047415637824024 0.11041736371808751 0.0091925192518710844 -0.00055841599900114476 -0.086633280313458155 0.093484602393144253 -0.011156643916361918 -0.1056171430517501 -0.0080308194408220002 -0.047487818968210888 0.051632226633739856 -0.075581447659253481 0.10231373226553815 0.05750426325342415 -0.09263228663053108 0.077789063846385786 -0.077548871200144295 0.050129556466992242 0.030556644816518465 0.075157676149252894 -0.077590237345627699 0.032115170637373652
leaf_weight=4.7504567354917517 62.048210144042969 262.53220090270042 14.350682049989699 3.4101704508066168 41.842647537589073 143.11805285513401 28.951124057173729 4.0190609991550437 28.511666111648083 14.743160590529445 10.907147169113159 7.4989813119173041 14.091050289571283 6.21791648864746 30.077780909836292 5.270233526825904 101.45513868331909 16.98467531055212 13.183114796876906 9.0022481381893158 6.2436604797840127 5.14736707508564 4.8012707382440567 6.189341455698016 8.6220020055770856 5.4014271795749655 8.3497039079666155 6.9492134898900977 6.2200476080179206 9.2687033414840698
leaf_count=22 504 1174 81 20 273 819 129 18 228 64 51 35 98 36 201 34 501 115 77 44 33 27 26 35 57 29 53 43 39 40
internal_value=-0.000560915 0.0140408 -0.030702 0.00293552 -0.0464703 -0.0135076 0.0155768 0.00219664 -0.0620971 0.033927 0.0164833 0.0609752 -0.0115855 0.00040191 -0.0352357 -0.0258507 -0.00403772 -0.00675028 0.00407121 -0.0291389 -0.00828211 0.0302647 -0.0149525 -0.0263405 0.00413638 -0.0283708 -0.0192159 0.0137 -0.0156129 0.0801923
internal_weight=890.158 599.656 290.502 337.124 159.192 146.528 190.596 110.225 90.5599 80.3714 48.8605 31.5108 131.31 87.1415 44.1688 68.6318 106.206 80.9235 63.9389 19.9094 50.7558 16.1923 9.94864 34.5635 20.2128 14.0234 63.3616 21.519 14.5698 24.0119
internal_count=4906 2917 1989 1743 1174 839 904 541 732 363 224 139 815 516 299 442 523 480 365 95 288 86 53 202 121 86 408 135 92 104
is_linear=0
shrinkage=0.1


Tree=11
num_leaves=31
num_cat=0
split_feature=0 9 0 16 1 16 51 6 7 0 0 0 8 140 1 132 70 15 5 9 0 12 1 126 178 36 5 0 34 139
split_gain=33.2635 14.4369 8.61331 6.3103 6.22548 5.32734 5.11694 4.49654 7.79315 7.3396 7.29449 7.07523 6.24301 4.09169 4.0039 3.91215 3.80198 8.05197 8.7621 4.71971 4.70016 3.49252 4.5551 3.38834 3.47882 3.37363 6.03603 3.77949 3.3459 3.27028
threshold=12.581793308258058 1.0000000180025095e-35 11.23477077484131 1.0000000180025095e-35 -0.46444596350193018 1.0000000180025095e-35 1.0000000180025095e-35 1.0000000180025095e-35 1.0000000180025095e-35 7.1540040969848642 9.0704994201660174 10.380561351776125 1.0000000180025095e-35 1.0000000180025095e-35 0.92577382922172557 1.0000000180025095e-35 1.0000000180025095e-35 1.0000000180025095e-35 1.0000000180025095e-35 1.0000000180025095e-35 14.917180061340334 1.0000000180025095e-35 0.44786675274372106 1.0000000180025095e-35 1.0000000180025095e-35 1.0000000180025095e-35 1.0000000180025095e-35 9.4346337318420428 1.0000000180025095e-35 1.0000000180025095e-35
decision_type=2 2 2 2 2 2 2 2 2 2 2 2 2 2 2 2 2 2 2 2 2 2 2 2 2 2 2 2 2 2
left_child=1 4 23 14 -1 -6 7 8 12 -10 -11 -12 25 -9 16 -14 17 18 20 -18 -2 29 -23 24 -3 27 -27 -7 -24 -5
right_child=3 2 -4 21 5 6 -8 13 9 10 11 -13 15 -15 -16 -17 19 -19 -20 -21 -22 22 28 -25 -26 26 -28 -29 -30 -31
leaf_value=0.038642486336691415 0.051270925515755419 0.00027918376730582273 -0.070625618641291951 -0.025136660384083565 0.00072851777616756916 0.10977748562763001 0.12468828868600075 -0.0075927881694325492 0.069996393902644491 -0.10659885281429299 0.07172687019639401 -0.088066980747779591 0.05163366497828456 0.094577353614708481 -0.099919148398749241 -0.054678917765304418 -0.034066276283650707 -0.079378033315393837 -0.052044331070334675 -0.080808309077964879 0.22472749422821209 0.10792125028844402 0.0081335082317123795 -0.088130941151057685 -0.097184337337790666 0.22907498211826086 0.067379104833054024 0.00020398018638202419 -0.074096680680498753 -0.12106544220218129
leaf_weight=142.4516845792532 3.4111495614051837 208.56157010048628 20.808973267674446 46.959695547819138 157.3981866016984 9.0699619054794294 5.2709223479032508 46.017876833677292 10.45003527402878 8.115404427051546 7.9150376915931684 4.2634464800357819 13.684154540300371 4.284678950905799 13.697987444698809 4.633338749408721 60.298867918550968 7.691783368587493 4.4991250559687614 33.661785684525967 2.882049098610878 4.0018803477287284 33.271400690078735 4.6055622547864905 3.7277053296566001 4.7044923901557922 4.5331788510084152 4.8211984336376199 5.8127134144306174 3.8447092622518531
leaf_count=599 23 1097 162 314 828 40 26 222 45 41 37 23 66 20 124 20 436 61 35 282 20 20 183 26 26 22 21 24 36 27
internal_value=-0.000558844 0.0105881 -0.00916934 -0.034264 0.021571 0.0130429 0.0282136 0.0240623 0.0400556 0.00190685 -0.0331548 0.0157862 0.0683535 0.00110988 -0.0488744 0.0247423 -0.0426561 -0.00119801 0.0545216 -0.0508118 0.130708 -0.0146349 0.00630828 -0.0032732 -0.00143223 0.102893 0.149726 0.0717479 -0.00409603 -0.0323962
internal_weight=885.351 665.317 237.704 220.033 427.614 285.162 127.764 122.493 72.1902 30.7439 20.2939 12.1785 41.4463 50.3026 126.143 18.3175 112.445 18.4841 10.7923 93.9607 6.2932 93.8904 43.086 216.895 212.289 23.1288 9.23767 13.8912 39.0841 50.8044
internal_count=4906 3345 1311 1561 2034 1435 607 581 339 146 101 60 193 242 981 86 857 139 78 718 43 580 239 1149 1123 107 43 64 219 341
is_linear=0
shrinkage=0.1


Tree=12
num_leaves=31
num_cat=0
split_feature=0 9 0 12 1 91 176 16 39 55 102 34 51 77 68 94 16 34 67 1 0 0 0 126 15 47 0 1 96 8
split_gain=27.5829 11.636 7.43051 5.71708 5.00672 4.55114 4.39248 4.25793 4.34852 9.53145 5.07971 4.71431 4.03152 3.78494 3.32357 3.18685 3.02368 3.64011 3.44587 7.14424 6.49372 4.02389 3.11919 2.90015 2.93375 4.28731 3.66428 6.42872 6.17986 3.39097
threshold=12.581793308258058 1.0000000180025095e-35 11.23477077484131 1.0000000180025095e-35 -0.46444596350193018 1.0000000180025095e-35 1.0000000180025095e-35 1.0000000180025095e-35 1.0000000180025095e-35 1.0000000180025095e-35 1.0000000180025095e-35 1.0000000180025095e-35 1.0000000180025095e-35 1.0000000180025095e-35 1.0000000180025095e-35 1.0000000180025095e-35 1.0000000180025095e-35 1.0000000180025095e-35 1.0000000180025095e-35 0.718609780073166 13.813826084136965 14.680356025695803 15.683778285980226 1.0000000180025095e-35 1.0000000180025095e-35 1.0000000180025095e-35 10.658453464508058 0.082515783607959761 1.0000000180025095e-35 1.0000000180025095e-35
decision_type=2 2 2 2 2 2 2 2 2 2 2 2 2 2 2 2 2 2 2 2 2 2 2 2 2 2 2 2 2 2
left_child=1 4 23 6 -1 7 -2 8 10 11 13 -10 15 -6 -4 -9 -5 18 22 20 -20 -22 -18 24 26 -26 27 28 -3 -28
right_child=3 2 14 16 5 -7 -8 12 9 -11 -12 -13 -14 -15 -16 -17 17 -19 19 -21 21 -23 -24 -25 25 -27 29 -29 -30 -31
leaf_value=0.034563421300676168 -0.050021768087457452 0.018198695316014615 -0.086334141546813126 -0.029341319024277723 -0.014418287950249463 0.079683513650059656 0.085459159649444436 0.024131375985554412 0.072539754940982248 0.053548648848219575 -0.10534968184143854 -0.040948371471781049 0.10647980555083583 0.087604218159822667 0.019584272376240677 -0.035342436718149822 0.016479531357439788 -0.069907238108959782 0.099794738907767772 0.17412823764213434 -0.10942619727313162 0.02417441318488131 -0.068441079598786356 -0.083396376580662152 -0.0046207429306801594 -0.061799254769289616 0.010853511469474639 -0.065666632889560914 -0.06877136816318026 0.14853147257600738
leaf_weight=143.28934887051582 111.22128840535879 103.49838361144066 16.184105195105079 57.949836991727352 79.207768671214581 9.5091579258441907 2.4456788823008528 108.5147221237421 4.2960780560970333 34.605872303247452 5.9548383653163901 24.733769595623016 5.5391329526901236 3.8113338053226462 3.6263224110007277 9.8254896700382215 12.446364730596544 5.5584439039230338 5.7975343018770245 3.5925968140363684 4.0775992423295957 5.041935607790947 6.6289565712213507 4.3916136920452109 64.069603450596333 16.488291203975677 3.6980373859405509 12.000918343663214 8.8705727532505971 3.4652721136808395
leaf_count=599 890 522 133 413 411 46 19 510 24 190 32 128 26 19 29 49 66 36 29 20 22 27 39 26 340 89 24 71 57 20
internal_value=-0.000558258 0.00949649 -0.00832528 -0.0317197 0.0193061 0.011662 -0.0471067 0.00932259 -0.00185811 0.0181019 -0.0161338 -0.0241535 0.0230963 -0.00973452 -0.0669456 0.0191934 -0.0144189 0.00562467 0.0167951 0.0475333 0.0170444 -0.0355622 -0.0130316 -0.00296091 -0.00129539 -0.0163238 0.00790882 0.00390315 0.0113331 0.0774556
internal_weight=880.341 665.581 236.293 214.76 429.288 285.998 113.667 276.489 152.61 63.6357 88.9739 29.0298 123.879 83.0191 19.8104 118.34 101.093 43.1434 37.585 18.5097 14.9171 9.11953 19.0753 216.483 212.091 80.5579 131.533 124.37 112.369 7.16331
internal_count=4906 3345 1311 1561 2034 1435 909 1389 804 342 462 152 585 430 162 559 652 239 203 98 78 49 105 1149 1123 429 694 650 579 44
is_linear=0
shrinkage=0.1


Tree=13
num_leaves=31
num_cat=0
split_feature=0 9 16 0 12 11 0 6 0 5 0 99 73 13 1 70 5 15 10 16 9 32 12 10 0 0 11 0 26 133
split_gain=22.9302 9.28133 6.51118 6.37268 4.66036 3.85658 6.76129 5.02091 3.91549 7.7118 5.02783 3.831 3.79703 5.81163 3.79055 4.05633 6.76635 5.27273 3.77366 3.6571 3.60993 4.07785 5.20909 3.60281 3.41389 5.68982 4.08065 3.40352 3.22753 6.26175
threshold=12.412046909332277 1.0000000180025095e-35 1.0000000180025095e-35 11.23477077484131 1.0000000180025095e-35 1.0000000180025095e-35 2.7310061454772954 1.0000000180025095e-35 9.2238192558288592 1.0000000180025095e-35 3.8535249233245854 1.0000000180025095e-35 1.0000000180025095e-35 1.0000000180025095e-35 0.92577382922172557 1.0000000180025095e-35 1.0000000180025095e-35 1.0000000180025095e-35 1.0000000180025095e-35 1.0000000180025095e-35 1.0000000180025095e-35 1.0000000180025095e-35 1.0000000180025095e-35 1.0000000180025095e-35 13.351129055023195 14.47091054916382 1.0000000180025095e-35 14.917180061340334 1.0000000180025095e-35 1.0000000180025095e-35
decision_type=2 2 2 2 2 2 2 2 2 2 2 2 2 2 2 2 2 2 2 2 2 2 2 2 2 2 2 2 2 2
left_child=1 4 14 -3 5 6 -1 8 10 -10 -8 18 13 -12 15 16 17 27 28 -11 23 -22 -23 24 -17 26 -26 -2 29 -7
right_child=2 3 -4 -5 -6 11 7 -9 9 19 12 -13 -14 -15 -16 20 -18 -19 -20 -21 21 22 -24 -25 25 -27 -28 -29 -30 -31
leaf_value=0.095561718657283898 0.041002471274554954 -0.0027067992713995857 -0.0091692007933047246 -0.067348784168812612 0.028890702992820056 0.049577215000839392 0.082382355395215379 -0.0080926030147998023 0.14697929780566193 -0.054597790078969144 0.075893683901080561 -0.069657628590619636 -0.054056647024544935 -0.027152195758288492 -0.096450473340477461 -0.10832768937072611 -0.07320455092736998 -0.030810176869691966 0.024324123513905855 0.072165384155639112 -0.091284993470552134 -0.083044016030203394 0.10214433906615342 -0.0052573427098208947 0.094210963796733119 -0.071118114744994437 -0.045059935007320334 0.18222878748314153 -0.0333644592446527 -0.096853918091788907
leaf_weight=10.691397950053213 3.6117040961980837 215.92685297876596 96.691952735185623 16.409824773669243 196.22222791612148 13.769643448293211 9.0551033169031125 58.811364449560642 7.7871800214052209 4.3657936975359917 10.260933190584183 8.8270701989531499 9.745328366756441 11.729741275310516 12.336650691926478 8.6617093533277494 6.9086199402809134 4.5881835296750069 36.437822498381138 4.7543067634105682 25.699687562882904 3.4133284091949454 2.736775666475296 27.234912201762199 4.6178133040666598 15.497861735522745 3.8643957152962685 3.2348949909210205 38.180596202611923 3.706370308995246
leaf_count=44 24 1149 608 142 839 75 37 309 42 30 49 56 47 57 124 65 59 38 180 24 235 35 22 196 33 131 28 20 191 17
internal_value=-0.000552158 0.00879433 -0.0285654 -0.00727243 0.0175912 0.00787176 0.0194532 0.0124692 0.0334276 0.0738905 0.0166564 -0.00672548 -0.00209692 0.0209294 -0.043887 -0.0379957 0.00493227 0.0521407 -0.000693557 0.0114838 -0.0465804 -0.0737809 -0.00063582 -0.0321118 -0.0545179 -0.0350816 0.0307608 0.107729 -0.0170724 0.0185216
internal_weight=875.78 656.682 219.098 232.337 424.345 228.123 127.201 116.51 57.6984 16.9073 40.7911 100.922 31.736 21.9907 122.407 110.07 18.3434 11.4348 92.0944 9.1201 91.7265 31.8498 6.1501 59.8767 32.6418 23.9801 8.48221 6.8466 55.6566 17.476
internal_count=4906 3288 1618 1291 1997 1158 639 595 286 96 190 519 153 106 1010 886 141 82 463 54 745 292 57 453 257 192 61 44 283 92
is_linear=0
shrinkage=0.1


Tree=14
num_leaves=31
num_cat=0
split_feature=0 12 16 61 10 140 0 83 9 0 16 97 1 10 82 6 81 7 0 108 67 1 11 67 49 21 0 15 83 61
split_gain=19.8261 8.17305 5.81175 5.11716 10.4655 5.74969 4.95315 5.20498 4.28933 4.62044 4.29659 4.28449 3.91994 5.99724 5.98848 5.9503 5.99398 5.0381 4.7908 3.75453 5.21643 3.74003 4.90111 9.2591 8.25987 6.51926 5.15735 4.62737 4.51719 3.97771
threshold=8.8049278259277362 1.0000000180025095e-35 1.0000000180025095e-35 1.0000000180025095e-35 1.0000000180025095e-35 1.0000000180025095e-35 3.7193702459335332 1.0000000180025095e-35 1.0000000180025095e-35 14.176591396331789 1.0000000180025095e-35 1.0000000180025095e-35 -0.070803865790367113 1.0000000180025095e-35 1.0000000180025095e-35 1.0000000180025095e-35 1.0000000180025095e-35 1.0000000180025095e-35 6.7802875041961679 1.0000000180025095e-35 1.0000000180025095e-35 0.6562476158142091 1.0000000180025095e-35 1.0000000180025095e-35 1.0000000180025095e-35 1.0000000180025095e-35 10.035592079162599 1.0000000180025095e-35 1.0000000180025095e-35 1.0000000180025095e-35
decision_type=2 2 2 2 2 2 2 2 2 2 2 2 2 2 2 2 2 2 2 2 2 2 2 2 2 2 2 2 2 2
left_child=2 3 6 8 19 -6 7 -1 9 10 -2 12 13 14 18 -15 -17 -14 -4 -5 -21 22 25 26 29 28 -24 -27 -3 -25
right_child=1 21 11 4 5 -7 -8 -9 -10 -11 -12 -13 17 15 -16 16 -18 -19 -20 20 -22 -23 23 24 -26 27 -28 -29 -30 -31
leaf_value=0.032608892363853149 -0.041394929239266534 -0.00098419453591809362 0.014040761839057322 -0.052547849772657453 0.015266473426318636 0.14080055276719758 -0.005018740264857947 -0.044493073883023718 -0.067358454574483473 -0.064386224482342408 0.014941529137805885 -0.033658732909707917 0.12719677037341129 0.075192219169758157 0.071115311762820516 0.056402797869479639 -0.045852472594832688 0.00036489925962501302 -0.041683948359800098 0.090984551392340976 -0.067418617908083234 -0.024340540385056394 0.12522977659125453 -0.044919886335010387 0.03586879680139856 0.04517079518742758 0.0052344654273551649 0.16927734244568626 0.071487010525711436 -0.13529225829355612
leaf_weight=76.525670625269413 26.544138729572296 58.484921313822269 77.071376502513885 43.173017524182796 31.744024910032749 4.1223672851920119 193.03695265948772 9.8868492096662504 46.607365146279335 25.353774644434452 27.628409743309021 11.239306285977362 8.712537929415701 38.201933652162552 14.845773190259932 12.91206119954586 10.309587225317955 4.8895795196294776 19.289443865418434 4.6695810481905919 3.7473030984401703 51.289205782115459 4.6152245551347759 9.6040965318679845 7.0040289759635916 9.3460670560598356 15.995602197945116 4.4275600835680953 10.083668261766432 9.8812974169850349
leaf_count=338 197 325 337 321 224 27 955 44 390 225 153 57 42 166 66 58 47 25 96 34 28 365 21 55 41 48 95 22 54 50
internal_value=-0.000548318 -0.0171383 0.0131684 -0.0303815 -0.0117931 0.029695 0.00388878 0.0237873 -0.0432701 -0.0291528 -0.0126629 0.0263004 0.029919 0.0258465 0.0119943 0.0509258 0.0110051 0.0816043 0.00288583 -0.0406364 0.0204615 -0.00148741 0.00756773 -0.0181604 -0.0572701 0.0222844 0.0321041 0.0850651 0.00967339 -0.0907489
internal_weight=871.243 394.322 476.921 213.59 87.4563 35.8664 279.449 86.4125 126.134 79.5263 54.1725 197.472 186.232 172.63 111.207 61.4236 23.2216 13.6021 96.3608 51.5899 8.41688 180.732 129.442 47.1002 26.4894 82.3422 20.6108 13.7736 68.5686 19.4854
internal_count=4906 2675 2231 1599 634 251 1337 382 965 575 350 894 837 770 499 271 105 67 433 383 62 1076 711 262 146 449 116 70 379 105
is_linear=0
shrinkage=0.1


Tree=15
num_leaves=31
num_cat=0
split_feature=1 12 16 10 61 140 5 10 16 6 138 1 132 14 14 8 56 128 0 5 26 81 15 7 26 13 74 11 9 67
split_gain=16.3972 6.83227 5.33175 4.16344 9.61714 8.87449 4.44129 3.94804 4.60179 4.75821 4.25287 4.76213 4.46173 3.89244 3.7996 4.74433 4.61046 4.00489 5.82533 3.60224 4.12187 3.51744 3.38757 5.21465 4.30538 4.21103 5.35331 4.67248 4.6125 4.41434
threshold=-0.052095215767621987 1.0000000180025095e-35 1.0000000180025095e-35 1.0000000180025095e-35 1.0000000180025095e-35 1.0000000180025095e-35 1.0000000180025095e-35 1.0000000180025095e-35 1.0000000180025095e-35 1.0000000180025095e-35 1.0000000180025095e-35 -0.10076811909675597 1.0000000180025095e-35 1.0000000180025095e-35 1.0000000180025095e-35 1.0000000180025095e-35 1.0000000180025095e-35 1.0000000180025095e-35 4.7049965858459482 1.0000000180025095e-35 1.0000000180025095e-35 1.0000000180025095e-35 1.0000000180025095e-35 1.0000000180025095e-35 1.0000000180025095e-35 1.0000000180025095e-35 1.0000000180025095e-35 1.0000000180025095e-35 1.0000000180025095e-35 1.0000000180025095e-35
decision_type=2 2 2 2 2 2 2 2 2 2 2 2 2 2 2 2 2 2 2 2 2 2 2 2 2 2 2 2 2 2
left_child=7 2 3 -2 -5 6 13 22 10 -10 11 12 14 -6 15 19 -17 18 -16 20 -9 -11 23 25 -25 26 27 -1 -28 -27
right_child=1 -3 -4 4 5 -7 -8 8 9 21 -12 -13 -14 -15 17 16 -18 -19 -20 -21 -22 -23 -24 24 -26 29 28 -29 -30 -31
leaf_value=0.037549075221823144 -0.058822911987137787 -0.0010855772333604042 -0.010347022825606483 -0.057098073098891949 0.095678798969427215 0.1948325086177766 -0.054350675473639865 0.15831805481264111 0.064883084089402118 0.042440092884570318 -0.046129180805638707 -0.066814990355494749 -0.008064841266642751 -0.017545607613254049 -0.020996425614288078 0.033499266272868221 -0.069984052404789374 0.12304311683932466 0.091735085315556783 0.0046133960987898345 0.04304484780211016 -0.032296290878550064 -0.0074554613369591559 -0.0016640491119814542 0.053655007810836944 0.014078645792220141 0.15107310135886803 -0.038788325355036193 0.019962963829018812 -0.052291935630176034
leaf_weight=16.238188043236732 64.16707257181406 185.05539791285992 101.42284315824509 31.307414077222347 6.4666911959648186 2.8067254051566115 7.7373284026980391 4.5103377848863593 42.302623748779297 14.655764505267143 11.494893074035643 6.2634824961423865 31.850447148084641 5.723715141415596 8.4325342923402804 8.0421560257673264 9.2655096054077148 8.5546517670154589 10.043280422687529 11.828600466251373 9.9341583847999573 11.042081460356712 125.23059391230345 20.595009706914425 44.399118810892105 17.2641471773386 5.0433465391397458 15.839277788996695 5.7339834868907928 23.885616943240166
leaf_count=75 572 1098 649 269 48 18 61 22 184 66 55 32 150 41 38 37 43 36 49 54 47 51 591 97 204 79 22 73 30 115
internal_value=-0.000541037 -0.0152409 -0.0271677 -0.0415999 -0.0211499 0.0283539 0.00490624 0.0123227 0.0234755 0.0442658 0.0117157 0.0178314 0.0230058 0.042517 0.0370207 0.0187519 -0.0218996 0.0664753 0.0402834 0.0455315 0.0790393 0.0103267 0.0046679 0.0148574 0.0361258 -0.00159799 0.0203415 -0.000144965 0.0813171 -0.0244465
internal_weight=867.137 404.687 219.632 118.209 54.0419 22.7345 19.9277 462.45 188.221 68.0005 120.22 108.725 102.462 12.1904 70.6112 43.5808 17.3077 27.0305 18.4758 26.2731 14.4445 25.6978 274.229 148.999 64.9941 84.0046 42.8548 32.0775 10.7773 41.1498
internal_count=4906 2756 1658 1009 437 168 150 2150 864 301 563 508 476 89 326 203 80 123 87 123 69 117 1286 695 301 394 200 148 52 194
is_linear=0
shrinkage=0.1


Tree=16
num_leaves=31
num_cat=0
split_feature=0 9 0 16 1 206 83 45 0 6 135 5 55 140 7 67 0 10 137 55 16 8 0 99 61 86 15 0 64 0
split_gain=14.5056 7.07362 4.9021 4.2581 3.64061 3.83605 3.57007 4.18196 6.02588 4.31243 4.28696 3.51751 3.64568 3.47125 6.05487 3.44337 4.43256 3.43174 5.59484 3.67411 3.33903 3.12088 3.6538 3.21269 4.47513 4.12091 3.14672 3.16346 3.0458 2.78746
threshold=12.581793308258058 1.0000000180025095e-35 11.23477077484131 1.0000000180025095e-35 0.92577382922172557 1.0000000180025095e-35 1.0000000180025095e-35 1.0000000180025095e-35 5.0171115398406991 1.0000000180025095e-35 1.0000000180025095e-35 1.0000000180025095e-35 1.0000000180025095e-35 1.0000000180025095e-35 1.0000000180025095e-35 1.0000000180025095e-35 11.690622806549074 1.0000000180025095e-35 1.0000000180025095e-35 1.0000000180025095e-35 1.0000000180025095e-35 1.0000000180025095e-35 15.798768043518068 1.0000000180025095e-35 1.0000000180025095e-35 1.0000000180025095e-35 1.0000000180025095e-35 16.56947231292725 1.0000000180025095e-35 12.057495117187502
decision_type=2 2 2 2 2 2 2 2 2 2 2 2 2 2 2 2 2 2 2 2 2 2 2 2 2 2 2 2 2 2
left_child=1 6 -3 4 5 13 17 8 11 -10 20 -8 -13 -2 -15 16 -4 18 29 -20 -9 22 23 24 25 -5 27 -23 -24 -1
right_child=3 2 15 21 -6 -7 7 10 9 -11 -12 12 -14 14 -16 -17 -18 -19 19 -21 -22 26 28 -25 -26 -27 -28 -29 -30 -31
leaf_value=0.000134324911922366 -0.040840747009118605 -0.0033036609464587156 -0.11324048836090179 -0.024610022558197431 -0.092324002118370621 0.096677986387140702 0.055228032143819897 0.01830916101896593 -0.084773741417743784 -0.0074227052251405875 -0.057266029326338723 -0.081550213969100449 0.03697294808441972 -0.043140183401413415 0.11071171629253865 -0.1035286166262311 0.035278233962521263 0.029568348814146279 0.018859763993910306 0.089138071513986353 0.11367844049593456 0.016898864488397516 -0.079755012972331257 0.047270560729818806 -0.081378501740212467 0.082018179494650359 -0.033548138390694711 0.10757606629786705 0.014776815170538207 0.057904051924672045
leaf_weight=167.76071073114872 87.05021408200264 215.550671197474 3.0363967716693878 12.050747893750669 10.823229826986788 2.2896796315908423 11.869692519307137 8.7966858074069041 16.499772883951664 12.798212938010694 4.0936999619007102 5.3861896693706512 5.0083679556846619 6.2510190084576589 4.329796738922596 8.5844623073935509 5.9420131519436836 153.11207060515881 17.026924327015877 13.210447005927564 6.3006420880556098 20.8675034865737 14.788907073438169 9.1386643052101117 8.4504163339734095 5.1835761219263068 9.5899733230471593 4.7170979231595984 4.4291327744722357 8.7899527698755247
leaf_count=803 757 1149 30 81 124 18 50 48 82 66 19 23 21 48 34 79 53 709 73 57 30 126 109 56 51 32 62 31 32 53
internal_value=-0.000524692 0.00658815 -0.007443 -0.0241358 -0.0372335 -0.0312662 0.0141832 -0.00635163 -0.0211836 -0.0509846 0.0334988 0.018032 -0.0244427 -0.0342668 0.0198179 -0.0582454 -0.0149491 0.0182202 0.00981771 0.0495638 0.0581101 -0.00787747 -0.0229667 -0.00365025 -0.0217679 0.00746059 0.0153053 0.0336173 -0.0579685 0.00301051
internal_weight=863.727 663.767 233.114 199.96 110.744 99.9207 430.653 70.7533 51.5622 29.298 19.191 22.2643 10.3946 97.631 10.5808 17.5629 8.97841 359.9 206.788 30.2374 15.0973 89.216 54.0414 34.8234 25.6847 17.2343 35.1746 25.5846 19.218 176.551
internal_count=4906 3345 1311 1561 981 857 2034 339 242 148 97 94 44 839 82 162 83 1695 986 130 78 580 361 220 164 113 219 157 141 856
is_linear=0
shrinkage=0.1


Tree=17
num_leaves=31
num_cat=0
split_feature=0 12 12 214 87 9 16 19 70 0 13 139 137 134 0 67 16 5 0 9 11 33 13 8 0 15 0 104 82 151
split_gain=12.0487 5.67325 4.72546 4.51553 4.15836 4.9874 3.92876 6.10032 3.81933 3.8154 6.28721 3.77332 3.75197 5.5227 6.65432 4.00483 3.75174 3.46753 5.01995 4.30774 5.40479 3.40126 5.13789 6.22066 6.08612 4.60677 4.57928 3.43847 3.31031 3.27586
threshold=12.412046909332277 1.0000000180025095e-35 1.0000000180025095e-35 1.0000000180025095e-35 1.0000000180025095e-35 1.0000000180025095e-35 1.0000000180025095e-35 1.0000000180025095e-35 1.0000000180025095e-35 15.585215568542482 1.0000000180025095e-35 1.0000000180025095e-35 1.0000000180025095e-35 1.0000000180025095e-35 3.2950034141540532 1.0000000180025095e-35 1.0000000180025095e-35 1.0000000180025095e-35 10.843257904052736 1.0000000180025095e-35 1.0000000180025095e-35 1.0000000180025095e-35 1.0000000180025095e-35 1.0000000180025095e-35 6.3449692726135263 1.0000000180025095e-35 7.6317591667175302 1.0000000180025095e-35 1.0000000180025095e-35 1.0000000180025095e-35
decision_type=2 2 2 2 2 2 2 2 2 2 2 2 2 2 2 2 2 2 2 2 2 2 2 2 2 2 2 2 2 2
left_child=1 3 4 6 11 16 7 -1 9 10 -4 -2 15 14 -14 -8 -6 28 19 20 -19 27 23 25 -24 -23 -25 -3 -17 -10
right_child=2 21 8 -5 5 -7 12 -9 29 -11 -12 -13 13 -15 -16 17 -18 18 -20 -21 -22 22 24 26 -26 -27 -28 -29 -30 -31
leaf_value=-0.013523789037465556 -0.036968433941372496 0.024419442962673368 0.14418486735444283 -0.088271680919804252 -0.0084238766574279336 -0.068818493100141154 -0.017644288499269505 0.079459869997818094 -0.018346500955777022 -0.022890642409326409 -0.022776156359102875 -0.10477686870762525 -0.010521971209330617 -0.037991069202378443 0.12507452934689187 0.023112297723486223 0.12974370989856479 0.072548010070362295 -0.10777407290519377 -0.040447774462647634 -0.035955660471871174 0.03305962199465539 0.077934673047529948 0.12927482922840611 -0.060548721478555806 -0.056207374997865746 0.0040958487146249955 -0.044605192770295808 0.091635745360228116 0.084744331763745462
leaf_weight=191.92708376795053 84.226711131632328 221.04859685897827 5.7845428362488729 5.9874566197395316 3.6685719862580282 4.2430429086089134 50.393410138785839 7.3249749764800063 81.171735994517803 5.9848216176033011 3.6968369111418724 9.0923735424876195 5.4809368252754274 5.3787553310394278 10.654473602771757 44.62244974821806 4.2327676713466644 13.380838274955751 4.2865941300988188 11.879562392830847 6.9884904474019995 11.858908452093601 3.7399749755859402 7.1420589387416822 20.954060308635235 11.280202493071556 4.9462658986449242 7.4605841636657706 8.3728727176785451 3.2040449604392043
leaf_count=1100 767 985 35 34 31 39 260 39 551 44 22 84 23 25 47 221 25 60 26 60 34 60 17 31 107 54 28 35 42 20
internal_value=-0.000512111 0.00611249 -0.0216505 -0.002141 -0.0364119 0.0186318 -0.00071123 -0.0101055 -0.00605803 0.0396249 0.0790859 -0.0435752 0.0108834 0.049762 0.0790146 0.00490564 0.0655928 0.0175981 -0.00610388 0.00741035 0.0353216 0.016605 -0.00460102 0.0199154 -0.0395751 -0.0104576 0.0780545 0.0221659 0.0339385 -0.0144318
internal_weight=860.414 655.109 205.305 366.678 105.463 12.1444 360.69 199.252 99.842 15.4662 9.48138 93.3191 161.438 21.5142 16.1354 139.924 7.90134 89.5308 36.5355 32.2489 20.3693 288.431 59.9215 35.2274 24.694 23.1391 12.0883 228.509 52.9953 84.3758
internal_count=4906 3288 1618 1971 946 95 1937 1139 672 101 57 851 798 95 70 703 56 443 180 154 94 1317 297 173 124 114 59 1020 263 571
is_linear=0
shrinkage=0.1


Tree=18
num_leaves=31
num_cat=0
split_feature=0 9 16 0 51 0 23 11 1 14 1 73 1 81 70 5 15 9 32 0 0 99 0 0 13 7 10 0 81 113
split_gain=9.92827 5.48265 4.63231 4.03903 3.86773 3.51273 3.48132 3.79071 4.76946 4.14591 4.66792 4.5474 3.28255 3.27996 3.15064 5.32068 3.76825 3.27394 4.2035 4.7972 3.47487 3.42944 3.88259 3.29992 4.82247 5.53707 3.54938 3.10598 3.04717 3.01656
threshold=12.412046909332277 1.0000000180025095e-35 1.0000000180025095e-35 11.23477077484131 1.0000000180025095e-35 7.0814509391784677 1.0000000180025095e-35 1.0000000180025095e-35 -0.14837630838155744 1.0000000180025095e-35 -0.052095215767621987 1.0000000180025095e-35 0.92577382922172557 1.0000000180025095e-35 1.0000000180025095e-35 1.0000000180025095e-35 1.0000000180025095e-35 1.0000000180025095e-35 1.0000000180025095e-35 16.56947231292725 12.921286582946779 1.0000000180025095e-35 15.132101058959963 13.938398361206056 1.0000000180025095e-35 1.0000000180025095e-35 1.0000000180025095e-35 11.998631000518801 1.0000000180025095e-35 1.0000000180025095e-35
decision_type=2 2 2 2 2 2 2 2 2 2 2 2 2 2 2 2 2 2 2 2 2 2 2 2 2 2 2 2 2 2
left_child=1 4 12 -3 5 29 -7 8 -8 10 11 13 14 -9 15 16 -2 20 -19 -20 -16 22 23 26 25 -25 -22 -10 -17 -1
right_child=2 3 -4 -5 -6 6 7 9 27 -11 -12 -13 -14 -15 17 28 -18 18 19 -21 21 -23 -24 24 -26 -27 -28 -29 -30 -31
leaf_value=0.020819539396439015 0.094712472947108883 -0.0035394986228465203 -0.003433491127273992 -0.058309100789841563 0.088054001991387076 0.088385884779548937 -0.053920014233696523 -0.097585364231021973 0.013807495209238929 0.0072425776228087595 -0.069020609434128827 0.087549746309177584 -0.089108457710235817 0.022061604100558855 -0.090301845681551141 -0.11524387953807576 -0.024255071787859073 -0.084624836079358501 0.10896429327560138 -0.077424732202679439 -0.099146733413091978 0.033850142992989787 -0.067552444548911503 0.077111785863867854 0.11512518041424143 -0.094221436736500963 0.025222478508991737 0.1081918648515164 0.035326860492008283 -0.036847261650370354
leaf_weight=238.10559515655041 7.1570429578423518 215.37709207087755 92.704700246453285 14.362638227641581 6.6192369237542144 4.3409956991672507 10.394561469554899 4.4444939941167814 84.794495195150375 29.897799290716648 24.12727677077055 4.4217609018087378 9.778449669480322 4.7291932851076126 6.6398347169160834 4.0633699223399153 4.2396256253123283 21.794675372540954 2.6822420284152022 2.8460125476121902 5.3381950929760951 11.745129168033598 14.885699763894079 3.4960971251130086 4.5213122591376305 4.0963034480810165 4.0248391181230545 3.6360820159316054 2.0083618834614754 9.4303864389657956
leaf_count=1019 44 1149 608 142 38 23 51 23 434 163 141 21 124 23 52 39 38 235 26 31 45 95 141 26 31 34 29 20 20 41
internal_value=-0.000497679 0.00548238 -0.0198769 -0.00696353 0.0122111 0.011011 -2.10802e-05 -0.00232678 0.0101565 -0.0205707 -0.0426146 0.00424701 -0.0338216 -0.0359053 -0.0283903 0.0101726 0.0504559 -0.0365983 -0.0648706 0.013009 -0.0224884 -0.0131287 -0.028303 -0.00109889 0.0333628 -0.0153271 -0.0456848 0.0176884 -0.0654392 0.0186226
internal_weight=856.703 654.682 202.022 229.74 424.942 418.323 170.787 166.446 98.8251 67.6205 37.7227 13.5954 109.317 9.17369 99.5387 17.4684 11.3967 82.0703 27.3229 5.52825 54.7474 48.1076 36.3624 21.4767 12.1137 7.5924 9.36303 88.4306 6.07173 247.536
internal_count=4906 3288 1618 1291 1997 1959 899 876 505 371 208 67 1010 46 886 141 82 745 292 57 453 401 306 165 91 60 74 454 59 1060
is_linear=0
shrinkage=0.1


Tree=19
num_leaves=31
num_cat=0
split_feature=0 9 16 0 8 0 63 100 1 87 0 108 70 0 15 61 9 93 69 86 67 12 82 45 0 143 99 12 14 42
split_gain=8.27643 4.62383 4.16284 4.02181 3.11017 3.21255 4.80881 3.03697 3.20529 3.02867 3.02521 3.00713 3.84028 4.66689 5.10305 2.9743 3.59898 3.32971 2.90755 2.89691 6.51676 2.89437 2.73752 3.82509 4.16396 2.6482 2.49956 4.05086 3.6931 3.08049
threshold=12.34633779525757 1.0000000180025095e-35 1.0000000180025095e-35 11.23477077484131 1.0000000180025095e-35 15.798768043518068 1.0000000180025095e-35 1.0000000180025095e-35 0.92577382922172557 1.0000000180025095e-35 12.203969955444338 1.0000000180025095e-35 1.0000000180025095e-35 13.726214885711672 1.0000000180025095e-35 1.0000000180025095e-35 1.0000000180025095e-35 1.0000000180025095e-35 1.0000000180025095e-35 1.0000000180025095e-35 1.0000000180025095e-35 1.0000000180025095e-35 1.0000000180025095e-35 1.0000000180025095e-35 15.585215568542482 1.0000000180025095e-35 1.0000000180025095e-35 1.0000000180025095e-35 1.0000000180025095e-35 1.0000000180025095e-35
decision_type=2 2 2 2 2 2 2 2 2 2 2 2 2 2 2 2 2 2 2 2 2 2 2 2 2 2 2 2 2 2
left_child=1 10 7 -3 5 26 -7 8 11 22 21 12 13 -2 -15 18 17 -17 -14 -20 -21 25 23 24 -6 -1 27 29 -29 -4
right_child=2 3 4 -5 9 6 -8 -9 -10 -11 -12 -13 15 14 -16 16 -18 -19 19 20 -22 -23 -24 -25 -26 -27 -28 28 -30 -31
leaf_value=0.00093145878609488203 -0.057492555523216894 -0.0031909982905245584 -0.11686261253880147 -0.060062339277716141 -0.050753490096027032 -0.073232399804701795 0.075217568239659874 -0.11645836591132869 -0.086033458855543865 0.09035047398885801 0.086208587720273025 -0.086723453941235873 -0.080776729995708507 0.11317141122071031 -0.032534778572689459 0.038316088192602821 -0.056256464679488097 -0.06726164450602265 -0.04466985569919088 0.12487755403069026 -0.062661731810649851 0.019197013947264557 0.08546457252736675 0.062200617960237785 0.04935043979272731 0.077547746286378394 0.041965365957869628 0.064746660459438402 -0.041888006820549391 -0.020915003309259501
leaf_weight=219.86685676127672 4.5228828266262999 215.02859280258417 4.8826856240630141 13.197882391512392 15.494648605585107 15.528526626527311 2.5388837009668341 4.0610888227820388 8.7991378232836706 5.2104643881320944 5.3067354038357726 6.8556092232465735 14.499297447502611 7.0717652067542058 3.6413464993238449 17.031463414430622 8.9042598009109515 3.6225546151399604 21.118366926908497 3.5856316015124312 3.8342143595218658 193.30344767868519 4.0050499439239493 6.8207123801112166 5.6780343204736701 4.6058819442987433 9.9246685430407506 8.3997175693511945 5.2953324913978586 10.63365963101387
leaf_count=1115 35 1149 40 137 98 123 18 40 120 28 29 66 145 49 36 135 94 28 207 27 37 818 22 44 38 21 60 45 29 73
internal_value=-0.00049207 0.00499218 -0.0181785 -0.00647975 -0.00285532 -0.0174936 -0.0523718 -0.0316301 -0.0283013 0.019649 0.0111806 -0.0229363 -0.0179575 0.0276857 0.0636464 -0.0275368 -0.00311257 0.0197986 -0.0443114 -0.0257847 0.0279664 0.0102275 0.00813628 -0.00292717 -0.0239079 0.00250352 -0.00139185 -0.0161226 0.0235153 -0.0511078
internal_weight=853.269 651.309 201.96 228.226 94.4124 57.2035 18.0674 107.548 103.487 37.2089 423.083 94.6874 87.8318 15.236 10.7131 72.5958 29.5583 20.654 43.0375 28.5382 7.41985 417.776 31.9984 27.9934 21.1727 224.473 39.1361 29.2114 13.6951 15.5163
internal_count=4906 3269 1637 1286 618 388 141 1019 979 230 1983 859 793 120 85 673 257 163 416 271 64 1954 202 180 136 1136 247 187 74 113
is_linear=0
shrinkage=0.1


Tree=20
num_leaves=31
num_cat=0
split_feature=0 12 104 61 10 0 0 1 50 0 21 94 308 9 6 7 16 0 81 69 9 26 7 9 64 53 0 84 0 0
split_gain=7.50542 5.06134 4.19623 3.91066 6.20649 5.56926 5.45328 4.83865 4.68061 3.72245 3.75524 5.63919 3.51436 3.45421 4.4028 3.44474 3.3807 3.27951 3.23184 3.34281 3.18144 6.04919 3.01461 2.90649 5.17741 5.34645 4.44165 2.7795 2.75309 3.4989
threshold=6.635181427001954 1.0000000180025095e-35 1.0000000180025095e-35 1.0000000180025095e-35 1.0000000180025095e-35 6.9705681800842294 8.8049278259277362 -0.13499125093221662 1.0000000180025095e-35 9.7960300445556658 1.0000000180025095e-35 1.0000000180025095e-35 1.0000000180025095e-35 1.0000000180025095e-35 1.0000000180025095e-35 1.0000000180025095e-35 1.0000000180025095e-35 7.8234086036682138 1.0000000180025095e-35 1.0000000180025095e-35 1.0000000180025095e-35 1.0000000180025095e-35 1.0000000180025095e-35 1.0000000180025095e-35 1.0000000180025095e-35 1.0000000180025095e-35 13.474332809448244 1.0000000180025095e-35 10.120465755462648 12.803559303283693
decision_type=2 2 2 2 2 2 2 2 2 2 2 2 2 2 2 2 2 2 2 2 2 2 2 2 2 2 2 2 2 2
left_child=12 2 3 5 7 -2 13 -5 9 -6 11 20 -1 14 -7 -4 -9 -16 19 -18 21 -11 -15 24 26 -26 -8 -25 -20 -30
right_child=1 -3 15 4 8 6 23 16 -10 10 -12 -13 -14 22 17 -17 18 -19 28 -21 -22 -23 -24 27 25 -27 -28 -29 29 -31
leaf_value=0.012026889027607453 -0.10587240087036849 0.0023533265756409336 -0.12135257901509855 0.068704367015338372 -0.039494532028311075 0.02606098954085849 -0.010970260755575459 -0.055825445095268759 0.091267002668502129 0.086616074889454331 0.13781010374064434 0.12375844391463542 -0.063241499722273664 0.015673981549508335 -0.12945263552013067 -0.0080993629711138809 -0.0060752800542187603 -0.014124900894602619 -0.10943880229953667 0.097885981384907755 -0.076937502773601063 -0.063277965188081584 0.10970352635575814 -0.061273266945460682 -0.024794422368016312 0.154528042656083 -0.068308873287378419 0.048894172069341935 0.061610269086764036 -0.085782485783379159
leaf_weight=346.18283399939537 8.0986702889204008 232.93443521857262 6.927552327513693 5.4063239544630042 9.9737179428338987 13.183900028467178 43.346472769975662 26.268107730895281 9.4722616374492628 6.1249013990163856 3.0104862824082366 4.0105853304266921 6.3164576441049567 9.4262330681085569 4.1824548691511154 4.3860877305269241 9.8864841908216459 6.0071075409650803 4.1829714328050613 4.5010425448417672 4.800493247807025 4.804054968059063 5.3417817354202262 35.936305765062571 3.3604116514325133 3.2908418253064156 19.626973118633032 2.4460078589618197 3.5415470078587532 2.9539009481668472
leaf_count=1561 47 1331 55 30 59 68 282 243 64 42 19 29 30 53 24 36 63 34 23 32 40 33 30 346 35 28 201 26 20 22
internal_value=-0.000484909 -0.00839548 -0.0178616 -0.015199 0.000319005 -0.0251526 -0.0206796 -0.0212801 0.0293627 0.0114441 0.0337753 0.0179093 0.0106781 0.0118261 -0.0120947 -0.0774464 -0.030757 -0.0614629 -0.0044862 0.0264483 -0.00907939 0.020727 0.0496857 -0.0321586 -0.0199787 0.063929 -0.028841 -0.0542526 -0.0461657 -0.00541876
internal_weight=849.931 497.432 264.498 253.184 98.9369 154.247 146.148 56.7404 42.1965 32.7242 22.7505 19.74 352.499 38.1415 23.3735 11.3136 51.3341 10.1896 25.0659 14.3875 15.7294 10.929 14.768 108.007 69.6247 6.65125 62.9734 38.3823 10.6784 6.49545
internal_count=4906 3315 1984 1893 719 1174 1127 433 286 222 163 144 1591 209 126 91 403 58 160 95 115 75 83 918 546 63 483 372 65 42
is_linear=0
shrinkage=0.1


Tree=21
num_leaves=31
num_cat=0
split_feature=1 12 16 176 68 48 1 1 126 140 0 26 0 83 61 15 42 9 13 0 67 1 0 80 10 8 0 79 10 7
split_gain=6.59586 5.2015 3.92586 7.25839 3.58781 3.17981 6.75814 2.95638 3.52464 3.28784 4.69484 7.41618 3.77176 4.42217 2.95624 5.28452 5.67209 5.33589 7.30486 4.46781 4.41908 4.31406 3.98426 3.94816 3.73896 3.59897 3.18799 3.1359 3.20889 4.04602
threshold=0.6562476158142091 1.0000000180025095e-35 1.0000000180025095e-35 1.0000000180025095e-35 1.0000000180025095e-35 1.0000000180025095e-35 -0.75906911492347706 0.59692752361297619 1.0000000180025095e-35 1.0000000180025095e-35 5.4948666095733651 1.0000000180025095e-35 12.803559303283693 1.0000000180025095e-35 1.0000000180025095e-35 1.0000000180025095e-35 1.0000000180025095e-35 1.0000000180025095e-35 1.0000000180025095e-35 12.203969955444338 1.0000000180025095e-35 -0.13499125093221662 5.4524297714233407 1.0000000180025095e-35 1.0000000180025095e-35 1.0000000180025095e-35 2.1683777570724492 1.0000000180025095e-35 1.0000000180025095e-35 1.0000000180025095e-35
decision_type=2 2 2 2 2 2 2 2 2 2 2 2 2 2 2 2 2 2 2 2 2 2 2 2 2 2 2 2 2 2
left_child=1 2 3 4 14 6 -4 8 9 12 -11 -12 -3 -14 19 16 17 18 25 23 -18 -20 -17 26 -25 -16 -1 28 29 -28
right_child=-2 7 5 -5 -6 -7 -8 -9 -10 10 11 -13 13 -15 15 22 20 -19 21 -21 -22 -23 -24 24 -26 -27 27 -29 -30 -31
leaf_value=0.068528873517632025 -0.025707458758487397 0.012442540109176231 -0.025029556802514837 0.10124623427768249 -0.060411606640648111 0.0027180628128593985 0.14057666470252647 0.066218709994433661 -0.073762826692845118 -0.044017844212876689 0.13825029478434647 -0.00023854057669770562 -0.043325479740854517 0.065992559832415573 0.04888431012439063 0.02445850301248214 0.20247421219776554 -0.039587613600847976 0.046068641023372457 -0.11096258957398714 0.035336036563460529 -0.096451412215466992 -0.054155155717613437 -0.025082063619311604 -0.13190607554627548 0.18520067821703176 -0.055578246957312644 0.076965205015096738 0.00060919378421628746 -0.00446821833604977
leaf_weight=4.7622987478971472 92.364804439246655 276.66721653938293 4.7426462471485138 5.3598326593637458 17.182922046631575 179.04415027797222 5.1292422041296941 9.6971295326948148 4.9253019690513602 4.1147624403238323 8.6079627126455289 7.020463913679122 23.521032519638542 4.3912752941250792 3.7394794672727594 9.9023885428905505 3.095993071794509 11.622001610696318 5.0448505431413668 5.2947095446288577 3.2346658185124397 3.6682488545775396 18.475004896521568 8.060296989977358 5.5206977576017371 4.017640620470047 35.069829873740673 3.60107797384262 51.835883844643831 27.740367338061333
leaf_count=21 844 1268 20 29 187 945 24 61 26 18 39 35 151 26 21 50 25 76 23 65 28 25 133 46 33 23 206 19 281 158
internal_value=-0.000482909 0.00260263 -0.00488782 -0.013744 -0.016522 0.00576446 0.0610162 0.0117991 0.0101963 0.0114714 0.0510179 0.0760396 0.00890793 -0.0261271 -0.0128375 0.0052265 0.0315646 0.0122947 0.0489048 -0.0208329 0.117075 -0.0139329 -0.0267227 -0.0173391 -0.0685062 0.119487 -0.01169 -0.0149207 -0.0178069 -0.0330053
internal_weight=847.454 755.089 416.144 227.228 221.868 188.916 9.87189 338.945 329.248 324.323 19.7432 15.6284 304.58 27.9123 204.685 62.8003 34.4229 28.0922 16.4702 141.885 6.33066 8.7131 28.3774 136.59 13.581 7.75712 123.009 118.247 114.646 62.8102
internal_count=4906 4062 2438 1449 1420 989 44 1624 1563 1537 92 74 1445 177 1233 404 221 168 92 829 53 48 183 764 79 44 685 664 645 364
is_linear=0
shrinkage=0.1


Tree=22
num_leaves=31
num_cat=0
split_feature=0 235 12 15 7 55 21 61 5 83 55 14 8 104 0 51 10 11 49 94 73 6 1 14 6 0 308 11 67 0
split_gain=5.51129 4.2112 3.3417 3.36982 4.65955 8.06817 5.26469 4.78084 3.94455 3.94328 3.9419 3.36102 3.77077 3.34761 3.30521 5.11224 3.26912 3.42078 3.23121 4.26883 7.02372 4.49267 3.16505 3.04441 3.00944 2.9852 2.81509 2.78585 4.11135 2.77422
threshold=6.635181427001954 1.0000000180025095e-35 1.0000000180025095e-35 1.0000000180025095e-35 1.0000000180025095e-35 1.0000000180025095e-35 1.0000000180025095e-35 1.0000000180025095e-35 1.0000000180025095e-35 1.0000000180025095e-35 1.0000000180025095e-35 1.0000000180025095e-35 1.0000000180025095e-35 1.0000000180025095e-35 8.6036963462829608 1.0000000180025095e-35 1.0000000180025095e-35 1.0000000180025095e-35 1.0000000180025095e-35 1.0000000180025095e-35 1.0000000180025095e-35 1.0000000180025095e-35 -0.22746976464986798 1.0000000180025095e-35 1.0000000180025095e-35 8.0862421989440936 1.0000000180025095e-35 1.0000000180025095e-35 1.0000000180025095e-35 6.7802875041961679
decision_type=2 2 2 2 2 2 2 2 2 2 2 2 2 2 2 2 2 2 2 2 2 2 2 2 2 2 2 2 2 2
left_child=26 2 3 4 6 14 8 -7 16 -9 25 12 -8 18 -6 -16 17 23 19 21 -21 -12 -20 -2 -25 -5 -1 28 -10 -4
right_child=1 -3 29 10 5 7 11 9 27 -11 13 -13 -14 -15 15 -17 -18 -19 22 20 -22 -23 -24 24 -26 -27 -28 -29 -30 -31
leaf_value=0.010247966506433434 0.068508215466552544 -0.099689908958272164 -0.083173506014361576 -0.0095776944943261576 0.13807441989511923 -0.039436144821716083 -0.089237588692126515 0.039441453412866721 0.026963433712224552 -0.062186992207648388 0.014384094648743746 0.10397009365843746 0.071022544087513503 -0.099151865076779699 -0.011049981499653775 0.12138825118524964 0.018815242348265593 -0.080840245899795368 0.062771280527914169 0.16912916473825407 -0.015846755828184924 -0.051353463318589004 -0.057480407940361106 0.03359264486990924 -0.097582470893227885 -0.085398664759502599 -0.057932828087345928 -0.090712148973623577 -0.070093674493545421 0.0037297858017600986
leaf_weight=346.85247791558504 4.1221732683479786 4.8867045231163493 3.733763948082923 7.3875659555196789 5.4345472455024746 22.793521091341972 2.869025342166422 22.908378176391128 7.3153025060892114 4.5814681351184836 27.022505674511194 5.0580907240509987 3.0069260261952877 4.6908460333943358 7.0033140107989293 4.9923525154590607 20.300978653132915 9.7413037940859795 2.4630979523062733 3.7292743250727636 4.566165491938591 16.896992634981871 19.651491090655327 3.1361018717288971 3.9541670568287373 17.477982878684998 6.1633520722389212 13.681558113545181 10.819717273116112 227.22294115275145
leaf_count=1561 30 46 17 43 29 185 22 166 60 32 200 32 20 40 54 48 137 78 14 26 34 134 159 22 30 158 30 117 83 1299
internal_value=-0.000474275 -0.00732118 -0.00639349 -0.0142711 -0.00476995 0.0147495 -0.0205039 -0.00557354 -0.0301877 0.022504 -0.028147 0.0442128 -0.00722698 -0.0172199 0.0733782 0.0440681 -0.00978376 -0.0374918 -0.0120493 0.00151959 0.0673105 -0.0109069 -0.0440869 0.000169035 -0.0395623 -0.0628722 0.00905759 -0.0566444 -0.0309428 0.00232486
internal_weight=844.464 491.448 486.562 255.605 151.719 67.7136 84.0053 50.2834 73.0713 27.4898 103.886 10.934 5.87595 79.0204 17.4302 11.9957 41.2547 20.9537 74.3295 52.2149 8.29544 43.9195 22.1146 11.2124 7.09027 24.8655 353.016 31.8166 18.135 230.957
internal_count=4906 3315 3269 1953 1145 514 631 383 557 198 808 74 42 607 131 102 297 160 567 394 60 334 173 82 52 201 1591 260 143 1316
is_linear=0
shrinkage=0.1


end of trees

feature_importances:
Column_0=139
Column_1=46
Column_9=46
Column_16=46
Column_12=40
Column_10=26
Column_8=20
Column_67=19
Column_5=18
Column_6=17
Column_7=13
Column_11=13
Column_14=13
Column_61=13
Column_15=12
Column_81=11
Column_13=9
Column_99=8
Column_21=7
Column_26=7
Column_140=7
Column_55=6
Column_70=6
Column_96=6
Column_42=5
Column_51=5
Column_73=5
Column_82=5
Column_83=5
Column_34=4
Column_45=4
Column_126=4
Column_137=4
Column_32=3
Column_40=3
Column_49=3
Column_78=3
Column_86=3
Column_87=3
Column_94=3
Column_104=3
Column_108=3
Column_135=3
Column_139=3
Column_178=3
Column_19=2
Column_23=2
Column_33=2
Column_39=2
Column_41=2
Column_47=2
Column_56=2
Column_64=2
Column_68=2
Column_69=2
Column_74=2
Column_79=2
Column_97=2
Column_132=2
Column_134=2
Column_138=2
Column_143=2
Column_151=2
Column_176=2
Column_308=2
Column_22=1
Column_36=1
Column_48=1
Column_50=1
Column_52=1
Column_53=1
Column_54=1
Column_57=1
Column_63=1
Column_71=1
Column_77=1
Column_80=1
Column_84=1
Column_91=1
Column_93=1
Column_100=1
Column_102=1
Column_105=1
Column_113=1
Column_128=1
Column_133=1
Column_168=1
Column_206=1
Column_214=1
Column_235=1

parameters:
[boosting: gbdt]
[objective: binary]
[metric: binary_logloss]
[tree_learner: serial]
[device_type: cpu]
[data_sample_strategy: bagging]
[data: ]
[valid: ]
[num_iterations: 300]
[learning_rate: 0.1]
[num_leaves: 31]
[num_threads: 0]
[seed: 0]
[deterministic: 0]
[force_col_wise: 0]
[force_row_wise: 0]
[histogram_pool_size: -1]
[max_depth: -1]
[min_data_in_leaf: 20]
[min_sum_hessian_in_leaf: 0.001]
[bagging_fraction: 1]
[pos_bagging_fraction: 1]
[neg_bagging_fraction: 1]
[bagging_freq: 0]
[bagging_seed: 7719]
[bagging_by_query: 0]
[feature_fraction: 1]
[feature_fraction_bynode: 1]
[feature_fraction_seed: 2437]
[extra_trees: 0]
[extra_seed: 11797]
[early_stopping_round: 0]
[early_stopping_min_delta: 0]
[first_metric_only: 0]
[max_delta_step: 0]
[lambda_l1: 0]
[lambda_l2: 0]
[linear_lambda: 0]
[min_gain_to_split: 0]
[drop_rate: 0.1]
[max_drop: 50]
[skip_drop: 0.5]
[xgboost_dart_mode: 0]
[uniform_drop: 0]
[drop_seed: 21238]
[top_rate: 0.2]
[other_rate: 0.1]
[min_data_per_group: 100]
[max_cat_threshold: 32]
[cat_l2: 10]
[cat_smooth: 10]
[max_cat_to_onehot: 4]
[top_k: 20]
[monotone_constraints: ]
[monotone_constraints_method: basic]
[monotone_penalty: 0]
[feature_contri: ]
[forcedsplits_filename: ]
[refit_decay_rate: 0.9]
[cegb_tradeoff: 1]
[cegb_penalty_split: 0]
[cegb_penalty_feature_lazy: ]
[cegb_penalty_feature_coupled: ]
[path_smooth: 0]
[interaction_constraints: ]
[verbosity: -1]
[saved_feature_importance_type: 0]
[use_quantized_grad: 0]
[num_grad_quant_bins: 4]
[quant_train_renew_leaf: 0]
[stochastic_rounding: 1]
[linear_tree: 0]
[max_bin: 255]
[max_bin_by_feature: ]
[min_data_in_bin: 3]
[bin_construct_sample_cnt: 200000]
[data_random_seed: 38]
[is_enable_sparse: 1]
[enable_bundle: 1]
[use_missing: 1]
[zero_as_missing: 0]
[feature_pre_filter: 1]
[pre_partition: 0]
[two_round: 0]
[header: 0]
[label_column: ]
[weight_column: ]
[group_column: ]
[ignore_column: ]
[categorical_feature: ]
[forcedbins_filename: ]
[precise_float_parser: 0]
[parser_config_file: ]
[objective_seed: 8855]
[num_class: 1]
[is_unbalance: 0]
[scale_pos_weight: 1]
[sigmoid: 1]
[boost_from_average: 1]
[reg_sqrt: 0]
[alpha: 0.9]
[fair_c: 1]
[poisson_max_delta_step: 0.7]
[tweedie_variance_power: 1.5]
[lambdarank_truncation_level: 30]
[lambdarank_norm: 1]
[label_gain: ]
[lambdarank_position_bias_regularization: 0]
[eval_at: ]
[multi_error_top_k: 1]
[auc_mu_weights: ]
[num_machines: 1]
[local_listen_port: 12400]
[time_out: 120]
[machine_list_filename: ]
[machines: ]
[gpu_platform_id: -1]
[gpu_device_id: -1]
[gpu_device_id_list: ]
[gpu_use_dp: 0]
[num_gpu: 1]

end of parameters

pandas_categorical:null
