tree
version=v4
num_class=1
num_tree_per_iteration=1
label_index=0
max_feature_idx=567
objective=binary sigmoid:1
feature_names=Column_0 Column_1 Column_2 Column_3 Column_4 Column_5 Column_6 Column_7 Column_8 Column_9 Column_10 Column_11 Column_12 Column_13 Column_14 Column_15 Column_16 Column_17 Column_18 Column_19 Column_20 Column_21 Column_22 Column_23 Column_24 Column_25 Column_26 Column_27 Column_28 Column_29 Column_30 Column_31 Column_32 Column_33 Column_34 Column_35 Column_36 Column_37 Column_38 Column_39 Column_40 Column_41 Column_42 Column_43 Column_44 Column_45 Column_46 Column_47 Column_48 Column_49 Column_50 Column_51 Column_52 Column_53 Column_54 Column_55 Column_56 Column_57 Column_58 Column_59 Column_60 Column_61 Column_62 Column_63 Column_64 Column_65 Column_66 Column_67 Column_68 Column_69 Column_70 Column_71 Column_72 Column_73 Column_74 Column_75 Column_76 Column_77 Column_78 Column_79 Column_80 Column_81 Column_82 Column_83 Column_84 Column_85 Column_86 Column_87 Column_88 Column_89 Column_90 Column_91 Column_92 Column_93 Column_94 Column_95 Column_96 Column_97 Column_98 Column_99 Column_100 Column_101 Column_102 Column_103 Column_104 Column_105 Column_106 Column_107 Column_108 Column_109 Column_110 Column_111 Column_112 Column_113 Column_114 Column_115 Column_116 Column_117 Column_118 Column_119 Column_120 Column_121 Column_122 Column_123 Column_124 Column_125 Column_126 Column_127 Column_128 Column_129 Column_130 Column_131 Column_132 Column_133 Column_134 Column_135 Column_136 Column_137 Column_138 Column_139 Column_140 Column_141 Column_142 Column_143 Column_144 Column_145 Column_146 Column_147 Column_148 Column_149 Column_150 Column_151 Column_152 Column_153 Column_154 Column_155 Column_156 Column_157 Column_158 Column_159 Column_160 Column_161 Column_162 Column_163 Column_164 Column_165 Column_166 Column_167 Column_168 Column_169 Column_170 Column_171 Column_172 Column_173 Column_174 Column_175 Column_176 Column_177 Column_178 Column_179 Column_180 Column_181 Column_182 Column_183 Column_184 Column_185 Column_186 Column_187 Column_188 Column_189 Column_190 Column_191 Column_192 Column_193 Column_194 Column_195 Column_196 Column_197 Column_198 Column_199 Column_200 Column_201 Column_202 Column_203 Column_204 Column_205 Column_206 Column_207 Column_208 Column_209 Column_210 Column_211 Column_212 Column_213 Column_214 Column_215 Column_216 Column_217 Column_218 Column_219 Column_220 Column_221 Column_222 Column_223 Column_224 Column_225 Column_226 Column_227 Column_228 Column_229 Column_230 Column_231 Column_232 Column_233 Column_234 Column_235 Column_236 Column_237 Column_238 Column_239 Column_240 Column_241 Column_242 Column_243 Column_244 Column_245 Column_246 Column_247 Column_248 Column_249 Column_250 Column_251 Column_252 Column_253 Column_254 Column_255 Column_256 Column_257 Column_258 Column_259 Column_260 Column_261 Column_262 Column_263 Column_264 Column_265 Column_266 Column_267 Column_268 Column_269 Column_270 Column_271 Column_272 Column_273 Column_274 Column_275 Column_276 Column_277 Column_278 Column_279 Column_280 Column_281 Column_282 Column_283 Column_284 Column_285 Column_286 Column_287 Column_288 Column_289 Column_290 Column_291 Column_292 Column_293 Column_294 Column_295 Column_296 Column_297 Column_298 Column_299 Column_300 Column_301 Column_302 Column_303 Column_304 Column_305 Column_306 Column_307 Column_308 Column_309 Column_310 Column_311 Column_312 Column_313 Column_314 Column_315 Column_316 Column_317 Column_318 Column_319 Column_320 Column_321 Column_322 Column_323 Column_324 Column_325 Column_326 Column_327 Column_328 Column_329 Column_330 Column_331 Column_332 Column_333 Column_334 Column_335 Column_336 Column_337 Column_338 Column_339 Column_340 Column_341 Column_342 Column_343 Column_344 Column_345 Column_346 Column_347 Column_348 Column_349 Column_350 Column_351 Column_352 Column_353 Column_354 Column_355 Column_356 Column_357 Column_358 Column_359 Column_360 Column_361 Column_362 Column_363 Column_364 Column_365 Column_366 Column_367 Column_368 Column_369 Column_370 Column_371 Column_372 Column_373 Column_374 Column_375 Column_376 Column_377 Column_378 Column_379 Column_380 Column_381 Column_382 Column_383 Column_384 Column_385 Column_386 Column_387 Column_388 Column_389 Column_390 Column_391 Column_392 Column_393 Column_394 Column_395 Column_396 Column_397 Column_398 Column_399 Column_400 Column_401 Column_402 Column_403 Column_404 Column_405 Column_406 Column_407 Column_408 Column_409 Column_410 Column_411 Column_412 Column_413 Column_414 Column_415 Column_416 Column_417 Column_418 Column_419 Column_420 Column_421 Column_422 Column_423 Column_424 Column_425 Column_426 Column_427 Column_428 Column_429 Column_430 Column_431 Column_432 Column_433 Column_434 Column_435 Column_436 Column_437 Column_438 Column_439 Column_440 Column_441 Column_442 Column_443 Column_444 Column_445 Column_446 Column_447 Column_448 Column_449 Column_450 Column_451 Column_452 Column_453 Column_454 Column_455 Column_456 Column_457 Column_458 Column_459 Column_460 Column_461 Column_462 Column_463 Column_464 Column_465 Column_466 Column_467 Column_468 Column_469 Column_470 Column_471 Column_472 Column_473 Column_474 Column_475 Column_476 Column_477 Column_478 Column_479 Column_480 Column_481 Column_482 Column_483 Column_484 Column_485 Column_486 Column_487 Column_488 Column_489 Column_490 Column_491 Column_492 Column_493 Column_494 Column_495 Column_496 Column_497 Column_498 Column_499 Column_500 Column_501 Column_502 Column_503 Column_504 Column_505 Column_506 Column_507 Column_508 Column_509 Column_510 Column_511 Column_512 Column_513 Column_514 Column_515 Column_516 Column_517 Column_518 Column_519 Column_520 Column_521 Column_522 Column_523 Column_524 Column_525 Column_526 Column_527 Column_528 Column_529 Column_530 Column_531 Column_532 Column_533 Column_534 Column_535 Column_536 Column_537 Column_538 Column_539 Column_540 Column_541 Column_542 Column_543 Column_544 Column_545 Column_546 Column_547 Column_548 Column_549 Column_550 Column_551 Column_552 Column_553 Column_554 Column_555 Column_556 Column_557 Column_558 Column_559 Column_560 Column_561 Column_562 Column_563 Column_564 Column_565 Column_566 Column_567
feature_infos=[2.0013689994812012:17.993154525756836] [-0.7776256799697876:0.99923950433731079] none none none [0:1] [0:1] [0:1] [0:1] [0:1] [0:1] [0:1] [0:1] [0:1] [0:1] [0:1] [0:1] [0:1] [0:1] [0:1] [0:1] [0:1] [0:1] [0:1] [0:1] [0:1] [0:1] [0:1] [0:1] [0:1] [0:1] [0:1] [0:1] [0:1] [0:1] [0:1] [0:1] [0:1] [0:1] [0:1] [0:1] [0:1] [0:1] [0:1] [0:1] [0:1] [0:1] [0:1] [0:1] [0:1] [0:1] [0:1] [0:1] [0:1] [0:1] [0:1] [0:1] [0:1] [0:1] [0:1] [0:1] [0:1] [0:1] [0:1] [0:1] [0:1] [0:1] [0:1] [0:1] [0:1] [0:1] [0:1] [0:1] [0:1] [0:1] [0:1] [0:1] [0:1] [0:1] [0:1] [0:1] [0:1] [0:1] [0:1] [0:1] [0:1] [0:1] [0:1] [0:1] [0:1] [0:1] [0:1] [0:1] [0:1] [0:1] [0:1] [0:1] [0:1] [0:1] [0:1] [0:1] [0:1] [0:1] [0:1] [0:1] [0:1] [0:1] [0:1] [0:1] none none none none [0:1] [0:1] none [0:1] none [0:1] none none [0:1] none none none none [0:1] [0:1] [0:1] [0:1] [0:1] none [0:1] [0:1] [0:1] [0:1] none [0:1] [0:1] [0:1] [0:1] [0:1] [0:1] [0:1] [0:1] [0:1] [0:1] [0:1] [0:1] [0:1] [0:1] [0:1] [0:1] [0:1] [0:1] [0:1] [0:1] none none none none none none none none none none [0:1] [0:1] none none none none none [0:1] [0:1] [0:1] [0:1] [0:1] [0:1] [0:1] [0:1] [0:1] [0:1] [0:1] [0:1] [0:1] [0:1] [0:1] [0:1] [0:1] [0:1] [0:1] [0:1] [0:1] [0:1] [0:1] [0:1] [0:1] [0:1] [0:1] [0:1] none none [0:1] [0:1] [0:1] none [0:1] [0:1] [0:1] [0:1] [0:1] none [0:1] none none [0:1] none [0:1] [0:1] [0:1] [0:1] [0:1] [0:1] [0:1] [0:1] [0:1] [0:1] [0:1] [0:1] [0:1] [0:1] [0:1] [0:1] [0:1] [0:1] [0:1] [0:1] [0:1] [0:1] [0:1] [0:1] [0:1] none none none none none none none none none none none none none none none none none [0:1] [0:1] [0:1] [0:1] [0:1] [0:1] [0:1] [0:1] [0:1] [0:1] none [0:1] [0:1] [0:1] [0:1] none [0:1] [0:1] none none none [0:1] [0:1] none none none none none [0:1] [0:1] [0:1] [0:1] [0:1] [0:1] [0:1] none none none [0:1] none [0:1] [0:1] [0:1] none [0:1] [0:1] [0:1] [0:1] none none [0:1] [0:1] none none none none [0:1] [0:1] none none none [0:1] none none [0:1] [0:1] none none [0:1] [0:1] none none none none none none none none none none none none none none none none none none none none none none none none none none none none none none none none none none none none none none none none none none none none none none none none none none none none none none none none none none none none none none none none none none none none none none none none none none none none none none none none none none none none none none none none none none none none none none none none none none none none none none none none none none none none none none none none none none none none none none none none none none none none none none none none none none none none none none none none none none none none none none none none none none none none none none none none none none none none none none none none none none none none none none none none none none none none none none none none none none none none none none none none none none none none none none none none none none none none none none none none none none none none none none none none none none none none none none none none none none none none none none none none none none none none none none none none none none none none none
tree_sizes=3398 3472 3452 3461 3479 3461 3452 3487 3472 3463 3466 3506 3463

Tree=0
num_leaves=31
num_cat=0
split_feature=0 1 42 1 95 16 1 12 237 19 9 78 14 82 10 127 11 61 22 133 88 60 189 1 5 9 61 7 0 0
split_gain=223.87 58.3077 7.60686 7.23608 9.37365 8.06515 8.11337 8.09139 7.00976 6.24372 6.04328 5.92354 5.38257 10.25 5.02442 4.85947 4.61694 5.60327 6.56511 5.06899 4.56198 6.77538 4.52128 4.45156 5.49197 4.22693 4.07926 5.93087 5.04098 8.30268
threshold=11.190965175628664 -0.48695717751979822 1.0000000180025095e-35 -0.21636626124382016 1.0000000180025095e-35 1.0000000180025095e-35 -1.0000000180025095e-35 1.0000000180025095e-35 1.0000000180025095e-35 1.0000000180025095e-35 1.0000000180025095e-35 1.0000000180025095e-35 1.0000000180025095e-35 1.0000000180025095e-35 1.0000000180025095e-35 1.0000000180025095e-35 1.0000000180025095e-35 1.0000000180025095e-35 1.0000000180025095e-35 1.0000000180025095e-35 1.0000000180025095e-35 1.0000000180025095e-35 1.0000000180025095e-35 -0.63388851284980763 1.0000000180025095e-35 1.0000000180025095e-35 1.0000000180025095e-35 1.0000000180025095e-35 2.2505134344100957 2.8350445032119755
decision_type=2 2 2 2 2 2 2 2 2 2 2 2 2 2 2 2 2 2 2 2 2 2 2 2 2 2 2 2 2 2
left_child=1 8 22 11 20 6 -6 25 9 12 -8 -3 26 16 15 -13 17 18 19 23 -5 -22 -2 -14 -25 -7 27 -1 -29 -30
right_child=2 3 -4 4 5 7 10 -9 -10 -11 -12 14 13 -15 -16 -17 -18 -19 -20 -21 21 -23 -24 24 -26 -27 -28 28 29 -31
leaf_value=-0.99758412145235487 -1.170646638891544 -1.0496195787683285 -1.1386427663376628 -1.097562952581056 -1.0995346409140812 -1.2075179148726505 -1.0032084165069362 -0.98337380150062004 -1.0942142971241515 -1.1089930298739559 -0.85889139872342313 -1.001511337148107 -0.86030263049794042 -0.82819710762767584 -1.1667644397140995 -1.1146771578546497 -1.0233592513236884 -1.0410108592248564 -0.83842853799292483 -1.032576167850578 -1.1208160160737992 -0.93903760325120744 -1.0995346409140812 -0.90113730474767739 -1.0384364993265034 -1.0676125781745041 -0.96926682933035235 -0.96978690203709039 -1.1681079608731726 -1.0397441107034446
leaf_weight=43.982120186090469 183.8227074444294 128.93903610110283 180.62742520868778 186.64207412302494 4.6989444643259093 5.074860021471979 7.1423955857753718 4.5109866857528678 8.2701422572135908 5.0748600214719763 4.886902242898941 6.2026066929101935 5.4507755786180558 4.5109866857528678 8.2701422572135925 9.7738044857978821 20.111482307314873 7.5183111429214469 4.8869022428989402 7.7062689214944831 3.7591555714607221 4.5109866857528687 9.3978889286518079 5.8266911357641238 5.826691135764122 3.7591555714607239 18.607820078730583 5.8266911357641211 6.7664800286293056 19.7355667501688
leaf_count=234 978 686 961 993 25 27 38 24 44 27 26 33 29 24 44 52 107 40 26 41 20 24 50 31 31 20 99 31 36 105
internal_value=-1.09373 -1.05304 -1.1534 -1.07491 -1.08632 -1.03436 -0.988106 -1.09234 -1.00442 -0.999826 -0.94458 -1.05815 -0.996292 -0.973334 -1.10349 -1.07074 -0.984755 -0.963893 -0.944369 -0.965236 -1.09434 -1.02166 -1.16719 -0.934896 -0.969787 -1.14798 -1.01125 -1.02149 -1.054 -1.07252
internal_weight=922.121 548.273 373.848 378.171 224.985 30.0732 16.7282 13.345 170.102 161.832 12.0293 153.186 156.757 61.8381 24.2466 15.9764 57.3271 37.2156 29.6973 24.8104 194.912 8.27014 193.221 17.1042 11.6534 8.83402 94.9187 76.3109 32.3287 26.502
internal_count=4906 2917 1989 2012 1197 160 89 71 905 861 64 815 834 329 129 85 305 198 158 132 1037 44 1028 91 62 47 505 406 172 141
is_linear=0
shrinkage=1


Tree=1
num_leaves=31
num_cat=0
split_feature=0 1 0 22 11 69 53 80 55 237 26 56 0 1 16 95 108 0 137 19 97 9 10 0 45 73 99 133 9 140
split_gain=183.089 43.6296 6.97452 6.48604 5.88676 8.32406 8.26304 5.66766 5.51467 5.16456 4.78967 6.45023 6.00174 4.67942 6.6311 8.33442 5.79546 5.37036 4.81033 4.62105 4.61212 4.85435 4.522 4.44907 4.25264 4.22766 5.93264 4.11533 4.09394 4.00316
threshold=11.190965175628664 -0.48695717751979822 14.205338954925539 1.0000000180025095e-35 1.0000000180025095e-35 1.0000000180025095e-35 1.0000000180025095e-35 1.0000000180025095e-35 1.0000000180025095e-35 1.0000000180025095e-35 1.0000000180025095e-35 1.0000000180025095e-35 7.0814509391784677 -0.21636626124382016 1.0000000180025095e-35 1.0000000180025095e-35 1.0000000180025095e-35 8.2067074775695819 1.0000000180025095e-35 1.0000000180025095e-35 1.0000000180025095e-35 1.0000000180025095e-35 1.0000000180025095e-35 9.0047912597656268 1.0000000180025095e-35 1.0000000180025095e-35 1.0000000180025095e-35 1.0000000180025095e-35 1.0000000180025095e-35 1.0000000180025095e-35
decision_type=2 2 2 2 2 2 2 2 2 2 2 2 2 2 2 2 2 2 2 2 2 2 2 2 2 2 2 2 2 2
left_child=1 9 4 13 29 8 -7 10 -6 19 22 24 -13 16 15 -15 18 -16 -3 -1 21 -8 27 -17 -12 26 -19 -5 -25 -2
right_child=2 3 -4 7 5 6 20 -9 -10 -11 11 12 -14 14 17 23 -18 25 -20 -21 -22 -23 -24 28 -26 -27 -28 -29 -30 -31
leaf_value=0.083396429830047969 -0.051367487369537702 0.028910979016376116 -0.06876053555613551 -0.0080445136204787705 0.022023117917728808 -0.051493528717303498 -0.0017198426720602415 0.1659031802122487 -0.068914806306346707 -0.00043931414339372235 0.15507799677408801 -0.072362839293907563 0.080251353165512546 0.0074964973686598288 0.022301935841597457 9.2256900393953764e-05 0.1137700150913301 -0.08217566534877202 -0.033378407176049486 -0.013851421622234673 0.15361678281942728 0.1126559865196505 -0.05651923883556495 0.063991523928215333 0.040962503119557091 -0.0049373271279370655 0.0095050035155400982 0.12688684848267492 0.18296067821641326 -0.13191491363252614
leaf_weight=164.18517395853996 94.315559417009354 107.42073506116867 188.90980637073517 5.5299492776393908 8.4424525052309018 11.189287289977072 12.288628488779073 3.9960874170064917 31.736638680100441 8.2681313753128034 8.9725636988878232 4.7954937666654587 5.5696904510259628 103.61140817403793 23.780539110302925 4.4979243278503445 7.2483069747686377 25.343839719891548 14.015440523624418 5.0361903458833686 3.8522488325834265 5.316012814640998 7.6593041419982901 6.4785677790641767 5.1343460381031045 28.761405184864998 9.7826035320758802 3.823037400841713 5.2255626767873764 6.6021200418472281
leaf_count=834 514 560 1042 29 46 61 67 21 173 44 47 25 29 552 127 24 38 135 75 27 21 29 40 33 27 153 52 20 25 36
internal_value=-0.00012223 0.0357702 -0.0554609 0.0167205 -0.0410004 -0.019332 0.0181749 0.0521629 -0.0498069 0.0767317 0.0412066 0.0695373 0.00964379 0.0119254 0.00263381 0.0179261 0.0269066 -0.0182656 0.0217219 0.0805022 0.0545054 0.0328178 0.000453165 0.0846227 0.113545 -0.0333658 -0.0566429 0.0471087 0.117108 -0.056637
internal_weight=921.789 559.136 362.653 381.647 173.743 72.8253 32.6462 45.4805 40.1791 177.489 41.4844 24.4721 10.3652 336.166 207.482 119.813 128.684 87.6684 121.436 169.221 21.4569 17.6046 17.0123 16.2021 14.1069 63.8878 35.1264 9.35299 11.7041 100.918
internal_count=4906 2917 1989 2012 947 397 178 238 219 905 217 128 54 1774 1101 634 673 467 635 861 117 96 89 82 74 340 187 49 58 550
is_linear=0
shrinkage=0.1


Tree=2
num_leaves=31
num_cat=0
split_feature=0 1 42 22 14 82 237 192 80 236 151 1 16 95 0 108 0 10 54 0 1 6 1 0 12 26 56 15 10 62
split_gain=150.192 33.268 6.20691 4.9997 4.21923 6.89488 4.75311 4.17784 4.04137 3.96726 3.81259 3.71706 5.37529 6.41831 4.42571 4.32067 4.38085 8.59982 6.73775 6.1008 6.33026 4.23967 4.24298 5.28338 3.89187 3.66572 4.75304 4.8914 3.67643 3.64803
threshold=11.190965175628664 -0.48695717751979822 1.0000000180025095e-35 1.0000000180025095e-35 1.0000000180025095e-35 1.0000000180025095e-35 1.0000000180025095e-35 1.0000000180025095e-35 1.0000000180025095e-35 1.0000000180025095e-35 1.0000000180025095e-35 -0.21636626124382016 1.0000000180025095e-35 1.0000000180025095e-35 8.2067074775695819 1.0000000180025095e-35 6.7118411064147958 1.0000000180025095e-35 1.0000000180025095e-35 6.566735267639161 -0.29652445018291468 1.0000000180025095e-35 -0.3628412783145904 5.845311403274537 1.0000000180025095e-35 1.0000000180025095e-35 1.0000000180025095e-35 1.0000000180025095e-35 1.0000000180025095e-35 1.0000000180025095e-35
decision_type=2 2 2 2 2 2 2 2 2 2 2 2 2 2 2 2 2 2 2 2 2 2 2 2 2 2 2 2 2 2
left_child=1 4 7 11 6 -6 -1 9 25 -2 -4 15 13 -13 29 16 19 18 -18 20 21 22 -3 -24 -22 28 -27 -28 -5 -14
right_child=2 3 10 8 5 -7 -8 -9 -10 -11 -12 12 14 -15 -16 -17 17 -19 -20 -21 24 -23 23 -25 -26 26 27 -29 -30 -31
leaf_value=0.058973824716661009 -0.070313765777256898 0.045889054810048395 -0.035098049875411416 0.041319581804596696 0.076118873241716609 0.18812708066923681 -0.03841549171893352 0.0017088078460955236 0.1378246924337985 0.034936736345017261 -0.11456005563200133 0.0067203289940230507 0.063632179416784437 0.073415128406200403 -0.030610800492982027 0.096829724297156819 0.06125886044650565 -0.033006046188161747 0.22295791426139597 -0.078610690698081631 0.14882069996221539 -0.015720900814965136 -0.11183599170210466 0.022406707365328096 0.018652735996649464 0.09661967156583251 0.060509051273051007 -0.081869284501982692 -0.052387263310342817 -0.014804604652822068
leaf_weight=105.85820615291595 166.87110923230648 37.534791603684425 166.26765358448029 9.561255946755411 66.519924908876419 5.990685522556304 5.2603861689567557 9.0390475243329984 4.3100628256797782 3.6598585844039908 6.2656445652246466 103.99870391190052 10.620049089193344 16.75342646241188 62.815514490008354 7.6414885222911826 7.6003234088420886 5.830771565437316 3.8988249152898788 6.9892810285091391 5.6222693473100644 37.601646348834038 4.2429589331150046 9.4871527701616269 3.883541464805603 14.86485643684864 6.6060258001089096 3.8014627397060394 7.4484264701604834 13.42523755133152
leaf_count=523 957 195 926 49 326 28 28 50 21 21 35 552 56 82 340 38 39 30 20 36 29 195 22 49 20 74 34 20 40 71
internal_value=-0.000210997 0.0315916 -0.0515289 0.01487 0.0666082 0.0853728 0.0543634 -0.0645432 0.0455793 -0.0680549 -0.0379838 0.0106362 0.00232668 0.0159737 -0.0166452 0.0238728 0.0193289 0.0659213 0.116083 0.0116654 0.0180794 0.00978281 0.0284892 -0.0190778 0.0956414 0.0361762 0.0603323 0.00850362 0.000285979 0.0198385
internal_weight=920.271 568.167 352.103 384.538 183.629 72.5106 111.119 179.57 46.5921 170.531 172.533 337.946 207.613 120.752 86.8608 130.333 122.692 17.3299 11.4991 105.362 98.3724 88.8665 51.2649 13.7301 9.50581 42.282 25.2723 10.4075 17.0097 24.0453
internal_count=4906 2917 1989 2012 905 354 551 1028 238 978 961 1774 1101 634 467 673 635 89 59 546 510 461 266 71 49 217 128 54 89 127
is_linear=0
shrinkage=0.1


Tree=3
num_leaves=31
num_cat=0
split_feature=0 1 0 11 69 53 94 55 270 22 5 54 55 83 140 189 60 0 139 16 102 6 101 10 13 1 0 12 16 95
split_gain=123.279 25.6798 5.6931 5.14465 7.01809 6.81856 5.36484 4.7994 4.55644 6.23453 4.40753 5.23576 4.91119 4.23713 3.82055 3.65263 3.54877 4.91347 3.47087 4.14995 4.00837 8.56512 4.36274 3.86147 4.27977 3.51307 7.09871 3.45117 3.40846 3.20126
threshold=11.190965175628664 -0.48695717751979822 14.205338954925539 1.0000000180025095e-35 1.0000000180025095e-35 1.0000000180025095e-35 1.0000000180025095e-35 1.0000000180025095e-35 1.0000000180025095e-35 1.0000000180025095e-35 1.0000000180025095e-35 1.0000000180025095e-35 1.0000000180025095e-35 1.0000000180025095e-35 1.0000000180025095e-35 1.0000000180025095e-35 1.0000000180025095e-35 5.9260780811309823 1.0000000180025095e-35 1.0000000180025095e-35 1.0000000180025095e-35 1.0000000180025095e-35 1.0000000180025095e-35 1.0000000180025095e-35 1.0000000180025095e-35 -0.15446041524410245 9.1197810173034686 1.0000000180025095e-35 1.0000000180025095e-35 1.0000000180025095e-35
decision_type=2 2 2 2 2 2 2 2 2 2 2 2 2 2 2 2 2 2 2 2 2 2 2 2 2 2 2 2 2 2
left_child=1 29 3 14 7 -6 -7 28 9 18 11 16 -12 -9 -2 -4 17 -11 20 25 -3 27 -23 24 -21 -20 -27 -22 -5 -1
right_child=2 8 15 4 5 6 -8 13 -10 10 12 -13 -14 -15 -16 -17 -18 -19 19 23 21 22 -24 -25 -26 26 -28 -29 -30 -31
leaf_value=0.055200514083906999 -0.044470676600256533 0.0027523861130888064 -0.063702039037312155 0.079872714544384424 -0.04506180120299972 0.029987534647908643 0.16242414375264419 -0.081638945692583509 -0.089488122132610814 0.10861347680630383 0.027869180936801581 -0.036820039548729602 0.13795712308078897 0.0094603233986186169 -0.12685504195165984 0.0015382388676002208 0.12922066549620589 -0.012560375670787894 0.11254138930293583 0.083058600342624633 -0.06386112566712232 0.19726244282833602 0.053516841723477426 -0.05966515917741682 -0.036137772925983018 -0.051264389067499354 0.088550480961247166 0.051737153351320342 -0.048881677035915602 0.11421196170846984
leaf_weight=179.00845016539097 89.769167229533195 275.07086983323097 166.83569069206715 4.7319554686546308 10.685732960700987 17.91909354925156 3.6883106976747504 23.380308941006664 4.2703870236873618 5.1812107563018825 7.1318611800670633 9.1545652896165866 9.3848661035299301 6.5319072157144538 6.0056478679180136 9.0470857173204404 4.828655779361724 9.449221119284628 9.1178083121776599 7.3592781275510806 5.5809357762336731 4.2134530693292618 4.2321850657463074 6.745649740099906 5.099628672003746 5.947819158434867 9.3241831809282285 4.8072542399168015 3.6358353197574615 9.6904702633619291
leaf_count=859 514 1440 992 26 61 98 19 135 22 25 35 48 47 38 36 50 24 47 45 39 29 22 22 36 27 31 48 25 20 46
internal_value=-0.000273251 0.0279862 -0.0478029 -0.0345406 -0.0140538 0.0202799 0.052594 -0.0430178 0.0132352 0.0143817 0.0492888 0.0255456 0.0904216 -0.0617457 -0.0496367 -0.0603462 0.0548857 0.030352 0.00971387 0.0360451 0.00580821 0.0504389 0.12523 0.00127479 0.0342696 0.0634232 0.0340983 -0.0103667 0.0239285 0.058231
internal_weight=917.829 575.599 342.231 166.348 70.5731 32.2931 21.6074 38.28 386.9 382.629 45.1304 28.6137 16.5167 29.9122 95.7748 175.883 19.4591 14.6304 337.499 43.5944 293.905 18.8338 8.44564 19.2046 12.4589 24.3898 15.272 10.3882 8.36779 188.699
internal_count=4906 2917 1989 947 397 178 117 219 2012 1990 226 144 82 173 550 1042 96 72 1764 226 1538 98 44 102 66 124 79 54 46 905
is_linear=0
shrinkage=0.1


Tree=4
num_leaves=31
num_cat=0
split_feature=0 1 42 270 22 142 5 14 56 151 236 192 167 9 24 97 0 14 8 93 15 0 11 69 237 19 0 9 1 7
split_gain=101.457 20.2217 5.20843 3.80328 5.44669 4.15473 3.79579 4.47478 4.21164 3.4068 3.34432 3.52787 3.24491 3.14367 4.54295 4.35412 9.51002 3.51111 4.937 4.83259 4.73462 4.55358 3.67804 3.22247 3.09863 3.269 3.57754 5.45411 4.45258 3.29623
threshold=11.23477077484131 -0.48695717751979822 1.0000000180025095e-35 1.0000000180025095e-35 1.0000000180025095e-35 1.0000000180025095e-35 1.0000000180025095e-35 1.0000000180025095e-35 1.0000000180025095e-35 1.0000000180025095e-35 1.0000000180025095e-35 1.0000000180025095e-35 1.0000000180025095e-35 1.0000000180025095e-35 1.0000000180025095e-35 1.0000000180025095e-35 12.643394947052004 1.0000000180025095e-35 1.0000000180025095e-35 1.0000000180025095e-35 1.0000000180025095e-35 12.881587982177736 1.0000000180025095e-35 1.0000000180025095e-35 1.0000000180025095e-35 1.0000000180025095e-35 4.4558520317077646 1.0000000180025095e-35 -0.51950716972351063 1.0000000180025095e-35
decision_type=2 2 2 2 2 2 2 2 2 2 2 2 2 2 2 2 2 2 2 2 2 2 2 2 2 2 2 2 2 2
left_child=1 24 10 4 5 -3 8 -8 -6 12 11 -2 13 15 -15 17 -17 21 22 20 -20 -4 23 -19 25 26 28 -28 29 -1
right_child=2 3 9 -5 6 -7 7 -9 -10 -11 -12 -13 -14 14 -16 16 -18 18 19 -21 -22 -23 -24 -25 -26 -27 27 -29 -30 -31
leaf_value=0.068432745688250224 -0.062737154985024121 0.0070659009002668992 -0.014195951001280774 -0.084313945746767954 0.054057028318336503 0.10787379317138875 0.044429082279924953 0.15086278846251297 -0.023792518300213963 -0.10854600784003124 0.038181084767467115 0.0015059330403179036 0.044493045230040759 0.037276658103899268 -0.059017834450230844 -0.047314250233350542 0.13681143456708231 -0.046517687598608304 0.12604495815692335 -0.046236197887383534 -0.0096223449372638478 -0.077555019784932941 -0.084861909820733272 0.063381988473754855 -0.0076634520482445683 -0.023500587873801271 0.04936360357862854 0.1986644236360981 -0.015287541070325719 0.039193764473280393
leaf_weight=95.435959249734879 154.58983452618122 337.95982618629932 21.866952732205391 4.0888009369373313 17.234796702861786 4.1384685039520255 11.227214619517328 6.0943757742643347 11.644455656409265 5.6050000339746466 3.6054363846778861 9.0482171922922117 5.7554719597101203 5.3967637568712226 53.151709243655205 6.077804818749426 5.2095014005899429 6.1413659304380417 6.6836515963077527 4.8479984998702994 4.1818896234035492 23.56966869533062 9.139713928103447 4.7175716161727905 8.5577506572008115 5.3012375235557547 5.6125138849019987 4.3379614353179932 9.1005253940820676 64.69139339029789
leaf_count=442 956 1760 127 22 83 22 54 29 61 34 21 50 33 31 309 35 29 36 39 28 24 137 53 28 44 27 26 20 42 304
internal_value=-0.000321541 0.0246633 -0.0447004 0.0116276 0.0126378 0.00828541 0.0448659 0.0818764 0.0226672 -0.0319412 -0.0570859 -0.0591849 -0.0292019 -0.0320111 -0.0501418 -0.0205272 0.0376664 -0.0286216 -0.00515899 0.0367866 0.0738298 -0.0470627 -0.0381169 0.00122728 0.0511611 0.0538899 0.0561796 0.114452 0.0527532 0.0566202
internal_weight=915.014 585.425 329.589 392.388 388.299 342.098 46.2008 17.3216 28.8793 162.345 167.243 163.638 156.74 150.985 58.5485 92.4361 11.2873 81.1488 35.7122 15.7135 10.8655 45.4366 19.9987 10.8589 193.037 184.48 179.178 9.95048 169.228 160.127
internal_count=4906 2936 1970 2031 2009 1782 227 83 144 943 1027 1006 909 876 340 536 64 472 208 91 63 264 117 64 905 861 834 46 788 746
is_linear=0
shrinkage=0.1


Tree=5
num_leaves=31
num_cat=0
split_feature=0 0 0 11 69 83 53 139 55 139 26 5 0 0 26 14 81 83 10 67 237 55 140 61 57 12 8 0 1 44
split_gain=83.5878 15.7048 4.47164 4.51031 5.89382 6.48841 5.82467 4.01052 3.92697 3.93202 4.16045 5.42219 3.85878 4.54573 3.83679 3.67953 6.14255 8.90287 7.84228 7.11324 4.53003 3.9969 3.67366 3.49111 4.44641 5.13314 3.75623 3.43105 3.21402 3.16382
threshold=11.190965175628664 5.1238877773284921 14.205338954925539 1.0000000180025095e-35 1.0000000180025095e-35 1.0000000180025095e-35 1.0000000180025095e-35 1.0000000180025095e-35 1.0000000180025095e-35 1.0000000180025095e-35 1.0000000180025095e-35 1.0000000180025095e-35 7.9493498802185067 9.0047912597656268 1.0000000180025095e-35 1.0000000180025095e-35 1.0000000180025095e-35 1.0000000180025095e-35 1.0000000180025095e-35 1.0000000180025095e-35 1.0000000180025095e-35 1.0000000180025095e-35 1.0000000180025095e-35 1.0000000180025095e-35 1.0000000180025095e-35 1.0000000180025095e-35 1.0000000180025095e-35 12.881587982177736 -0.52635180950164784 1.0000000180025095e-35
decision_type=2 2 2 2 2 2 2 2 2 2 2 2 2 2 2 2 2 2 2 2 2 2 2 2 2 2 2 2 2 2
left_child=1 15 3 22 8 6 -6 -3 -5 10 -10 -12 -9 -14 27 20 -17 18 19 -18 23 -20 29 24 25 -1 -26 -8 -28 -2
right_child=2 7 -4 4 5 -7 14 12 9 -11 11 -13 13 -15 -16 16 17 -19 21 -21 -22 -23 -24 -25 26 -27 28 -29 -30 -31
leaf_value=0.016019929361660957 -0.12626838875455945 0.0047812149241108926 -0.052696129090253521 0.02279605602019269 -0.028209260009698013 -0.10293663673263261 0.10825565769239749 0.07814761140176274 -0.10464574518692765 0.043210584444047358 0.041222837673848628 -0.10378210423880248 -0.047435164007837323 0.040953273165021384 0.12053778177491555 0.032547031162785109 0.16451283706060421 0.020277775788547614 0.24501330290032783 0.037118735586552654 -0.052444016948338647 0.12316192768076398 -0.12315409157236597 0.067128114837385372 -0.038389246753225581 0.066444456075560571 0.096524883668250919 -0.0098155852393799377 -0.022126022734366483 -0.03448957224808806
leaf_weight=44.617437660694122 3.9362393617629996 308.90991592407227 164.26131017506123 8.398784786462782 9.0775175243616122 3.7042374163866034 3.7259517759084702 15.058867529034613 14.159159779548649 3.5558805912733069 5.9538577497005463 4.5490348339080811 8.1683762371540087 20.225962802767754 8.2445693165063858 48.34997233748436 6.4164965450763711 14.975594714283941 5.2986945807933825 13.829836994409561 6.0904650539159766 5.4717835634946823 5.4776994436979285 28.038587495684624 16.049820527434349 36.871959447860718 4.9490952789783478 7.2502624541521072 4.2379572093486804 82.034863144159317
leaf_count=209 24 1596 1042 46 54 21 20 74 87 22 36 28 44 104 44 223 30 70 24 63 32 25 36 130 76 173 23 39 21 490
internal_value=-0.000354462 0.0221396 -0.041105 -0.0292103 -0.00983191 0.021517 0.037808 0.0087825 -0.0372305 -0.0550968 -0.0692712 -0.021582 0.0372278 0.015526 0.0689864 0.0421505 0.0574337 0.083596 0.114167 0.0774927 0.0319141 0.183108 -0.0437509 0.0357266 0.0274769 0.0388358 -0.00920078 0.0302645 0.0417916 -0.0386917
internal_weight=911.89 587.561 324.329 160.068 68.6193 32.0025 28.2983 352.363 36.6167 28.2179 24.6621 10.5029 43.4532 28.3943 19.2208 235.198 94.3424 45.9924 31.0168 20.2463 140.855 10.7705 91.4488 134.765 106.726 81.4894 25.2369 10.9762 9.18705 85.9711
internal_count=4906 2917 1989 947 397 178 157 1818 219 173 151 64 222 148 103 1099 435 212 142 93 664 49 550 632 502 382 120 59 44 514
is_linear=0
shrinkage=0.1


Tree=6
num_leaves=31
num_cat=0
split_feature=0 1 42 147 67 151 65 1 16 0 47 1 22 54 26 9 6 0 78 13 10 9 57 15 7 9 14 15 8 12
split_gain=68.867 12.848 4.05576 3.21258 3.96703 3.10612 3.21138 3.09018 5.94581 7.02061 4.67283 6.121 6.9632 6.29499 5.42539 6.31046 7.29232 4.5781 4.44591 4.33004 4.24189 4.03989 3.51997 5.1708 3.50297 3.4545 5.89914 4.942 4.68264 4.62715
threshold=11.23477077484131 -0.48695717751979822 1.0000000180025095e-35 1.0000000180025095e-35 1.0000000180025095e-35 1.0000000180025095e-35 1.0000000180025095e-35 -0.21636626124382016 1.0000000180025095e-35 10.925393581390383 1.0000000180025095e-35 0.14426952600479129 1.0000000180025095e-35 1.0000000180025095e-35 1.0000000180025095e-35 1.0000000180025095e-35 1.0000000180025095e-35 9.6605067253112811 1.0000000180025095e-35 1.0000000180025095e-35 1.0000000180025095e-35 1.0000000180025095e-35 1.0000000180025095e-35 1.0000000180025095e-35 1.0000000180025095e-35 1.0000000180025095e-35 1.0000000180025095e-35 1.0000000180025095e-35 1.0000000180025095e-35 1.0000000180025095e-35
decision_type=2 2 2 2 2 2 2 2 2 2 2 2 2 2 2 2 2 2 2 2 2 2 2 2 2 2 2 2 2 2
left_child=1 -1 -2 7 -5 6 -4 18 9 10 11 12 14 -13 15 17 -17 24 -3 21 -20 -15 -12 -24 -9 27 -27 29 -28 -16
right_child=2 3 5 4 -6 -7 -8 8 -10 -11 22 13 -14 19 25 16 -18 -19 20 -21 -22 -23 23 -25 -26 26 28 -29 -30 -31
leaf_value=0.040291966859691428 -0.049745875519048008 0.025320812978128712 -0.021737972867969597 0.12324832011430445 -0.0092781808198419326 -0.10343699789770343 -0.10465596038122896 0.088009639120684297 -0.01910917735602613 0.084774435049818214 -0.05292747691927191 0.06486206960983909 0.14379642700634651 -0.085770741192301561 -0.030542972994936725 -0.09358604593821418 0.092978763225748773 0.017844969367894408 0.0080884163353562768 -0.11342980552677229 -0.082051345584622168 0.051589222935778237 0.07263138318260999 -0.066740453505180611 0.2066759104339318 -0.027228445329445784 0.15292092754250727 -0.076295612116945175 0.009572258234136162 0.09477937218299276
leaf_weight=199.26129949092865 156.46218080818653 136.66752436757088 146.5176594555378 5.3565136641263944 3.9056028723716736 5.1386939436197272 4.8246296346187583 5.8051933944225294 93.295282110571861 12.618275895714758 19.525025069713593 5.4523635357618359 5.2012935429811469 3.9075488448143023 7.661641001701355 4.5128717571496964 3.9106179177761078 4.5158919543027887 15.809873864054682 7.7535691261291495 7.7945729941129676 4.736612468957901 6.7328099906444567 4.4027456939220428 4.352879986166954 8.1745869070291519 5.1433090269565582 10.178371205925941 4.0916108638048172 4.7868733406066895
leaf_count=905 1027 677 879 27 20 34 30 30 498 65 102 28 25 20 40 23 20 23 81 39 42 24 35 23 22 42 26 53 21 25
internal_value=-0.000379505 0.0195784 -0.038361 0.00916339 0.0673652 -0.0269774 -0.0243813 0.00777056 0.0002584 0.0137969 0.00638569 0.0178513 0.0325828 -0.0282209 0.0234205 0.0620154 -0.00697305 0.101618 0.0183991 -0.0591717 -0.0216772 -0.0105036 -0.0273393 0.0175269 0.13886 0.00115462 0.0346422 -0.0246113 0.0894091 0.0176477
internal_weight=908.498 595.555 312.943 396.293 9.26212 156.481 151.342 387.031 226.759 133.464 120.846 90.1852 68.3351 21.8501 63.1338 23.0975 8.42349 14.674 160.272 16.3977 23.6044 8.64416 30.6606 11.1356 10.1581 40.0364 17.4095 22.6269 9.23492 12.4485
internal_count=4906 2936 1970 2031 47 943 909 1984 1184 686 621 461 350 111 325 118 43 75 800 83 123 44 160 58 52 207 89 118 47 65
is_linear=0
shrinkage=0.1


Tree=7
num_leaves=31
num_cat=0
split_feature=0 1 87 0 79 0 5 24 99 16 13 236 192 5 8 270 104 61 147 97 1 9 40 83 0 36 16 54 10 26
split_gain=56.6665 10.0516 3.68689 8.38763 3.94329 5.13577 3.73843 7.26827 3.46706 3.68607 4.5908 3.40265 3.41658 3.34316 4.5292 3.26301 3.25158 6.76652 3.2813 3.05665 10.2705 16.3052 4.75924 5.06522 6.3219 5.22739 4.35969 3.74183 2.99401 2.78776
threshold=11.190965175628664 -0.48695717751979822 1.0000000180025095e-35 13.661875724792482 1.0000000180025095e-35 13.474332809448244 1.0000000180025095e-35 1.0000000180025095e-35 1.0000000180025095e-35 1.0000000180025095e-35 1.0000000180025095e-35 1.0000000180025095e-35 1.0000000180025095e-35 1.0000000180025095e-35 1.0000000180025095e-35 1.0000000180025095e-35 1.0000000180025095e-35 1.0000000180025095e-35 1.0000000180025095e-35 1.0000000180025095e-35 0.70035743713378917 1.0000000180025095e-35 1.0000000180025095e-35 1.0000000180025095e-35 16.661190986633304 1.0000000180025095e-35 1.0000000180025095e-35 1.0000000180025095e-35 1.0000000180025095e-35 1.0000000180025095e-35
decision_type=2 2 2 2 2 2 2 2 2 2 2 2 2 2 2 2 2 2 2 2 2 2 2 2 2 2 2 2 2 2
left_child=1 -1 4 13 5 6 7 -2 9 10 -8 12 19 -4 -15 16 18 -18 -3 22 21 -21 -7 24 -24 -26 27 -27 -20 -9
right_child=2 15 3 -5 -6 11 8 29 -10 -11 -12 -13 -14 14 -16 -17 17 -19 28 20 -22 -23 23 -25 25 26 -28 -29 -30 -31
leaf_value=0.035759883154260562 0.11850142443081504 0.0060972778263785488 -0.063148092549670728 0.1034960754345373 -0.080777693356771332 -0.06691795452520459 -0.031704191625138871 -0.035989034635545432 -0.093105358260076099 -0.068573558655100411 0.078817882003512904 0.055094354144941141 0.014834434131638118 0.061029755529412415 -0.075711625108793729 -0.081684680346452043 0.11081726726192709 -0.043715449189894527 0.015736300976462735 0.19425663300151227 -0.080436725868829703 -0.094628420465673588 -0.092285770010213264 0.071828150972653215 -0.077599449776285134 0.12671474166568839 -0.037654009253856924 -0.0069221748043102205 0.13087241296511118 0.013093399660978828
leaf_weight=201.91306930780411 4.8315896689891806 368.33910843729973 12.75189977884293 6.0473101437091819 20.621950805187225 102.36431485414505 10.61054787039757 22.178952932357788 9.2328508496284467 10.427165150642397 5.8196267783641806 3.3055530190467826 8.3937945216894132 6.8712290972471237 3.741084486246109 3.9870207309722892 8.4482542872428876 4.2634516507387152 5.1018365323543531 4.6314491182565707 9.7486370652914029 3.3793704807758331 13.690052807331083 4.6560654640197745 6.838596150279046 5.2380736470222455 5.9655838757753381 3.4920490980148315 4.0526176691055298 24.196181118488312
leaf_count=905 28 1880 79 36 133 685 66 137 58 64 35 20 49 41 22 22 43 22 25 28 67 22 94 32 47 36 41 24 20 145
internal_value=-0.000399405 0.0176161 -0.0351501 -0.00147151 -0.0386926 -0.0353417 -0.0155928 0.00178026 -0.0402426 -0.0220698 0.00744312 -0.0453824 -0.0473547 -0.0286401 0.0128253 0.00832254 0.00924221 0.0589877 0.00756708 -0.0506171 -0.0115005 0.0723902 -0.0555008 -0.0261956 -0.0391527 -0.00537426 0.0282355 0.07326 0.0667063 -0.0103803
internal_weight=905.139 596.105 309.034 29.4115 279.622 259 87.2969 51.2067 36.0902 26.8573 16.4302 171.704 168.398 23.3642 10.6123 394.192 390.205 12.7117 377.494 160.004 17.7595 8.01082 142.245 39.8804 35.2244 21.5343 14.6957 8.73012 9.15445 46.3751
internal_count=4906 2917 1989 178 1811 1678 533 310 223 165 101 1145 1125 142 63 2012 1990 65 1925 1076 117 50 959 274 242 148 101 60 45 282
is_linear=0
shrinkage=0.1


Tree=8
num_leaves=31
num_cat=0
split_feature=0 0 78 94 237 10 104 9 272 151 83 17 13 15 0 12 14 26 16 14 0 0 10 132 0 5 13 42 189 70
split_gain=46.7912 8.13982 3.27237 3.2631 3.60097 4.84028 4.58231 3.92703 3.17431 3.14403 4.57134 4.12971 3.59162 6.51591 6.97219 6.58418 3.8554 7.79401 3.06108 3.71355 2.98079 5.26036 4.16522 4.99744 3.07691 3.4513 3.25226 2.97118 3.11813 3.24579
threshold=11.190965175628664 5.1238877773284921 1.0000000180025095e-35 1.0000000180025095e-35 1.0000000180025095e-35 1.0000000180025095e-35 1.0000000180025095e-35 1.0000000180025095e-35 1.0000000180025095e-35 1.0000000180025095e-35 1.0000000180025095e-35 1.0000000180025095e-35 1.0000000180025095e-35 1.0000000180025095e-35 7.9493498802185067 1.0000000180025095e-35 1.0000000180025095e-35 1.0000000180025095e-35 1.0000000180025095e-35 1.0000000180025095e-35 2.3121149539947514 2.1683777570724492 1.0000000180025095e-35 1.0000000180025095e-35 3.4195755720138554 1.0000000180025095e-35 1.0000000180025095e-35 1.0000000180025095e-35 1.0000000180025095e-35 1.0000000180025095e-35
decision_type=2 2 2 2 2 2 2 2 2 2 2 2 2 2 2 2 2 2 2 2 2 2 2 2 2 2 2 2 2 2
left_child=1 3 8 4 6 -6 7 20 27 10 11 -3 13 14 -12 -16 17 -14 19 -11 21 -1 23 -22 -24 26 -26 28 -2 -30
right_child=2 9 -4 -5 5 -7 -8 -9 -10 18 12 -13 16 -15 15 -17 -18 -19 -20 -21 22 -23 24 -25 25 -27 -28 -29 29 -31
leaf_value=-0.0080780095818353305 -0.049008147308234044 0.097272305939223841 0.040674803931866739 0.088937369287851051 -0.10016825089728205 0.038455502378442134 0.12487098662992269 0.044493848090337552 0.055861377776235066 -0.055339296392660768 -0.014712604685931649 0.0019662517290975011 0.19330156370974769 -0.043359439217537252 0.038345248140475741 0.20927367029608585 0.014689653019131395 0.031149136410244804 -0.088905200595596937 0.061127325659367432 0.0034981445484850281 0.10228378196003723 0.0021611715351339766 -0.093054849450248361 0.11559100304877828 0.011184778359238439 0.029020700565178238 -0.025192197946307483 -0.042411393134413999 0.082205342923499528
leaf_weight=7.5085445493459728 136.4281015843153 4.6202047616243354 5.9878032952547064 8.9917071461677534 5.0432257205247861 5.0320255905389786 4.9964508265256873 87.26831641793251 3.8799464404582968 6.075898230075838 8.0193272680044192 285.07541352510452 5.4552623331546801 11.70814684033394 5.1613859683275205 4.000132218003273 7.7673364430665961 6.4916136264801025 6.603450044989585 4.9829427450895309 59.978869572281837 10.167136460542677 19.194434955716133 5.8867691159248343 10.830295547842981 11.696008905768396 7.2409459948539725 147.40689106285572 4.6499288082122785 3.7966817021369934
leaf_count=33 962 23 37 40 25 25 22 391 25 31 40 1457 28 60 27 20 39 33 35 25 270 45 85 28 49 53 33 916 27 22
internal_value=-0.000424074 0.0157419 -0.0325151 0.0298172 0.0275536 -0.0309334 0.0301753 0.0280224 -0.0339948 0.00610021 0.00824762 0.00348624 0.0366275 0.0141712 0.0533764 0.112977 0.0695345 0.105192 -0.0350307 -0.00286124 0.0171741 0.0554026 0.0112895 -0.00513132 0.0333796 0.0535098 0.0809032 -0.0351876 -0.0453577 0.0136028
internal_weight=901.945 599.796 302.149 243.835 234.843 10.0753 224.768 219.771 296.162 355.961 338.299 289.696 48.6032 28.889 17.1808 9.16152 19.7142 11.9469 17.6623 11.0588 132.503 17.6757 114.827 65.8656 48.9617 29.7673 18.0712 292.282 144.875 8.44661
internal_count=4906 2917 1989 1099 1059 50 1009 987 1952 1818 1727 1480 247 147 87 47 100 61 91 56 596 78 518 298 220 135 82 1927 1011 49
is_linear=0
shrinkage=0.1


Tree=9
num_leaves=31
num_cat=0
split_feature=0 1 139 68 15 16 0 40 55 0 12 0 16 6 54 16 31 0 10 87 5 81 51 5 14 10 87 39 0 51
split_gain=38.6971 5.12417 4.34059 5.19402 5.87315 8.13724 4.17943 4.04256 4.83556 5.03721 4.09605 3.53314 5.4218 4.15457 3.29456 3.43658 4.39944 3.37555 5.18559 3.27724 3.89361 3.26942 4.40213 3.22003 6.37908 4.09089 3.04593 4.21252 3.02555 2.93463
threshold=10.310746192932131 -0.48695717751979822 1.0000000180025095e-35 1.0000000180025095e-35 1.0000000180025095e-35 1.0000000180025095e-35 14.528405189514162 1.0000000180025095e-35 1.0000000180025095e-35 16.735113143920902 1.0000000180025095e-35 14.528405189514162 1.0000000180025095e-35 1.0000000180025095e-35 1.0000000180025095e-35 1.0000000180025095e-35 1.0000000180025095e-35 11.880903720855715 1.0000000180025095e-35 1.0000000180025095e-35 1.0000000180025095e-35 1.0000000180025095e-35 1.0000000180025095e-35 1.0000000180025095e-35 1.0000000180025095e-35 1.0000000180025095e-35 1.0000000180025095e-35 1.0000000180025095e-35 11.377138614654543 1.0000000180025095e-35
decision_type=2 2 2 2 2 2 2 2 2 2 2 2 2 2 2 2 2 2 2 2 2 2 2 2 2 2 2 2 2 2
left_child=1 -1 6 11 5 -5 14 29 23 -10 -11 12 28 -13 15 17 -17 18 -2 -16 -21 22 -19 25 -25 -9 27 -24 -4 -8
right_child=2 -3 3 4 -6 -7 7 8 9 10 -12 13 -14 -15 19 16 -18 21 -20 20 -22 -23 26 24 -26 -27 -28 -29 -30 -31
leaf_value=0.028463501041801145 0.0024059860844553396 0.0085563767998283174 0.10064680486104782 -0.075997070466015032 -0.12194866731922341 0.13936907403173224 -0.022721127652759458 0.13489310522230188 -0.093867802686102009 -0.054365032576160113 0.054564760433019811 0.01676054539049001 -0.072819363158142081 0.18514777280476666 -0.039291601343196106 -0.0012832498935179109 -0.077665159246476614 -0.051368311832317631 0.10972127284407746 -0.035829233350045328 0.068620457430702678 -0.059355753496592722 0.026307063529714316 0.078766692204419148 -0.12104264423169633 -0.0036672022129041249 -0.035813195293944687 0.16570836199377681 0.0010290960041529011 -0.068484299113433983
leaf_weight=205.84824505448341 11.639318495988848 347.72151382267475 5.7948263585567528 4.1707304269075376 5.6011695042252541 3.0281252861022949 18.114109829068184 4.2934851944446546 11.767053291201593 7.6179021894931775 6.3124747425317764 2.9186916649341574 5.3048159256577483 2.9423476904630661 94.536180786788464 19.176087334752083 12.427946329116823 6.9080044627189645 7.3436289131641379 7.8020132780075055 6.5779200792312622 9.2554691880941409 5.989326670765875 3.0000416189432135 3.4185029268264771 4.2301360964775085 3.2307035028934488 3.3973792493343353 6.4338094741106033 61.88762691617012
leaf_count=905 63 1759 29 28 39 20 125 30 87 55 46 21 32 21 575 119 77 45 40 49 39 60 39 21 24 29 19 20 43 447
internal_value=-0.000425543 0.015959 -0.0267062 0.00605769 -0.0451555 0.0145945 -0.0305449 -0.0450757 -0.0193921 -0.0456955 -0.00500409 0.0340784 0.0116097 0.101294 -0.0212344 -0.00573852 -0.0313196 0.0111878 0.0439213 -0.0325263 0.01195 -0.0104022 0.0128029 0.0258441 -0.0276513 0.0661279 0.0479365 0.0767613 0.0482353 -0.0581225
internal_weight=898.69 553.57 345.12 36.1945 12.8 7.19886 308.925 120.641 40.6396 25.6974 13.9304 23.3945 17.5335 5.86104 188.284 79.3679 31.604 47.7638 18.9829 108.916 14.3799 28.7809 19.5254 14.9422 6.41854 8.52362 12.6174 9.38671 12.2286 80.0017
internal_count=4906 2664 2242 233 87 48 2009 864 292 188 101 146 104 42 1145 482 196 286 103 663 88 183 123 104 45 59 78 59 72 572
is_linear=0
shrinkage=0.1


Tree=10
num_leaves=31
num_cat=0
split_feature=0 1 1 16 99 0 151 5 95 0 139 68 15 16 0 55 44 82 81 11 0 95 99 0 40 16 0 217 104 67
split_gain=31.836 4.41884 4.43307 4.2904 4.42317 4.04948 4.97232 3.99667 3.9465 3.74381 3.58945 4.25315 5.27146 6.2896 3.65003 3.95231 5.71108 5.59494 5.40986 4.86173 4.07576 4.3512 5.11586 3.62028 6.19824 3.60995 4.72176 3.54077 3.72845 3.38987
threshold=10.310746192932131 -0.21636626124382016 -0.019545212388038632 1.0000000180025095e-35 1.0000000180025095e-35 8.3682408332824725 1.0000000180025095e-35 1.0000000180025095e-35 1.0000000180025095e-35 9.0047912597656268 1.0000000180025095e-35 1.0000000180025095e-35 1.0000000180025095e-35 1.0000000180025095e-35 14.205338954925539 1.0000000180025095e-35 1.0000000180025095e-35 1.0000000180025095e-35 1.0000000180025095e-35 1.0000000180025095e-35 16.735113143920902 1.0000000180025095e-35 1.0000000180025095e-35 14.528405189514162 1.0000000180025095e-35 1.0000000180025095e-35 16.661190986633304 1.0000000180025095e-35 1.0000000180025095e-35 1.0000000180025095e-35
decision_type=2 2 2 2 2 2 2 2 2 2 2 2 2 2 2 2 2 2 2 2 2 2 2 2 2 2 2 2 2 2
left_child=1 27 5 8 -5 6 -3 -6 9 -4 14 -12 13 -13 -2 17 19 18 23 -17 21 -18 -23 -16 -25 26 -26 28 -1 -20
right_child=10 2 3 4 7 -7 -8 -9 -10 -11 11 12 -14 -15 15 16 20 -19 29 -21 -22 22 -24 24 25 -27 -28 -29 -30 -31
leaf_value=0.017783469518668583 -0.018743542878660098 0.0067967462137592319 0.10610096727036955 -0.03487896084230855 -0.0075425926988124921 -0.045869030841790101 -0.094668251036217649 0.10365901240769471 0.099159425575104335 0.012755821130760847 0.029892147352112909 -0.071940245806388955 -0.1194602655138922 0.11503485123749163 0.068999610424799435 -0.037480025421764963 -0.089301431393189232 -0.12275300797546376 0.015149902035344047 0.13951927212404888 -0.028789330859069668 0.063927895996797643 -0.093752611176936049 -0.079301316050306936 -0.047934442390998797 -0.064251305685443516 0.11486076360085802 0.10265509282768424 0.083560139177401238 0.14462870293200322
leaf_weight=359.74290929734707 174.75652683526278 67.700970351696014 4.9231429249048224 22.286317735910416 7.9160254150629026 26.850296750664711 5.2007970660924903 5.4621965736150742 8.7044681012630445 33.76424115896225 23.823253452777863 3.9756580218672735 5.168263278901577 3.286205068230629 3.685747683048251 3.6451266556978217 44.243700124323368 4.4150722324848166 5.0597008541226369 2.7022964358329773 26.55568890273571 4.3747843205928785 3.8847180157899857 14.883175104856491 2.7630869895219803 3.5848380029201508 5.0159211456775665 5.1749317348003379 8.8290696740150434 3.3679727613925934
leaf_count=1656 1065 349 25 120 42 141 28 29 39 171 146 28 39 20 26 27 336 30 34 20 198 33 29 110 20 26 32 24 40 23
internal_value=-0.000436801 0.0142807 0.00154011 0.018606 -0.00759368 -0.0126694 -0.000441746 0.0378599 0.0383224 0.0246344 -0.0245857 0.00515109 -0.042267 0.0126714 -0.0281444 -0.0409611 -0.053388 -0.0161492 -0.00387967 0.0378741 -0.0607152 -0.0768631 -0.0102345 -0.0238062 -0.0368385 0.0187749 0.0570363 0.0205125 0.0193591 0.0668938
internal_weight=895.747 556.555 182.808 83.0564 35.6645 99.7521 72.9018 13.3782 47.3919 38.6874 339.192 36.2534 12.4301 7.26186 302.938 128.182 85.4063 42.7755 38.3604 6.34742 79.0589 52.5032 8.2595 29.9328 26.247 11.3638 7.77901 373.747 368.572 8.42767
internal_count=4906 2664 944 426 191 518 377 71 235 196 2242 233 87 48 2009 944 643 301 271 47 596 398 62 214 188 78 52 1720 1696 57
is_linear=0
shrinkage=0.1


Tree=11
num_leaves=31
num_cat=0
split_feature=0 1 95 12 16 7 15 108 16 1 8 0 73 9 10 154 79 78 272 217 104 55 67 14 176 8 82 60 11 151
split_gain=26.2837 4.86634 4.07251 4.23996 4.48717 3.66279 3.86515 4.51263 5.25825 4.35923 6.16538 9.08797 6.24479 3.55927 3.37884 2.93411 2.76749 3.31814 2.96703 2.72256 2.90749 2.60614 2.60462 2.57569 2.5577 2.51812 5.53455 3.71357 5.47326 3.42654
threshold=11.190965175628664 -0.21636626124382016 1.0000000180025095e-35 1.0000000180025095e-35 1.0000000180025095e-35 1.0000000180025095e-35 1.0000000180025095e-35 1.0000000180025095e-35 1.0000000180025095e-35 -0.14092326164245603 1.0000000180025095e-35 9.0704994201660174 1.0000000180025095e-35 1.0000000180025095e-35 1.0000000180025095e-35 1.0000000180025095e-35 1.0000000180025095e-35 1.0000000180025095e-35 1.0000000180025095e-35 1.0000000180025095e-35 1.0000000180025095e-35 1.0000000180025095e-35 1.0000000180025095e-35 1.0000000180025095e-35 1.0000000180025095e-35 1.0000000180025095e-35 1.0000000180025095e-35 1.0000000180025095e-35 1.0000000180025095e-35 1.0000000180025095e-35
decision_type=2 2 2 2 2 2 2 2 2 2 2 2 2 2 2 2 2 2 2 2 2 2 2 2 2 2 2 2 2 2
left_child=1 19 5 4 22 25 7 8 9 -7 11 -11 -13 -6 -5 16 17 18 -2 20 24 -18 -4 -8 -1 29 27 -27 -29 -3
right_child=15 2 3 14 13 6 23 -9 -10 10 -12 12 -14 -15 -16 -17 21 -19 -20 -21 -22 -23 -24 -25 -26 26 -28 28 -30 -31
leaf_value=0.017149088608300209 -0.024618317520683664 0.023881687011193198 0.094785873467746071 0.034827197029458079 -0.10777355506960025 0.10317186056003383 -0.070298856162930121 0.093290382873322419 -0.055570878346885823 -0.1354421351468261 0.065388325686450921 0.10582321624529943 -0.063927161850545214 0.022365897821190368 0.1478375119735422 -0.11995318255803787 -0.12196979055018414 0.055121380706483085 0.065890044409640455 0.089127788236853023 0.073303517178171143 -0.039089774065850041 0.0056194262954531058 -0.010507154819533855 -0.040879327407695419 -0.069953739693527223 0.057453857320026926 -0.042383196781304852 0.054861676506127555 -0.065996092054147901
leaf_weight=354.13659901916981 252.85084757208824 64.865264475345612 5.6819229423999786 6.0794394761323911 4.6924237906932831 4.5535266697406795 20.391798377037048 4.3142638057470313 18.1138876080513 6.1500711888074884 8.2526038140058517 4.4668273478746396 4.2095507830381393 3.8062436580657959 4.6840300709009171 3.2507376596331587 5.1050665453076371 5.5082169175148001 3.6746087893843642 5.3538429141044608 9.0454482138156873 14.77331879734993 7.7366480678319931 11.140751481056215 7.7621838748455039 13.870566710829733 9.2797897011041623 15.138461872935295 9.3702645897865295 4.5386027395725241
leaf_count=1619 1763 336 26 29 27 23 109 22 98 32 41 22 22 20 22 24 36 34 24 24 40 108 36 58 37 73 48 80 48 25
internal_value=-0.000444894 0.0113093 -0.000104347 0.0326082 0.00736646 -0.00548584 -0.0217502 -0.00447646 -0.0136967 0.013753 -0.00388948 -0.0424504 0.0234648 -0.0494888 0.0840069 -0.0254911 -0.0244018 -0.0216729 -0.0233218 0.018326 0.0173041 -0.0603746 0.0433758 -0.0491739 0.0159045 0.00585049 -0.0118485 -0.0286052 -0.00520419 0.0180042
internal_weight=892.798 607.635 231.337 32.6807 21.9172 198.656 81.5933 50.0607 45.7465 27.6326 23.0791 14.8264 8.67638 8.49867 10.7635 285.163 281.912 262.034 256.525 376.298 370.944 19.8784 13.4186 31.5325 361.899 117.063 47.6591 38.3793 24.5087 69.4039
internal_count=4906 2917 1197 160 109 1037 427 260 238 140 117 76 44 47 51 1989 1965 1821 1787 1720 1696 144 62 167 1656 610 249 201 128 361
is_linear=0
shrinkage=0.1


Tree=12
num_leaves=31
num_cat=0
split_feature=0 0 0 0 151 97 0 67 98 283 14 167 0 82 16 33 60 139 0 0 56 87 1 0 68 11 0 189 40 83
split_gain=21.7232 3.42975 4.32381 3.02337 4.15073 3.42579 6.72608 4.83636 3.53495 3.6801 3.67065 4.46526 3.86471 4.40282 3.24431 6.84128 3.75137 4.84401 3.17428 6.70052 6.42425 4.10614 4.10728 3.76304 3.02669 5.46383 4.06167 3.01339 3.65585 3.9465
threshold=10.310746192932131 3.9917863607406621 3.9219712018966679 15.181382656097414 1.0000000180025095e-35 1.0000000180025095e-35 14.176591396331789 1.0000000180025095e-35 1.0000000180025095e-35 1.0000000180025095e-35 1.0000000180025095e-35 1.0000000180025095e-35 12.34633779525757 1.0000000180025095e-35 1.0000000180025095e-35 1.0000000180025095e-35 1.0000000180025095e-35 1.0000000180025095e-35 12.699520587921144 13.351129055023195 1.0000000180025095e-35 1.0000000180025095e-35 0.66811162233352672 12.203969955444338 1.0000000180025095e-35 1.0000000180025095e-35 14.205338954925539 1.0000000180025095e-35 1.0000000180025095e-35 1.0000000180025095e-35
decision_type=2 2 2 2 2 2 2 2 2 2 2 2 2 2 2 2 2 2 2 2 2 2 2 2 2 2 2 2 2 2
left_child=1 2 -1 4 5 8 7 -7 9 10 11 12 13 14 16 -16 -2 -18 23 20 -20 22 -21 -12 -14 -26 -27 28 -5 -30
right_child=3 -3 -4 27 -6 6 -8 -9 -10 -11 18 -13 24 -15 15 -17 17 -19 19 21 -22 -23 -24 -25 25 26 -28 -29 29 -31
leaf_value=0.021100008420741393 0.098485098099960505 0.0066132473631748748 0.1188190548861513 -0.058366833280548869 -0.080850375176680575 -0.032932216367404309 0.13586846844904873 0.050911554931909013 -0.093612629525011676 -0.12354956305738972 0.00027296040328173937 0.072991663378717195 -0.072833121226975564 -0.092172965475733074 0.059149959142095969 -0.082286316500176523 -0.020667526224645259 0.10756720000956661 -0.01225675054717594 -0.031135883275892617 0.1549742441957466 0.10976541948481161 0.098627234860182683 -0.075984835725029232 -0.065072392294405576 0.054401060801330219 -0.066466793138440575 0.023617832082009071 -0.029506368743903888 0.067437446252775965
leaf_weight=154.22671146690845 5.644761115312579 401.76517298817635 4.6649742126464835 50.948173463344574 9.064647436141966 17.192026525735855 4.2181863337755194 11.46971955150366 5.8382642194628707 3.0463014096021643 31.2595394551754 4.4570286050438872 24.891458638012409 5.3743861168622962 5.2974230200052235 9.6493606641888618 14.590069882571699 3.6909383833408347 3.5771167874336225 20.219245031476028 6.4198249578475952 2.9538558796048155 2.7738584205508223 8.1602247357368451 16.18465219438076 9.9358031302690524 3.8604859560728064 7.9567061662673941 35.699612036347389 4.7590442374348632
leaf_count=667 32 1977 20 410 62 104 28 68 37 20 182 27 177 32 31 63 85 20 23 148 41 18 22 52 116 61 30 48 272 33
internal_value=-0.000439783 0.0115319 0.023969 -0.0208328 -0.0145301 -0.0118062 0.0179711 0.00061998 -0.0170189 -0.0145618 -0.0127063 -0.0249234 -0.0293263 -0.00733685 0.00439231 -0.0321586 0.0272262 0.00522308 0.0040843 0.0255768 0.0951355 -0.00122307 -0.0154814 -0.015513 -0.0470578 -0.025658 0.0205797 -0.0354073 -0.0405452 -0.0181031
internal_weight=889.79 560.657 158.892 329.133 229.769 220.705 32.8799 28.6617 187.825 181.986 178.94 103.576 99.1193 44.2469 38.8726 14.9468 23.9258 18.281 75.3637 35.9439 9.99694 25.947 22.9931 39.4198 54.8724 29.9809 13.7963 99.3635 91.4068 40.4587
internal_count=4906 2664 687 2242 1479 1417 200 172 1217 1180 1160 674 647 263 231 94 137 105 486 252 64 188 170 234 384 207 91 763 715 305
is_linear=0
shrinkage=0.1


end of trees

feature_importances:
Column_0=65
Column_1=26
Column_16=18
Column_10=13
Column_9=12
Column_14=11
Column_5=10
Column_11=8
Column_12=8
Column_15=8
Column_55=8
Column_26=7
Column_95=7
Column_151=7
Column_8=6
Column_22=6
Column_83=6
Column_139=6
Column_237=6
Column_13=5
Column_42=5
Column_54=5
Column_67=5
Column_82=5
Column_6=4
Column_7=4
Column_40=4
Column_56=4
Column_60=4
Column_61=4
Column_69=4
Column_78=4
Column_87=4
Column_97=4
Column_99=4
Column_104=4
Column_189=4
Column_19=3
Column_53=3
Column_68=3
Column_81=3
Column_108=3
Column_140=3
Column_192=3
Column_236=3
Column_270=3
Column_24=2
Column_44=2
Column_51=2
Column_57=2
Column_73=2
Column_79=2
Column_80=2
Column_94=2
Column_133=2
Column_147=2
Column_167=2
Column_217=2
Column_272=2
Column_17=1
Column_31=1
Column_33=1
Column_36=1
Column_39=1
Column_45=1
Column_47=1
Column_62=1
Column_65=1
Column_70=1
Column_88=1
Column_93=1
Column_98=1
Column_101=1
Column_102=1
Column_127=1
Column_132=1
Column_137=1
Column_142=1
Column_154=1
Column_176=1
Column_283=1

parameters:
[boosting: gbdt]
[objective: binary]
[metric: binary_logloss]
[tree_learner: serial]
[device_type: cpu]
[data_sample_strategy: bagging]
[data: ]
[valid: ]
[num_iterations: 300]
[learning_rate: 0.1]
[num_leaves: 31]
[num_threads: 0]
[seed: 0]
[deterministic: 0]
[force_col_wise: 0]
[force_row_wise: 0]
[histogram_pool_size: -1]
[max_depth: -1]
[min_data_in_leaf: 20]
[min_sum_hessian_in_leaf: 0.001]
[bagging_fraction: 1]
[pos_bagging_fraction: 1]
[neg_bagging_fraction: 1]
[bagging_freq: 0]
[bagging_seed: 7719]
[bagging_by_query: 0]
[feature_fraction: 1]
[feature_fraction_bynode: 1]
[feature_fraction_seed: 2437]
[extra_trees: 0]
[extra_seed: 11797]
[early_stopping_round: 0]
[early_stopping_min_delta: 0]
[first_metric_only: 0]
[max_delta_step: 0]
[lambda_l1: 0]
[lambda_l2: 0]
[linear_lambda: 0]
[min_gain_to_split: 0]
[drop_rate: 0.1]
[max_drop: 50]
[skip_drop: 0.5]
[xgboost_dart_mode: 0]
[uniform_drop: 0]
[drop_seed: 21238]
[top_rate: 0.2]
[other_rate: 0.1]
[min_data_per_group: 100]
[max_cat_threshold: 32]
[cat_l2: 10]
[cat_smooth: 10]
[max_cat_to_onehot: 4]
[top_k: 20]
[monotone_constraints: ]
[monotone_constraints_method: basic]
[monotone_penalty: 0]
[feature_contri: ]
[forcedsplits_filename: ]
[refit_decay_rate: 0.9]
[cegb_tradeoff: 1]
[cegb_penalty_split: 0]
[cegb_penalty_feature_lazy: ]
[cegb_penalty_feature_coupled: ]
[path_smooth: 0]
[interaction_constraints: ]
[verbosity: -1]
[saved_feature_importance_type: 0]
[use_quantized_grad: 0]
[num_grad_quant_bins: 4]
[quant_train_renew_leaf: 0]
[stochastic_rounding: 1]
[linear_tree: 0]
[max_bin: 255]
[max_bin_by_feature: ]
[min_data_in_bin: 3]
[bin_construct_sample_cnt: 200000]
[data_random_seed: 38]
[is_enable_sparse: 1]
[enable_bundle: 1]
[use_missing: 1]
[zero_as_missing: 0]
[feature_pre_filter: 1]
[pre_partition: 0]
[two_round: 0]
[header: 0]
[label_column: ]
[weight_column: ]
[group_column: ]
[ignore_column: ]
[categorical_feature: ]
[forcedbins_filename: ]
[precise_float_parser: 0]
[parser_config_file: ]
[objective_seed: 8855]
[num_class: 1]
[is_unbalance: 0]
[scale_pos_weight: 1]
[sigmoid: 1]
[boost_from_average: 1]
[reg_sqrt: 0]
[alpha: 0.9]
[fair_c: 1]
[poisson_max_delta_step: 0.7]
[tweedie_variance_power: 1.5]
[lambdarank_truncation_level: 30]
[lambdarank_norm: 1]
[label_gain: ]
[lambdarank_position_bias_regularization: 0]
[eval_at: ]
[multi_error_top_k: 1]
[auc_mu_weights: ]
[num_machines: 1]
[local_listen_port: 12400]
[time_out: 120]
[machine_list_filename: ]
[machines: ]
[gpu_platform_id: -1]
[gpu_device_id: -1]
[gpu_device_id_list: ]
[gpu_use_dp: 0]
[num_gpu: 1]

end of parameters

pandas_categorical:null
