tree
version=v4
num_class=1
num_tree_per_iteration=1
label_index=0
max_feature_idx=567
objective=binary sigmoid:1
feature_names=Column_0 Column_1 Column_2 Column_3 Column_4 Column_5 Column_6 Column_7 Column_8 Column_9 Column_10 Column_11 Column_12 Column_13 Column_14 Column_15 Column_16 Column_17 Column_18 Column_19 Column_20 Column_21 Column_22 Column_23 Column_24 Column_25 Column_26 Column_27 Column_28 Column_29 Column_30 Column_31 Column_32 Column_33 Column_34 Column_35 Column_36 Column_37 Column_38 Column_39 Column_40 Column_41 Column_42 Column_43 Column_44 Column_45 Column_46 Column_47 Column_48 Column_49 Column_50 Column_51 Column_52 Column_53 Column_54 Column_55 Column_56 Column_57 Column_58 Column_59 Column_60 Column_61 Column_62 Column_63 Column_64 Column_65 Column_66 Column_67 Column_68 Column_69 Column_70 Column_71 Column_72 Column_73 Column_74 Column_75 Column_76 Column_77 Column_78 Column_79 Column_80 Column_81 Column_82 Column_83 Column_84 Column_85 Column_86 Column_87 Column_88 Column_89 Column_90 Column_91 Column_92 Column_93 Column_94 Column_95 Column_96 Column_97 Column_98 Column_99 Column_100 Column_101 Column_102 Column_103 Column_104 Column_105 Column_106 Column_107 Column_108 Column_109 Column_110 Column_111 Column_112 Column_113 Column_114 Column_115 Column_116 Column_117 Column_118 Column_119 Column_120 Column_121 Column_122 Column_123 Column_124 Column_125 Column_126 Column_127 Column_128 Column_129 Column_130 Column_131 Column_132 Column_133 Column_134 Column_135 Column_136 Column_137 Column_138 Column_139 Column_140 Column_141 Column_142 Column_143 Column_144 Column_145 Column_146 Column_147 Column_148 Column_149 Column_150 Column_151 Column_152 Column_153 Column_154 Column_155 Column_156 Column_157 Column_158 Column_159 Column_160 Column_161 Column_162 Column_163 Column_164 Column_165 Column_166 Column_167 Column_168 Column_169 Column_170 Column_171 Column_172 Column_173 Column_174 Column_175 Column_176 Column_177 Column_178 Column_179 Column_180 Column_181 Column_182 Column_183 Column_184 Column_185 Column_186 Column_187 Column_188 Column_189 Column_190 Column_191 Column_192 Column_193 Column_194 Column_195 Column_196 Column_197 Column_198 Column_199 Column_200 Column_201 Column_202 Column_203 Column_204 Column_205 Column_206 Column_207 Column_208 Column_209 Column_210 Column_211 Column_212 Column_213 Column_214 Column_215 Column_216 Column_217 Column_218 Column_219 Column_220 Column_221 Column_222 Column_223 Column_224 Column_225 Column_226 Column_227 Column_228 Column_229 Column_230 Column_231 Column_232 Column_233 Column_234 Column_235 Column_236 Column_237 Column_238 Column_239 Column_240 Column_241 Column_242 Column_243 Column_244 Column_245 Column_246 Column_247 Column_248 Column_249 Column_250 Column_251 Column_252 Column_253 Column_254 Column_255 Column_256 Column_257 Column_258 Column_259 Column_260 Column_261 Column_262 Column_263 Column_264 Column_265 Column_266 Column_267 Column_268 Column_269 Column_270 Column_271 Column_272 Column_273 Column_274 Column_275 Column_276 Column_277 Column_278 Column_279 Column_280 Column_281 Column_282 Column_283 Column_284 Column_285 Column_286 Column_287 Column_288 Column_289 Column_290 Column_291 Column_292 Column_293 Column_294 Column_295 Column_296 Column_297 Column_298 Column_299 Column_300 Column_301 Column_302 Column_303 Column_304 Column_305 Column_306 Column_307 Column_308 Column_309 Column_310 Column_311 Column_312 Column_313 Column_314 Column_315 Column_316 Column_317 Column_318 Column_319 Column_320 Column_321 Column_322 Column_323 Column_324 Column_325 Column_326 Column_327 Column_328 Column_329 Column_330 Column_331 Column_332 Column_333 Column_334 Column_335 Column_336 Column_337 Column_338 Column_339 Column_340 Column_341 Column_342 Column_343 Column_344 Column_345 Column_346 Column_347 Column_348 Column_349 Column_350 Column_351 Column_352 Column_353 Column_354 Column_355 Column_356 Column_357 Column_358 Column_359 Column_360 Column_361 Column_362 Column_363 Column_364 Column_365 Column_366 Column_367 Column_368 Column_369 Column_370 Column_371 Column_372 Column_373 Column_374 Column_375 Column_376 Column_377 Column_378 Column_379 Column_380 Column_381 Column_382 Column_383 Column_384 Column_385 Column_386 Column_387 Column_388 Column_389 Column_390 Column_391 Column_392 Column_393 Column_394 Column_395 Column_396 Column_397 Column_398 Column_399 Column_400 Column_401 Column_402 Column_403 Column_404 Column_405 Column_406 Column_407 Column_408 Column_409 Column_410 Column_411 Column_412 Column_413 Column_414 Column_415 Column_416 Column_417 Column_418 Column_419 Column_420 Column_421 Column_422 Column_423 Column_424 Column_425 Column_426 Column_427 Column_428 Column_429 Column_430 Column_431 Column_432 Column_433 Column_434 Column_435 Column_436 Column_437 Column_438 Column_439 Column_440 Column_441 Column_442 Column_443 Column_444 Column_445 Column_446 Column_447 Column_448 Column_449 Column_450 Column_451 Column_452 Column_453 Column_454 Column_455 Column_456 Column_457 Column_458 Column_459 Column_460 Column_461 Column_462 Column_463 Column_464 Column_465 Column_466 Column_467 Column_468 Column_469 Column_470 Column_471 Column_472 Column_473 Column_474 Column_475 Column_476 Column_477 Column_478 Column_479 Column_480 Column_481 Column_482 Column_483 Column_484 Column_485 Column_486 Column_487 Column_488 Column_489 Column_490 Column_491 Column_492 Column_493 Column_494 Column_495 Column_496 Column_497 Column_498 Column_499 Column_500 Column_501 Column_502 Column_503 Column_504 Column_505 Column_506 Column_507 Column_508 Column_509 Column_510 Column_511 Column_512 Column_513 Column_514 Column_515 Column_516 Column_517 Column_518 Column_519 Column_520 Column_521 Column_522 Column_523 Column_524 Column_525 Column_526 Column_527 Column_528 Column_529 Column_530 Column_531 Column_532 Column_533 Column_534 Column_535 Column_536 Column_537 Column_538 Column_539 Column_540 Column_541 Column_542 Column_543 Column_544 Column_545 Column_546 Column_547 Column_548 Column_549 Column_550 Column_551 Column_552 Column_553 Column_554 Column_555 Column_556 Column_557 Column_558 Column_559 Column_560 Column_561 Column_562 Column_563 Column_564 Column_565 Column_566 Column_567
feature_infos=[2.0013689994812012:17.993154525756836] [-0.7776256799697876:0.99923950433731079] none none none [0:1] [0:1] [0:1] [0:1] [0:1] [0:1] [0:1] [0:1] [0:1] [0:1] [0:1] [0:1] [0:1] [0:1] [0:1] [0:1] [0:1] [0:1] [0:1] [0:1] [0:1] [0:1] [0:1] [0:1] [0:1] [0:1] [0:1] [0:1] [0:1] [0:1] [0:1] [0:1] [0:1] [0:1] [0:1] [0:1] [0:1] [0:1] [0:1] [0:1] [0:1] [0:1] [0:1] [0:1] [0:1] [0:1] [0:1] [0:1] [0:1] [0:1] [0:1] [0:1] [0:1] [0:1] [0:1] [0:1] [0:1] [0:1] [0:1] [0:1] [0:1] [0:1] [0:1] [0:1] [0:1] [0:1] [0:1] [0:1] [0:1] [0:1] [0:1] [0:1] [0:1] [0:1] [0:1] [0:1] [0:1] [0:1] [0:1] [0:1] [0:1] [0:1] [0:1] [0:1] [0:1] [0:1] [0:1] [0:1] [0:1] [0:1] [0:1] [0:1] [0:1] [0:1] [0:1] [0:1] [0:1] [0:1] [0:1] [0:1] [0:1] [0:1] [0:1] [0:1] none none none none [0:1] [0:1] none [0:1] none [0:1] none none [0:1] none none none none [0:1] [0:1] [0:1] [0:1] [0:1] none [0:1] [0:1] [0:1] [0:1] none [0:1] [0:1] [0:1] [0:1] [0:1] [0:1] [0:1] [0:1] [0:1] [0:1] [0:1] [0:1] [0:1] [0:1] [0:1] [0:1] [0:1] [0:1] [0:1] [0:1] none none none none none none none none none none [0:1] [0:1] none none none none none [0:1] [0:1] [0:1] [0:1] [0:1] [0:1] [0:1] [0:1] [0:1] [0:1] [0:1] [0:1] [0:1] [0:1] [0:1] [0:1] [0:1] [0:1] [0:1] [0:1] [0:1] [0:1] [0:1] [0:1] [0:1] [0:1] [0:1] [0:1] none none [0:1] [0:1] [0:1] none [0:1] [0:1] [0:1] [0:1] [0:1] none [0:1] none none [0:1] none [0:1] [0:1] [0:1] [0:1] [0:1] [0:1] [0:1] [0:1] [0:1] [0:1] [0:1] [0:1] [0:1] [0:1] [0:1] [0:1] [0:1] [0:1] [0:1] [0:1] [0:1] [0:1] [0:1] [0:1] [0:1] none none none none none none none none none none none none none none none none none [0:1] [0:1] [0:1] [0:1] [0:1] [0:1] [0:1] [0:1] [0:1] [0:1] none [0:1] [0:1] [0:1] [0:1] none [0:1] [0:1] none none none [0:1] [0:1] none none none none none [0:1] [0:1] [0:1] [0:1] [0:1] [0:1] [0:1] none none none [0:1] none [0:1] [0:1] [0:1] none [0:1] [0:1] [0:1] [0:1] none none [0:1] [0:1] none none none none [0:1] [0:1] none none none [0:1] none none [0:1] [0:1] none none [0:1] [0:1] none none none none none none none none none none none none none none none none none none none none none none none none none none none none none none none none none none none none none none none none none none none none none none none none none none none none none none none none none none none none none none none none none none none none none none none none none none none none none none none none none none none none none none none none none none none none none none none none none none none none none none none none none none none none none none none none none none none none none none none none none none none none none none none none none none none none none none none none none none none none none none none none none none none none none none none none none none none none none none none none none none none none none none none none none none none none none none none none none none none none none none none none none none none none none none none none none none none none none none none none none none none none none none none none none none none none none none none none none none none none none none none none none none none none none none none none none none none none none
tree_sizes=3399 3450 3457 3473 3465 3452 3459 3456 3467 3475 3475 3481 3474 3490 3497 3465 3511 3507 3504

Tree=0
num_leaves=31
num_cat=0
split_feature=7 0 14 14 14 0 0 12 1 12 86 0 16 12 0 16 35 100 73 10 56 0 1 139 8 16 81 95 69 1
split_gain=246.703 125.478 101.639 36.5859 34.5751 26.3082 22.2089 19.9722 16.5518 12.0945 11.7792 11.1789 9.64524 9.36606 12.5883 9.04277 7.68826 8.78928 7.6834 6.96183 6.56766 7.02862 6.51982 6.45234 6.21033 9.79062 6.40884 6.04613 6.67141 5.97193
threshold=1.0000000180025095e-35 11.23477077484131 1.0000000180025095e-35 1.0000000180025095e-35 1.0000000180025095e-35 11.998631000518801 4.7556469440460214 1.0000000180025095e-35 0.059396151453256614 1.0000000180025095e-35 1.0000000180025095e-35 3.4811772108078007 1.0000000180025095e-35 1.0000000180025095e-35 14.405201911926271 1.0000000180025095e-35 1.0000000180025095e-35 1.0000000180025095e-35 1.0000000180025095e-35 1.0000000180025095e-35 1.0000000180025095e-35 11.998631000518801 -0.019545212388038632 1.0000000180025095e-35 1.0000000180025095e-35 1.0000000180025095e-35 1.0000000180025095e-35 1.0000000180025095e-35 1.0000000180025095e-35 0.88987755775451671
decision_type=2 2 2 2 2 2 2 2 2 2 2 2 2 2 2 2 2 2 2 2 2 2 2 2 2 2 2 2 2 2
left_child=2 4 5 16 6 -1 -2 8 22 11 13 -6 20 15 -15 -5 17 24 -12 -10 -9 -22 -4 -8 25 27 -27 28 -3 -7
right_child=1 3 7 10 9 29 23 12 19 -11 18 -13 -14 14 -16 -17 -18 -19 -20 -21 21 -23 -24 -25 -26 26 -28 -29 -30 -31
leaf_value=-1.1877023163068947 -1.1570506637440656 -0.89010075622296192 -1.0829252289332232 -0.78957473369337894 -1.0958498383717385 -1.137426312143798 -1.0825791490906878 -1.1347164378684786 -1.0482292652055452 -1.0702436081150626 -0.91303797359950656 -0.97327189082495058 -1.1564068868535982 -1.0653070011160966 -0.86654361405245628 -0.91365789839346734 -1.0416990892426372 -1.1189415658793009 -1.0816305643048978 -0.98585900946151006 -1.1015892066912054 -1.0119120546615883 -1.2002697948012842 -1.00057562985016 -1.0034072921557453 -0.9234401014981688 -0.78801980681743788 -1.0937017706966166 -1.0034072921557453 -1.0753455560183005
leaf_weight=201.87319502234459 47.732633963227272 8.4899941831827199 67.16528731584549 19.055320277810097 8.8673272579908353 90.937271028757095 77.91927994787693 21.130652189254761 46.60063473880291 32.073311358690262 7.169328421354292 46.223301663994789 36.22397518157959 4.5279968976974478 10.753992632031439 8.4899941831827181 21.885318338871002 3.9619972854852668 4.3393303602933884 29.054646760225296 21.130652189254761 14.904656454920767 5.0939965099096289 10.942659169435499 26.790648311376572 11.131325706839563 5.0939965099096289 3.9619972854852668 13.395324155688286 18.677987203001976
leaf_count=1070 253 45 356 101 47 482 413 112 247 170 38 245 192 24 57 45 116 21 23 154 112 79 27 58 142 59 27 21 71 99
internal_value=-1.08615 -1.02328 -1.12855 -0.952199 -1.07063 -1.16629 -1.10203 -1.07983 -1.05697 -1.02142 -0.886788 -0.993002 -1.11604 -0.862652 -0.925436 -0.82782 -0.989726 -0.974107 -0.976606 -1.02428 -1.09045 -1.0645 -1.0912 -1.07248 -0.965774 -0.94181 -0.880924 -0.980031 -0.959452 -1.12685
internal_weight=925.598 372.805 552.793 149.047 223.759 311.488 136.595 241.305 147.915 87.1639 54.336 55.0906 93.3899 42.8273 15.282 27.5453 94.7106 72.8253 11.5087 75.6553 57.166 36.0353 72.2593 88.8619 68.8633 42.0726 16.2253 25.8473 21.8853 109.615
internal_count=4906 1976 2930 790 1186 1651 724 1279 784 462 288 292 495 227 81 146 502 386 61 401 303 191 383 471 365 223 86 137 116 581
is_linear=0
shrinkage=1


Tree=1
num_leaves=31
num_cat=0
split_feature=7 0 14 14 0 14 0 12 1 84 0 16 86 12 9 0 5 6 139 139 10 12 1 12 15 5 16 47 56 0
split_gain=197.385 91.1746 87.5978 28.2711 24.0571 23.0891 18.564 16.1487 12.8216 9.63376 8.29814 8.25474 7.46643 6.80746 7.90429 6.9242 6.34258 6.72311 6.00137 5.97454 8.44328 5.79133 5.64144 5.59365 9.31267 5.56198 5.4196 5.40714 5.40565 5.45975
threshold=1.0000000180025095e-35 11.296372413635256 1.0000000180025095e-35 1.0000000180025095e-35 11.998631000518801 1.0000000180025095e-35 4.7556469440460214 1.0000000180025095e-35 0.059396151453256614 1.0000000180025095e-35 2.7748117446899419 1.0000000180025095e-35 1.0000000180025095e-35 1.0000000180025095e-35 1.0000000180025095e-35 7.8836412429809579 1.0000000180025095e-35 1.0000000180025095e-35 1.0000000180025095e-35 1.0000000180025095e-35 1.0000000180025095e-35 1.0000000180025095e-35 -0.019545212388038632 1.0000000180025095e-35 1.0000000180025095e-35 1.0000000180025095e-35 1.0000000180025095e-35 1.0000000180025095e-35 1.0000000180025095e-35 11.998631000518801
decision_type=2 2 2 2 2 2 2 2 2 2 2 2 2 2 2 2 2 2 2 2 2 2 2 2 2 2 2 2 2 2
left_child=2 3 4 6 -1 -3 -2 8 22 10 -5 28 23 14 16 -16 17 -12 -8 20 -10 -6 -4 26 -25 27 -7 -22 -9 -30
right_child=1 5 7 9 21 12 18 11 19 -11 13 -13 -14 -15 15 -17 -18 -19 -20 -21 25 -23 -24 24 -26 -27 -28 -29 29 -31
leaf_value=-0.096567827997303776 -0.06628368748838856 0.083717107021039155 0.0028968601253535355 -0.048029839618481007 -0.015796393677358144 0.23471846243405123 0.0018428118375735274 -0.044854463430277602 0.03527165026859265 -0.0533989144962842 0.21758182102726256 -0.065658618920087147 0.093224312110990554 0.036262278637499271 0.0021171783351793885 0.12821500269903816 0.073552943605874027 0.095204367142958796 0.078900534209341289 -0.030411989280317693 0.18183962049451519 -0.062355638194341916 -0.10928860761432346 0.18498973625572324 0.02068443223522367 0.049844871325754582 0.14268679341512361 0.061207958740869123 -0.014009103427986728 0.064338490581917568
leaf_weight=191.60318955779076 46.042266771197319 98.145142689347267 67.272502899169922 5.8396519720554343 57.461362078785896 21.04586136341095 78.831688553094864 20.619298696517944 42.858623966574669 7.2264275699853888 10.7024042904377 34.952899932861328 12.114941045641897 28.143070548772812 12.215743914246561 6.7669307291507712 12.310349598526956 7.7327199876308432 11.593252152204512 7.5809846967458716 11.279909983277323 49.929560571908951 4.8024539351463309 11.056751251220705 5.0139227211475363 10.686230510473253 9.1940284520387667 5.5410084128379813 20.968730926513672 15.446646124124525
leaf_count=1070 253 497 356 31 311 98 417 112 223 37 54 192 61 148 62 34 62 39 59 39 57 270 27 54 25 54 45 28 112 79
internal_value=-0.000212647 0.05462 -0.0391299 0.0141866 -0.0753318 0.113346 -0.0145959 0.00559625 0.0258237 0.0573797 0.0669428 -0.0273925 0.163117 0.0755647 0.0978075 0.0470684 0.129134 0.16625 0.0117223 0.0539353 0.0630226 -0.0374433 -0.00457821 0.181402 0.133728 0.106261 0.206737 0.142102 -0.00394158 0.0192243
internal_weight=924.979 383.975 541.003 227.405 298.994 156.571 136.467 242.009 150.022 90.9373 83.7109 91.9876 58.4255 77.8712 49.7281 18.9827 30.7455 18.4351 90.4249 77.9468 70.3658 107.391 72.075 46.3106 16.0707 27.5071 30.2399 16.8209 57.0347 36.4154
internal_count=4906 1976 2930 1196 1651 780 729 1279 784 467 430 495 283 399 251 96 155 93 476 401 362 581 383 222 79 139 143 85 303 191
is_linear=0
shrinkage=0.1


Tree=2
num_leaves=31
num_cat=0
split_feature=7 14 0 14 0 0 12 187 14 12 0 1 6 108 21 16 1 0 12 95 100 49 11 64 0 135 11 0 63 51
split_gain=159.154 75.4229 69.437 24.9938 22.1865 16.5458 13.0695 12.8622 13.7009 10.0294 10.3583 9.99592 7.46836 11.7887 7.24918 7.05409 6.80145 6.50454 6.08236 5.98071 5.8568 6.3292 8.37304 5.75845 5.56481 5.10409 8.07545 5.1003 5.06243 4.93684
threshold=1.0000000180025095e-35 1.0000000180025095e-35 11.934291839599611 1.0000000180025095e-35 9.6605067253112811 4.7556469440460214 1.0000000180025095e-35 1.0000000180025095e-35 1.0000000180025095e-35 1.0000000180025095e-35 10.709103107452394 0.059396151453256614 1.0000000180025095e-35 1.0000000180025095e-35 1.0000000180025095e-35 1.0000000180025095e-35 0.88987755775451671 12.412046909332277 1.0000000180025095e-35 1.0000000180025095e-35 1.0000000180025095e-35 1.0000000180025095e-35 1.0000000180025095e-35 1.0000000180025095e-35 3.4811772108078007 1.0000000180025095e-35 1.0000000180025095e-35 15.585215568542482 1.0000000180025095e-35 1.0000000180025095e-35
decision_type=2 2 2 2 2 2 2 2 2 2 2 2 2 2 2 2 2 2 2 2 2 2 2 2 2 2 2 2 2 2
left_child=1 4 3 5 -1 -2 11 8 14 10 24 25 13 -7 17 -8 18 -4 28 -10 21 29 -23 -18 -5 -3 -27 -13 -6 -19
right_child=2 6 7 9 16 12 15 -9 19 -11 -12 27 -14 -15 -16 -17 23 20 -20 -21 -22 22 -24 -25 -26 26 -28 -29 -30 -31
leaf_value=-0.098518618737620967 -0.06192180076538889 -0.020080186113159423 0.16722335839771485 -0.0097693243706205701 -0.02454152409399658 0.021902634195659909 -0.0036044123188266478 0.26708554321685796 0.14928315096237976 0.010557030697997564 0.1887225780129842 0.062647206402139721 -0.020638786511231196 0.19591740079081596 0.15519902168890376 -0.061314872935771508 0.048939127120384535 0.15305136763169669 -0.076315951154220366 0.053194523941902098 -0.061912582418724937 -0.049409965458008437 0.1063368909571081 -0.075227542352730256 0.076534272037185769 -0.018663698029376438 0.11264436624746027 0.0057632139434758041 -0.13156179776107263 0.065477278370904876
leaf_weight=144.00014114379883 44.442507609724998 52.96417061984539 5.5237259566783896 8.8586504310369474 65.27954488992691 54.877726748585701 56.868332386016846 4.573464721441268 47.181023731827736 34.286354303359985 7.4144322723150244 58.236276745796204 42.722030192613602 4.1903375685214987 9.455968886613844 33.750454902648926 13.204460993409159 7.4616434574127188 54.594205856323242 7.5083531439304343 4.0682069510221472 9.9574741125106794 5.2832450568675986 5.2082569301128379 47.703809455037117 10.408093929290771 8.5157132148742676 21.611500591039658 4.7410603463649741 46.88684606552124
leaf_count=848 253 283 27 47 367 287 303 21 215 178 34 292 222 21 46 192 71 36 311 35 21 49 26 28 231 55 45 109 26 227
internal_value=-0.000351663 -0.0361261 0.0479117 0.0151941 -0.0708102 -0.0110151 0.00495131 0.101998 0.0967299 0.0541979 0.0775859 0.0228974 0.0112113 0.0342474 0.072444 -0.0250983 -0.0429134 0.0625612 -0.0512958 0.136091 0.0547123 0.0615303 0.00458019 0.0138171 0.0630177 -0.00415281 0.0404249 0.0472511 -0.0317878 0.0775005
internal_weight=921.778 529.382 392.396 244.496 287.028 146.233 242.355 147.9 143.326 98.2632 63.9769 151.736 101.79 59.0681 88.6371 90.6188 143.028 79.1811 124.615 54.6894 73.6574 69.5892 15.2407 18.4127 56.5625 71.888 18.9238 79.8478 70.0206 54.3485
internal_count=4906 2930 1976 1273 1651 783 1279 703 682 490 312 784 530 308 432 495 803 386 704 250 359 338 75 99 278 383 100 401 393 263
is_linear=0
shrinkage=0.1


Tree=3
num_leaves=31
num_cat=0
split_feature=7 14 0 0 14 0 1 168 187 14 1 12 0 1 174 16 95 6 108 225 102 0 1 41 10 55 10 73 94 16
split_gain=128.873 64.9658 52.8288 20.7558 19.7704 13.8968 10.892 9.89864 9.83792 9.801 8.31064 7.67101 7.55621 6.55266 6.53353 8.27013 6.17627 5.96824 8.52284 5.68549 5.64222 5.32227 6.15675 5.24934 4.87031 4.86613 4.7265 4.66666 5.09627 7.74788
threshold=1.0000000180025095e-35 1.0000000180025095e-35 11.934291839599611 11.998631000518801 1.0000000180025095e-35 4.7556469440460214 -0.11521788686513899 1.0000000180025095e-35 1.0000000180025095e-35 1.0000000180025095e-35 -0.27872842550277704 1.0000000180025095e-35 10.709103107452394 -0.36938171088695521 1.0000000180025095e-35 1.0000000180025095e-35 1.0000000180025095e-35 1.0000000180025095e-35 1.0000000180025095e-35 1.0000000180025095e-35 1.0000000180025095e-35 2.6105407476425175 -0.75526654720306385 1.0000000180025095e-35 1.0000000180025095e-35 1.0000000180025095e-35 1.0000000180025095e-35 1.0000000180025095e-35 1.0000000180025095e-35 1.0000000180025095e-35
decision_type=2 2 2 2 2 2 2 2 2 2 2 2 2 2 2 2 2 2 2 2 2 2 2 2 2 2 2 2 2 2
left_child=1 3 4 26 5 -2 10 8 9 20 13 12 -6 21 15 -8 -11 18 -7 27 -4 22 -3 25 -19 -17 -1 28 29 -5
right_child=2 6 7 19 11 17 14 -9 -10 16 -12 -13 -14 -15 -16 23 -18 24 -20 -21 -22 -23 -24 -25 -26 -27 -28 -29 -30 -31
leaf_value=-0.10294642278234907 -0.057790298556160719 -0.031621842896385165 0.05053007780527613 -0.06162858096667613 0.055214189685669116 0.019494884388164657 0.04526935402783084 0.20158573893533249 0.22132013711682724 0.12474648624906473 -0.076732629277441372 0.0094509928533896906 0.15970596546057117 0.060089630566786602 -0.060197658755320883 0.04207385503624636 0.023776735843230069 -0.046847574989248054 0.16202577033627188 0.083076556253245948 0.15391088262452424 -0.031183807829093024 0.14531293884577157 0.064057503265276691 0.022238385947412589 -0.038644908280503716 -0.069740676352759018 -0.061651434908047135 0.069596626917549365 0.016414647052988174
leaf_weight=93.606251269578934 42.938314020633698 3.9249666035175323 81.857310384511948 29.230558961629868 57.99718964099884 55.457364499568939 88.023826658725739 7.3522198647260657 4.9436745941638938 46.414630249142647 21.548095986247063 34.459295257925987 7.8582249432802191 12.429099157452582 9.2292143553495389 9.6993560642003995 6.9676441699266425 25.108619958162308 4.5386818200349799 4.1900170594453803 5.6431680470705023 52.356496438384056 3.9416323751211158 8.9973481893539411 17.1902806609869 32.472103372216225 79.079935193061829 41.011119902133942 6.0132000446319571 22.521999701857567
leaf_count=580 253 21 389 165 278 287 447 33 21 202 117 178 34 67 48 53 32 132 21 23 26 284 21 47 90 174 490 232 34 127
internal_value=-0.000453746 -0.0333354 0.0422867 -0.0665513 0.0135373 -0.0100452 0.00440256 0.0883724 0.0826645 0.077799 -0.0221932 0.0476794 0.0676827 -0.00601715 0.0212823 0.0266849 0.111568 0.00999585 0.0302773 -0.0310153 0.0571974 -0.0196606 0.057033 -0.00528534 -0.018771 -0.0200797 -0.0877402 -0.035855 -0.0175406 -0.0276652
internal_weight=917.002 518.275 398.727 275.653 245.548 145.233 242.622 153.179 145.826 140.883 94.2003 100.315 65.8554 72.6522 148.422 139.193 53.3823 102.295 59.996 102.967 87.5005 60.2231 7.8666 51.1688 42.2989 42.1715 172.686 98.7769 57.7658 51.7526
internal_count=4906 2930 1976 1651 1273 783 1279 703 670 649 510 490 312 393 769 721 234 530 308 581 415 326 42 274 222 227 1070 558 326 292
is_linear=0
shrinkage=0.1


Tree=4
num_leaves=31
num_cat=0
split_feature=7 14 0 0 12 0 12 1 0 168 187 14 71 14 12 0 6 1 63 16 8 22 9 5 69 26 95 55 16 0
split_gain=104.792 55.8765 40.8772 19.5122 16.7489 15.9257 10.5066 7.3645 7.24822 7.18364 7.48247 7.57009 6.49855 6.47131 6.27414 6.14252 6.19203 5.53419 5.49144 4.92488 4.92418 4.71229 5.2655 5.3026 4.70904 5.0388 4.6889 4.58271 10.4291 4.57642
threshold=1.0000000180025095e-35 1.0000000180025095e-35 11.934291839599611 9.6605067253112811 1.0000000180025095e-35 3.1772758960723881 1.0000000180025095e-35 -0.48695717751979822 2.6105407476425175 1.0000000180025095e-35 1.0000000180025095e-35 1.0000000180025095e-35 1.0000000180025095e-35 1.0000000180025095e-35 1.0000000180025095e-35 5.1663243770599374 1.0000000180025095e-35 0.94737243652343761 1.0000000180025095e-35 1.0000000180025095e-35 1.0000000180025095e-35 1.0000000180025095e-35 1.0000000180025095e-35 1.0000000180025095e-35 1.0000000180025095e-35 1.0000000180025095e-35 1.0000000180025095e-35 1.0000000180025095e-35 1.0000000180025095e-35 10.709103107452394
decision_type=2 2 2 2 2 2 2 2 2 2 2 2 2 2 2 2 2 2 2 2 2 2 2 2 2 2 2 2 2 2
left_child=1 3 4 -1 5 -2 7 8 -3 10 11 -4 19 20 17 -6 -17 18 27 -8 21 22 -7 -24 25 -14 -13 28 -5 -15
right_child=2 6 9 14 15 13 12 -9 -10 -11 -12 26 24 29 -16 16 -18 -19 -20 -21 -22 -23 23 -25 -26 -27 -28 -29 -30 -31
leaf_value=-0.090396152413374273 -0.054523198484921112 0.071461285982151138 0.050319994509118407 -0.05300893833229238 -0.059227871551083444 0.0025796315177857719 -0.020783628179604493 0.029804054835861335 -0.055486915788673319 0.1711185032497195 0.1910260478427378 0.10870374527620284 0.15185298930593211 0.05767237406202276 -0.060284120733031854 0.018621508738280373 -0.048226329959707305 0.084055724533793064 -0.12700713799463112 -0.080982174278982008 -0.006983596771678373 0.13463247358038352 0.026527437970430879 0.13714171669907826 -0.016405672954270461 0.014549732018454123 0.021214378741267803 -0.029937311731882545 0.12371489228816648 0.13828798526225894
leaf_weight=128.85911227762699 18.630253687500954 5.7353384047746685 89.387401849031448 6.6582308113574964 29.629076614975929 23.323316842317581 36.769157320261002 126.85941259562969 20.840091019868851 7.7694184929132453 5.1423337906599036 47.852793335914612 4.1787041574716586 51.786745026707649 59.98063787817955 41.160470828413963 20.888871923089027 5.0557205677032462 4.8440312892198554 21.558173969388008 29.823659881949425 5.2197602093219748 9.8834692090749758 7.7180377990007392 19.548799991607666 7.4166685044765472 7.0250724703073493 52.832498535513878 6.6991573721170425 8.1501016765832883
leaf_count=848 107 29 415 39 169 124 200 642 113 33 21 202 22 239 361 210 110 27 29 128 159 28 52 41 105 40 32 309 38 34
internal_value=-0.000522537 -0.0307465 0.037527 -0.0625085 0.0120929 0.0321818 0.00389513 0.0197767 -0.0280898 0.0773688 0.0724937 0.0682686 -0.0233401 0.0440676 -0.0360988 -0.0217695 -0.00388277 -0.0170337 -0.0242286 -0.0430334 0.0246851 0.0451529 0.0337402 0.0750304 0.0135418 0.0640307 0.097504 -0.0167068 0.0356237 0.0686343
internal_weight=911.227 507.836 403.391 264.929 246.214 154.535 242.906 153.435 26.5754 157.177 149.408 144.265 89.4715 135.905 136.07 91.6784 62.0493 76.0896 71.0339 58.3273 75.9682 46.1446 40.9248 17.6015 31.1442 11.5954 54.8779 66.1899 13.3574 59.9368
internal_count=4906 2930 1976 1651 1273 784 1279 784 142 703 670 649 495 677 803 489 320 442 415 328 404 245 217 93 167 62 234 386 77 273
is_linear=0
shrinkage=0.1


Tree=5
num_leaves=31
num_cat=0
split_feature=7 14 0 0 14 0 12 12 139 1 10 84 187 14 54 8 26 12 0 65 9 0 0 1 86 21 0 8 1 0
split_gain=85.3973 48.0112 32.0573 17.9769 13.6964 10.4471 8.54426 7.23507 5.9587 5.99226 5.72924 5.64518 5.49894 6.21552 5.49258 6.7312 5.99523 5.42797 5.21935 4.86409 4.84906 5.23024 5.56986 5.20212 4.83651 4.638 4.44968 4.3924 5.49279 5.10357
threshold=1.0000000180025095e-35 1.0000000180025095e-35 11.934291839599611 9.6605067253112811 1.0000000180025095e-35 4.3367555141448983 1.0000000180025095e-35 1.0000000180025095e-35 1.0000000180025095e-35 0.059396151453256614 1.0000000180025095e-35 1.0000000180025095e-35 1.0000000180025095e-35 1.0000000180025095e-35 1.0000000180025095e-35 1.0000000180025095e-35 1.0000000180025095e-35 1.0000000180025095e-35 11.998631000518801 1.0000000180025095e-35 1.0000000180025095e-35 2.8952771425247197 4.0561258792877206 -0.3628412783145904 1.0000000180025095e-35 1.0000000180025095e-35 12.412046909332277 1.0000000180025095e-35 -0.024564606137573716 9.5071868896484393
decision_type=2 2 2 2 2 2 2 2 2 2 2 2 2 2 2 2 2 2 2 2 2 2 2 2 2 2 2 2 2 2
left_child=1 3 4 -1 5 -2 8 27 9 -3 -11 20 13 25 -8 18 -17 19 -16 -5 21 -6 -23 -22 -15 26 -4 28 -7 -30
right_child=2 6 12 17 11 7 14 -9 -10 10 -12 -13 -14 24 15 16 -18 -19 -20 -21 23 22 -24 -25 -26 -27 -28 -29 29 -31
leaf_value=-0.086469110029191998 -0.056688693984672647 0.0016158917953449032 0.12329793437214115 -0.023462984451335871 -0.042489414357821581 0.080732960074284835 -0.048285535652083329 -0.026211741291164572 -0.046045405503383575 0.020516052091687012 0.076811515729715979 -0.042437303415256873 0.16920296736154264 0.10588162176483058 -0.063976170205419722 -0.0033181637406571904 0.11471026705474932 -0.056314611489472255 0.019698032212215087 0.066476480876517891 -0.031781118472980284 0.15916887553487338 0.059240329976798956 0.048305280400124384 0.038923166945336853 0.11165419791241959 0.034772738846576126 -0.0059768367491685667 -0.090343031437219029 0.034866784249561703
leaf_weight=121.61961930990219 34.952158883213997 65.81323204934597 6.1208933144807807 68.715380743145943 4.4387598782777777 22.135987013578415 40.784886509180069 42.288743987679482 13.42504946887493 45.464916259050369 30.011202037334442 7.9192013293504706 5.2197806090116492 45.74525398015976 16.758977085351948 9.2703264504671097 8.0326309353113174 57.899143934249878 13.427660703659056 6.5897931158542624 13.972141340374945 6.2648482471704474 50.863368675112724 19.334217250347137 14.116390407085417 10.496620357036589 78.470185682177544 25.470707520842552 4.1659771949052837 14.892658308148382
leaf_count=848 217 352 27 405 24 115 235 223 70 223 139 39 21 189 96 51 43 361 70 37 70 30 237 90 61 46 359 133 21 74
internal_value=-0.000570675 -0.0283466 0.0334138 -0.0586723 0.0107964 -0.00911769 0.00345621 0.00614295 0.0176205 0.02367 0.0429005 0.0386755 0.06825 0.0648492 -0.0213689 0.0017475 0.0514747 -0.033293 -0.0267561 -0.0155926 0.0454461 0.0620744 0.0701988 0.0147087 0.0900917 0.0489581 0.0411783 0.026667 0.0468507 0.0074975
internal_weight=904.681 497.813 406.868 254.824 246.699 143.906 242.989 108.954 154.714 141.289 75.4761 102.793 160.169 154.949 88.2745 47.4896 17.303 133.204 30.1866 75.3052 94.8733 61.567 57.1282 33.3064 59.8616 95.0877 84.5911 66.6653 41.1946 19.0586
internal_count=4906 2930 1976 1651 1273 783 1279 566 784 714 362 490 703 682 495 260 94 803 166 442 451 291 267 160 250 432 386 343 210 95
is_linear=0
shrinkage=0.1


Tree=6
num_leaves=31
num_cat=0
split_feature=7 14 1 0 14 12 12 0 0 80 1 12 9 1 0 10 63 225 71 9 83 8 93 1 49 26 73 16 0 5
split_gain=69.6663 41.1247 26.5581 16.7453 8.61836 6.95987 6.83626 7.83221 6.41189 7.14037 5.68623 5.82535 6.22797 5.36594 5.8783 5.02108 4.92752 5.18595 4.82228 4.75592 5.81624 5.5667 4.74858 5.43202 4.75976 6.31954 6.70877 4.40758 4.3987 4.0336
threshold=1.0000000180025095e-35 1.0000000180025095e-35 -0.15446041524410245 11.998631000518801 1.0000000180025095e-35 1.0000000180025095e-35 1.0000000180025095e-35 3.1772758960723881 7.7043120861053476 1.0000000180025095e-35 0.61076888442039501 1.0000000180025095e-35 1.0000000180025095e-35 -0.48695717751979822 2.6105407476425175 1.0000000180025095e-35 1.0000000180025095e-35 1.0000000180025095e-35 1.0000000180025095e-35 1.0000000180025095e-35 1.0000000180025095e-35 1.0000000180025095e-35 1.0000000180025095e-35 0.62826070189476024 1.0000000180025095e-35 1.0000000180025095e-35 1.0000000180025095e-35 1.0000000180025095e-35 11.494866847991945 1.0000000180025095e-35
decision_type=2 2 2 2 2 2 2 2 2 2 2 2 2 2 2 2 2 2 2 2 2 2 2 2 2 2 2 2 2 2
left_child=1 3 6 15 8 13 7 -2 -4 22 11 -6 -13 14 -3 -1 17 -5 27 20 -9 29 23 -10 25 -25 -27 -7 -17 -21
right_child=2 5 4 16 10 18 -8 19 9 -11 -12 12 -14 -15 -16 28 -18 -19 -20 21 -22 -23 -24 24 -26 26 -28 -29 -30 -31
leaf_value=-0.093265297771743 -0.048055210630923662 0.06201496017104912 0.23191292168285882 -0.020177920796488114 0.074323878577106081 -0.016103179885064069 -0.034724797125253053 0.032966780177793385 0.01673851252289053 -0.040269946483565605 0.10263474207956168 0.044544874923088409 -0.068305332015234491 0.024070625401537607 -0.051274137633638195 -0.06208469628934097 -0.087100842962732197 0.097951773052361482 0.011862913958910773 -0.016634717082174563 0.14232122569462477 -0.066007988367212528 0.095743893953615197 0.039219133541754554 0.0086303455365846753 0.062881541444274019 0.19053946033137484 -0.074626052976339091 0.055255559222879586 0.082345408295404945
leaf_weight=79.451088696718216 17.656202211976051 5.9220581501722362 1.6110075116157521 82.790032058954239 47.989442691206932 35.754270151257515 51.678305089473724 36.15891706943512 85.479901924729347 12.793078765273092 35.430724307894707 18.710079655051235 6.6209252774715415 129.55065639317036 20.212087824940681 65.323233440518379 10.601218372583388 3.8909539580345145 31.299308925867081 8.9546338617801684 5.6196198016405097 9.8624662756919879 12.828296601772307 19.898594111204147 14.031864091753958 8.7584046572446841 7.7677209079265586 20.105870053172112 3.3589774817228308 7.621237948536872
leaf_count=580 107 29 8 493 204 200 291 178 415 63 144 88 32 642 113 468 67 21 167 45 28 52 57 88 65 39 34 128 22 38
internal_value=-0.000599042 -0.0261099 0.0298204 -0.0549793 0.0479338 0.00306528 -0.00598716 0.0113071 0.0333996 0.0314201 0.0697407 0.0538452 0.0150485 0.0157322 -0.0256026 -0.0761476 -0.022746 -0.0148753 -0.0195605 0.0266715 0.047676 -0.00652028 0.0375851 0.0320967 0.0581154 0.0771785 0.122884 -0.0371675 -0.056346 0.0288743
internal_weight=897.731 488.26 409.471 245.416 271.92 242.844 137.551 85.8731 163.169 161.558 108.751 73.3204 25.331 155.685 26.1341 148.133 97.2822 86.681 87.1594 68.2169 41.7785 26.4383 148.765 135.936 50.4566 36.4247 16.5261 55.8601 68.6822 16.5759
internal_count=4906 2930 1976 1651 1237 1279 739 448 769 761 468 324 120 784 142 1070 581 514 495 341 206 135 698 641 226 161 73 328 490 83
is_linear=0
shrinkage=0.1


Tree=7
num_leaves=31
num_cat=0
split_feature=7 14 0 0 14 12 0 80 12 9 83 5 1 17 12 1 10 0 139 12 40 67 0 0 0 24 54 8 26 64
split_gain=56.8738 35.1979 21.1743 15.4867 8.22899 7.17861 6.94355 5.89902 5.65894 5.30729 5.72743 5.05347 4.87271 4.91013 4.87515 5.59834 6.63745 6.2617 4.77714 4.74713 5.95792 7.15197 4.91441 4.6893 4.5741 5.55192 4.5468 5.39274 4.46717 4.45389
threshold=1.0000000180025095e-35 1.0000000180025095e-35 7.8234086036682138 9.6605067253112811 1.0000000180025095e-35 1.0000000180025095e-35 3.1772758960723881 1.0000000180025095e-35 1.0000000180025095e-35 1.0000000180025095e-35 1.0000000180025095e-35 1.0000000180025095e-35 0.88987755775451671 1.0000000180025095e-35 1.0000000180025095e-35 0.1512662544846535 1.0000000180025095e-35 11.494866847991945 1.0000000180025095e-35 1.0000000180025095e-35 1.0000000180025095e-35 1.0000000180025095e-35 17.100615501403812 14.109513759613039 8.7460646629333514 1.0000000180025095e-35 1.0000000180025095e-35 1.0000000180025095e-35 1.0000000180025095e-35 1.0000000180025095e-35
decision_type=2 2 2 2 2 2 2 2 2 2 2 2 2 2 2 2 2 2 2 2 2 2 2 2 2 2 2 2 2 2
left_child=1 3 5 -1 7 6 -2 -4 18 10 -8 -11 13 -5 15 16 -15 -17 -3 22 21 23 24 -21 -6 -26 -10 -28 -29 -14
right_child=2 8 4 12 19 -7 9 -9 26 11 -12 -13 29 14 -16 17 -18 -19 -20 20 -22 -23 -24 -25 25 -27 27 28 -30 -31
leaf_value=-0.079205196191148478 -0.044542951126931046 0.019352448301782663 0.034440334587089692 0.063531040664595154 0.15467175933523816 -0.033769606343482125 0.032630033260522599 -0.036901905292878782 -0.043030493318006513 -0.042731754025189819 0.13484224534725955 0.046685631873584182 0.050727327383237764 -0.030806583774338953 -0.065604538140317734 -0.1102844929095719 0.1738766821921906 -0.017663763841905163 -0.043505045702889961 -0.079089064888244548 0.11494964720609034 0.062043607534365233 0.16718986459647345 0.038861484601539764 0.16010452511061668 0.053402318673160046 -0.023080215818085264 -0.001374085716116484 0.099547745498511905 -0.063070924867422232
leaf_weight=108.77124956250191 17.16981215775013 143.40719619393349 147.77973908185959 4.7698807865381232 6.0557328909635535 52.661026388406754 39.827821493148804 12.576415106654165 39.145513474941254 16.826367735862732 6.3572514653205863 10.122794821858408 13.066283643245699 3.3183325529098502 43.995339274406433 8.663338825106619 3.0317840725183487 46.355911731719971 13.204005077481268 8.9899203926324862 7.6841394305229178 16.185886695981026 5.9247245639562598 5.3923825770616522 5.3762733936309806 52.443148508667946 29.403222188353539 9.1622793227434158 8.4133771061897278 4.6679896563291541
leaf_count=848 107 714 684 30 26 301 193 63 235 87 30 51 71 23 296 59 20 276 70 43 33 73 24 22 22 217 166 51 43 28
internal_value=-0.000616747 -0.0240244 0.0266603 -0.0514681 0.0432182 -0.00442596 0.0126859 0.0288451 0.00273013 0.0261215 0.0466993 -0.0091443 -0.0278737 -0.035707 -0.0401996 -0.0219869 0.0669169 -0.0322478 0.0140529 0.0645487 0.036235 0.0164479 0.0800654 -0.0348657 0.0719842 0.0633239 -0.0178595 0.00311438 0.0469367 0.0207735
internal_weight=890.749 479.376 411.373 236.64 268.408 142.965 90.304 160.356 242.736 73.1342 46.1851 26.9492 127.869 110.135 105.365 61.3694 6.35012 55.0193 156.611 108.052 38.2523 30.5682 69.7999 14.3823 63.8752 57.8194 86.1244 46.9789 17.5757 17.7343
internal_count=4906 2930 1976 1651 1207 769 468 747 1279 361 223 138 803 704 674 378 43 335 784 460 171 138 289 65 265 239 495 260 94 99
is_linear=0
shrinkage=0.1


Tree=8
num_leaves=31
num_cat=0
split_feature=7 14 0 0 14 0 168 0 27 187 84 65 16 73 6 108 84 8 16 55 174 41 80 47 5 0 0 0 51 140
split_gain=46.4952 30.1105 17.3847 14.1158 9.09921 7.3034 5.42687 5.37173 7.08691 4.84136 4.63232 4.46098 7.46658 4.51705 4.45813 6.08911 4.25673 4.20108 4.15228 5.73483 5.3951 5.04074 4.10941 7.46766 4.71368 4.57169 3.79926 6.80381 6.73278 5.61605
threshold=1.0000000180025095e-35 1.0000000180025095e-35 11.934291839599611 9.6605067253112811 1.0000000180025095e-35 4.7556469440460214 1.0000000180025095e-35 9.9780974388122576 1.0000000180025095e-35 1.0000000180025095e-35 1.0000000180025095e-35 1.0000000180025095e-35 1.0000000180025095e-35 1.0000000180025095e-35 1.0000000180025095e-35 1.0000000180025095e-35 1.0000000180025095e-35 1.0000000180025095e-35 1.0000000180025095e-35 1.0000000180025095e-35 1.0000000180025095e-35 1.0000000180025095e-35 1.0000000180025095e-35 1.0000000180025095e-35 1.0000000180025095e-35 11.998631000518801 12.412046909332277 12.643394947052004 1.0000000180025095e-35 1.0000000180025095e-35
decision_type=2 2 2 2 2 2 2 2 2 2 2 2 2 2 2 2 2 2 2 2 2 2 2 2 2 2 2 2 2 2
left_child=1 3 4 -1 5 -2 9 -3 -9 26 -6 13 17 -5 15 -7 -16 -13 20 -20 22 -21 23 -10 -25 -26 -4 -28 -29 -30
right_child=2 7 6 11 10 14 -8 8 18 -11 -12 12 -14 -15 16 -17 -18 -19 19 21 -22 -23 -24 24 25 -27 27 28 29 -31
leaf_value=-0.075622960456010135 -0.046341339026635689 -0.013008754967439643 0.097747183057240228 -0.015080399230384662 0.035534065307374955 0.012467034430023654 0.12871591503447041 -0.11479506353565126 0.05982097741127055 0.14063426558083317 -0.044253448045106725 -0.10159407205930981 0.12425013318365447 -0.055637561401387439 -0.0095297488540764461 0.12906389812898286 -0.11225442989554363 0.049626131558589734 0.05849093935869485 -0.048352834378299119 -0.062556109974056945 0.04860900529508292 0.10977894923366112 -0.046366460495444572 -0.036550447541232274 0.091366301677752698 -0.069607241749629054 0.091799688503023252 0.024394152101634297 0.099466157332992522
leaf_weight=102.84323138743639 38.743718490004539 116.83291651308537 11.191053673624991 66.118449211120605 96.777143701910973 57.009703204035759 8.1233493536710721 3.9654248952865592 41.090452373027802 5.1095948368310919 7.8682006895542136 4.0515958815813047 5.092078685760498 46.968988358974457 37.95843568444252 4.8608854860067359 4.5135823786258689 3.361242800951004 10.676021695137022 23.86326073110104 5.3674314171075812 6.9153081476688376 7.8315317481756201 14.577417641878128 4.7224471271038055 6.8418738842010498 5.7207704335451117 22.40257054567337 101.45251539349556 11.050334870815275
leaf_count=848 253 653 47 420 451 287 33 20 196 21 39 25 29 309 198 21 24 20 56 126 28 36 37 71 23 33 25 95 435 47
internal_value=-0.000626848 -0.0220951 0.0238755 -0.0481526 0.00712447 -0.00926527 0.0490179 0.00243249 0.0167672 0.0448923 0.0295349 -0.025658 0.0310181 -0.0319251 0.00450154 0.0216275 -0.0204465 -0.0330255 0.0210475 -0.00466196 0.0342983 -0.0265675 0.0412238 0.0332382 -0.0085455 0.0391298 0.04167 0.0372073 0.0417369 0.0317679
internal_weight=883.902 471.12 412.782 228.436 247.732 143.086 165.05 242.684 125.851 156.927 104.645 125.592 12.5049 113.087 104.343 61.8706 42.472 7.41284 121.886 41.4546 80.4312 30.7786 75.0637 67.2322 26.1417 11.5643 151.817 140.626 134.905 112.503
internal_count=4906 2930 1976 1651 1273 783 703 1279 626 670 490 803 74 729 530 308 222 45 606 218 388 162 360 323 127 56 649 602 577 482
is_linear=0
shrinkage=0.1


Tree=9
num_leaves=31
num_cat=0
split_feature=7 14 1 0 101 1 102 10 12 61 6 12 14 14 12 22 9 15 1 0 0 139 1 0 8 54 86 0 139 96
split_gain=38.0344 25.6363 14.1896 12.8509 6.67869 5.4308 7.2938 5.03915 8.86788 5.51412 5.16303 4.77382 4.66903 4.51567 4.28558 4.20148 4.20001 6.98719 8.15932 4.77927 5.42482 4.01784 4.01648 4.75475 3.68026 3.66776 5.12798 3.66351 3.61267 3.52478
threshold=1.0000000180025095e-35 1.0000000180025095e-35 -0.15446041524410245 9.6605067253112811 1.0000000180025095e-35 0.61076888442039501 1.0000000180025095e-35 1.0000000180025095e-35 1.0000000180025095e-35 1.0000000180025095e-35 1.0000000180025095e-35 1.0000000180025095e-35 1.0000000180025095e-35 1.0000000180025095e-35 1.0000000180025095e-35 1.0000000180025095e-35 1.0000000180025095e-35 1.0000000180025095e-35 0.603315830230713 10.380561351776125 11.494866847991945 1.0000000180025095e-35 -0.48695717751979822 2.6105407476425175 1.0000000180025095e-35 1.0000000180025095e-35 1.0000000180025095e-35 4.3367555141448983 1.0000000180025095e-35 1.0000000180025095e-35
decision_type=2 2 2 2 2 2 2 2 2 2 2 2 2 2 2 2 2 2 2 2 2 2 2 2 2 2 2 2 2 2
left_child=1 3 13 -1 5 7 12 8 -4 -10 25 22 -7 27 16 21 19 -18 -19 -5 -21 -13 23 -3 28 -9 -27 -2 29 -24
right_child=2 11 4 14 -6 6 -8 10 9 -11 -12 15 -14 -15 -16 -17 17 18 -20 20 -22 -23 24 -25 -26 26 -28 -29 -30 -31
leaf_value=-0.072118291260726122 -0.046959496978283034 0.053560433098212214 0.035449073928973722 0.11444522029629867 -0.04761073449222037 0.031460579038190793 0.17313303562311391 0.10862214126859999 -0.054728944613048981 0.01984205109981349 0.010152676281182098 -0.018073688402636876 0.079320465948220398 0.015823790973076717 -0.045313458099682312 -0.094707157108220322 -0.078245574916297661 -0.037226726406119445 0.12520564930881475 -0.11914717443332237 0.014240670443200196 0.05741415132307174 0.047909893003197271 -0.047561685068384339 -0.00081881593734399916 0.028264786075786599 0.14053423456262529 -0.0026884681578624703 -0.039083608528269559 -0.019371886154822097
leaf_weight=97.346557274460793 31.902005195617676 6.0902257114648846 71.22935177385807 4.2096135914325705 9.6003743112087232 51.892844036221504 5.1205012351274481 15.265616387128828 23.385729312896729 17.215828105807304 22.530648723244667 71.000491723418236 33.570231676101685 58.542102336883545 52.200849317014217 6.4195249229669562 17.045471131801605 9.2022805064916628 4.6577697545289984 3.3604154884815207 32.897197261452675 7.8282035440206519 63.328127160668373 19.65990138053894 53.006336852908134 23.374435380101207 4.9257374107837668 45.141452804207802 6.3417330533266059 8.877979248762129
leaf_count=848 217 29 317 28 46 226 21 68 111 81 104 412 136 282 361 40 109 60 26 25 194 43 306 113 259 106 21 240 34 43
internal_value=-0.000627765 -0.020301 0.0214125 -0.0449444 0.0343438 0.037274 0.0572059 0.0271267 0.0141887 -0.0231094 0.0490168 0.00214457 0.0502601 -0.00511194 -0.0235379 -0.0169126 -0.00761159 -0.0353699 0.0173598 0.0135879 0.00187806 -0.0105773 0.0124722 -0.023645 0.0195418 0.069116 0.0478056 -0.0210201 0.0332817 0.0396374
internal_weight=877.17 463.473 413.697 220.92 278.111 268.511 90.5836 177.927 111.831 40.6016 66.0964 242.553 85.4631 135.586 123.574 85.2482 71.3727 30.9055 13.8601 40.4672 36.2576 78.8287 157.304 25.7501 131.554 43.5658 28.3002 77.0435 78.5478 72.2061
internal_count=4906 2930 1976 1651 1237 1191 383 808 509 192 299 1279 362 739 803 495 442 195 86 247 219 455 784 142 642 195 127 457 383 349
is_linear=0
shrinkage=0.1


Tree=10
num_leaves=31
num_cat=0
split_feature=7 14 1 0 12 14 84 0 1 0 73 97 0 83 45 12 69 126 1 1 174 1 53 0 16 10 55 99 55 61
split_gain=31.1297 21.8154 11.718 11.4074 5.31432 4.92208 5.48634 4.95065 4.37373 6.34043 4.41263 4.86979 6.93598 11.1927 5.23645 5.05988 4.19756 4.11517 4.45374 7.53323 4.11741 5.68391 4.27006 3.99947 3.74879 3.50378 4.55267 5.31201 3.49354 3.4346
threshold=1.0000000180025095e-35 1.0000000180025095e-35 0.099551297724246993 11.02532482147217 1.0000000180025095e-35 1.0000000180025095e-35 1.0000000180025095e-35 4.7556469440460214 0.1512662544846535 11.494866847991945 1.0000000180025095e-35 1.0000000180025095e-35 14.752909183502199 1.0000000180025095e-35 1.0000000180025095e-35 1.0000000180025095e-35 1.0000000180025095e-35 1.0000000180025095e-35 -0.11521788686513899 -0.27872842550277704 1.0000000180025095e-35 -0.094227697700262056 1.0000000180025095e-35 13.726214885711672 1.0000000180025095e-35 1.0000000180025095e-35 1.0000000180025095e-35 1.0000000180025095e-35 1.0000000180025095e-35 1.0000000180025095e-35
decision_type=2 2 2 2 2 2 2 2 2 2 2 2 2 2 2 2 2 2 2 2 2 2 2 2 2 2 2 2 2 2
left_child=1 2 -1 5 -5 7 -7 -2 -4 -10 11 12 28 14 15 -14 -16 18 19 -3 21 -20 -22 -13 -23 -26 -27 -28 -11 -6
right_child=3 17 8 4 29 6 -8 -9 9 10 -12 23 13 -15 16 -17 -18 -19 20 -21 22 24 -24 -25 25 26 27 -29 -30 -31
leaf_value=-0.068094907510015026 -0.040060102108879232 0.0017529226269822149 0.057940176716026193 0.049992471762315235 -0.0038614739227181456 0.027178877399124991 -0.065767333410838097 0.0035684531186248483 -0.093088834945005139 -0.0051774733450532092 -0.043119110592473697 0.16261910027922855 0.10526368525502756 0.18503616509637727 0.024121984483220636 -0.019713876612533043 -0.10982733229169694 -0.082605066793891679 0.16176058027691503 -0.06872841236836276 -0.13293567770390841 0.02773523720795425 0.0096127304457915789 0.0082827215610599744 -0.026671617285312435 0.11432824984744772 -0.050449938945127164 0.085451903493981352 -0.077914648814782134 0.04103236546991125
leaf_weight=95.037129953503609 36.678404733538628 67.58690644800663 6.6287145838141432 120.22351536154747 39.962891235947609 91.489116102457047 6.8243772834539405 89.409690991044044 12.401894234120844 11.727053485810757 39.761502534151077 3.1303703635931006 6.3037939965724981 3.7916339337825766 3.9107936769723892 6.6641732752323151 5.8225608170032501 5.6287836730480185 2.7146409451961508 19.551507145166397 3.7516531944274885 89.869841545820236 4.7772915363311768 3.6215948611497879 31.308433964848518 4.626813381910325 8.0293764322996122 4.4813468009233484 15.112688712775707 29.710833936929703
leaf_count=868 253 384 45 510 173 422 35 456 99 76 265 20 35 22 23 43 36 30 15 113 21 432 25 21 169 23 43 24 98 127
internal_value=-0.00062491 -0.0186448 -0.0419186 0.0192193 0.0372573 0.0039548 0.0207271 -0.00912288 -0.0209916 -0.0256529 -0.0172767 -0.000175229 -0.0103048 0.0259931 -0.00057073 0.0410383 -0.0560074 0.00190004 0.00390961 -0.0140612 0.01438 0.0184603 -0.0530905 0.0798367 0.0156479 -0.00677483 0.0295745 -0.00176984 -0.0461337 0.0152825
internal_weight=870.539 456.24 213.914 414.299 189.897 224.402 98.3135 126.088 118.877 112.248 99.8462 60.0847 53.3327 26.493 22.7013 12.968 9.73335 242.327 236.698 87.1384 149.559 141.03 8.52894 6.75197 138.316 48.446 17.1375 12.5107 26.8397 69.6737
internal_count=4906 2930 1651 1976 810 1166 457 709 783 738 639 374 333 159 137 78 59 1279 1249 497 752 706 46 41 691 259 90 67 174 300
is_linear=0
shrinkage=0.1


Tree=11
num_leaves=31
num_cat=0
split_feature=7 14 1 1 101 168 187 12 0 27 0 67 127 14 1 19 40 32 86 80 225 12 1 0 80 16 58 9 39 0
split_gain=25.5158 18.5502 10.4912 9.51126 5.09047 4.71246 4.63575 4.33546 4.42938 3.91562 4.57881 3.81236 10.8151 3.79735 5.13026 4.21561 4.03608 5.15509 4.60418 3.84071 3.77734 4.06852 5.18805 6.22487 3.77554 3.6973 5.04809 4.61788 4.68691 3.66197
threshold=1.0000000180025095e-35 1.0000000180025095e-35 0.099551297724246993 -0.15446041524410245 1.0000000180025095e-35 1.0000000180025095e-35 1.0000000180025095e-35 1.0000000180025095e-35 3.1772758960723881 1.0000000180025095e-35 9.9780974388122576 1.0000000180025095e-35 1.0000000180025095e-35 1.0000000180025095e-35 -0.14092326164245603 1.0000000180025095e-35 1.0000000180025095e-35 1.0000000180025095e-35 1.0000000180025095e-35 1.0000000180025095e-35 1.0000000180025095e-35 1.0000000180025095e-35 0.1512662544846535 11.494866847991945 1.0000000180025095e-35 1.0000000180025095e-35 1.0000000180025095e-35 1.0000000180025095e-35 1.0000000180025095e-35 14.752909183502199
decision_type=2 2 2 2 2 2 2 2 2 2 2 2 2 2 2 2 2 2 2 2 2 2 2 2 2 2 2 2 2 2
left_child=1 2 -1 7 5 6 13 8 -2 -3 -11 12 -10 14 -5 19 18 -18 -15 25 21 22 -4 -24 -9 26 -16 -27 29 -29
right_child=3 9 20 4 -6 -7 -8 24 11 10 -12 -13 -14 16 15 -17 17 -19 -20 -21 -22 -23 23 -25 -26 27 -28 28 -30 -31
leaf_value=-0.064703559998157814 -0.038130426697262861 -0.09215060950582489 0.090374441531295396 0.16722190398794631 -0.044468878545681906 0.081619750377373457 0.12325166233094556 -0.020811841810310951 -0.031694263578975215 -0.011011181107661538 0.016760904229650875 0.0028761752723704967 0.10576270347747224 0.038947448348415181 -0.039302734372495096 0.088047212151111706 0.15381344748730391 0.046496123842998491 -0.035176566692266299 -0.048229222124666779 0.072583151862441977 -0.045406985255177043 -0.10212147759644363 -0.0032314394730701143 -0.13127015329838954 0.011823658135979779 0.016252275149352569 0.06746955504671763 -0.0045468897706916955 0.17650118081095623
leaf_weight=90.26878883689642 16.15367266535759 4.3686168789863578 5.0660616904497138 2.1846491247415534 9.4370851665735227 16.750208184123039 4.8933666944503775 45.849700301885605 9.3817633539438248 114.49567852169275 123.29248768091202 45.087126672267914 14.681055665016174 66.754286915063858 22.92376683652401 7.1045120656490317 6.4160875976085672 14.803352251648903 9.5827494263648969 10.793442755937575 4.3059972971677771 46.790501028299332 7.2205043211579314 53.749080613255501 3.3184038996696463 32.753691866993904 57.08952721953392 8.9389961510896701 5.4667872041463843 4.7000877708196631
leaf_count=868 107 23 31 10 46 74 21 272 44 650 606 224 73 282 104 31 26 61 40 54 23 342 61 326 19 147 256 40 25 20
internal_value=-0.000627647 -0.0171342 -0.0390837 0.0172507 0.0277301 0.0302429 0.0268602 -0.00461608 0.00901594 0.001665 0.00338857 0.0200295 0.0521701 0.0249698 0.015085 0.0128659 0.0403664 0.0789455 0.0296425 0.009122 -0.0193396 -0.0228478 -0.00686316 -0.0149428 -0.0282668 0.013816 0.000335794 0.0346145 0.0736854 0.105042
internal_weight=864.622 449.558 207.401 415.064 280.593 271.156 254.405 134.472 85.3036 242.157 237.788 69.1499 24.0628 249.512 151.955 149.771 97.5565 21.2194 76.337 142.666 117.132 112.826 66.0356 60.9696 49.1681 131.873 80.0133 51.8596 19.1059 13.6391
internal_count=4906 2930 1651 1976 1237 1191 1117 739 448 1279 1256 341 117 1096 687 677 409 87 322 646 783 760 418 387 291 592 360 232 85 60
is_linear=0
shrinkage=0.1


Tree=12
num_leaves=31
num_cat=0
split_feature=7 14 0 0 10 12 63 12 12 6 1 0 86 16 54 83 1 11 53 81 5 10 60 0 11 93 139 15 0 0
split_gain=20.8507 15.7287 9.49439 8.05387 5.79172 4.35961 4.2784 3.92727 3.86355 4.82727 5.62777 3.97956 3.81831 5.05392 3.79791 6.97593 4.50256 4.31932 4.28024 3.63876 3.60438 3.6436 3.81215 3.67581 3.87902 3.4545 3.36471 3.33317 5.48245 3.7957
threshold=1.0000000180025095e-35 1.0000000180025095e-35 11.998631000518801 10.925393581390383 1.0000000180025095e-35 1.0000000180025095e-35 1.0000000180025095e-35 1.0000000180025095e-35 1.0000000180025095e-35 1.0000000180025095e-35 -0.39508707821369166 3.1772758960723881 1.0000000180025095e-35 1.0000000180025095e-35 1.0000000180025095e-35 1.0000000180025095e-35 0.88987755775451671 1.0000000180025095e-35 1.0000000180025095e-35 1.0000000180025095e-35 1.0000000180025095e-35 1.0000000180025095e-35 1.0000000180025095e-35 14.405201911926271 1.0000000180025095e-35 1.0000000180025095e-35 1.0000000180025095e-35 1.0000000180025095e-35 13.882272243499758 15.181382656097414
decision_type=2 2 2 2 2 2 2 2 2 2 2 2 2 2 2 2 2 2 2 2 2 2 2 2 2 2 2 2 2 2
left_child=1 2 4 8 -1 -5 14 26 11 10 -10 -2 13 -9 15 16 17 -4 -16 -8 21 23 -23 24 -7 27 -3 28 -20 -30
right_child=3 7 6 5 -6 20 19 12 9 -11 -12 -13 -14 -15 18 -17 -18 -19 25 -21 -22 22 -24 -25 -26 -27 -28 -29 29 -31
leaf_value=-0.077466247487438827 -0.03517554843295833 0.015138360429572959 0.022042749200227044 0.041700979754073698 -0.03182574603307891 0.013555796236733792 -0.11987269043752809 -0.0041361790665269777 -0.042722123187523997 -0.05022611528807145 0.026781817929774382 0.018090601692797661 0.052495549791035614 -0.058224036155185455 -0.065585733385531184 0.14182500762944744 0.096156441992310049 -0.074098739717704101 0.089588389667377533 0.015094062500607033 -0.018058382800746151 -0.011648639600293715 0.091793397565060067 0.0448820035300911 -0.091221289945945028 -0.081280376732376355 -0.03847028605797527 0.046397021171017488 -0.12136023362562175 -0.012169152260537447
leaf_weight=58.638863585889339 15.779856860637663 144.9690700173378 11.541971504688272 123.24091956019402 52.874875366687775 8.7134480178356188 6.2578139528632146 50.806504040956497 17.955563999712467 26.487166620790958 33.172433376312256 126.19185861945152 7.4395744055509558 26.175825372338295 15.094831526279448 4.3202337175607672 4.3061860501766196 7.8519936054944983 3.7752664685249355 2.9341782256960869 27.112492308020592 4.9215931445360193 12.902877077460289 12.500071585178373 5.9435136616230002 4.8524611592292777 12.736491739749907 13.847372099757193 4.5607630684971801 10.543113112449644
leaf_count=580 107 714 74 521 490 39 46 280 115 157 167 598 40 175 97 24 23 51 26 21 117 22 55 52 26 33 70 87 32 67
internal_value=-0.000610236 -0.0156841 -0.0363322 0.0155029 -0.0558255 0.0302747 -0.0121486 0.00149076 0.00236258 -0.0155772 0.00237283 0.0121702 -0.015916 -0.0225273 -0.00478518 0.0249596 0.00365658 -0.0168819 -0.0206082 -0.0767899 0.010742 0.0281013 0.0632316 0.00504367 -0.0289321 -0.00254155 0.0108089 0.00913329 -0.0181987 -0.0451405
internal_weight=858.449 443.527 201.4 414.922 111.514 195.335 89.8862 242.127 219.587 77.6152 51.128 141.972 84.4219 76.9823 80.6942 28.0204 23.7002 19.394 52.6738 9.19199 72.094 44.9815 17.8245 27.157 14.657 37.579 157.706 32.7265 18.8791 15.1039
internal_count=4906 2930 1651 1976 1070 832 581 1279 1144 439 282 705 495 455 514 172 148 125 342 67 311 194 77 117 65 245 784 212 125 99
is_linear=0
shrinkage=0.1


Tree=13
num_leaves=31
num_cat=0
split_feature=12 7 0 139 14 150 14 0 7 0 36 70 73 82 51 8 14 69 34 138 47 61 1 21 84 21 54 81 36 56
split_gain=17.6203 8.6308 8.45064 5.95624 6.1376 5.55203 5.40693 5.28542 4.79905 4.5852 4.21565 5.53836 4.753 3.85409 3.76286 5.50022 3.46054 3.80334 3.69289 3.38416 3.23621 5.50042 3.85445 4.81122 3.22135 3.85693 3.23261 4.95114 6.81638 3.09177
threshold=1.0000000180025095e-35 1.0000000180025095e-35 11.934291839599611 1.0000000180025095e-35 1.0000000180025095e-35 1.0000000180025095e-35 1.0000000180025095e-35 10.709103107452394 1.0000000180025095e-35 14.405201911926271 1.0000000180025095e-35 1.0000000180025095e-35 1.0000000180025095e-35 1.0000000180025095e-35 1.0000000180025095e-35 1.0000000180025095e-35 1.0000000180025095e-35 1.0000000180025095e-35 1.0000000180025095e-35 1.0000000180025095e-35 1.0000000180025095e-35 1.0000000180025095e-35 0.12160620465874673 1.0000000180025095e-35 1.0000000180025095e-35 1.0000000180025095e-35 1.0000000180025095e-35 1.0000000180025095e-35 1.0000000180025095e-35 1.0000000180025095e-35
decision_type=2 2 2 2 2 2 2 2 2 2 2 2 2 2 2 2 2 2 2 2 2 2 2 2 2 2 2 2 2 2
left_child=1 5 3 4 8 6 9 -3 -2 -1 11 -11 -13 -5 15 29 24 18 -18 -10 22 -22 23 -6 25 26 27 28 -9 -4
right_child=2 7 14 13 20 -7 -8 16 19 10 -12 12 -14 -15 -16 -17 17 -19 -20 -21 21 -23 -24 -25 -26 -27 -28 -29 -30 -31
leaf_value=-0.032303232058035966 -0.08163230577841199 0.0097286606587954003 -0.058920316334079958 -0.0018839199885013582 -0.0091069067863183105 0.12574464197259577 0.0082697755418144683 0.062283845868763732 -0.026910980801623647 0.14764464012839093 -0.045219761805728093 0.060401420772426322 -0.050692629088782908 0.11451463738268115 -0.010244368375365527 0.085233951928385329 0.12132316646348061 0.033915940059066965 0.034466941525890679 -0.12329220078138768 -0.079223181357931508 0.046940447304996802 -0.082262583383694715 0.080298605850672111 -0.046386956823132208 0.095888064172146015 0.0052003798103590921 0.1134771043134728 -0.076718998641463393 0.022617626413195729
leaf_weight=83.506680943071842 42.207889564335346 138.94552294909954 6.4109072089195278 13.953696280717852 40.355181150138378 3.3524774834513655 155.9833832681179 11.378783851861956 42.773630052804947 3.8305446356534967 8.305655315518381 9.1441919654607755 6.6530944257974634 3.5730407759547225 101.19063326716423 11.293427713215349 13.803137794137003 26.674323976039886 7.5851024389266959 3.9822274297475806 16.013495400547985 4.4065396189689627 5.7805640473961821 7.0741462484002104 5.8404813706874839 8.0942982882261258 40.30800898373127 8.408520311117174 5.1130390912294379 16.934210099279881
leaf_count=738 434 690 35 90 236 19 773 48 257 20 50 49 42 20 544 62 57 110 31 27 97 25 32 41 25 34 172 36 23 89
internal_value=-0.000601823 0.0104241 -0.0193394 -0.0335414 -0.0395118 -0.00214566 -0.00374892 0.0232123 -0.0571872 -0.0205715 0.0145001 0.039771 0.0136137 0.0218454 -0.00050631 0.0279418 0.0379403 0.0591055 0.0905206 -0.0351198 -0.0181555 -0.0519977 -0.00516804 0.00422804 0.025087 0.0307818 0.0227001 0.0510283 0.0191881 0.000226127
internal_weight=852.877 536.927 315.95 180.12 162.594 270.776 267.424 266.151 88.9637 111.44 27.9335 19.6278 15.7973 17.5267 135.829 34.6385 127.206 48.0626 21.3882 46.7559 73.6299 20.42 53.2099 47.4293 79.1431 73.3027 65.2084 24.9003 16.4918 23.3451
internal_count=4906 2917 1989 1259 1149 1691 1672 1226 718 899 161 111 91 110 730 186 536 198 88 284 431 122 309 277 338 313 279 107 71 124
is_linear=0
shrinkage=0.1


Tree=14
num_leaves=31
num_cat=0
split_feature=7 14 1 1 12 0 19 10 137 22 139 146 27 134 6 0 26 32 8 0 83 12 9 15 16 32 15 174 16 98
split_gain=14.8204 11.3616 7.89661 5.87218 5.00133 4.01288 3.9642 4.04376 5.73017 4.26882 3.65314 3.57934 4.36081 3.53852 4.3152 3.53295 3.31974 5.29895 4.3914 3.97751 3.6198 3.18648 3.954 5.05012 6.72803 3.26477 3.95985 3.16407 3.11747 3.67499
threshold=1.0000000180025095e-35 1.0000000180025095e-35 -0.0050954443868249646 0.61076888442039501 1.0000000180025095e-35 3.1772758960723881 1.0000000180025095e-35 1.0000000180025095e-35 1.0000000180025095e-35 1.0000000180025095e-35 1.0000000180025095e-35 1.0000000180025095e-35 1.0000000180025095e-35 1.0000000180025095e-35 1.0000000180025095e-35 9.9780974388122576 1.0000000180025095e-35 1.0000000180025095e-35 1.0000000180025095e-35 15.585215568542482 1.0000000180025095e-35 1.0000000180025095e-35 1.0000000180025095e-35 1.0000000180025095e-35 1.0000000180025095e-35 1.0000000180025095e-35 1.0000000180025095e-35 1.0000000180025095e-35 1.0000000180025095e-35 1.0000000180025095e-35
decision_type=2 2 2 2 2 2 2 2 2 2 2 2 2 2 2 2 2 2 2 2 2 2 2 2 2 2 2 2 2 2
left_child=1 2 -1 4 5 -2 7 9 13 10 -6 12 -3 14 -9 -14 20 18 -18 -20 -5 22 25 -24 -25 -4 -27 28 -17 -30
right_child=3 11 21 16 6 -7 -8 8 -10 -11 -12 -13 15 -15 -16 27 17 -19 19 -21 -22 -23 23 24 -26 26 -28 -29 29 -31
leaf_value=-0.058028484354312099 -0.033173022242822377 -0.10720249277072649 0.030493374718971084 0.028103731716519906 -0.043774764814002609 0.019657236931874503 0.074246227310255264 0.062170295342813653 -0.10494209421083939 0.064411080689722941 0.028943545053140497 0.097758321755232608 -0.011768029106571678 -0.060662942787935242 -0.022489061110497997 0.028410506234285201 0.10097511373551303 -0.018976396329031486 0.084781360180434445 -0.024915869962926416 -0.052295899285873006 -0.035619129896169492 -0.070057913790439116 -0.04347461672669721 0.097750684716169267 0.025148431544523859 -0.12133722675244876 -0.051442337140489847 0.0048546105748356431 -0.091017452889283243
leaf_weight=71.437594622373581 15.531491190195082 3.7788803428411475 34.075290203094482 43.700343385338783 58.030096240341663 193.54745306074619 5.2764372378587714 20.763201996684074 3.7571219950914374 4.610985428094863 7.8420130163431159 3.7555777579545966 111.89090945571661 4.1877067834138861 8.4796061441302317 77.09347003698349 21.146930068731308 7.7212171554565421 6.3351282030343992 6.9114089757204056 6.4228921681642523 49.130774937570095 15.403934933245182 8.4642804786562902 5.6086329594254503 3.9843501448631278 3.4375098794698715 7.2155498862266532 33.873440690338612 4.5333712995052329
leaf_count=790 107 21 220 185 315 877 26 104 23 27 38 19 640 23 48 357 88 33 26 29 27 386 112 58 34 26 25 40 177 25
internal_value=-0.000581756 -0.0135028 -0.0317013 0.012945 0.00657305 0.0157327 -0.0103826 -0.0145299 0.0121502 -0.0286066 -0.0351177 0.000892885 -0.000633153 0.0253097 0.0376214 0.00108339 0.035191 0.0558876 0.0726943 0.0275466 0.0178012 -0.016042 -0.00249004 -0.0304952 0.0128095 0.017403 -0.0426979 0.0128012 0.0168146 -0.00646171
internal_weight=847.948 433.684 191.542 414.264 322.026 209.079 112.947 107.671 37.1876 70.4831 65.8721 242.141 238.386 33.4305 29.2428 234.607 92.2379 42.1147 34.3935 13.2465 50.1232 120.105 70.974 29.4768 14.0729 41.4972 7.42186 122.716 115.5 38.4068
internal_count=4906 2930 1651 1976 1588 984 604 578 198 380 353 1279 1260 175 152 1239 388 176 143 55 212 861 475 204 92 271 51 599 559 202
is_linear=0
shrinkage=0.1


Tree=15
num_leaves=31
num_cat=0
split_feature=12 184 149 7 104 7 0 101 0 14 95 16 14 0 108 0 1 65 73 0 138 0 0 0 1 0 22 60 54 14
split_gain=12.7875 7.4157 6.78929 6.68321 5.92843 5.79857 4.90276 4.71082 4.54534 4.43219 4.25065 5.21429 4.09159 3.96664 3.90562 3.79789 3.52989 3.14274 3.10932 3.07521 6.70794 6.77683 3.63058 5.40542 3.20941 4.94679 3.00145 2.92777 3.51551 4.33395
threshold=1.0000000180025095e-35 1.0000000180025095e-35 1.0000000180025095e-35 1.0000000180025095e-35 1.0000000180025095e-35 1.0000000180025095e-35 11.998631000518801 1.0000000180025095e-35 5.1663243770599374 1.0000000180025095e-35 1.0000000180025095e-35 1.0000000180025095e-35 1.0000000180025095e-35 4.4558520317077646 1.0000000180025095e-35 4.2108144760131845 -0.59555858373641957 1.0000000180025095e-35 1.0000000180025095e-35 4.8911705017089853 1.0000000180025095e-35 5.1238877773284921 5.3018479347229013 5.4948666095733651 0.90873831510543834 16.880219459533695 1.0000000180025095e-35 1.0000000180025095e-35 1.0000000180025095e-35 1.0000000180025095e-35
decision_type=2 2 2 2 2 2 2 2 2 2 2 2 2 2 2 2 2 2 2 2 2 2 2 2 2 2 2 2 2 2
left_child=1 2 5 6 7 12 9 8 -5 -2 -8 18 17 16 -14 -7 -11 -1 -12 -17 21 -21 -23 -24 25 -25 -15 -10 29 -29
right_child=3 -3 -4 4 -6 15 10 -9 27 13 11 -13 14 26 -16 19 -18 -19 -20 20 -22 22 23 24 -26 -27 -28 28 -30 -31
leaf_value=-0.023483891226723085 -0.070304660249925086 0.13673536615151632 0.12711659533964317 -0.034391088850591597 -0.12386334548671814 -0.014829534796869857 -0.02164127538729587 -0.086259164167866165 -0.011231140325626552 -0.017388183814619297 0.15609895480524422 -0.059329408660516274 0.010385739673239894 -0.032344359480187289 -0.057344928445469838 0.074988356219204119 0.091436003691074144 0.045979699877555048 0.027160707699343402 -0.10667939999006903 0.12830198378374771 0.14146399230234682 -0.099199529545048057 0.019205309465059085 0.070033066057710494 -0.082828560122859538 -0.12268489178674645 0.027166469583716098 0.014708188126623804 0.14336284764784255
leaf_weight=99.847498908638954 41.768085636198521 4.4918227940797797 4.7188648805022231 23.495377101004124 3.8475444465875617 32.569001272320747 61.696943998336792 5.8120659291744223 32.912170797586441 8.3420617580413801 3.7899686917662603 3.2438146993517876 146.77419136464596 29.843150645494461 9.0379712730646116 10.326069474220274 4.6377166360616675 6.9677027761936179 3.6923359856009483 4.3852825313806525 5.4896619021892539 2.3902864605188361 3.8937659412622443 186.92546670138836 11.946374282240866 4.8754711747169486 4.1945008412003508 8.672543063759802 67.190715730190277 5.0962094664573661
leaf_count=858 474 22 25 162 19 198 396 34 162 53 22 23 721 190 49 51 30 37 22 20 24 11 18 812 50 21 29 44 305 24
internal_value=-0.00056477 0.0087876 0.00770353 -0.0167866 -0.00136794 0.00663109 -0.0308489 0.00192379 0.00565485 -0.0465994 -0.0115399 0.0465633 -0.00387758 -0.0255407 0.00645698 0.0171328 0.021495 -0.0189527 0.0924711 0.0216542 0.0191498 0.0163552 0.0189241 0.0175135 0.0197439 0.0166117 -0.0434771 0.0139176 0.0241413 0.0701741
internal_weight=842.875 534.639 530.148 308.235 147.027 525.429 161.209 143.179 137.367 88.7855 72.4231 10.7261 262.627 47.0174 155.812 262.801 12.9798 106.815 7.4823 230.232 219.906 214.417 210.031 207.641 203.747 191.801 34.0377 113.872 80.9595 13.7688
internal_count=4906 2917 2895 1989 750 2870 1239 731 697 776 463 67 1665 302 770 1205 83 895 44 1007 956 932 912 901 883 833 219 535 373 68
is_linear=0
shrinkage=0.1


Tree=16
num_leaves=31
num_cat=0
split_feature=12 193 1 126 149 14 237 16 53 140 61 0 174 140 7 0 102 108 83 58 68 7 11 0 81 35 86 53 16 10
split_gain=10.4995 6.08029 5.66372 7.21383 5.21445 4.82599 5.10135 4.05682 4.03598 4.48169 4.93044 6.41323 3.8379 3.95368 3.54576 3.40474 3.35795 3.23128 3.12295 6.09631 4.38288 2.97158 4.82227 8.30619 4.37791 5.87403 4.04259 5.77245 3.30517 3.24037
threshold=1.0000000180025095e-35 1.0000000180025095e-35 -0.0050954443868249646 1.0000000180025095e-35 1.0000000180025095e-35 1.0000000180025095e-35 1.0000000180025095e-35 1.0000000180025095e-35 1.0000000180025095e-35 1.0000000180025095e-35 1.0000000180025095e-35 16.379192352294925 1.0000000180025095e-35 1.0000000180025095e-35 1.0000000180025095e-35 17.229294776916507 1.0000000180025095e-35 1.0000000180025095e-35 1.0000000180025095e-35 1.0000000180025095e-35 1.0000000180025095e-35 1.0000000180025095e-35 1.0000000180025095e-35 17.166323661804203 1.0000000180025095e-35 1.0000000180025095e-35 1.0000000180025095e-35 1.0000000180025095e-35 1.0000000180025095e-35 1.0000000180025095e-35
decision_type=2 2 2 2 2 2 2 2 2 2 2 2 2 2 2 2 2 2 2 2 2 2 2 2 2 2 2 2 2 2
left_child=1 4 7 21 5 8 14 16 12 10 18 -12 13 -1 17 -16 -2 -7 19 -10 -21 22 24 -24 26 29 -4 -28 -23 -26
right_child=2 -3 3 -5 -6 6 -8 -9 9 -11 11 -13 -14 -15 15 -17 -18 -19 -20 20 -22 28 23 -25 25 -27 27 -29 -30 -31
leaf_value=-0.011153518565587658 -0.014019780086994938 0.10969689396251524 -0.030292531764679956 -0.1328658868980328 0.10907077345784025 0.010983871756323683 -0.087059554957553464 -0.056857098467673631 -0.022949356552107288 0.087724419516078095 -0.0042520434758927025 -0.13348352167725414 0.061082566308798263 -0.071315872741878103 0.027380517219696816 0.11525667513413143 -0.11870245204569035 -0.052000436105280524 0.0860283904485349 0.0041266566125692863 0.094825309199579794 -0.002285253393509767 -0.06431805452621997 0.088214018203291333 0.052794471751254013 0.16821060885655156 0.14114878877466835 -0.038322550587526316 0.03861793932743568 -0.036738082215665553
leaf_weight=158.99763864278793 72.408027783036232 5.8033296763896933 34.12409383803606 4.2738133445382109 4.9367622658610335 144.33704401552677 4.7799611389636985 43.224146731197834 21.535164073109627 7.5899376273155204 18.841675065457824 4.8230527639389029 6.8442556336522093 11.72903350740671 102.26235526800156 4.6076734960079184 3.1996645331382743 8.6325232386589033 7.1420310437679282 10.007809862494469 11.393643572926521 57.182592511177063 28.250780165195465 4.0865103155374518 10.396925210952764 3.0730166286230078 3.6205207556486121 3.5487275496125221 30.182302728295326 6.6137924641370764
leaf_count=1119 548 28 235 26 25 705 24 353 107 36 96 23 33 77 437 20 28 48 34 50 55 256 206 24 66 22 21 25 135 44
internal_value=-0.000547891 0.0078959 -0.0153784 -0.00445271 0.00677797 0.00581336 0.0153103 -0.0324202 -0.00389322 0.0145551 0.00702423 -0.0305904 -0.0123432 -0.0152867 0.0171935 0.0311693 -0.0184499 0.00742948 0.0247991 0.0146142 0.0524125 -0.00142192 -0.0137906 -0.0450424 0.00267472 0.0409703 -0.015951 0.0523117 0.0118457 0.0179841
internal_weight=838.449 534.264 304.185 185.353 528.461 523.524 264.62 118.832 258.904 81.3333 73.7434 23.6647 177.571 170.727 259.84 106.87 75.6077 152.97 50.0786 42.9366 21.4015 181.079 93.7144 32.3373 61.3771 20.0837 41.2933 7.16925 87.3649 17.0107
internal_count=4906 2917 1989 1060 2889 2864 1234 929 1630 401 365 119 1229 1196 1210 457 576 753 246 212 105 1034 643 230 413 132 281 46 391 110
is_linear=0
shrinkage=0.1


Tree=17
num_leaves=31
num_cat=0
split_feature=7 14 1 14 129 102 80 10 21 36 88 126 10 177 100 73 87 54 27 0 69 98 0 99 55 16 0 16 12 45
split_gain=9.0108 7.80846 6.14544 4.23473 4.78942 4.38966 3.91621 5.11208 4.18795 3.50162 4.44949 3.3124 3.21147 3.17807 3.20511 3.01837 2.93976 4.97519 2.77988 2.75073 4.21346 2.78424 5.24253 3.7481 3.29816 3.12855 2.65504 2.61427 3.62812 5.66085
threshold=1.0000000180025095e-35 1.0000000180025095e-35 -0.0050954443868249646 1.0000000180025095e-35 1.0000000180025095e-35 1.0000000180025095e-35 1.0000000180025095e-35 1.0000000180025095e-35 1.0000000180025095e-35 1.0000000180025095e-35 1.0000000180025095e-35 1.0000000180025095e-35 1.0000000180025095e-35 1.0000000180025095e-35 1.0000000180025095e-35 1.0000000180025095e-35 1.0000000180025095e-35 1.0000000180025095e-35 1.0000000180025095e-35 14.752909183502199 1.0000000180025095e-35 1.0000000180025095e-35 10.310746192932131 1.0000000180025095e-35 1.0000000180025095e-35 1.0000000180025095e-35 9.1197810173034686 1.0000000180025095e-35 1.0000000180025095e-35 1.0000000180025095e-35
decision_type=2 2 2 2 2 2 2 2 2 2 2 2 2 2 2 2 2 2 2 2 2 2 2 2 2 2 2 2 2 2
left_child=1 2 12 4 6 -5 8 -8 13 10 26 16 -1 14 -2 19 18 -18 -3 21 -21 22 -4 -23 -24 -26 -10 -20 29 -29
right_child=3 11 15 5 -6 -7 7 -9 9 -11 -12 -13 -14 -15 -16 -17 17 -19 27 20 -22 23 24 -25 25 -27 -28 28 -30 -31
leaf_value=-0.073047415403409144 0.011982337803354393 -0.083293566481224643 0.054103798159132077 0.025948432901551952 -0.027195755600467404 -0.046897247957083277 -0.087623781073695978 0.033493387232347197 -0.067333918657862812 0.11824145944908451 0.11186832265507279 -0.0770814299893538 -0.028471517322265188 -0.072867188192341253 -0.058520991182522179 -0.032728499961078551 -0.0080795744933046722 0.132524260232698 0.0098036382708430372 0.066347177752045711 -0.010781849980415904 0.11931357755271457 -0.0070246786024017035 -0.024742025526638428 -0.1179959847707832 -0.029865726894843975 0.028316418799924865 -0.019216003029178266 -0.044480614208539201 0.053188449503465907
leaf_weight=32.988665960729122 145.74425406754017 3.9012788012623778 6.3677375689148894 159.69345154613256 46.808231763541698 8.7241521626710874 9.0912832468748075 5.6510070711374274 4.0045860707759919 5.8159401863813391 4.9350879788398734 5.313581481575965 31.686762131750584 4.9109104573726645 6.7464465051889411 45.894691936671734 5.5769374519586545 4.5860954821109772 144.23380327224731 12.944110751152039 15.641520209610462 3.2833884581923476 12.178966760635378 4.0143772661685944 8.4430466443300265 7.702988624572753 10.540111541748045 36.927990898489952 24.830365590751171 15.260583251714705
leaf_count=421 662 22 56 709 320 41 47 28 20 27 22 30 369 23 32 364 26 21 734 76 96 24 89 28 69 59 45 192 180 74
internal_value=-0.000530055 -0.0108088 -0.0264908 0.00997567 0.00156381 0.022175 0.00838201 -0.0411972 0.0123827 0.0501499 0.0298203 0.000996566 -0.0512081 0.00631317 0.00886315 -0.0127655 0.00275961 0.0553683 0.00038495 0.000216138 0.0241436 -0.0160728 -0.0278829 0.040071 -0.0463144 -0.0759506 0.00198105 0.00186043 -0.0130149 0.00195595
internal_weight=834.442 421.777 181.146 412.665 244.248 168.418 197.44 14.7423 182.697 25.2957 19.4798 240.631 64.6754 157.402 152.491 116.471 235.317 10.163 225.154 70.5761 28.5856 41.9905 34.6927 7.29777 28.325 16.146 14.5447 221.253 77.0189 52.1886
internal_count=4906 2930 1651 1976 1226 750 906 75 831 114 87 1279 790 717 694 861 1249 47 1202 497 172 325 273 52 217 128 65 1180 446 266
is_linear=0
shrinkage=0.1


Tree=18
num_leaves=31
num_cat=0
split_feature=12 184 0 139 14 10 96 50 68 53 81 278 149 0 0 7 8 7 26 52 0 139 118 49 312 11 113 7 67 28
split_gain=8.23711 5.08051 4.86939 5.76722 4.23653 6.59437 9.99961 4.35986 4.14361 4.58199 6.30652 4.09843 4.14797 4.08124 7.48361 3.79954 3.78132 3.5477 3.49648 5.90925 4.45815 3.41808 3.88134 3.6053 3.54185 3.41068 3.24746 3.06162 3.04846 2.95223
threshold=1.0000000180025095e-35 1.0000000180025095e-35 14.528405189514162 1.0000000180025095e-35 1.0000000180025095e-35 1.0000000180025095e-35 1.0000000180025095e-35 1.0000000180025095e-35 1.0000000180025095e-35 1.0000000180025095e-35 1.0000000180025095e-35 1.0000000180025095e-35 1.0000000180025095e-35 13.938398361206056 13.474332809448244 1.0000000180025095e-35 1.0000000180025095e-35 1.0000000180025095e-35 1.0000000180025095e-35 1.0000000180025095e-35 15.260780334472658 1.0000000180025095e-35 1.0000000180025095e-35 1.0000000180025095e-35 1.0000000180025095e-35 1.0000000180025095e-35 1.0000000180025095e-35 1.0000000180025095e-35 1.0000000180025095e-35 1.0000000180025095e-35
decision_type=2 2 2 2 2 2 2 2 2 2 2 2 2 2 2 2 2 2 2 2 2 2 2 2 2 2 2 2 2 2
left_child=1 11 3 4 5 7 -7 -2 9 16 17 12 15 14 26 21 28 -11 20 -20 -10 22 24 -23 -1 -9 -6 -12 -4 -17
right_child=2 -3 8 -5 13 6 -8 25 18 10 27 -13 -14 -15 -16 29 -18 -19 19 -21 -22 23 -24 -25 -26 -27 -28 -29 -30 -31
leaf_value=-0.0039057142851632518 -0.076675722721091244 0.11368447818489671 -0.12143808859959267 0.026258971867566445 -0.0079464850834521702 -0.026296496957148852 0.13261007316620774 0.015440601889090673 0.047152142969435984 -0.02128514597327948 0.17931239718139169 0.1064397480862716 0.095162921892045005 -0.097057264736105736 0.12928462388517178 -0.061247766404471604 0.058213495397214599 0.074798129263954613 0.12756378202571583 -0.011396035432866916 -0.07234926328422471 -0.064480716485225006 0.10396060789944613 0.033222430305817667 0.093190094003321677 -0.076486891755979697 -0.10120677488674448 0.059892343557059996 0.0033213196281875941 0.014438014429662424
leaf_weight=228.42912255972624 46.409186884760857 4.4226638525724402 3.9235321283340436 22.945977173745632 80.253378741443157 38.721987314522266 4.4111596941947928 11.087597727775576 3.9913882315158871 9.0434633493423444 4.7851851209998131 4.0360177606344214 5.0845526829361907 5.2142142057418814 3.9072871953248969 5.2598982751369467 4.2249189764261246 6.6823717355728158 3.7335010543465641 16.969825550913811 14.329459443688391 16.667767301201824 3.4885113537311545 4.8833337277173987 3.8197182491421691 6.3459889143705359 3.9159802123904219 3.8936805427074432 3.910681277513504 255.3206699937582
leaf_count=1460 395 22 23 142 473 330 30 87 22 56 28 18 25 26 19 23 25 28 17 93 78 122 17 34 22 54 25 16 22 1174
internal_value=-0.000516354 0.00695194 -0.013803 -0.0212281 -0.026669 -0.0402514 -0.0100454 -0.0606591 0.00815228 0.0323897 0.0573079 0.0060562 0.00528147 -0.0110941 -0.00600504 0.00439899 -0.0180386 0.0195435 -0.0144949 0.0136631 -0.0463146 -0.00422119 -0.000736206 -0.0423418 -0.00230881 -0.0180219 -0.0122854 0.125736 -0.0591607 0.0129103
internal_weight=830.113 531.412 298.701 223.213 200.267 106.976 43.1331 63.8428 75.488 36.4638 24.4047 526.99 522.954 93.2909 88.0766 517.869 12.0591 15.7258 39.0242 20.7033 18.3208 257.288 235.737 21.5511 232.249 17.4336 84.1694 8.67887 7.83421 260.581
internal_count=4906 2917 1989 1581 1439 896 360 536 408 198 128 2895 2877 543 517 2852 70 84 210 110 100 1655 1499 156 1482 141 498 44 45 1197
is_linear=0
shrinkage=0.1


end of trees

feature_importances:
Column_0=102
Column_1=44
Column_14=43
Column_12=41
Column_7=24
Column_16=23
Column_10=16
Column_139=12
Column_8=11
Column_9=9
Column_6=8
Column_73=8
Column_5=7
Column_54=7
Column_86=7
Column_11=6
Column_26=6
Column_55=6
Column_80=6
Column_83=6
Column_84=6
Column_187=6
Column_15=5
Column_21=5
Column_53=5
Column_69=5
Column_81=5
Column_95=5
Column_108=5
Column_174=5
Column_22=4
Column_27=4
Column_61=4
Column_63=4
Column_102=4
Column_168=4
Column_32=3
Column_36=3
Column_47=3
Column_49=3
Column_51=3
Column_56=3
Column_65=3
Column_67=3
Column_100=3
Column_101=3
Column_126=3
Column_140=3
Column_149=3
Column_225=3
Column_19=2
Column_35=2
Column_40=2
Column_41=2
Column_45=2
Column_58=2
Column_60=2
Column_64=2
Column_68=2
Column_71=2
Column_93=2
Column_96=2
Column_98=2
Column_99=2
Column_138=2
Column_184=2
Column_17=1
Column_24=1
Column_28=1
Column_34=1
Column_39=1
Column_50=1
Column_52=1
Column_70=1
Column_82=1
Column_87=1
Column_88=1
Column_94=1
Column_97=1
Column_104=1
Column_113=1
Column_118=1
Column_127=1
Column_129=1
Column_134=1
Column_135=1
Column_137=1
Column_146=1
Column_150=1
Column_177=1
Column_193=1
Column_237=1
Column_278=1
Column_312=1

parameters:
[boosting: gbdt]
[objective: binary]
[metric: binary_logloss]
[tree_learner: serial]
[device_type: cpu]
[data_sample_strategy: bagging]
[data: ]
[valid: ]
[num_iterations: 300]
[learning_rate: 0.1]
[num_leaves: 31]
[num_threads: 0]
[seed: 0]
[deterministic: 0]
[force_col_wise: 0]
[force_row_wise: 0]
[histogram_pool_size: -1]
[max_depth: -1]
[min_data_in_leaf: 20]
[min_sum_hessian_in_leaf: 0.001]
[bagging_fraction: 1]
[pos_bagging_fraction: 1]
[neg_bagging_fraction: 1]
[bagging_freq: 0]
[bagging_seed: 7719]
[bagging_by_query: 0]
[feature_fraction: 1]
[feature_fraction_bynode: 1]
[feature_fraction_seed: 2437]
[extra_trees: 0]
[extra_seed: 11797]
[early_stopping_round: 0]
[early_stopping_min_delta: 0]
[first_metric_only: 0]
[max_delta_step: 0]
[lambda_l1: 0]
[lambda_l2: 0]
[linear_lambda: 0]
[min_gain_to_split: 0]
[drop_rate: 0.1]
[max_drop: 50]
[skip_drop: 0.5]
[xgboost_dart_mode: 0]
[uniform_drop: 0]
[drop_seed: 21238]
[top_rate: 0.2]
[other_rate: 0.1]
[min_data_per_group: 100]
[max_cat_threshold: 32]
[cat_l2: 10]
[cat_smooth: 10]
[max_cat_to_onehot: 4]
[top_k: 20]
[monotone_constraints: ]
[monotone_constraints_method: basic]
[monotone_penalty: 0]
[feature_contri: ]
[forcedsplits_filename: ]
[refit_decay_rate: 0.9]
[cegb_tradeoff: 1]
[cegb_penalty_split: 0]
[cegb_penalty_feature_lazy: ]
[cegb_penalty_feature_coupled: ]
[path_smooth: 0]
[interaction_constraints: ]
[verbosity: -1]
[saved_feature_importance_type: 0]
[use_quantized_grad: 0]
[num_grad_quant_bins: 4]
[quant_train_renew_leaf: 0]
[stochastic_rounding: 1]
[linear_tree: 0]
[max_bin: 255]
[max_bin_by_feature: ]
[min_data_in_bin: 3]
[bin_construct_sample_cnt: 200000]
[data_random_seed: 38]
[is_enable_sparse: 1]
[enable_bundle: 1]
[use_missing: 1]
[zero_as_missing: 0]
[feature_pre_filter: 1]
[pre_partition: 0]
[two_round: 0]
[header: 0]
[label_column: ]
[weight_column: ]
[group_column: ]
[ignore_column: ]
[categorical_feature: ]
[forcedbins_filename: ]
[precise_float_parser: 0]
[parser_config_file: ]
[objective_seed: 8855]
[num_class: 1]
[is_unbalance: 0]
[scale_pos_weight: 1]
[sigmoid: 1]
[boost_from_average: 1]
[reg_sqrt: 0]
[alpha: 0.9]
[fair_c: 1]
[poisson_max_delta_step: 0.7]
[tweedie_variance_power: 1.5]
[lambdarank_truncation_level: 30]
[lambdarank_norm: 1]
[label_gain: ]
[lambdarank_position_bias_regularization: 0]
[eval_at: ]
[multi_error_top_k: 1]
[auc_mu_weights: ]
[num_machines: 1]
[local_listen_port: 12400]
[time_out: 120]
[machine_list_filename: ]
[machines: ]
[gpu_platform_id: -1]
[gpu_device_id: -1]
[gpu_device_id_list: ]
[gpu_use_dp: 0]
[num_gpu: 1]

end of parameters

pandas_categorical:null
