tree
version=v4
num_class=1
num_tree_per_iteration=1
label_index=0
max_feature_idx=567
objective=binary sigmoid:1
feature_names=Column_0 Column_1 Column_2 Column_3 Column_4 Column_5 Column_6 Column_7 Column_8 Column_9 Column_10 Column_11 Column_12 Column_13 Column_14 Column_15 Column_16 Column_17 Column_18 Column_19 Column_20 Column_21 Column_22 Column_23 Column_24 Column_25 Column_26 Column_27 Column_28 Column_29 Column_30 Column_31 Column_32 Column_33 Column_34 Column_35 Column_36 Column_37 Column_38 Column_39 Column_40 Column_41 Column_42 Column_43 Column_44 Column_45 Column_46 Column_47 Column_48 Column_49 Column_50 Column_51 Column_52 Column_53 Column_54 Column_55 Column_56 Column_57 Column_58 Column_59 Column_60 Column_61 Column_62 Column_63 Column_64 Column_65 Column_66 Column_67 Column_68 Column_69 Column_70 Column_71 Column_72 Column_73 Column_74 Column_75 Column_76 Column_77 Column_78 Column_79 Column_80 Column_81 Column_82 Column_83 Column_84 Column_85 Column_86 Column_87 Column_88 Column_89 Column_90 Column_91 Column_92 Column_93 Column_94 Column_95 Column_96 Column_97 Column_98 Column_99 Column_100 Column_101 Column_102 Column_103 Column_104 Column_105 Column_106 Column_107 Column_108 Column_109 Column_110 Column_111 Column_112 Column_113 Column_114 Column_115 Column_116 Column_117 Column_118 Column_119 Column_120 Column_121 Column_122 Column_123 Column_124 Column_125 Column_126 Column_127 Column_128 Column_129 Column_130 Column_131 Column_132 Column_133 Column_134 Column_135 Column_136 Column_137 Column_138 Column_139 Column_140 Column_141 Column_142 Column_143 Column_144 Column_145 Column_146 Column_147 Column_148 Column_149 Column_150 Column_151 Column_152 Column_153 Column_154 Column_155 Column_156 Column_157 Column_158 Column_159 Column_160 Column_161 Column_162 Column_163 Column_164 Column_165 Column_166 Column_167 Column_168 Column_169 Column_170 Column_171 Column_172 Column_173 Column_174 Column_175 Column_176 Column_177 Column_178 Column_179 Column_180 Column_181 Column_182 Column_183 Column_184 Column_185 Column_186 Column_187 Column_188 Column_189 Column_190 Column_191 Column_192 Column_193 Column_194 Column_195 Column_196 Column_197 Column_198 Column_199 Column_200 Column_201 Column_202 Column_203 Column_204 Column_205 Column_206 Column_207 Column_208 Column_209 Column_210 Column_211 Column_212 Column_213 Column_214 Column_215 Column_216 Column_217 Column_218 Column_219 Column_220 Column_221 Column_222 Column_223 Column_224 Column_225 Column_226 Column_227 Column_228 Column_229 Column_230 Column_231 Column_232 Column_233 Column_234 Column_235 Column_236 Column_237 Column_238 Column_239 Column_240 Column_241 Column_242 Column_243 Column_244 Column_245 Column_246 Column_247 Column_248 Column_249 Column_250 Column_251 Column_252 Column_253 Column_254 Column_255 Column_256 Column_257 Column_258 Column_259 Column_260 Column_261 Column_262 Column_263 Column_264 Column_265 Column_266 Column_267 Column_268 Column_269 Column_270 Column_271 Column_272 Column_273 Column_274 Column_275 Column_276 Column_277 Column_278 Column_279 Column_280 Column_281 Column_282 Column_283 Column_284 Column_285 Column_286 Column_287 Column_288 Column_289 Column_290 Column_291 Column_292 Column_293 Column_294 Column_295 Column_296 Column_297 Column_298 Column_299 Column_300 Column_301 Column_302 Column_303 Column_304 Column_305 Column_306 Column_307 Column_308 Column_309 Column_310 Column_311 Column_312 Column_313 Column_314 Column_315 Column_316 Column_317 Column_318 Column_319 Column_320 Column_321 Column_322 Column_323 Column_324 Column_325 Column_326 Column_327 Column_328 Column_329 Column_330 Column_331 Column_332 Column_333 Column_334 Column_335 Column_336 Column_337 Column_338 Column_339 Column_340 Column_341 Column_342 Column_343 Column_344 Column_345 Column_346 Column_347 Column_348 Column_349 Column_350 Column_351 Column_352 Column_353 Column_354 Column_355 Column_356 Column_357 Column_358 Column_359 Column_360 Column_361 Column_362 Column_363 Column_364 Column_365 Column_366 Column_367 Column_368 Column_369 Column_370 Column_371 Column_372 Column_373 Column_374 Column_375 Column_376 Column_377 Column_378 Column_379 Column_380 Column_381 Column_382 Column_383 Column_384 Column_385 Column_386 Column_387 Column_388 Column_389 Column_390 Column_391 Column_392 Column_393 Column_394 Column_395 Column_396 Column_397 Column_398 Column_399 Column_400 Column_401 Column_402 Column_403 Column_404 Column_405 Column_406 Column_407 Column_408 Column_409 Column_410 Column_411 Column_412 Column_413 Column_414 Column_415 Column_416 Column_417 Column_418 Column_419 Column_420 Column_421 Column_422 Column_423 Column_424 Column_425 Column_426 Column_427 Column_428 Column_429 Column_430 Column_431 Column_432 Column_433 Column_434 Column_435 Column_436 Column_437 Column_438 Column_439 Column_440 Column_441 Column_442 Column_443 Column_444 Column_445 Column_446 Column_447 Column_448 Column_449 Column_450 Column_451 Column_452 Column_453 Column_454 Column_455 Column_456 Column_457 Column_458 Column_459 Column_460 Column_461 Column_462 Column_463 Column_464 Column_465 Column_466 Column_467 Column_468 Column_469 Column_470 Column_471 Column_472 Column_473 Column_474 Column_475 Column_476 Column_477 Column_478 Column_479 Column_480 Column_481 Column_482 Column_483 Column_484 Column_485 Column_486 Column_487 Column_488 Column_489 Column_490 Column_491 Column_492 Column_493 Column_494 Column_495 Column_496 Column_497 Column_498 Column_499 Column_500 Column_501 Column_502 Column_503 Column_504 Column_505 Column_506 Column_507 Column_508 Column_509 Column_510 Column_511 Column_512 Column_513 Column_514 Column_515 Column_516 Column_517 Column_518 Column_519 Column_520 Column_521 Column_522 Column_523 Column_524 Column_525 Column_526 Column_527 Column_528 Column_529 Column_530 Column_531 Column_532 Column_533 Column_534 Column_535 Column_536 Column_537 Column_538 Column_539 Column_540 Column_541 Column_542 Column_543 Column_544 Column_545 Column_546 Column_547 Column_548 Column_549 Column_550 Column_551 Column_552 Column_553 Column_554 Column_555 Column_556 Column_557 Column_558 Column_559 Column_560 Column_561 Column_562 Column_563 Column_564 Column_565 Column_566 Column_567
feature_infos=[2.0013689994812012:17.993154525756836] [-0.7776256799697876:0.99923950433731079] none none none [0:1] [0:1] [0:1] [0:1] [0:1] [0:1] [0:1] [0:1] [0:1] [0:1] [0:1] [0:1] [0:1] [0:1] [0:1] [0:1] [0:1] [0:1] [0:1] [0:1] [0:1] [0:1] [0:1] [0:1] [0:1] [0:1] [0:1] [0:1] [0:1] [0:1] [0:1] [0:1] [0:1] [0:1] [0:1] [0:1] [0:1] [0:1] [0:1] [0:1] [0:1] [0:1] [0:1] [0:1] [0:1] [0:1] [0:1] [0:1] [0:1] [0:1] [0:1] [0:1] [0:1] [0:1] [0:1] [0:1] [0:1] [0:1] [0:1] [0:1] [0:1] [0:1] [0:1] [0:1] [0:1] [0:1] [0:1] [0:1] [0:1] [0:1] [0:1] [0:1] [0:1] [0:1] [0:1] [0:1] [0:1] [0:1] [0:1] [0:1] [0:1] [0:1] [0:1] [0:1] [0:1] [0:1] [0:1] [0:1] [0:1] [0:1] [0:1] [0:1] [0:1] [0:1] [0:1] [0:1] [0:1] [0:1] [0:1] [0:1] [0:1] [0:1] [0:1] [0:1] none none none none [0:1] [0:1] none [0:1] none [0:1] none none [0:1] none none none none [0:1] [0:1] [0:1] [0:1] [0:1] none [0:1] [0:1] [0:1] [0:1] none [0:1] [0:1] [0:1] [0:1] [0:1] [0:1] [0:1] [0:1] [0:1] [0:1] [0:1] [0:1] [0:1] [0:1] [0:1] [0:1] [0:1] [0:1] [0:1] [0:1] none none none none none none none none none none [0:1] [0:1] none none none none none [0:1] [0:1] [0:1] [0:1] [0:1] [0:1] [0:1] [0:1] [0:1] [0:1] [0:1] [0:1] [0:1] [0:1] [0:1] [0:1] [0:1] [0:1] [0:1] [0:1] [0:1] [0:1] [0:1] [0:1] [0:1] [0:1] [0:1] [0:1] none none [0:1] [0:1] [0:1] none [0:1] [0:1] [0:1] [0:1] [0:1] none [0:1] none none [0:1] none [0:1] [0:1] [0:1] [0:1] [0:1] [0:1] [0:1] [0:1] [0:1] [0:1] [0:1] [0:1] [0:1] [0:1] [0:1] [0:1] [0:1] [0:1] [0:1] [0:1] [0:1] [0:1] [0:1] [0:1] [0:1] none none none none none none none none none none none none none none none none none [0:1] [0:1] [0:1] [0:1] [0:1] [0:1] [0:1] [0:1] [0:1] [0:1] none [0:1] [0:1] [0:1] [0:1] none [0:1] [0:1] none none none [0:1] [0:1] none none none none none [0:1] [0:1] [0:1] [0:1] [0:1] [0:1] [0:1] none none none [0:1] none [0:1] [0:1] [0:1] none [0:1] [0:1] [0:1] [0:1] none none [0:1] [0:1] none none none none [0:1] [0:1] none none none [0:1] none none [0:1] [0:1] none none [0:1] [0:1] none none none none none none none none none none none none none none none none none none none none none none none none none none none none none none none none none none none none none none none none none none none none none none none none none none none none none none none none none none none none none none none none none none none none none none none none none none none none none none none none none none none none none none none none none none none none none none none none none none none none none none none none none none none none none none none none none none none none none none none none none none none none none none none none none none none none none none none none none none none none none none none none none none none none none none none none none none none none none none none none none none none none none none none none none none none none none none none none none none none none none none none none none none none none none none none none none none none none none none none none none none none none none none none none none none none none none none none none none none none none none none none none none none none none none none none none none none none none none
tree_sizes=3386 3439 3441 3469 3471 3494 3479 3474 3474 3481 3497 3484 3478 3478 3502 3481 3478 3472 3496

Tree=0
num_leaves=31
num_cat=0
split_feature=1 7 14 7 9 9 14 15 130 0 15 15 0 0 6 33 73 94 14 9 22 22 9 0 0 62 50 139 138 0
split_gain=167.472 56.3291 49.3682 40.1643 36.8093 22.2444 27.3065 21.0434 18.925 17.4041 14.7928 14.2811 11.5476 10.5465 10.4215 9.69434 9.33933 9.06777 8.75348 8.52375 9.21839 7.99663 9.56984 7.2683 7.21732 6.94891 6.65516 6.29902 7.56012 6.19237
threshold=-0.030344513244926926 1.0000000180025095e-35 1.0000000180025095e-35 1.0000000180025095e-35 1.0000000180025095e-35 1.0000000180025095e-35 1.0000000180025095e-35 1.0000000180025095e-35 1.0000000180025095e-35 17.548254966735843 1.0000000180025095e-35 1.0000000180025095e-35 3.5961669683456425 12.581793308258058 1.0000000180025095e-35 1.0000000180025095e-35 1.0000000180025095e-35 1.0000000180025095e-35 1.0000000180025095e-35 1.0000000180025095e-35 1.0000000180025095e-35 1.0000000180025095e-35 1.0000000180025095e-35 15.260780334472658 9.5071868896484393 1.0000000180025095e-35 1.0000000180025095e-35 1.0000000180025095e-35 1.0000000180025095e-35 16.379192352294925
decision_type=2 2 2 2 2 2 2 2 2 2 2 2 2 2 2 2 2 2 2 2 2 2 2 2 2 2 2 2 2 2
left_child=1 2 4 5 8 6 9 25 10 11 14 29 21 -7 15 -1 -12 -13 27 -4 -21 22 -3 -5 -8 -6 -27 28 -14 -2
right_child=3 12 19 23 7 13 24 -9 -10 -11 16 17 18 -15 -16 -17 -18 -19 -20 20 -22 -23 -24 -25 -26 26 -28 -29 -30 -31
leaf_value=-0.95849393662617521 -0.98875071499541378 -1.0248907558253377 -1.0424041197300444 -1.1513803805635701 -1.0235357186988243 -1.1040751105739688 -1.0027584827589502 -1.0995299387871551 -0.89235151137030433 -1.2240812134228258 -1.1015024702859102 -1.0989353761888019 -1.0846478931045842 -1.1639482450915086 -0.99980751301676529 -0.73909575144633344 -0.93806414610335587 -0.9584939366261751 -1.1369037103521695 -1.1200946606029731 -0.98973949860225163 -0.94373908791525007 -1.1370034177517927 -1.193574566763751 -1.132765491134389 -0.89097174761007758 -1.0328583741292374 -1.177212870458711 -0.97324878533710013 -1.0953116246729346
leaf_weight=3.7652406096458435 44.618101224303246 22.591443657875061 64.9504005163908 152.68050672113895 18.449678987264633 50.830748230218887 4.5182887315750113 27.297994419932365 49.136389955878258 5.27133685350418 12.237031981348993 35.958047822117805 60.243849754333496 69.845213308930397 8.4717913717031479 4.33002670109272 4.8948127925395957 5.27133685350418 49.32465198636055 35.581523761153221 6.4009090363979331 6.7774330973625174 11.483983859419821 55.725561022758484 77.752218589186668 11.107459798455237 4.7065507620573035 6.4009090363979331 6.7774330973625174 6.2126470059156409
leaf_count=20 237 120 345 811 98 270 24 145 261 28 65 191 320 371 45 23 26 28 262 189 34 36 61 296 413 59 25 34 36 33
internal_value=-1.09048 -1.04333 -1.0136 -1.12893 -0.975461 -1.10552 -1.08321 -1.03403 -0.931935 -1.04737 -0.989652 -1.03725 -1.089 -1.13873 -0.922277 -0.841141 -1.05481 -1.08098 -1.10432 -1.0651 -1.10022 -1.04294 -1.06267 -1.16266 -1.12563 -0.981842 -0.9332 -1.08243 -1.07338 -1.00177
internal_weight=923.614 414.93 251.33 508.684 144.397 300.278 179.602 61.5617 82.8353 97.3315 33.6989 92.0601 163.6 120.676 16.5671 8.09527 17.1318 41.2294 122.747 106.933 41.9824 40.8529 34.0754 208.406 82.2705 34.2637 15.814 73.4222 67.0213 50.8307
internal_count=4906 2204 1335 2702 767 1595 954 327 440 517 179 489 869 641 88 43 91 219 652 568 223 217 181 1107 437 182 84 390 356 270
is_linear=0
shrinkage=1


Tree=1
num_leaves=31
num_cat=0
split_feature=1 7 14 7 9 9 14 15 0 0 15 15 1 0 139 94 95 0 9 22 73 42 10 0 22 12 55 10 0 0
split_gain=134.81 42.6605 35.6809 34.7293 25.2648 18.5135 21.9003 15.7162 14.4678 12.9349 12.2285 10.7044 9.541 9.19584 7.3224 6.85222 6.7151 6.70842 6.69291 7.22844 6.28513 5.91928 7.43055 5.81159 5.74976 5.63363 8.09388 9.50747 7.94705 13.0747
threshold=-0.030344513244926926 1.0000000180025095e-35 1.0000000180025095e-35 1.0000000180025095e-35 1.0000000180025095e-35 1.0000000180025095e-35 1.0000000180025095e-35 1.0000000180025095e-35 17.548254966735843 5.9260780811309823 1.0000000180025095e-35 1.0000000180025095e-35 -0.46444596350193018 12.581793308258058 1.0000000180025095e-35 1.0000000180025095e-35 1.0000000180025095e-35 15.260780334472658 1.0000000180025095e-35 1.0000000180025095e-35 1.0000000180025095e-35 1.0000000180025095e-35 1.0000000180025095e-35 9.5071868896484393 1.0000000180025095e-35 1.0000000180025095e-35 1.0000000180025095e-35 1.0000000180025095e-35 3.2950034141540532 2.5407255887985234
decision_type=2 2 2 2 2 2 2 2 2 2 2 2 2 2 2 2 2 2 2 2 2 2 2 2 2 2 2 2 2 2
left_child=1 2 4 5 9 6 8 -6 11 25 -11 -2 14 -7 16 21 -3 -5 -4 -20 -12 -13 -23 -8 -9 28 27 -27 29 -1
right_child=3 12 18 17 7 13 23 24 -10 10 20 15 -14 -15 -16 -17 -18 -19 19 -21 -22 22 -24 -25 -26 26 -28 -29 -30 -31
leaf_value=0.081347929909814945 0.076296417595840119 0.0268913225778908 0.042205682344709256 -0.056633335872371918 0.092513032266732853 -0.012327667031354798 0.075507418221233177 -0.026587123398025842 -0.12940277071292317 0.13875813772072931 -0.028323562675833854 0.025767460704705758 -0.02084482072910053 -0.06879335124475193 -0.10637588626342523 0.1112148000719952 0.15267462756962247 -0.09813999916943511 -0.027079094299439874 0.086165313483500428 0.12119916174750422 -0.12091746345737736 0.023565522586720223 -0.038927844731756402 0.10680742152944495 0.050353933101467296 0.24092757366366022 0.21299021574589161 0.089264664756000006 0.3067743146881588
leaf_weight=4.9478884935379046 53.036430940032005 66.215718284249306 66.491503715515137 148.02631996572018 36.068261668086052 50.486630201339722 4.7126680612564078 23.426745086908344 4.916535258293151 16.109771475195885 10.484821081161501 21.371546477079391 89.066464677453041 67.273472517728806 3.8662841469049445 5.6098330020904532 4.5349859446287146 52.838385224342346 35.05587463080883 6.7164380252361289 3.8411657214164725 8.0611973553895933 6.373970001935958 76.109803453087807 3.7482792139053336 6.7975358366966248 15.199920549988747 7.6279947608709335 18.751613929867744 5.3602125346660614
leaf_count=24 270 347 345 811 182 270 24 125 28 79 56 114 477 371 21 28 24 296 189 34 19 43 34 413 20 33 74 37 92 26
internal_value=-0.000169897 0.0412643 0.0663926 -0.0354153 0.097582 -0.0137504 0.00640084 0.0492428 0.0378419 0.131885 0.0789841 0.0465474 0.00125334 -0.0445851 0.0276308 0.00845202 0.0349538 -0.0675519 0.0224984 -0.00887088 0.0117673 -0.00764781 -0.0571198 -0.0322553 -0.00818788 0.159321 0.190007 0.136353 0.128037 0.19857
internal_weight=923.128 424.311 260.628 498.817 152.364 297.952 180.192 63.2433 99.3695 89.1209 30.4358 94.453 163.683 117.76 74.617 41.4165 70.7507 200.865 108.264 41.7723 14.326 35.8067 14.4352 80.8225 27.175 58.6852 29.6255 14.4255 29.0597 10.3081
internal_count=4906 2204 1335 2702 767 1595 954 327 517 440 154 489 869 641 392 219 371 1107 568 223 75 191 77 437 145 286 144 70 142 50
is_linear=0
shrinkage=0.1


Tree=2
num_leaves=31
num_cat=0
split_feature=1 7 7 14 9 9 14 0 15 12 0 14 0 1 15 0 138 8 62 1 22 73 8 94 10 81 42 21 135 6
split_gain=109.088 32.84 29.9672 26.6245 18.2587 15.394 17.6183 12.1274 11.971 9.43166 10.1565 8.80397 8.58216 8.474 8.1662 8.00617 7.40542 6.3072 7.17588 6.23518 5.95174 5.47132 6.25262 5.27666 5.13466 8.14534 6.94283 5.12203 5.11228 5.67194
threshold=-0.030344513244926926 1.0000000180025095e-35 1.0000000180025095e-35 1.0000000180025095e-35 1.0000000180025095e-35 1.0000000180025095e-35 1.0000000180025095e-35 17.548254966735843 1.0000000180025095e-35 1.0000000180025095e-35 3.2950034141540532 1.0000000180025095e-35 2.8350445032119755 -0.71769717335700978 1.0000000180025095e-35 12.581793308258058 1.0000000180025095e-35 1.0000000180025095e-35 1.0000000180025095e-35 0.66811162233352672 1.0000000180025095e-35 1.0000000180025095e-35 1.0000000180025095e-35 1.0000000180025095e-35 1.0000000180025095e-35 1.0000000180025095e-35 1.0000000180025095e-35 1.0000000180025095e-35 1.0000000180025095e-35 1.0000000180025095e-35
decision_type=2 2 2 2 2 2 2 2 2 2 2 2 2 2 2 2 2 2 2 2 2 2 2 2 2 2 2 2 2 2
left_child=1 3 5 4 9 6 7 14 -6 10 13 16 -13 -1 -2 27 -3 -12 -19 -4 -18 -5 -23 24 26 -26 -16 -7 29 -11
right_child=2 11 19 21 8 15 -8 -9 -10 28 17 12 -14 -15 23 -17 20 18 -20 -21 -22 22 -24 -25 25 -27 -28 -29 -30 -31
leaf_value=0.070726927651598243 0.066234051836407737 0.0089368382999495035 -0.052082228668014374 0.032740431118291072 0.079791320599362114 -0.023295296479021843 -0.029572525924789442 -0.12583386435629287 -0.007455009161649419 0.15577704094949785 0.014904836830910241 0.080270877862869974 -0.041612112705837125 0.246119567113356 0.0057004677981015118 -0.06437057724498943 0.016677099380293412 0.025049077231945261 0.15165232896027875 -0.09218731815037981 0.15397654954969833 0.022780723813619841 -0.074770222841933742 0.095235502928517471 -0.013998878867373108 0.13905276155248589 -0.11631349413872161 0.073010209911845717 0.18911862012338834 0.06599394867926732
leaf_weight=5.1122817993164062 54.877765774726868 89.551410332322121 140.10860322415829 82.581704810261726 37.550422817468643 43.855534672737122 79.460041329264641 4.5682758688926688 27.059564813971519 17.4731565117836 18.517528921365738 6.4548667073249808 55.020181730389595 5.9731507301330549 12.152159690856935 64.836175203323364 5.86973989009857 7.8039289861917505 10.501529008150101 53.594819724559784 6.8321077674627304 15.243917688727379 11.547983422875404 5.8800440430641165 10.818505033850668 5.1242311745882025 7.5678070932626715 6.3181702494621268 16.586812362074852 11.77992680668831
leaf_count=24 270 474 791 428 182 236 437 28 145 81 90 33 298 26 64 371 30 38 50 316 34 80 60 28 57 27 43 34 76 55
internal_value=-0.0002811 0.0363714 -0.03261 0.057946 0.0841535 -0.0125691 0.00565376 0.0333705 0.0432513 0.112343 0.0813166 0.00109213 -0.0288144 0.165234 0.0409134 -0.0411606 0.0190721 0.0560537 0.0976792 -0.0631787 0.0905281 0.020001 -0.0192662 0.00746497 -0.00700658 0.0351942 -0.0411241 -0.0111679 0.144769 0.119622
internal_weight=920.622 431.46 489.162 267.732 158.358 295.459 180.449 100.989 64.61 93.7483 47.9084 163.728 61.475 11.0854 96.4205 115.01 102.253 36.823 18.3055 193.703 12.7018 109.374 26.7919 41.5427 35.6627 15.9427 19.72 50.1737 45.8399 29.2531
internal_count=4906 2204 2702 1335 767 1595 954 517 327 440 228 869 331 50 489 641 538 178 88 1107 64 568 140 219 191 84 107 270 212 136
is_linear=0
shrinkage=0.1


Tree=3
num_leaves=31
num_cat=0
split_feature=1 7 7 14 15 9 14 0 9 47 0 0 0 0 13 82 9 134 14 139 21 15 5 69 6 40 42 99 101 9
split_gain=88.5908 25.7947 25.6047 20.3581 13.84 12.7944 14.1936 10.53 9.90061 10.5049 8.1713 9.81126 7.19775 6.94847 6.86204 6.6565 6.53336 6.20755 6.14413 6.04645 6.11011 6.41614 5.97079 5.74118 5.64181 5.61202 8.01838 5.74495 5.39014 5.23497
threshold=-0.030344513244926926 1.0000000180025095e-35 1.0000000180025095e-35 1.0000000180025095e-35 1.0000000180025095e-35 1.0000000180025095e-35 1.0000000180025095e-35 17.229294776916507 1.0000000180025095e-35 1.0000000180025095e-35 9.0704994201660174 11.02532482147217 5.3018479347229013 12.581793308258058 1.0000000180025095e-35 1.0000000180025095e-35 1.0000000180025095e-35 1.0000000180025095e-35 1.0000000180025095e-35 1.0000000180025095e-35 1.0000000180025095e-35 1.0000000180025095e-35 1.0000000180025095e-35 1.0000000180025095e-35 1.0000000180025095e-35 1.0000000180025095e-35 1.0000000180025095e-35 1.0000000180025095e-35 1.0000000180025095e-35 1.0000000180025095e-35
decision_type=2 2 2 2 2 2 2 2 2 2 2 2 2 2 2 2 2 2 2 2 2 2 2 2 2 2 2 2 2 2
left_child=2 5 3 4 16 6 7 10 9 15 -2 14 19 -7 22 17 24 -6 25 20 -4 -22 -12 -13 -1 26 28 -28 -3 -5
right_child=1 18 12 29 8 13 -8 -9 -10 -11 11 23 -14 -15 -16 -17 -18 -19 -20 -21 21 -23 -24 -25 -26 -27 27 -29 -30 -31
leaf_value=0.15951292597038724 -0.095250179370954646 -0.058854559667813555 0.017269214678216391 0.034848416408620429 0.08633020668150046 -0.010138153641693974 -0.027056091321269557 -0.080396466982582182 -0.0067361815889442761 -0.015014839553198576 0.13789223505583795 0.00039534904208184997 -0.022025087472375651 -0.06017687406389375 0.16943492904057314 -0.0058567007158900281 0.06943081210804089 0.18779681423473296 -0.082270725539229872 -0.088122957520611001 0.18668398691275534 0.013771220029234527 -0.011895954289690581 0.057901210540664022 0.09199419721851107 -0.081574433627829124 -0.013132240301297818 0.095075253247101643 0.067659529505618488 -0.010011821286151168
leaf_weight=23.678887620568275 4.3314031511545172 56.986052021384239 75.749680325388908 68.441945105791092 22.530325829982758 49.886310040950775 78.232457593083382 8.0288865864276868 26.958045288920403 11.313896656036375 4.6732225567102432 36.737340584397316 74.422664746642113 62.541768655180931 9.3619464337825775 5.5110856741666785 38.767795845866203 8.2325243353843707 70.752339482307434 4.8812054842710486 4.6049841493368131 4.0186838507652283 6.1810158938169479 32.916592121124268 25.92574068903923 30.691169634461403 18.230571493506435 6.7132735401391974 3.5791230350732794 41.961592018604279
leaf_count=103 21 339 392 345 101 270 437 47 145 57 23 186 405 371 46 25 182 37 419 28 23 21 30 164 117 183 106 39 21 223
internal_value=-0.000353253 -0.0300178 0.0322196 0.0509513 0.073418 -0.011494 0.00500281 0.0295361 0.0416836 0.069113 0.0389057 0.0453716 0.000939926 -0.0379738 0.106702 0.0953526 0.100187 0.113484 -0.0590381 0.0200887 0.026349 0.106106 0.0525944 0.0275711 0.124224 -0.0448922 -0.0317261 0.0159902 -0.0513782 0.0177982
internal_weight=916.843 479.843 436.999 273.322 162.918 292.891 180.463 102.23 74.5459 47.5878 94.2015 89.8701 163.677 112.428 20.2162 36.2739 88.3724 30.7629 186.953 89.2546 84.3733 8.62367 10.8542 69.6539 49.6046 116.2 85.509 24.9438 60.5652 110.404
internal_count=4906 2702 2204 1335 767 1595 954 517 365 220 470 449 869 641 99 163 402 138 1107 464 436 44 53 350 220 688 505 145 360 568
is_linear=0
shrinkage=0.1


Tree=4
num_leaves=31
num_cat=0
split_feature=1 7 14 7 9 14 9 42 0 14 1 0 15 8 56 15 15 13 33 138 0 1 9 12 39 0 0 0 138 82
split_gain=73.9851 28.0392 17.0005 15.2287 13.8867 10.3694 9.64696 8.65945 7.90026 7.71901 8.06367 7.55609 7.27839 8.5947 10.1364 6.66661 6.51683 8.96796 9.27551 5.77748 6.51261 6.52222 5.72146 5.63875 8.94888 5.6095 9.9044 5.53885 5.27165 5.11376
threshold=0.19841813296079638 1.0000000180025095e-35 1.0000000180025095e-35 1.0000000180025095e-35 1.0000000180025095e-35 1.0000000180025095e-35 1.0000000180025095e-35 1.0000000180025095e-35 5.9260780811309823 1.0000000180025095e-35 0.95330443978309642 2.8350445032119755 1.0000000180025095e-35 1.0000000180025095e-35 1.0000000180025095e-35 1.0000000180025095e-35 1.0000000180025095e-35 1.0000000180025095e-35 1.0000000180025095e-35 1.0000000180025095e-35 2.1683777570724492 -0.49288918077945704 1.0000000180025095e-35 1.0000000180025095e-35 1.0000000180025095e-35 6.8391511440277108 7.8234086036682138 6.3449692726135263 1.0000000180025095e-35 1.0000000180025095e-35
decision_type=2 2 2 2 2 2 2 2 2 2 2 2 2 2 2 2 2 2 2 2 2 2 2 2 2 2 2 2 2 2
left_child=1 2 4 6 8 19 9 -5 -1 10 -2 -7 13 25 22 29 17 18 -10 20 -3 -22 -15 24 -9 -4 -27 -14 -17 -6
right_child=3 5 12 7 15 11 -8 23 16 -11 -12 -13 27 14 -16 28 -18 -19 -20 -21 21 -23 -24 -25 -26 26 -28 -29 -30 -31
leaf_value=0.10317731005450728 0.024329048120458489 -0.1376006649500586 0.028841025162834429 -0.085548691118809805 0.063066171957533765 0.06597586621623798 -0.046251184495428616 -0.020003816255694588 -0.025581544662131292 -0.030074670709289399 -0.1210196126639299 -0.04459199963444857 0.010380417680683705 0.10110835804730939 -0.051445469481147893 -0.024472940223432566 0.012358944371625363 0.13117800691101178 0.14010728821816387 0.073188214713117136 0.04270172220776175 -0.0089902049407791541 -0.017487198526411622 0.0024247908200542641 -0.11433489096825056 0.21445961475400127 0.058239360999489245 -0.05503136751197988 0.10079853798095764 -0.029632440474021866
leaf_weight=66.607810452580452 76.057065412402153 3.1632454246282569 26.517008453607559 71.883822500705719 41.293480947613716 6.7651285231113425 83.710363700985909 25.073740929365158 10.744758278131483 61.489661246538162 4.0185670256614676 71.548120677471161 33.21565854549408 10.055846586823465 20.542893633246422 27.831326529383663 23.680646255612373 17.142114818096161 4.9284843206405631 13.446006640791891 36.273930832743645 74.624322190880775 6.8314192295074454 24.678978964686394 16.791753858327866 5.4217226505279568 16.139424994587898 21.212247937917709 3.8203715085983267 6.9531017541885367
leaf_count=286 378 16 135 456 195 33 498 148 50 351 28 407 169 51 109 151 118 76 21 65 186 416 36 147 102 28 86 111 20 33
internal_value=-0.000403773 0.0227781 0.0402898 -0.0353807 0.0587755 -0.00639995 -0.0193404 -0.0614844 0.0798464 -0.00342747 0.0170348 -0.0350405 0.0134729 0.0316682 -0.00426317 0.0263104 0.0523397 0.0811912 0.0265197 0.0111907 0.00388217 0.00791781 0.0531328 -0.0354892 -0.0578389 0.0596418 0.0975222 -0.0151126 -0.00935263 0.0497068
internal_weight=912.463 548.759 342.938 363.704 203.002 205.821 225.276 138.428 123.104 141.565 80.0756 78.3132 139.936 85.5083 37.4302 79.8983 56.496 32.8154 15.6732 127.508 114.061 110.898 16.8873 66.5445 41.8655 48.0782 21.5611 54.4279 31.6517 48.2466
internal_count=4906 2798 1675 2108 950 1123 1255 853 551 757 406 440 725 445 196 399 265 147 71 683 618 602 87 397 250 249 114 280 171 228
is_linear=0
shrinkage=0.1


Tree=5
num_leaves=31
num_cat=0
split_feature=1 7 14 7 9 1 9 42 0 14 130 15 8 56 139 23 15 13 56 15 12 39 10 0 99 86 0 15 13 33
split_gain=60.6596 22.2857 13.4214 13.3085 10.8458 8.87245 8.13595 7.90488 6.68503 7.0062 6.13459 5.79058 6.67162 8.22523 5.61876 5.59674 5.26251 5.23652 6.18404 4.98176 4.84646 8.20338 4.81493 4.69091 6.01976 5.86393 4.63128 4.57407 6.59658 7.02934
threshold=0.19841813296079638 1.0000000180025095e-35 1.0000000180025095e-35 1.0000000180025095e-35 1.0000000180025095e-35 -0.20009126514196393 1.0000000180025095e-35 1.0000000180025095e-35 17.548254966735843 1.0000000180025095e-35 1.0000000180025095e-35 1.0000000180025095e-35 1.0000000180025095e-35 1.0000000180025095e-35 1.0000000180025095e-35 1.0000000180025095e-35 1.0000000180025095e-35 1.0000000180025095e-35 1.0000000180025095e-35 1.0000000180025095e-35 1.0000000180025095e-35 1.0000000180025095e-35 1.0000000180025095e-35 12.699520587921144 1.0000000180025095e-35 1.0000000180025095e-35 6.3449692726135263 1.0000000180025095e-35 1.0000000180025095e-35 1.0000000180025095e-35
decision_type=2 2 2 2 2 2 2 2 2 2 2 2 2 2 2 2 2 2 2 2 2 2 2 2 2 2 2 2 2 2
left_child=1 2 4 6 10 14 8 -5 9 19 27 12 17 -14 -3 -11 -6 -4 -19 -2 21 22 -9 25 -25 -22 -13 28 29 -1
right_child=3 5 11 7 16 -7 -8 20 -10 15 -12 26 13 -15 -16 -17 -18 18 -20 -21 23 -23 -24 24 -26 -27 -28 -29 -30 -31
leaf_value=-0.0196344332838157 0.044291809348975336 0.014929174216994901 0.022252413404992163 -0.081420831300381732 0.043863815877951365 -0.034012431304347043 -0.042815070075595013 -0.051297498068625207 -0.096151596279631851 0.071097543227810894 0.092638224066426883 0.0092956844512324509 0.046593816209128419 -0.047577415832907213 -0.069121844371078323 -0.034925565498832516 -0.0085049715637747613 0.029359289417212182 0.13469524075019887 -0.0069824269491090846 0.0018940248202537783 -0.11065012141677147 0.040501596999050635 -0.083396070368641995 0.071029625474555311 0.15484028219254042 -0.050960770093977328 0.017746365316619474 0.11142614137143175 0.12255546647252052
leaf_weight=11.098345309495928 42.925847992300987 124.03378953039646 26.865026533603668 68.170770317316055 49.133273869752884 72.291251391172409 81.504792705178261 15.857572332024574 7.3240627199411383 5.5135502815246573 62.429934993386269 33.37367744743824 17.280959352850914 20.01994700729847 8.4983698725700361 51.34493699669838 31.485195204615593 10.078362867236137 12.468571454286575 33.924247577786446 8.5778047591447848 15.673690542578695 8.9318938255310059 9.1003352999687177 3.4932792186737052 3.5417944341897956 20.646431788802147 27.453184351325035 19.382336974143982 5.0628061145544043
leaf_count=52 202 648 136 456 228 425 498 95 49 32 261 169 87 109 50 298 171 50 63 176 52 102 53 54 20 21 111 134 83 21
internal_value=-0.000444862 0.020322 0.0357698 -0.0326324 0.0520287 -0.00583186 -0.0176632 -0.057614 -0.00312751 0.001968 0.0704225 0.0119654 0.0279757 -0.00394927 0.00953956 -0.0246445 0.0234114 0.0520757 0.0876106 0.0216576 -0.0327134 -0.0540243 -0.0182214 0.00217912 -0.0405607 0.0465906 -0.0137343 0.0484067 0.0720881 0.0249094
internal_weight=907.486 551.601 346.778 355.885 206.045 204.823 222.537 133.347 141.033 133.709 125.427 140.733 86.7129 37.3009 132.532 56.8585 80.6185 49.412 22.5469 76.8501 65.1764 40.4632 24.7895 24.7132 12.5936 12.1196 54.0201 62.9967 35.5435 16.1612
internal_count=4906 2798 1675 2108 950 1123 1255 853 757 708 551 725 445 196 698 330 399 249 113 378 397 250 148 147 74 73 280 290 156 73
is_linear=0
shrinkage=0.1


Tree=6
num_leaves=31
num_cat=0
split_feature=1 14 7 9 12 7 42 9 15 138 0 0 133 133 6 0 82 0 14 6 9 16 15 8 56 5 133 67 10 6
split_gain=49.8553 17.9536 11.6258 10.8188 9.19046 8.88114 7.16362 6.83738 6.83481 7.75048 6.61051 6.30474 10.0033 6.2364 6.63344 6.01056 6.22386 5.7943 5.69747 5.69401 5.42898 4.87327 4.62631 5.21226 6.69491 5.10682 6.24678 5.47495 4.57055 5.58018
threshold=0.19841813296079638 1.0000000180025095e-35 1.0000000180025095e-35 1.0000000180025095e-35 1.0000000180025095e-35 1.0000000180025095e-35 1.0000000180025095e-35 1.0000000180025095e-35 1.0000000180025095e-35 1.0000000180025095e-35 2.4503763914108281 3.4195755720138554 1.0000000180025095e-35 1.0000000180025095e-35 1.0000000180025095e-35 9.2238192558288592 1.0000000180025095e-35 17.548254966735843 1.0000000180025095e-35 1.0000000180025095e-35 1.0000000180025095e-35 1.0000000180025095e-35 1.0000000180025095e-35 1.0000000180025095e-35 1.0000000180025095e-35 1.0000000180025095e-35 1.0000000180025095e-35 1.0000000180025095e-35 1.0000000180025095e-35 1.0000000180025095e-35
decision_type=2 2 2 2 2 2 2 2 2 2 2 2 2 2 2 2 2 2 2 2 2 2 2 2 2 2 2 2 2 2
left_child=1 3 7 4 11 22 -4 17 10 -10 -5 12 -1 14 -7 16 28 18 -2 -17 -15 -6 23 25 -25 26 -3 -27 29 -13
right_child=2 5 6 8 21 13 -8 -9 9 -11 -12 15 -14 20 -16 19 -18 -19 -20 -21 -22 -23 -24 24 -26 27 -28 -29 -30 -31
leaf_value=0.15214547870942538 0.019317062755496096 0.045746451800113615 -0.077449595327962417 -0.083659640491516127 0.088473844843867888 -0.023797986824860833 -0.030236248401457763 -0.039577506972832993 -0.03463031107418283 0.089984869976556192 0.03526716066783854 -0.054881144922970554 0.018895971721123526 0.042380617087166665 -0.097392228650128282 0.012374502300233266 -0.068565169527879638 -0.09230378367177608 -0.022534649805719481 0.12420325648126006 -0.062123414768324663 0.041933513853925748 -0.012477070462669755 0.041043657163715053 -0.043950440584071743 0.16235347915494824 -0.059396953600885177 0.049560924420243679 0.043142891613020179 0.027730417272433694
leaf_weight=9.6420054137706757 77.460347130894661 23.114928334951404 64.68339940905571 4.9880333542823783 56.41198904812336 33.379347831010818 63.869072750210762 79.465283617377281 42.502524510025978 5.6550557762384406 74.205680221319199 15.325194641947745 13.553437530994415 16.552736639976505 19.346122473478317 9.2660146355628967 10.388199821114538 6.8891555070877066 56.07577720284462 8.9519708901643753 7.1048058569431296 37.425405368208885 53.630348265171051 17.635796219110489 19.531281977891922 6.2812552750110635 7.478808104991912 13.667459696531296 30.084900125861168 17.52847146987915
leaf_count=42 378 114 456 24 258 196 397 498 236 28 361 75 61 91 114 49 51 49 330 45 39 177 280 87 109 31 37 67 143 83
internal_value=-0.000469448 0.0181805 -0.0301029 0.0326777 0.0467005 -0.00418762 -0.0539925 -0.0161365 0.00971109 -0.019997 0.0277765 0.0277175 0.0742858 -0.0316613 -0.0508013 0.0159181 0.00314603 -0.00287154 0.00174229 0.067325 0.0109961 0.069912 0.0106597 0.0248068 -0.0036207 0.0457113 0.0200436 0.0850759 0.0149822 -0.0108053
internal_weight=902.095 553.652 348.443 335.929 208.578 217.723 128.552 219.891 127.351 48.1576 79.1937 114.74 23.1954 76.383 52.7255 91.5448 73.3268 140.425 133.536 18.218 23.6575 93.8374 141.34 87.7095 37.1671 50.5425 30.5937 19.9487 62.9386 32.8537
internal_count=4906 2798 2108 1633 984 1165 853 1255 649 264 385 549 103 440 310 446 352 757 708 94 130 435 725 445 196 249 151 98 301 158
is_linear=0
shrinkage=0.1


Tree=7
num_leaves=31
num_cat=0
split_feature=1 7 14 237 7 73 15 0 98 15 6 83 1 22 34 7 55 16 0 0 0 9 26 14 0 9 11 139 14 0
split_gain=40.8745 14.3253 11.9617 8.87171 8.2165 7.15035 6.94033 7.73174 6.69982 6.66808 5.99747 7.78732 6.34869 6.10214 5.88552 7.91743 5.65928 7.60014 6.90922 6.14734 5.93028 5.63448 5.50817 5.47424 5.41277 5.23568 5.04445 4.8526 4.71792 4.92211
threshold=-0.030344513244926926 1.0000000180025095e-35 1.0000000180025095e-35 1.0000000180025095e-35 1.0000000180025095e-35 1.0000000180025095e-35 1.0000000180025095e-35 17.370294570922855 1.0000000180025095e-35 1.0000000180025095e-35 1.0000000180025095e-35 1.0000000180025095e-35 -0.34367632865905756 1.0000000180025095e-35 1.0000000180025095e-35 1.0000000180025095e-35 1.0000000180025095e-35 1.0000000180025095e-35 5.3018479347229013 6.3449692726135263 4.3846678733825692 1.0000000180025095e-35 1.0000000180025095e-35 1.0000000180025095e-35 4.8911705017089853 1.0000000180025095e-35 1.0000000180025095e-35 1.0000000180025095e-35 1.0000000180025095e-35 10.120465755462648
decision_type=2 2 2 2 2 2 2 2 2 2 2 2 2 2 2 2 2 2 2 2 2 2 2 2 2 2 2 2 2 2
left_child=2 6 4 5 9 10 7 25 -8 -1 11 14 13 21 -4 -16 20 19 -19 24 26 -12 -22 -3 -18 28 -11 -6 -2 -30
right_child=1 23 3 -5 27 -7 8 -9 -10 16 12 -13 -14 -15 15 -17 17 18 -20 -21 22 -23 -24 -25 -26 -27 -28 -29 29 -31
leaf_value=0.064949934892527747 0.042357186630415551 -0.031336731134693104 -0.0062760339059633533 0.12236116443624273 0.01737977344504359 -0.039452006330143147 -0.03838679817440821 -0.082658133711052184 0.026490473663831574 -0.017670570742842041 0.020942640797772912 0.093472631834733269 -0.067610334607316247 0.11252965693262751 0.12301490195695484 -0.031922574625549448 -0.0080327709330967941 0.028905238060167322 0.15920890088599307 -0.059420258452230229 -0.12522962150786621 -0.081836251950803574 -0.0059099338364930077 -0.069107263355285664 0.1067120490775549 -0.013353566251565996 0.086292345928787012 -0.069761247035864685 0.073982607898887637 -0.016945741756921189
leaf_weight=94.853635758161545 57.800817742943764 104.07049027085304 48.261078327894211 5.7388385236263266 98.279283002018929 42.547855898737907 94.076948538422585 9.6038486361503583 19.15933658182621 9.0863044857978821 16.875946283340461 13.771441191434858 17.555113255977631 4.7227209061384192 9.0946543216705305 5.1747782528400412 8.2188445180654579 7.1569423824548748 9.432172477245329 7.5936365574598303 5.7742577642202386 7.7988718301057807 11.724461704492569 60.784292608499527 8.2253892719745618 61.168793380260468 9.5964315980672836 6.834841549396514 7.1646888852119437 35.207906231284142
leaf_count=402 263 688 250 29 498 232 547 64 106 42 85 70 93 23 45 30 37 32 46 39 29 42 59 419 38 369 43 40 38 208
internal_value=-0.000487061 -0.0218124 0.0208725 0.000124161 0.033732 -0.00410677 -0.00820851 0.00451055 -0.0274097 0.0472146 0.00809451 0.0253984 -0.0200258 0.00838991 0.0104061 0.0668272 0.0253125 0.0509285 0.102993 0.0149977 -0.00345095 -0.0115423 -0.0452833 -0.0452633 0.0493625 0.00969924 0.0357302 0.0117136 0.023776 -0.00157087
internal_weight=897.355 449.037 448.317 171.541 276.776 165.802 284.182 170.946 113.236 171.662 123.255 76.302 46.9527 29.3975 62.5305 14.2694 76.8084 40.627 16.5891 24.0379 36.1815 24.6748 17.4987 164.855 16.4442 161.342 18.6827 105.114 100.173 42.3726
internal_count=4906 2702 2204 899 1305 870 1595 942 653 767 638 395 243 150 325 75 365 192 78 114 173 127 88 1107 75 878 85 538 509 246
is_linear=0
shrinkage=0.1


Tree=8
num_leaves=31
num_cat=0
split_feature=1 7 7 9 42 100 15 16 0 6 8 1 10 9 22 80 40 0 12 14 151 60 10 0 1 8 16 34 0 0
split_gain=34.4428 13.0007 8.78655 8.61771 6.74121 6.65036 6.48517 10.7656 7.32102 6.74784 6.73102 5.92755 5.60781 5.29807 5.07952 4.74114 4.64236 4.63356 4.56934 4.56757 4.53107 4.36473 5.08705 7.13279 7.08133 8.99677 4.75207 5.41905 8.0778 4.75994
threshold=0.19841813296079638 1.0000000180025095e-35 1.0000000180025095e-35 1.0000000180025095e-35 1.0000000180025095e-35 1.0000000180025095e-35 1.0000000180025095e-35 1.0000000180025095e-35 5.9671459197998056 1.0000000180025095e-35 1.0000000180025095e-35 -0.31721043586730951 1.0000000180025095e-35 1.0000000180025095e-35 1.0000000180025095e-35 1.0000000180025095e-35 1.0000000180025095e-35 17.548254966735843 1.0000000180025095e-35 1.0000000180025095e-35 1.0000000180025095e-35 1.0000000180025095e-35 1.0000000180025095e-35 16.119096755981449 0.65001142024993908 1.0000000180025095e-35 1.0000000180025095e-35 1.0000000180025095e-35 15.51813840866089 13.726214885711672
decision_type=2 2 2 2 2 2 2 2 2 2 2 2 2 2 2 2 2 2 2 2 2 2 2 2 2 2 2 2 2 2
left_child=1 3 13 5 -4 6 7 -1 -8 10 -9 14 -12 17 -3 20 19 21 -18 -6 -13 -2 23 24 -23 -26 27 28 29 -24
right_child=2 11 4 -5 16 -7 8 9 -10 -11 12 15 -14 -15 -16 -17 18 -19 -20 -21 -22 22 26 -25 25 -27 -28 -29 -30 -31
leaf_value=0.083792024455859024 -0.024224694653720562 -2.3784103713866899e-05 -0.071325723552780412 0.0068213738772483212 0.024354209643551589 -0.067442018560240569 0.045666149115111992 0.11476690467985214 -0.011502535473493352 -0.014816496982570175 -0.040458147778461927 -0.038467560512147052 0.08501481010634318 -0.034808699068355681 0.055392901265363684 0.039671292250117687 -0.092788174329169332 -0.086326135820313343 -0.0053248912376116439 -0.050449864955725558 0.07036645063628956 -0.010589840607440532 0.031433239325757333 -0.084036909171487123 -0.0018701809397374165 0.20760029271662228 -0.0052561894488762535 0.14994444606556728 -0.06314526080472227 0.14490550629987592
leaf_weight=66.621940314769745 43.151164159178734 93.857045546174049 59.539257511496544 137.5936377197504 23.8587985932827 5.7291331887245169 53.910418659448624 11.634132027626038 38.324723869562149 24.681511715054512 8.3951009064912778 75.096759676933289 6.1871672272682199 76.52263106405735 20.078673377633095 10.150475203990935 14.7570541203022 6.2310090884566298 10.034895122051239 12.407715022563933 4.0306686609983435 30.361967608332634 8.857064783573156 9.7336198389530164 4.4883253723382932 3.7749161571264267 14.751995772123335 5.9119087010622016 5.4457324445247641 6.3450819849967948
leaf_count=296 233 490 456 693 145 26 237 52 194 111 39 450 27 498 98 61 107 49 63 82 24 165 46 52 24 20 75 31 29 33
internal_value=-0.000496958 0.0147746 -0.025768 0.0263724 -0.0473832 0.0388563 0.0417597 0.0573372 0.0219119 0.0227096 0.0580386 -0.00537611 0.0127793 -0.013676 0.00974219 -0.02467 -0.0240363 -0.00204645 -0.0573862 -0.0012382 -0.0329237 0.00190732 0.0144825 -0.00753186 0.0117475 0.0938227 0.0402522 0.0655287 0.0413588 0.0787944
internal_weight=892.465 556.291 336.173 353.078 120.598 215.484 209.755 117.52 92.2351 50.8979 26.2164 203.214 14.5823 215.575 113.936 89.2779 61.0585 139.053 24.7919 36.2665 79.1274 132.822 89.6706 48.3588 38.6252 8.26324 41.3118 26.5598 20.6479 15.2021
internal_count=4906 2798 2108 1675 853 982 956 525 431 229 118 1123 66 1255 588 535 397 757 170 227 474 708 475 261 209 44 214 139 108 79
is_linear=0
shrinkage=0.1


Tree=9
num_leaves=31
num_cat=0
split_feature=1 14 12 0 73 9 6 87 26 15 104 12 11 6 0 86 0 16 7 0 73 79 15 22 0 83 26 56 99 42
split_gain=28.3105 11.8755 8.47342 9.82138 8.57778 7.43532 7.24769 8.42385 9.46082 6.97606 6.80884 6.66548 6.61592 6.14337 5.85511 5.80103 5.61823 6.81328 5.77448 5.53995 4.98384 4.89291 4.64469 5.16035 5.10423 4.68736 4.56291 4.53491 4.52412 5.69716
threshold=0.19841813296079638 1.0000000180025095e-35 1.0000000180025095e-35 12.803559303283693 1.0000000180025095e-35 1.0000000180025095e-35 1.0000000180025095e-35 1.0000000180025095e-35 1.0000000180025095e-35 1.0000000180025095e-35 1.0000000180025095e-35 1.0000000180025095e-35 1.0000000180025095e-35 1.0000000180025095e-35 2.4503763914108281 1.0000000180025095e-35 2.6105407476425175 1.0000000180025095e-35 1.0000000180025095e-35 6.3449692726135263 1.0000000180025095e-35 1.0000000180025095e-35 1.0000000180025095e-35 1.0000000180025095e-35 2.4503763914108281 1.0000000180025095e-35 1.0000000180025095e-35 1.0000000180025095e-35 1.0000000180025095e-35 1.0000000180025095e-35
decision_type=2 2 2 2 2 2 2 2 2 2 2 2 2 2 2 2 2 2 2 2 2 2 2 2 2 2 2 2 2 2
left_child=1 5 6 12 28 11 -2 -8 -9 13 22 21 15 14 -3 27 -15 18 26 20 -11 -1 24 25 -7 -24 -18 -4 -5 -30
right_child=2 9 3 4 -6 10 7 8 -10 19 -12 -13 -14 16 -16 -17 17 -19 -20 -21 -22 -23 23 -25 -26 -27 -28 -29 29 -31
leaf_value=0.026803138200832077 -0.02049823795764608 -0.072067987105656858 -0.046737638657028291 -0.012203238669375754 -0.060356658773927041 -0.081828999558689733 -0.070223267092508368 0.1620868580999657 -0.060157103082415744 0.0097730973162563229 0.13584426569919619 0.055907859567096645 -0.014440871162910136 0.10493442097362826 0.033724649981720381 0.14258112700815745 -0.020721536980946479 -0.072429394001448932 -0.058350229796578626 -0.060192950743989282 -0.06722839140181229 -0.044341253103474421 -0.052293236669544413 0.055455515450586579 0.023414474641357749 0.041172157784393031 0.0729986309902355 0.066420084199227833 0.0072521048410620409 0.15843699043549575
leaf_weight=105.46047268807888 109.01849690824747 5.6222732216119757 4.775229468941693 49.196483924984932 36.949236162006855 4.9185855984687796 74.181145533919334 3.4689011722803107 4.2772151976823807 38.603039965033531 3.9105947315692893 95.890256077051163 16.299970611929893 3.5271479040384284 75.262934952974319 7.2789897620677939 9.0831166654825211 19.268476963043213 10.308874711394312 32.443619057536125 10.745257228612898 10.642396464943884 33.186478197574615 7.0902863293886176 73.046698361635208 6.4005695879459372 12.135532319545746 13.709186941385269 7.3704328015446645 3.7661883383989334
leaf_count=497 714 27 28 314 236 24 480 22 26 197 19 435 95 16 398 41 45 105 64 194 59 52 187 35 348 36 60 82 49 21
internal_value=-0.000504133 0.0132399 -0.0237047 -0.00495524 -0.0224124 0.02489 -0.0373874 -0.0598614 0.0393692 -0.0050429 0.00591499 0.0363964 0.035419 0.00890242 0.0263711 0.0669643 -0.0171078 -0.0255821 0.00304927 -0.0280956 -0.00699345 0.0202818 0.00183853 -0.0231099 0.016775 -0.0371814 0.0328796 0.0371871 0.000825389 0.0583799
internal_weight=887.838 557.547 330.291 139.346 97.2823 340.546 190.946 81.9273 7.74612 217 128.553 211.993 42.0634 135.208 80.8852 25.7634 54.3231 50.796 31.5275 81.7919 49.3483 116.103 124.643 46.6773 77.9653 39.587 21.2186 18.4844 60.3331 11.1366
internal_count=4906 2798 2108 866 620 1633 1242 528 48 1165 649 984 246 715 425 151 290 274 169 450 256 549 630 258 372 223 105 110 384 70
is_linear=0
shrinkage=0.1


Tree=10
num_leaves=31
num_cat=0
split_feature=1 7 14 237 7 73 19 15 0 98 9 22 57 178 14 83 14 0 151 15 26 16 61 0 15 9 63 87 139 0
split_gain=23.2942 10.5445 7.83416 6.51302 5.45543 5.13502 5.37813 4.94098 5.69902 5.56899 4.84417 7.71726 4.66679 4.65734 4.53189 4.5626 4.34876 6.11626 4.34418 4.26077 5.13062 7.95066 4.11385 4.71161 6.99813 4.03751 3.9853 3.91105 3.88194 4.04945
threshold=-0.030344513244926926 1.0000000180025095e-35 1.0000000180025095e-35 1.0000000180025095e-35 1.0000000180025095e-35 1.0000000180025095e-35 1.0000000180025095e-35 1.0000000180025095e-35 17.370294570922855 1.0000000180025095e-35 1.0000000180025095e-35 1.0000000180025095e-35 1.0000000180025095e-35 1.0000000180025095e-35 1.0000000180025095e-35 1.0000000180025095e-35 1.0000000180025095e-35 10.120465755462648 1.0000000180025095e-35 1.0000000180025095e-35 1.0000000180025095e-35 1.0000000180025095e-35 1.0000000180025095e-35 7.7043120861053476 1.0000000180025095e-35 1.0000000180025095e-35 1.0000000180025095e-35 1.0000000180025095e-35 1.0000000180025095e-35 2.3121149539947514
decision_type=2 2 2 2 2 2 2 2 2 2 2 2 2 2 2 2 2 2 2 2 2 2 2 2 2 2 2 2 2 2
left_child=2 7 4 5 12 6 10 8 13 18 -4 -12 19 16 15 26 -2 -18 -9 -1 21 -21 -7 24 25 -24 -3 -16 29 -6
right_child=1 14 3 -5 28 22 -8 9 -10 -11 11 -13 -14 -15 27 -17 17 -19 -20 20 -22 -23 23 -25 -26 -27 -28 -29 -30 -31
leaf_value=0.040402054084701905 0.026924964141000776 -0.041195038925648297 0.016179936549252576 0.10001896098201929 -0.05851083317163757 -0.069258521935472397 0.12107761526562683 -0.037237759742827066 -0.074094576393552283 0.027051368328296674 -0.044323089254017546 0.0706802449533349 0.055216131845529037 -0.090969567777040614 -0.068242510374752971 0.024161215957461367 0.055162135434026698 -0.021502492938557074 0.068943955763384093 -0.11451459421624098 0.020623164205924308 0.053462228955817127 0.068227341348642306 0.092489935935301415 -0.11273057259034963 -0.050596549566936613 0.038300728151613797 0.037745152096155879 -0.066365592229102169 0.018428592383138272
leaf_weight=55.597976207733154 88.588899105787277 76.307373635470867 77.383221030235291 6.098628804087638 7.3863437324762335 19.411349102854729 3.8644823133945456 85.957941517233849 8.5966688916087133 19.039758272469044 36.014592781662941 6.9631779789924613 75.745755136013031 4.4864006340503684 51.437087006866932 15.693401038646696 12.87294529378414 54.308318614959717 4.0339047014713278 8.0623113512992841 30.145159363746643 4.3316730558872214 6.752944648265844 3.9723428636789313 6.3090193420648566 4.9599445909261703 6.8744021356105796 3.7344059571623793 6.6130148023366919 92.595638036727905
leaf_count=233 453 530 388 29 37 110 20 523 64 106 197 33 331 25 394 109 65 335 24 40 142 21 35 22 37 28 49 25 40 461
internal_value=-0.000513579 -0.0171219 0.01535 -0.00147104 0.0256492 -0.00520796 0.00495743 -0.00548868 0.00522641 -0.0220827 0.00122911 -0.0256905 0.0365687 0.00948143 -0.038107 -0.0252947 0.0123746 -0.00681239 -0.0324781 0.022176 -0.00164514 -0.055807 -0.0357063 -0.00609424 -0.0278239 0.0179101 -0.0346253 -0.0610685 0.00783667 0.0127446
internal_weight=884.139 431.932 452.208 171.73 280.478 165.631 124.225 277.885 168.853 109.032 120.361 42.9778 173.883 160.257 154.047 98.8752 155.77 67.1813 89.9918 98.1371 42.5391 12.394 41.4056 21.9943 18.0219 11.7129 83.1818 55.1715 106.595 99.982
internal_count=4906 2702 2204 899 1305 870 638 1595 942 653 618 230 767 878 1107 688 853 400 547 436 203 61 232 122 100 63 579 419 538 498
is_linear=0
shrinkage=0.1


Tree=11
num_leaves=31
num_cat=0
split_feature=0 7 141 9 15 14 83 178 34 1 78 82 11 10 22 15 8 7 5 14 10 56 195 23 0 94 61 26 12 0
split_gain=19.6987 12.6488 8.38742 7.40874 6.65845 6.20925 6.38548 6.05093 5.80003 5.72259 5.25347 4.81135 5.14461 4.66092 4.61156 6.03879 5.19031 5.31233 4.42409 4.40635 4.90846 4.31582 4.145 4.5284 7.77403 4.62365 4.0425 5.74928 4.02121 7.94207
threshold=5.9260780811309823 1.0000000180025095e-35 1.0000000180025095e-35 1.0000000180025095e-35 1.0000000180025095e-35 1.0000000180025095e-35 1.0000000180025095e-35 1.0000000180025095e-35 1.0000000180025095e-35 0.95330443978309642 1.0000000180025095e-35 1.0000000180025095e-35 1.0000000180025095e-35 1.0000000180025095e-35 1.0000000180025095e-35 1.0000000180025095e-35 1.0000000180025095e-35 1.0000000180025095e-35 1.0000000180025095e-35 1.0000000180025095e-35 1.0000000180025095e-35 1.0000000180025095e-35 1.0000000180025095e-35 1.0000000180025095e-35 13.096509456634523 1.0000000180025095e-35 1.0000000180025095e-35 1.0000000180025095e-35 1.0000000180025095e-35 3.4195755720138554
decision_type=2 2 2 2 2 2 2 2 2 2 2 2 2 2 2 2 2 2 2 2 2 2 2 2 2 2 2 2 2 2
left_child=2 4 3 11 7 6 -3 9 -8 10 -2 12 28 -14 15 16 17 21 -12 20 -18 -5 23 24 -6 -25 -27 -28 29 -1
right_child=1 5 -4 14 22 -7 8 -9 -10 -11 18 -13 13 -15 -16 -17 19 -19 -20 -21 -22 -23 -24 25 -26 26 27 -29 -30 -31
leaf_value=0.054078538398789733 0.011118900989309857 -0.027816678267471685 0.14973028584226775 -0.030233992468847393 0.16533276229719873 -0.0545443598466121 0.0044350076141079046 -0.088711782469377901 0.13143950907227014 -0.095389817470405966 0.13104865894963377 -0.015676130984771119 0.036348964393749003 0.089171236474695395 0.042990526212267628 -0.047621138131185285 0.028333673982800889 -0.063761178926006856 0.017769506957462468 -0.021614340089336052 0.14728545521157896 0.062736470779514372 -0.1255675858183852 -0.026065256505389607 -0.016966520448397856 -0.036486914796564344 0.0059355140112970547 0.1556319092703092 0.042200379705861463 -0.030110072454635723
leaf_weight=17.661215171217918 209.51228448748589 109.3556511849165 4.9484120011329642 9.924071192741394 3.7111198604106885 73.227521993219852 16.233850173652176 6.0352778583765021 4.6188331544399253 4.792145073413848 6.9477888196706754 20.128288224339485 43.929478213191032 26.954308614134789 18.088835835456848 31.261861011385918 8.3200649470090884 14.020460605621336 6.8436289131641388 6.4598338454961768 5.9496711790561667 10.049267888069153 3.4318026900291434 118.75442057847977 6.3280137330293655 5.8115333318710336 6.2611177489161491 4.3467878252267838 45.03063753247261 30.654574900865555
leaf_count=80 1094 729 23 46 21 546 106 34 29 41 33 92 201 121 83 176 38 75 31 37 27 46 22 698 39 31 34 22 203 148
internal_value=-0.000512042 -0.0110989 0.0206418 0.0184271 -0.000390136 -0.031248 -0.0181464 0.0101188 0.0325663 0.0127338 0.0150542 0.0304689 0.0361245 0.0564352 -0.00290383 -0.0125587 0.00747146 -0.016578 0.0748369 0.0469095 0.0779298 0.0165426 -0.0169428 -0.0143757 0.0504232 -0.0191882 0.0305502 0.0672764 0.0207013 0.000663991
internal_weight=879.593 586.212 293.381 288.433 382.776 203.436 130.208 234.131 20.8527 228.096 223.304 184.359 164.23 70.8838 104.074 85.9852 54.7234 33.9938 13.7914 20.7296 14.2697 19.9733 148.645 145.213 10.0391 135.174 16.4194 10.6079 93.3464 48.3158
internal_count=4906 3510 1396 1373 2100 1410 864 1233 135 1199 1158 845 753 322 528 445 269 167 64 102 65 92 867 845 60 785 87 56 431 228
is_linear=0
shrinkage=0.1


Tree=12
num_leaves=31
num_cat=0
split_feature=0 7 12 0 73 8 61 11 61 73 41 0 10 9 6 83 6 15 34 99 42 1 16 99 139 7 15 174 13 10
split_gain=17.2429 8.6873 5.77127 7.07615 8.5998 8.05772 9.64678 6.69057 7.96636 6.58728 6.91281 6.30856 5.65373 5.39274 5.35777 5.40167 5.19274 5.96833 7.05243 4.77595 5.29913 4.73695 4.69758 4.6865 4.14509 4.79883 4.79738 7.43378 5.07931 4.11749
threshold=11.377138614654543 1.0000000180025095e-35 1.0000000180025095e-35 12.746064186096193 1.0000000180025095e-35 1.0000000180025095e-35 1.0000000180025095e-35 1.0000000180025095e-35 1.0000000180025095e-35 1.0000000180025095e-35 1.0000000180025095e-35 12.921286582946779 1.0000000180025095e-35 1.0000000180025095e-35 1.0000000180025095e-35 1.0000000180025095e-35 1.0000000180025095e-35 1.0000000180025095e-35 1.0000000180025095e-35 1.0000000180025095e-35 1.0000000180025095e-35 -0.29652445018291468 1.0000000180025095e-35 1.0000000180025095e-35 1.0000000180025095e-35 1.0000000180025095e-35 1.0000000180025095e-35 1.0000000180025095e-35 1.0000000180025095e-35 1.0000000180025095e-35
decision_type=2 2 2 2 2 2 2 2 2 2 2 2 2 2 2 2 2 2 2 2 2 2 2 2 2 2 2 2 2 2
left_child=1 13 9 5 19 7 -7 8 -4 10 11 12 -2 16 15 -13 17 18 -1 24 -21 -19 -18 -3 25 26 27 -5 -28 -11
right_child=2 23 3 4 -6 6 -8 -9 -10 29 -12 14 -14 -15 -16 -17 22 21 -20 20 -22 -23 -24 -25 -26 -27 28 -29 -30 -31
leaf_value=0.04642524139499548 -0.038248916354609731 -0.0022763752081659773 -0.023469274155182702 0.001966027289639195 -0.055960367038481389 0.2121112451482505 0.00028737284901331894 -0.057159614871783483 0.15231273175228222 -0.029586634438737575 -0.09846453216879178 -0.033790867825083622 0.14307494946075819 0.0034523377253216653 -0.0762265930317685 0.078633858332878295 0.028757276629518942 0.041472137774378331 0.128764614842546 0.010244256435579129 0.14865880832147568 -0.017260345289955771 -0.014545274308069307 -0.055836874506711313 0.10590468256892874 -0.065712875353859487 0.0090682354537619126 0.14546447779872423 -0.12792008898572535 0.019838100919569057
leaf_weight=52.573224559426308 3.2961490899324408 193.46971655637026 5.4524839520454407 16.128066517412666 35.655231438577175 4.9260755479335803 3.8150265663862228 9.3242692351341248 4.8907034248113632 40.323068000376225 22.078557200729847 34.480974435806274 3.5951875746250153 144.4084324836731 29.497562073171139 4.8783468529582015 64.036971569061279 35.311325773596764 12.96801798045635 7.20341709256172 4.489963710308075 22.471067026257515 41.151353448629379 17.84318446367979 3.005145736038684 13.355726107954977 6.5970361679792422 4.6511733010411254 4.5898384004831314 28.962201297283173
leaf_count=232 21 1085 31 94 242 28 22 54 27 280 147 241 20 732 209 32 287 154 57 49 23 118 189 121 20 106 41 27 29 188
internal_value=-0.000507975 0.00940023 -0.020387 -0.0040494 -0.017062 0.039775 0.119661 0.00426994 0.059648 -0.032518 -0.0492267 -0.0348751 0.0563471 0.0185794 -0.0440049 -0.0198565 0.028139 0.0420611 0.0627169 0.00604564 0.063392 0.0186316 0.0118166 -0.006799 -0.00783009 -0.0153715 0.00566161 0.0340864 -0.0471364 -0.00892641
internal_weight=875.429 584.233 291.196 124.084 95.6756 28.4086 8.7411 19.6675 10.3432 167.112 97.8268 75.7482 6.89134 372.92 68.8569 39.3593 228.512 123.324 65.5412 60.0204 11.6934 57.7824 105.188 211.313 48.327 45.3218 31.9661 20.7792 11.1869 69.2853
internal_count=4906 2975 1931 793 631 162 50 112 58 1138 670 523 41 1769 482 273 1037 561 289 389 72 272 476 1206 317 297 191 121 70 468
is_linear=0
shrinkage=0.1


Tree=13
num_leaves=31
num_cat=0
split_feature=1 14 12 0 6 87 26 73 13 9 100 104 12 0 80 0 0 82 130 0 9 21 83 69 11 8 10 13 7 24
split_gain=14.361 7.52841 6.17644 6.35153 6.17197 6.99897 7.10433 6.13874 5.72696 4.70881 5.13999 4.85814 4.43117 5.74826 5.6522 5.15896 4.93881 4.70381 7.03076 6.35078 4.27114 5.6183 5.08018 7.15028 4.18291 6.25605 4.93046 7.87081 4.17207 4.05858
threshold=0.19841813296079638 1.0000000180025095e-35 1.0000000180025095e-35 12.803559303283693 1.0000000180025095e-35 1.0000000180025095e-35 1.0000000180025095e-35 1.0000000180025095e-35 1.0000000180025095e-35 1.0000000180025095e-35 1.0000000180025095e-35 1.0000000180025095e-35 1.0000000180025095e-35 9.2238192558288592 1.0000000180025095e-35 3.5961669683456425 2.4503763914108281 1.0000000180025095e-35 1.0000000180025095e-35 7.6317591667175302 1.0000000180025095e-35 1.0000000180025095e-35 1.0000000180025095e-35 1.0000000180025095e-35 1.0000000180025095e-35 1.0000000180025095e-35 1.0000000180025095e-35 1.0000000180025095e-35 1.0000000180025095e-35 1.0000000180025095e-35
decision_type=2 2 2 2 2 2 2 2 2 2 2 2 2 2 2 2 2 2 2 2 2 2 2 2 2 2 2 2 2 2
left_child=1 9 4 24 20 28 -7 -5 -3 10 12 -11 13 14 15 16 -1 19 -19 -14 22 -22 -2 -24 26 -26 -4 -28 29 -6
right_child=2 8 3 7 5 6 -8 -9 -10 11 -12 -13 17 -15 -16 -17 -18 18 -20 -21 21 -23 23 -25 25 -27 27 -29 -30 -31
leaf_value=-0.012294900777037349 -0.0096203013668642486 -0.018864734979547479 0.020092866006971001 0.0032606468940109888 0.03064617280305526 0.1377722173767337 -0.05391165910496052 -0.05032225457839834 0.014455545467397819 -0.00033660518416513737 -0.074811211939193448 0.10959033281909143 0.051998538976387301 0.070133313407046385 -0.079134040501271471 -0.00099106702296186786 0.08356138217726311 0.16469627422462779 0.022802702413538475 -0.013691033055436298 -0.050613812357816625 0.063561327273788978 0.0052743270891524949 0.18241086749655208 -0.042452838448711207 0.11290254521652446 0.026145889710852729 0.19945298906026487 -0.097734128933296194 -0.056475935350775767
leaf_weight=7.9211033284664181 50.362480916082859 129.02008947730064 16.327636547386646 58.886561006307602 6.1853071153163901 3.7323465943336478 4.0118859857320786 33.569661274552345 85.943916440010071 124.47872677445412 4.8069051653146735 4.1545121222734442 62.129351764917374 16.955441609025002 7.0608675926923743 64.916689440608025 16.722309872508049 7.5533416718244535 6.4945424050092697 19.28607065975666 38.603267565369606 4.8514861539006224 6.3652727976441366 3.5495694726705551 12.543810091912745 3.2672211378812781 5.5558032989501971 4.9600097388029099 21.937660597264767 39.456981368362904
leaf_count=35 339 713 94 384 37 22 26 236 452 630 22 19 270 87 34 307 71 36 28 94 281 34 37 23 76 19 31 26 190 253
internal_value=-0.000510886 0.00912542 -0.0176091 -0.00146781 -0.0297889 -0.0515763 0.0384707 -0.0161946 -0.00554308 0.0183324 0.0274266 0.00321374 0.0297775 0.0164295 0.00700529 0.0137965 0.0527504 0.0456583 0.0990968 0.0364377 -0.0139681 -0.0378668 0.00326077 0.0686902 0.0304535 -0.0103499 0.054487 0.10789 -0.0618952 -0.0446694
internal_weight=871.611 557.444 314.167 135.111 179.056 75.3242 7.74423 92.4562 214.964 342.48 213.847 128.633 209.04 113.576 96.621 89.5601 24.6434 95.4633 14.0479 81.4154 103.732 43.4548 60.2773 9.91484 42.6545 15.811 26.8434 10.5158 67.5799 45.6423
internal_count=4906 2798 2108 866 1242 528 48 620 1165 1633 984 649 962 534 447 413 106 428 64 364 714 315 399 60 246 95 151 57 480 290
is_linear=0
shrinkage=0.1


Tree=14
num_leaves=31
num_cat=0
split_feature=130 7 177 20 6 0 65 9 26 167 9 0 0 156 22 15 133 153 82 0 61 1 16 12 77 40 14 73 70 62
split_gain=12.378 8.81613 6.06238 5.01734 5.21421 6.96124 6.10787 6.14274 4.83838 4.80609 4.43235 4.28025 4.01819 3.85575 4.61213 7.3463 4.8954 3.78097 3.77263 3.72324 3.75267 3.92009 6.98798 3.60068 4.04323 4.46143 4.78334 3.91688 5.02325 4.99259
threshold=1.0000000180025095e-35 1.0000000180025095e-35 1.0000000180025095e-35 1.0000000180025095e-35 1.0000000180025095e-35 12.412046909332277 1.0000000180025095e-35 1.0000000180025095e-35 1.0000000180025095e-35 1.0000000180025095e-35 1.0000000180025095e-35 15.260780334472658 15.305954456329347 1.0000000180025095e-35 1.0000000180025095e-35 1.0000000180025095e-35 1.0000000180025095e-35 1.0000000180025095e-35 1.0000000180025095e-35 14.205338954925539 1.0000000180025095e-35 0.73214691877365123 1.0000000180025095e-35 1.0000000180025095e-35 1.0000000180025095e-35 1.0000000180025095e-35 1.0000000180025095e-35 1.0000000180025095e-35 1.0000000180025095e-35 1.0000000180025095e-35
decision_type=2 2 2 2 2 2 2 2 2 2 2 2 2 2 2 2 2 2 2 2 2 2 2 2 2 2 2 2 2 2
left_child=1 2 3 4 5 -1 7 18 -9 10 -2 23 -10 14 15 -12 -16 -6 19 -7 21 -21 -23 24 25 26 27 29 -29 -3
right_child=9 11 -4 -5 17 6 -8 8 12 -11 13 -13 -14 -15 16 -17 -18 -19 -20 20 -22 22 -24 -25 -26 -27 -28 28 -30 -31
leaf_value=0.025041003815159057 0.02959393835209639 0.011228783172278343 -0.081214398459366954 0.1092832842561537 -0.010345491910930663 -0.047892474705272206 0.053427737014463905 -0.10454622879929905 0.030696555508532414 -0.0521295451314851 0.022707053126599198 -0.059427724664803588 -0.082968975510492746 -0.060017283808202308 0.0083715743638119091 -0.044163624358784195 0.12544478146213303 -0.11008379829312168 0.075331663699570076 0.052201524284665762 0.074055102771515141 -0.11362972391408198 0.059371741342683353 -0.0014871898694982771 0.086833638189650786 -0.091133118283764566 -0.057686982562294258 -0.0074852319286210865 0.09304401841529214 -0.066234416047350822
leaf_weight=134.71853910386562 166.66061900556087 15.05525168776512 8.928851902484892 4.3213016986846915 156.57130675017834 16.57489401102066 12.279790133237837 13.098539859056473 7.2696144953370094 9.6369816362857801 45.489094704389572 31.237912073731422 5.435511440038681 8.9355713278055173 8.0210690498352033 25.715779364109039 6.4388011395931235 3.8953949138522139 5.692992389202117 5.8549336493015316 7.210475265979766 6.4153518453240377 3.6707513928413391 69.025522962212563 2.8381272554397574 12.117535866796969 31.787296868860722 17.547686018049721 6.9348313361406317 18.598708167672157
leaf_count=674 754 91 51 22 865 90 82 96 52 46 221 296 40 47 36 148 29 22 32 32 42 40 23 437 19 106 237 109 47 120
internal_value=-0.000506415 -0.00855014 0.000240931 0.00213985 0.000917207 0.0109795 -0.0117065 -0.0229365 -0.0618993 0.0172226 0.0197808 -0.025346 -0.0179319 0.00249254 0.00901286 -0.00144342 0.0605028 -0.0127667 -0.000800911 -0.0117111 0.0141923 -0.0128849 -0.0506673 -0.019224 -0.0308974 -0.0341719 -0.0264962 -0.00944203 0.0209903 -0.0315809
internal_weight=867.979 597.081 391.938 383.009 378.688 218.221 83.5029 71.2231 25.8037 270.898 261.261 205.143 12.7051 94.6003 85.6647 71.2049 14.4599 160.467 45.4194 39.7264 23.1515 15.941 10.0861 173.905 104.879 102.041 89.9238 58.1365 24.4825 33.654
internal_count=4906 3625 2163 2112 2090 1203 529 447 188 1281 1235 1462 92 481 434 369 65 887 259 227 137 95 63 1166 729 710 604 367 156 211
is_linear=0
shrinkage=0.1


Tree=15
num_leaves=31
num_cat=0
split_feature=0 7 141 14 83 60 0 177 15 95 1 16 21 11 8 26 134 0 9 0 87 61 201 14 0 1 139 67 57 8
split_gain=10.1355 7.8776 6.58384 4.91352 5.0589 5.02722 7.43014 4.72534 4.90708 4.76493 4.44902 4.0599 3.84149 4.29747 6.36429 4.57029 3.81204 9.28284 3.79882 3.79753 3.89155 3.67317 3.63257 4.31145 6.39932 4.38737 3.61887 4.29183 3.58661 5.12277
threshold=5.9260780811309823 1.0000000180025095e-35 1.0000000180025095e-35 1.0000000180025095e-35 1.0000000180025095e-35 1.0000000180025095e-35 11.880903720855715 1.0000000180025095e-35 1.0000000180025095e-35 1.0000000180025095e-35 0.95330443978309642 1.0000000180025095e-35 1.0000000180025095e-35 1.0000000180025095e-35 1.0000000180025095e-35 1.0000000180025095e-35 1.0000000180025095e-35 7.0266940593719491 1.0000000180025095e-35 13.351129055023195 1.0000000180025095e-35 1.0000000180025095e-35 1.0000000180025095e-35 1.0000000180025095e-35 10.120465755462648 -0.27127538621425623 1.0000000180025095e-35 1.0000000180025095e-35 1.0000000180025095e-35 1.0000000180025095e-35
decision_type=2 2 2 2 2 2 2 2 2 2 2 2 2 2 2 2 2 2 2 2 2 2 2 2 2 2 2 2 2 2
left_child=2 7 18 4 16 6 -6 8 10 12 22 -7 -10 14 15 -14 17 -3 -1 20 -5 -11 23 26 25 -25 -2 -28 29 -20
right_child=1 3 -4 19 5 11 -8 -9 9 21 -12 -13 13 -15 -16 -17 -18 -19 28 -21 -22 -23 -24 24 -26 -27 27 -29 -30 -31
leaf_value=0.021033871891109564 0.017372449080271867 0.15356323942812791 0.12632336006087747 -0.038647490545013014 0.20291093216352685 0.035072191426056318 -0.0040575100285759596 -0.074290320767611745 -0.027397178837002146 -0.022854682367494147 -0.09042976870054531 -0.08020524804600776 0.080898952439823341 -0.040819495627739698 0.15889767496972129 -0.077700594254722852 -0.093041350269498099 -0.02252722949520454 -0.042188936268006322 -0.083440793618099293 0.080036989106785056 0.067812014330248957 0.10978862043343583 -0.058131828924176766 -0.028415007764290269 0.036809194951150329 0.012512711387916318 0.12541472372752654 0.018904557665995789 0.018080149698524835
leaf_weight=186.96585768461227 111.62305527925491 3.0923469066619864 5.1758742332458487 44.294152647256851 3.5373857021331796 9.2834407761692983 3.4034281894564629 8.3538607209920865 104.73313348740339 7.1608757749199876 4.2538618445396414 4.5536879301071176 3.7242199778556841 6.7496119812130919 4.1354497075080872 3.5478147864341736 7.055763751268386 93.851426236331463 36.431180223822594 19.773247241973877 2.9464847221970549 11.883645325899124 3.7966231703758231 5.6220049858093253 52.179491654038429 36.263082906603813 6.3722177743911725 7.1392145827412605 43.600049912929535 23.011139377951622
leaf_count=845 539 16 23 334 19 60 25 50 639 41 41 31 22 41 24 20 37 676 188 192 20 63 24 27 330 173 32 34 227 113
internal_value=-0.000504957 -0.00830149 0.0145324 -0.0248052 -0.0130752 0.0319726 0.101424 8.24712e-05 0.00176537 -0.0128227 0.0108767 -0.00286469 -0.0200356 0.0224274 0.0598494 0.00352283 -0.0220753 -0.0169102 0.0125373 -0.0466459 -0.0312449 0.0337207 0.0128092 0.0111295 -0.00504635 0.0240658 0.023289 0.0721682 -0.00287948 -0.0188577
internal_weight=864.514 569.33 295.184 191.791 124.777 20.7779 6.94081 377.538 369.184 141.935 227.25 13.8371 122.89 18.1571 11.4075 7.27203 104 96.9438 290.008 67.0139 47.2406 19.0445 222.996 219.199 94.0646 41.8851 125.134 13.5114 103.042 59.4423
internal_count=4906 3510 1396 1410 864 135 44 2100 2050 850 1200 91 746 107 66 42 729 692 1373 546 354 104 1159 1135 530 200 605 66 528 301
is_linear=0
shrinkage=0.1


Tree=16
num_leaves=31
num_cat=0
split_feature=14 1 0 28 13 44 177 40 5 61 10 151 62 104 61 1 0 9 8 44 54 74 0 1 5 133 0 63 78 0
split_gain=8.76317 6.27885 5.71159 7.6866 4.72874 4.1888 4.70201 4.42707 4.62049 4.82616 6.58097 3.95553 3.74006 3.56777 3.60849 5.12994 6.77246 3.61282 4.82353 3.44558 4.83729 7.26523 3.44418 4.22509 3.34387 5.32638 5.61434 5.56757 4.10421 3.43677
threshold=1.0000000180025095e-35 -0.27127538621425623 12.881587982177736 1.0000000180025095e-35 1.0000000180025095e-35 1.0000000180025095e-35 1.0000000180025095e-35 1.0000000180025095e-35 1.0000000180025095e-35 1.0000000180025095e-35 1.0000000180025095e-35 1.0000000180025095e-35 1.0000000180025095e-35 1.0000000180025095e-35 1.0000000180025095e-35 -0.35675716400146479 3.2429842948913579 1.0000000180025095e-35 1.0000000180025095e-35 1.0000000180025095e-35 1.0000000180025095e-35 1.0000000180025095e-35 2.8350445032119755 -0.71769717335700978 1.0000000180025095e-35 1.0000000180025095e-35 15.305954456329347 1.0000000180025095e-35 1.0000000180025095e-35 6.9089665412902841
decision_type=2 2 2 2 2 2 2 2 2 2 2 2 2 2 2 2 2 2 2 2 2 2 2 2 2 2 2 2 2 2
left_child=1 13 4 -4 19 12 7 24 -9 -10 -11 -5 -3 14 17 16 -16 -1 -19 -2 21 -21 23 -6 25 26 27 28 29 -7
right_child=2 5 3 11 22 6 -8 8 9 10 -12 -13 -14 -15 15 -17 -18 18 -20 20 -22 -23 -24 -25 -26 -27 -28 -29 -30 -31
leaf_value=0.022895182574725233 0.06911546041685028 0.026589831699590769 0.10786430225892588 -0.049472642315582932 0.0045519208355022352 0.11827196775995648 -0.075953171092970673 -0.042977719175954013 -0.016548245549584336 0.15854916486191728 -0.02335532595166907 0.065040540938593572 -0.089048282270593221 0.10459141916092921 0.13221160270935672 0.13010439401341556 0.014052099644509736 -0.033027728144511402 0.027625520397172726 -0.015300967056424862 -0.040669723031854489 0.075114334657464518 0.0044668967311933287 0.13787153484384884 -0.0044707852293713176 -0.084857366614536911 -0.032077140438889845 0.1266768558753498 0.10397981591820155 0.017727124849039363
leaf_weight=101.39085231721401 4.4516736343502989 3.9364455863833401 3.4721432179212561 68.959769189357758 5.0320011228322983 3.5168467760086051 7.7181263193488112 37.350171856582165 18.429762966930866 4.4009909108281153 3.6287088096141815 3.1544143930077544 9.6616140902042389 4.9864099919795981 5.6459968388080588 5.9633284956216803 34.439073413610458 33.063184395432472 21.728267431259155 70.277676001191139 64.226710818707943 10.173772707581518 94.113172441720963 4.5054769814014417 101.64312444627285 4.7318149954080573 16.207397416234016 5.74913116544485 6.3301210999488822 101.990761898458
leaf_count=439 26 27 26 550 23 16 51 255 120 27 24 21 62 21 25 29 156 166 103 386 392 60 524 21 578 24 122 34 32 566
internal_value=-0.000499555 0.00742317 -0.0133478 -0.0374663 -0.00613595 -0.00124344 0.00112672 0.00308381 -0.0203289 0.0116421 0.0763445 -0.0444636 -0.0555727 0.0210283 0.0189678 0.0435686 0.0306949 0.0117146 -0.00897489 -0.0175386 -0.0202049 -0.00386718 0.0102698 0.0675317 0.00930425 0.0194116 0.0230993 0.0307044 0.0257708 0.0210785
internal_weight=860.879 532.512 328.367 75.5863 252.78 325.295 311.697 303.979 63.8096 26.4595 8.0297 72.1142 13.5981 207.217 202.231 46.0484 40.0851 156.182 54.7915 149.13 144.678 80.4514 103.651 9.53748 240.169 138.526 133.794 117.587 111.838 105.508
internal_count=4906 2877 2029 597 1432 1938 1849 1798 426 171 51 571 89 939 918 210 181 708 269 864 838 446 568 44 1372 794 770 648 614 582
is_linear=0
shrinkage=0.1


Tree=17
num_leaves=31
num_cat=0
split_feature=7 9 0 14 93 138 0 12 237 99 67 16 134 82 226 0 1 14 1 0 6 1 167 35 1 10 12 0 21 83
split_gain=8.39396 5.33428 5.19733 5.09438 4.67071 4.23185 4.23028 4.37777 6.15704 4.56502 4.76978 4.50656 4.38122 4.18205 3.95154 3.67618 3.98082 3.59536 4.28943 5.52767 3.53584 3.74406 5.67624 3.22076 4.75207 3.05898 5.45934 5.24831 4.91392 3.90658
threshold=1.0000000180025095e-35 1.0000000180025095e-35 13.550992488861086 1.0000000180025095e-35 1.0000000180025095e-35 1.0000000180025095e-35 13.289527893066408 1.0000000180025095e-35 1.0000000180025095e-35 1.0000000180025095e-35 1.0000000180025095e-35 1.0000000180025095e-35 1.0000000180025095e-35 1.0000000180025095e-35 1.0000000180025095e-35 3.3497605323791508 -0.38535249233245844 1.0000000180025095e-35 0.57563310861587536 14.528405189514162 1.0000000180025095e-35 -0.53289222717285145 1.0000000180025095e-35 1.0000000180025095e-35 -0.46931324899196619 1.0000000180025095e-35 1.0000000180025095e-35 13.938398361206056 1.0000000180025095e-35 1.0000000180025095e-35
decision_type=2 2 2 2 2 2 2 2 2 2 2 2 2 2 2 2 2 2 2 2 2 2 2 2 2 2 2 2 2 2
left_child=1 3 6 20 17 14 7 8 9 10 12 -12 -2 23 -3 -7 -17 18 -4 -20 21 -1 25 24 -13 26 -23 -28 29 -27
right_child=2 5 4 -5 -6 15 -8 -9 -10 -11 11 13 -14 -15 -16 16 -18 -19 19 -21 -22 22 -24 -25 -26 28 27 -29 -30 -31
leaf_value=0.077065172786579969 -0.062573544787605601 -0.012123427855196227 -0.1066119741165249 -0.00022595762976125442 0.067599716585633116 0.11716051225288913 0.085921132987985815 0.0069811923327485264 0.094910627195014613 -0.077939598961193124 -0.02248035852653411 0.068693613563664838 0.017060825409826088 -0.072297240778919358 0.096110565861416905 -0.051984818842657016 0.065451007571198927 -0.087655151882110205 0.10047647494468795 -0.031488319160952724 0.010763570829014309 -0.038849351241674136 0.12962501296694523 0.12162033873721773 -0.02157702001922393 0.012877134612055275 0.061142633755650905 -0.049952643843128752 0.13213251481977842 0.098077172792110062
leaf_weight=19.075583919882774 32.821735963225365 186.89486226439476 6.2558800354599944 143.2377538383007 3.67809735238552 4.7283862382173565 4.7380723804235449 96.302391141653061 4.4701000973582259 14.24972180277109 51.431229330599308 12.065348654985433 8.7505743950605375 3.8233045935630789 3.4351792410016051 5.246104523539544 6.4175357669591877 16.490014165639877 3.6099750101566341 26.29106643050909 100.05584739893675 17.973889902234077 5.1952318698167792 4.0542150214314452 11.28708501905203 30.193516336381435 17.724344491958622 5.594564162194728 5.1763343289494506 6.5489560514688483
leaf_count=78 213 1094 43 782 26 21 32 540 21 110 306 59 50 26 21 25 30 179 27 243 461 89 24 29 72 143 79 31 23 29
internal_value=-0.000489385 0.00677093 -0.0139671 0.0142802 -0.0413474 -0.00597107 -0.00764648 -0.00949943 -0.0206018 -0.0243305 -0.0181814 -0.0042857 -0.0458113 0.0256783 -0.01017 0.0427828 0.0126304 -0.0489588 -0.0313106 -0.0155561 0.0242919 0.0368855 0.0282159 0.0393461 0.0250625 0.0218845 0.00256645 0.0344892 0.0409141 0.0280631
internal_weight=857.817 557.498 300.319 350.776 56.325 206.722 243.994 239.256 142.953 138.483 124.233 82.6612 41.5723 31.23 190.33 16.392 11.6636 52.6469 36.1569 29.901 207.538 107.482 88.4068 27.4066 23.3524 83.2116 41.2928 23.3189 41.9188 36.7425
internal_count=4906 2930 1976 1739 518 1191 1458 1426 886 865 755 492 263 186 1115 76 55 492 313 270 957 496 418 160 131 394 199 110 195 172
is_linear=0
shrinkage=0.1


Tree=18
num_leaves=31
num_cat=0
split_feature=7 15 14 64 0 0 214 12 237 99 67 0 62 81 41 1 93 134 6 34 5 16 0 82 94 5 113 67 0 11
split_gain=6.89863 4.76718 5.20951 5.20864 4.45084 4.66346 4.42298 4.04628 4.96798 4.32653 4.16296 3.93282 5.41961 3.89926 5.16578 3.86895 3.86388 3.81642 3.67218 3.98921 7.21556 3.64121 3.66882 3.42379 3.40221 3.4114 4.44358 3.37776 6.45653 6.99305
threshold=1.0000000180025095e-35 1.0000000180025095e-35 1.0000000180025095e-35 1.0000000180025095e-35 13.550992488861086 13.351129055023195 1.0000000180025095e-35 1.0000000180025095e-35 1.0000000180025095e-35 1.0000000180025095e-35 1.0000000180025095e-35 3.6783025264739995 1.0000000180025095e-35 1.0000000180025095e-35 1.0000000180025095e-35 -0.74309831857681263 1.0000000180025095e-35 1.0000000180025095e-35 1.0000000180025095e-35 1.0000000180025095e-35 1.0000000180025095e-35 1.0000000180025095e-35 2.6105407476425175 1.0000000180025095e-35 1.0000000180025095e-35 1.0000000180025095e-35 1.0000000180025095e-35 1.0000000180025095e-35 3.6783025264739995 1.0000000180025095e-35
decision_type=2 2 2 2 2 2 2 2 2 2 2 2 2 2 2 2 2 2 2 2 2 2 2 2 2 2 2 2 2 2
left_child=1 2 11 18 5 7 13 8 9 10 17 12 -1 15 -15 -3 -6 -2 19 -4 -21 22 -12 -23 25 26 -17 28 -9 -30
right_child=4 6 3 -5 16 -7 -8 27 -10 -11 21 -13 -14 14 -16 24 -18 -19 -20 20 -22 23 -24 -25 -26 -27 -28 -29 29 -31
leaf_value=0.033858219220273725 -0.059062836941878707 0.099492220685667307 0.0052339224057137536 -0.081989566798209484 -0.045893764841857865 0.11015011564317292 -0.1126123248966602 0.14789949033164904 0.082734432956380485 -0.075651132480364272 -0.11503909461181686 0.018763945117242505 0.13927969606658483 0.016117590782212317 -0.099689088904234224 -0.0010245648238483766 0.058179994302804842 0.01521052116023173 -0.016280603540723103 0.0069046228234041582 0.13678494870186766 0.034702983624504115 -0.012850564393220876 -0.068233788210242813 0.03328205297951474 -0.044593418096670119 -0.10467975025626951 -0.0059031139140803685 0.048794003247680975 -0.061349662419916642
leaf_weight=19.038762331008915 31.963183477520943 2.8657027631998053 60.184172101318836 7.512396588921546 50.749785453081131 3.352533981204032 3.7676715329289427 4.2898128032684353 4.6071890741586676 13.93477565795183 3.7969694435596457 166.98201389238238 6.5556567311286917 94.81606824696064 4.0149455964565268 57.642522417008877 3.8370287269353858 8.8291370868682844 54.617974899709225 10.637179777026178 7.1543529778718939 27.878011703491214 47.036453858017921 3.6548331528902045 11.628569379448889 45.11536005884409 4.4553842246532431 65.678449235856533 19.372641623020172 8.2060031741857546
leaf_count=80 215 13 322 53 492 21 21 20 21 113 19 798 27 496 27 339 26 50 304 57 39 160 287 26 62 263 29 363 115 48
internal_value=-0.000475746 0.00608872 0.0136852 -0.000985674 -0.0127789 -0.00697386 -0.00517811 -0.0086151 -0.0194052 -0.0228377 -0.0168621 0.0243588 0.0608605 -0.00334271 0.011413 -0.0153249 -0.0385782 -0.042987 0.00360379 0.0175318 0.0591323 -0.00392367 -0.0204835 0.022772 -0.0180936 -0.0236659 -0.00846159 0.00705903 0.033773 0.0160208
internal_weight=854.176 556.989 332.683 140.106 297.187 242.6 224.306 239.247 141.701 137.093 123.159 192.576 25.5944 220.539 98.831 121.708 54.5868 40.7923 132.594 77.9757 17.7915 82.3663 50.8334 31.5328 118.842 107.213 62.0979 97.5469 31.8685 27.5786
internal_count=4906 2930 1680 775 1976 1458 1250 1437 891 870 757 905 107 1229 523 706 518 265 722 418 96 492 306 186 693 631 368 546 183 163
is_linear=0
shrinkage=0.1


end of trees

feature_importances:
Column_0=90
Column_9=37
Column_14=36
Column_1=34
Column_15=34
Column_7=31
Column_6=16
Column_12=16
Column_10=14
Column_8=13
Column_16=11
Column_22=11
Column_73=11
Column_42=9
Column_13=8
Column_26=8
Column_61=8
Column_82=8
Column_83=8
Column_139=8
Column_5=7
Column_11=7
Column_99=7
Column_56=6
Column_138=6
Column_21=5
Column_34=5
Column_62=5
Column_67=5
Column_94=5
Column_133=5
Column_40=4
Column_87=4
Column_130=4
Column_134=4
Column_237=4
Column_33=3
Column_104=3
Column_151=3
Column_177=3
Column_23=2
Column_39=2
Column_41=2
Column_44=2
Column_55=2
Column_57=2
Column_60=2
Column_63=2
Column_69=2
Column_78=2
Column_80=2
Column_81=2
Column_86=2
Column_93=2
Column_95=2
Column_98=2
Column_100=2
Column_141=2
Column_167=2
Column_178=2
Column_19=1
Column_20=1
Column_24=1
Column_28=1
Column_35=1
Column_47=1
Column_50=1
Column_54=1
Column_64=1
Column_65=1
Column_70=1
Column_74=1
Column_77=1
Column_79=1
Column_101=1
Column_113=1
Column_135=1
Column_153=1
Column_156=1
Column_174=1
Column_195=1
Column_201=1
Column_214=1
Column_226=1

parameters:
[boosting: gbdt]
[objective: binary]
[metric: binary_logloss]
[tree_learner: serial]
[device_type: cpu]
[data_sample_strategy: bagging]
[data: ]
[valid: ]
[num_iterations: 300]
[learning_rate: 0.1]
[num_leaves: 31]
[num_threads: 0]
[seed: 0]
[deterministic: 0]
[force_col_wise: 0]
[force_row_wise: 0]
[histogram_pool_size: -1]
[max_depth: -1]
[min_data_in_leaf: 20]
[min_sum_hessian_in_leaf: 0.001]
[bagging_fraction: 1]
[pos_bagging_fraction: 1]
[neg_bagging_fraction: 1]
[bagging_freq: 0]
[bagging_seed: 7719]
[bagging_by_query: 0]
[feature_fraction: 1]
[feature_fraction_bynode: 1]
[feature_fraction_seed: 2437]
[extra_trees: 0]
[extra_seed: 11797]
[early_stopping_round: 0]
[early_stopping_min_delta: 0]
[first_metric_only: 0]
[max_delta_step: 0]
[lambda_l1: 0]
[lambda_l2: 0]
[linear_lambda: 0]
[min_gain_to_split: 0]
[drop_rate: 0.1]
[max_drop: 50]
[skip_drop: 0.5]
[xgboost_dart_mode: 0]
[uniform_drop: 0]
[drop_seed: 21238]
[top_rate: 0.2]
[other_rate: 0.1]
[min_data_per_group: 100]
[max_cat_threshold: 32]
[cat_l2: 10]
[cat_smooth: 10]
[max_cat_to_onehot: 4]
[top_k: 20]
[monotone_constraints: ]
[monotone_constraints_method: basic]
[monotone_penalty: 0]
[feature_contri: ]
[forcedsplits_filename: ]
[refit_decay_rate: 0.9]
[cegb_tradeoff: 1]
[cegb_penalty_split: 0]
[cegb_penalty_feature_lazy: ]
[cegb_penalty_feature_coupled: ]
[path_smooth: 0]
[interaction_constraints: ]
[verbosity: -1]
[saved_feature_importance_type: 0]
[use_quantized_grad: 0]
[num_grad_quant_bins: 4]
[quant_train_renew_leaf: 0]
[stochastic_rounding: 1]
[linear_tree: 0]
[max_bin: 255]
[max_bin_by_feature: ]
[min_data_in_bin: 3]
[bin_construct_sample_cnt: 200000]
[data_random_seed: 38]
[is_enable_sparse: 1]
[enable_bundle: 1]
[use_missing: 1]
[zero_as_missing: 0]
[feature_pre_filter: 1]
[pre_partition: 0]
[two_round: 0]
[header: 0]
[label_column: ]
[weight_column: ]
[group_column: ]
[ignore_column: ]
[categorical_feature: ]
[forcedbins_filename: ]
[precise_float_parser: 0]
[parser_config_file: ]
[objective_seed: 8855]
[num_class: 1]
[is_unbalance: 0]
[scale_pos_weight: 1]
[sigmoid: 1]
[boost_from_average: 1]
[reg_sqrt: 0]
[alpha: 0.9]
[fair_c: 1]
[poisson_max_delta_step: 0.7]
[tweedie_variance_power: 1.5]
[lambdarank_truncation_level: 30]
[lambdarank_norm: 1]
[label_gain: ]
[lambdarank_position_bias_regularization: 0]
[eval_at: ]
[multi_error_top_k: 1]
[auc_mu_weights: ]
[num_machines: 1]
[local_listen_port: 12400]
[time_out: 120]
[machine_list_filename: ]
[machines: ]
[gpu_platform_id: -1]
[gpu_device_id: -1]
[gpu_device_id_list: ]
[gpu_use_dp: 0]
[num_gpu: 1]

end of parameters

pandas_categorical:null
