tree
version=v4
num_class=1
num_tree_per_iteration=1
label_index=0
max_feature_idx=567
objective=binary sigmoid:1
feature_names=Column_0 Column_1 Column_2 Column_3 Column_4 Column_5 Column_6 Column_7 Column_8 Column_9 Column_10 Column_11 Column_12 Column_13 Column_14 Column_15 Column_16 Column_17 Column_18 Column_19 Column_20 Column_21 Column_22 Column_23 Column_24 Column_25 Column_26 Column_27 Column_28 Column_29 Column_30 Column_31 Column_32 Column_33 Column_34 Column_35 Column_36 Column_37 Column_38 Column_39 Column_40 Column_41 Column_42 Column_43 Column_44 Column_45 Column_46 Column_47 Column_48 Column_49 Column_50 Column_51 Column_52 Column_53 Column_54 Column_55 Column_56 Column_57 Column_58 Column_59 Column_60 Column_61 Column_62 Column_63 Column_64 Column_65 Column_66 Column_67 Column_68 Column_69 Column_70 Column_71 Column_72 Column_73 Column_74 Column_75 Column_76 Column_77 Column_78 Column_79 Column_80 Column_81 Column_82 Column_83 Column_84 Column_85 Column_86 Column_87 Column_88 Column_89 Column_90 Column_91 Column_92 Column_93 Column_94 Column_95 Column_96 Column_97 Column_98 Column_99 Column_100 Column_101 Column_102 Column_103 Column_104 Column_105 Column_106 Column_107 Column_108 Column_109 Column_110 Column_111 Column_112 Column_113 Column_114 Column_115 Column_116 Column_117 Column_118 Column_119 Column_120 Column_121 Column_122 Column_123 Column_124 Column_125 Column_126 Column_127 Column_128 Column_129 Column_130 Column_131 Column_132 Column_133 Column_134 Column_135 Column_136 Column_137 Column_138 Column_139 Column_140 Column_141 Column_142 Column_143 Column_144 Column_145 Column_146 Column_147 Column_148 Column_149 Column_150 Column_151 Column_152 Column_153 Column_154 Column_155 Column_156 Column_157 Column_158 Column_159 Column_160 Column_161 Column_162 Column_163 Column_164 Column_165 Column_166 Column_167 Column_168 Column_169 Column_170 Column_171 Column_172 Column_173 Column_174 Column_175 Column_176 Column_177 Column_178 Column_179 Column_180 Column_181 Column_182 Column_183 Column_184 Column_185 Column_186 Column_187 Column_188 Column_189 Column_190 Column_191 Column_192 Column_193 Column_194 Column_195 Column_196 Column_197 Column_198 Column_199 Column_200 Column_201 Column_202 Column_203 Column_204 Column_205 Column_206 Column_207 Column_208 Column_209 Column_210 Column_211 Column_212 Column_213 Column_214 Column_215 Column_216 Column_217 Column_218 Column_219 Column_220 Column_221 Column_222 Column_223 Column_224 Column_225 Column_226 Column_227 Column_228 Column_229 Column_230 Column_231 Column_232 Column_233 Column_234 Column_235 Column_236 Column_237 Column_238 Column_239 Column_240 Column_241 Column_242 Column_243 Column_244 Column_245 Column_246 Column_247 Column_248 Column_249 Column_250 Column_251 Column_252 Column_253 Column_254 Column_255 Column_256 Column_257 Column_258 Column_259 Column_260 Column_261 Column_262 Column_263 Column_264 Column_265 Column_266 Column_267 Column_268 Column_269 Column_270 Column_271 Column_272 Column_273 Column_274 Column_275 Column_276 Column_277 Column_278 Column_279 Column_280 Column_281 Column_282 Column_283 Column_284 Column_285 Column_286 Column_287 Column_288 Column_289 Column_290 Column_291 Column_292 Column_293 Column_294 Column_295 Column_296 Column_297 Column_298 Column_299 Column_300 Column_301 Column_302 Column_303 Column_304 Column_305 Column_306 Column_307 Column_308 Column_309 Column_310 Column_311 Column_312 Column_313 Column_314 Column_315 Column_316 Column_317 Column_318 Column_319 Column_320 Column_321 Column_322 Column_323 Column_324 Column_325 Column_326 Column_327 Column_328 Column_329 Column_330 Column_331 Column_332 Column_333 Column_334 Column_335 Column_336 Column_337 Column_338 Column_339 Column_340 Column_341 Column_342 Column_343 Column_344 Column_345 Column_346 Column_347 Column_348 Column_349 Column_350 Column_351 Column_352 Column_353 Column_354 Column_355 Column_356 Column_357 Column_358 Column_359 Column_360 Column_361 Column_362 Column_363 Column_364 Column_365 Column_366 Column_367 Column_368 Column_369 Column_370 Column_371 Column_372 Column_373 Column_374 Column_375 Column_376 Column_377 Column_378 Column_379 Column_380 Column_381 Column_382 Column_383 Column_384 Column_385 Column_386 Column_387 Column_388 Column_389 Column_390 Column_391 Column_392 Column_393 Column_394 Column_395 Column_396 Column_397 Column_398 Column_399 Column_400 Column_401 Column_402 Column_403 Column_404 Column_405 Column_406 Column_407 Column_408 Column_409 Column_410 Column_411 Column_412 Column_413 Column_414 Column_415 Column_416 Column_417 Column_418 Column_419 Column_420 Column_421 Column_422 Column_423 Column_424 Column_425 Column_426 Column_427 Column_428 Column_429 Column_430 Column_431 Column_432 Column_433 Column_434 Column_435 Column_436 Column_437 Column_438 Column_439 Column_440 Column_441 Column_442 Column_443 Column_444 Column_445 Column_446 Column_447 Column_448 Column_449 Column_450 Column_451 Column_452 Column_453 Column_454 Column_455 Column_456 Column_457 Column_458 Column_459 Column_460 Column_461 Column_462 Column_463 Column_464 Column_465 Column_466 Column_467 Column_468 Column_469 Column_470 Column_471 Column_472 Column_473 Column_474 Column_475 Column_476 Column_477 Column_478 Column_479 Column_480 Column_481 Column_482 Column_483 Column_484 Column_485 Column_486 Column_487 Column_488 Column_489 Column_490 Column_491 Column_492 Column_493 Column_494 Column_495 Column_496 Column_497 Column_498 Column_499 Column_500 Column_501 Column_502 Column_503 Column_504 Column_505 Column_506 Column_507 Column_508 Column_509 Column_510 Column_511 Column_512 Column_513 Column_514 Column_515 Column_516 Column_517 Column_518 Column_519 Column_520 Column_521 Column_522 Column_523 Column_524 Column_525 Column_526 Column_527 Column_528 Column_529 Column_530 Column_531 Column_532 Column_533 Column_534 Column_535 Column_536 Column_537 Column_538 Column_539 Column_540 Column_541 Column_542 Column_543 Column_544 Column_545 Column_546 Column_547 Column_548 Column_549 Column_550 Column_551 Column_552 Column_553 Column_554 Column_555 Column_556 Column_557 Column_558 Column_559 Column_560 Column_561 Column_562 Column_563 Column_564 Column_565 Column_566 Column_567
feature_infos=[2.0013689994812012:17.993154525756836] [-0.7776256799697876:0.99923950433731079] none none none [0:1] [0:1] [0:1] [0:1] [0:1] [0:1] [0:1] [0:1] [0:1] [0:1] [0:1] [0:1] [0:1] [0:1] [0:1] [0:1] [0:1] [0:1] [0:1] [0:1] [0:1] [0:1] [0:1] [0:1] [0:1] [0:1] [0:1] [0:1] [0:1] [0:1] [0:1] [0:1] [0:1] [0:1] [0:1] [0:1] [0:1] [0:1] [0:1] [0:1] [0:1] [0:1] [0:1] [0:1] [0:1] [0:1] [0:1] [0:1] [0:1] [0:1] [0:1] [0:1] [0:1] [0:1] [0:1] [0:1] [0:1] [0:1] [0:1] [0:1] [0:1] [0:1] [0:1] [0:1] [0:1] [0:1] [0:1] [0:1] [0:1] [0:1] [0:1] [0:1] [0:1] [0:1] [0:1] [0:1] [0:1] [0:1] [0:1] [0:1] [0:1] [0:1] [0:1] [0:1] [0:1] [0:1] [0:1] [0:1] [0:1] [0:1] [0:1] [0:1] [0:1] [0:1] [0:1] [0:1] [0:1] [0:1] [0:1] [0:1] [0:1] [0:1] [0:1] [0:1] none none none none [0:1] [0:1] none [0:1] none [0:1] none none [0:1] none none none none [0:1] [0:1] [0:1] [0:1] [0:1] none [0:1] [0:1] [0:1] [0:1] none [0:1] [0:1] [0:1] [0:1] [0:1] [0:1] [0:1] [0:1] [0:1] [0:1] [0:1] [0:1] [0:1] [0:1] [0:1] [0:1] [0:1] [0:1] [0:1] [0:1] none none none none none none none none none none [0:1] [0:1] none none none none none [0:1] [0:1] [0:1] [0:1] [0:1] [0:1] [0:1] [0:1] [0:1] [0:1] [0:1] [0:1] [0:1] [0:1] [0:1] [0:1] [0:1] [0:1] [0:1] [0:1] [0:1] [0:1] [0:1] [0:1] [0:1] [0:1] [0:1] [0:1] none none [0:1] [0:1] [0:1] none [0:1] [0:1] [0:1] [0:1] [0:1] none [0:1] none none [0:1] none [0:1] [0:1] [0:1] [0:1] [0:1] [0:1] [0:1] [0:1] [0:1] [0:1] [0:1] [0:1] [0:1] [0:1] [0:1] [0:1] [0:1] [0:1] [0:1] [0:1] [0:1] [0:1] [0:1] [0:1] [0:1] none none none none none none none none none none none none none none none none none [0:1] [0:1] [0:1] [0:1] [0:1] [0:1] [0:1] [0:1] [0:1] [0:1] none [0:1] [0:1] [0:1] [0:1] none [0:1] [0:1] none none none [0:1] [0:1] none none none none none [0:1] [0:1] [0:1] [0:1] [0:1] [0:1] [0:1] none none none [0:1] none [0:1] [0:1] [0:1] none [0:1] [0:1] [0:1] [0:1] none none [0:1] [0:1] none none none none [0:1] [0:1] none none none [0:1] none none [0:1] [0:1] none none [0:1] [0:1] none none none none none none none none none none none none none none none none none none none none none none none none none none none none none none none none none none none none none none none none none none none none none none none none none none none none none none none none none none none none none none none none none none none none none none none none none none none none none none none none none none none none none none none none none none none none none none none none none none none none none none none none none none none none none none none none none none none none none none none none none none none none none none none none none none none none none none none none none none none none none none none none none none none none none none none none none none none none none none none none none none none none none none none none none none none none none none none none none none none none none none none none none none none none none none none none none none none none none none none none none none none none none none none none none none none none none none none none none none none none none none none none none none none none none none none none none none none none none
tree_sizes=3364 3441 3461 3466 3442 3475 3479 3462 3468 3484 3474 3468 3484 3490 3485 3488 3489 3480 3498 3490

Tree=0
num_leaves=31
num_cat=0
split_feature=1 5 8 8 0 0 5 1 87 5 0 1 8 69 0 63 0 0 16 0 54 10 0 16 54 99 21 15 53 11
split_gain=249.062 105.92 40.0713 34.891 29.1973 14.0199 13.0979 12.8111 11.3946 10.5826 9.88892 9.44229 9.12828 8.5195 9.97955 6.3574 8.22422 9.54835 10.2868 6.9942 6.80549 6.37858 6.3061 5.9203 6.24521 5.83003 5.65973 7.26737 5.49692 6.32675
threshold=0.1512662544846535 1.0000000180025095e-35 1.0000000180025095e-35 1.0000000180025095e-35 6.4298424720764169 17.622176170349125 1.0000000180025095e-35 0.65001142024993908 1.0000000180025095e-35 1.0000000180025095e-35 5.3018479347229013 0.59692752361297619 1.0000000180025095e-35 1.0000000180025095e-35 14.176591396331789 1.0000000180025095e-35 12.412046909332277 11.998631000518801 1.0000000180025095e-35 12.803559303283693 1.0000000180025095e-35 1.0000000180025095e-35 12.803559303283693 1.0000000180025095e-35 1.0000000180025095e-35 1.0000000180025095e-35 1.0000000180025095e-35 1.0000000180025095e-35 1.0000000180025095e-35 1.0000000180025095e-35
decision_type=2 2 2 2 2 2 2 2 2 2 2 2 2 2 2 2 2 2 2 2 2 2 2 2 2 2 2 2 2 2
left_child=3 2 7 10 6 12 -5 8 -2 25 -1 15 -3 -14 -15 16 17 18 20 -18 -4 -22 -10 24 -16 -6 -12 -28 29 -13
right_child=1 5 11 4 9 -7 -8 -9 22 -11 26 28 13 14 23 -17 19 -19 -20 -21 21 -23 -24 -25 -26 -27 27 -29 -30 -31
leaf_value=-1.2055106494491605 -1.0901480833249522 -1.145455556070226 -1.1227353266316691 -1.1379687996077377 -1.0425525028577538 -0.99744892913254402 -1.2096864828366514 -1.0144875643908497 -1.0781257760069807 -1.1358724819835084 -1.1769724174108263 -1.0460516689986921 -1.1312290412274004 -1.1188979459327713 -0.94517304798809831 -0.89057379434834405 -1.1532630605845089 -0.84034248099977016 -0.89954367173201799 -1.0230261893596038 -0.91050685520095287 -1.0699713420218224 -0.92047338562725711 -0.89057379434834405 -1.1058508515565182 -1.1237906063238661 -1.0771472439287617 -1.1831297951697088 -0.91634360782630231 -0.90851354911569193
leaf_weight=134.52432525157928 75.99509534239769 102.00808641314507 6.3174406886100849 69.120233416557312 42.549821108579636 8.7329327166080457 40.320136159658432 54.069860011339188 4.0877557396888715 27.313640624284744 146.41597831249237 8.3613185584545118 30.472360968589783 12.263267219066622 4.2735628187656385 5.0167911350727072 5.2025982141494778 4.6451769769191733 7.4322831630706778 19.881357461214066 5.0167911350727081 5.0167911350727081 6.6890548467636108 3.9019486606121054 5.574212372303009 11.148424744606016 13.935530930757523 12.077460139989853 33.631081312894821 5.5742123723030081
leaf_count=724 409 549 34 372 229 47 217 291 22 147 788 45 164 66 23 27 28 25 40 107 27 27 36 21 30 60 75 65 181 30
internal_value=-1.11663 -1.05935 -1.01773 -1.16433 -1.1307 -1.1208 -1.16439 -1.05269 -1.0765 -1.0852 -1.18519 -0.971318 -1.1276 -1.09535 -1.05331 -0.998212 -1.0083 -0.971479 -0.997091 -1.05004 -1.04143 -0.990239 -0.980273 -0.994818 -1.03612 -1.05942 -1.16934 -1.12635 -0.938226 -0.991036
internal_weight=911.57 414.164 246.938 497.406 190.452 167.226 109.44 140.842 86.7719 81.0119 306.953 106.096 158.493 56.4854 26.013 58.5292 53.5124 28.4285 23.7833 25.084 16.351 10.0336 10.7768 13.7497 9.84778 53.6982 172.429 26.013 47.5666 13.9355
internal_count=4906 2229 1329 2677 1025 900 589 758 467 436 1652 571 853 304 140 315 288 153 128 135 88 54 58 74 53 289 928 140 256 75
is_linear=0
shrinkage=1


Tree=1
num_leaves=31
num_cat=0
split_feature=1 5 8 8 0 0 5 51 0 7 8 69 6 5 7 10 73 35 40 0 1 14 65 26 15 12 15 42 67 54
split_gain=200.424 79.1713 30.302 27.619 24.0427 11.6998 11.6189 9.69054 8.99845 8.79843 8.51014 12.0072 13.4131 8.25927 7.20785 6.66048 10.3692 14.0894 10.6368 9.66108 6.13685 5.89203 5.56225 7.84733 12.6363 6.98601 5.50306 7.31303 6.4974 7.26341
threshold=0.1512662544846535 1.0000000180025095e-35 1.0000000180025095e-35 1.0000000180025095e-35 6.4298424720764169 13.211498737335207 1.0000000180025095e-35 1.0000000180025095e-35 5.3018479347229013 1.0000000180025095e-35 1.0000000180025095e-35 1.0000000180025095e-35 1.0000000180025095e-35 1.0000000180025095e-35 1.0000000180025095e-35 1.0000000180025095e-35 1.0000000180025095e-35 1.0000000180025095e-35 1.0000000180025095e-35 13.550992488861086 0.59692752361297619 1.0000000180025095e-35 1.0000000180025095e-35 1.0000000180025095e-35 1.0000000180025095e-35 1.0000000180025095e-35 1.0000000180025095e-35 1.0000000180025095e-35 1.0000000180025095e-35 1.0000000180025095e-35
decision_type=2 2 2 2 2 2 2 2 2 2 2 2 2 2 2 2 2 2 2 2 2 2 2 2 2 2 2 2 2 2
left_child=2 3 8 7 6 14 -4 9 -1 -2 -7 -12 21 -6 -3 16 17 -9 19 -18 26 -13 23 -17 25 -25 -5 -28 -29 -30
right_child=1 5 4 20 13 10 -8 15 -10 -11 11 12 -14 -15 -16 22 18 -19 -20 -21 -22 -23 -24 24 -26 -27 27 28 29 -31
leaf_value=-0.084008845661942402 0.055212811625175995 -0.012450738669723597 -0.019426293885431642 0.078096141001638641 0.049947432475707772 -0.004737831798676281 -0.088164753311882282 0.10744869239870636 -0.048837540927894885 -0.024480957456563538 -0.018445481668293018 0.10523876413326139 0.0048088892547538398 -0.017497880389578859 -0.083329411033445155 0.011303191404091622 -0.034417230343447673 0.2929766714819349 -0.090852671248068298 0.13134902558659334 0.14683341022490645 0.235965873885981 -0.041173014328759014 -0.060427925548613148 0.22329993681903201 0.12339995953645418 0.046038519705057339 0.10403560513919118 0.13965781832211818 0.32029277275424178
leaf_weight=128.41428107023239 35.350961685180664 39.309519812464714 68.371126592159271 39.992188960313797 55.239749029278755 67.435535207390785 38.402158036828041 25.104717880487446 167.7925421744585 22.780772060155869 14.041536122560499 8.3010534793138486 9.2549822628498077 27.046764627099037 22.593934267759323 15.011985033750534 4.974968731403357 4.8907229453325263 4.4578418582677832 11.987811595201491 51.738406211137772 5.8969574272632608 6.3676429241895667 4.0263848751783353 6.1399013400077829 4.2488524913787842 5.9740558862686166 7.0540000796318045 4.3312139064073563 4.5799743980169296
leaf_count=724 186 214 372 204 289 366 217 130 928 120 76 43 48 147 123 78 26 25 23 62 256 30 33 21 32 22 30 36 22 23
internal_value=-0.000184868 0.0498823 -0.0441213 0.0844873 -0.012843 -0.00384271 -0.0441488 0.0556091 -0.0640853 0.0239823 0.0164974 0.05469 0.098477 0.0277788 -0.0383205 0.0766905 0.0997488 0.137699 0.0466072 0.0827319 0.121412 0.159535 0.0435692 0.0619063 0.114605 0.033957 0.100175 0.140421 0.175738 0.232497
internal_weight=911.113 425.846 485.267 259.012 189.06 166.834 106.773 145.343 296.207 58.1317 104.93 37.4945 23.453 82.2865 61.9035 87.2108 51.4161 29.9954 21.4206 16.9628 113.67 14.198 35.7948 29.4271 14.4151 8.27524 61.9314 21.9392 15.9652 8.91119
internal_count=4906 2229 2677 1329 1025 900 589 758 1652 306 563 197 121 436 337 452 266 155 111 88 571 73 186 153 75 43 315 111 81 45
is_linear=0
shrinkage=0.1


Tree=2
num_leaves=31
num_cat=0
split_feature=1 5 5 8 8 0 88 1 1 8 0 1 8 87 15 10 80 14 81 72 42 52 67 138 69 86 14 7 7 0
split_gain=161.995 60.2419 27.75 21.7482 20.0223 15.9505 11.5039 9.85179 8.23995 6.87678 5.99329 5.98106 5.44286 5.35066 5.10657 6.10963 4.98353 4.74462 7.56231 7.08292 5.84333 5.10434 4.91286 4.64262 4.63946 6.65344 5.41448 7.11058 4.5963 4.33489
threshold=0.1512662544846535 1.0000000180025095e-35 1.0000000180025095e-35 1.0000000180025095e-35 1.0000000180025095e-35 5.1238877773284921 1.0000000180025095e-35 0.95330443978309642 0.85185185074806224 1.0000000180025095e-35 4.3367555141448983 -0.26367023587226862 1.0000000180025095e-35 1.0000000180025095e-35 1.0000000180025095e-35 1.0000000180025095e-35 1.0000000180025095e-35 1.0000000180025095e-35 1.0000000180025095e-35 1.0000000180025095e-35 1.0000000180025095e-35 1.0000000180025095e-35 1.0000000180025095e-35 1.0000000180025095e-35 1.0000000180025095e-35 1.0000000180025095e-35 1.0000000180025095e-35 1.0000000180025095e-35 1.0000000180025095e-35 9.0704994201660174
decision_type=2 2 2 2 2 2 2 2 2 2 2 2 2 2 2 2 2 2 2 2 2 2 2 2 2 2 2 2 2 2
left_child=2 4 3 6 8 -5 10 9 13 -3 -1 -4 29 -2 15 -10 -12 18 19 -6 -20 -19 -23 -7 28 26 27 -26 -11 -13
right_child=1 7 11 5 17 23 -8 -9 14 24 16 12 -14 -15 -16 -17 -18 21 20 -21 -22 22 -24 -25 25 -27 -28 -29 -30 -31
leaf_value=-0.080288756891078686 0.031233700149739738 -0.025863075556051385 -0.085448616183633058 -0.036225148243328939 -0.00066853001073926871 0.044331654656681464 0.10125350881184028 0.090113067891661125 0.13173127461820197 0.021215525177654234 -0.030911629352263815 -0.088676058649115028 -0.011826697621492617 0.10151531447153982 0.14733458035351368 -0.0069404561749287375 -0.10758845119564193 0.087956911715694419 0.1690580195189765 0.087247201214811845 0.067826889524578521 0.19417386060453093 0.11310992651959939 -0.054665657992419348 -0.02236910724560455 -0.035343024164144074 0.14264136912063988 0.13216579228634398 -0.059884406653005151 -0.027675708757952711
leaf_weight=46.55931256711483 112.09285506606102 98.669653236865997 110.84524883329868 46.215947955846786 12.769416511058806 72.971028700470924 5.1783090978860846 10.519386693835257 5.8844516277313232 18.300867900252342 99.741582497954369 34.292242363095284 25.891494423151016 11.9911772608757 12.178054735064507 6.9057370126247406 9.2636028081178647 20.024986729025841 15.358375608921051 32.454785570502281 9.0691476911306381 14.788264974951744 15.120092168450356 5.0660218745470038 7.8478827774524742 7.2002716660499564 7.696555867791175 4.797796756029129 11.305125251412393 17.643457025289536
leaf_count=275 575 544 651 254 62 380 29 53 29 100 571 195 142 59 60 35 53 97 73 154 44 70 71 27 40 39 37 24 63 100
internal_value=-0.000319266 0.0437422 -0.0407814 -0.0210876 0.0730262 0.0103322 -0.045375 -0.00355171 0.0485725 -0.00987508 -0.0502558 -0.0705295 -0.0492811 0.0380255 0.100988 0.056859 -0.0374279 0.103505 0.0866402 0.0624235 0.131474 0.127031 0.153192 0.0379049 0.017729 0.0472696 0.0765109 0.0362618 -0.00975269 -0.0679532
internal_weight=908.643 434.975 473.668 284.996 268.637 124.253 160.743 166.338 149.052 155.818 155.564 188.672 77.8272 124.084 24.9682 12.7902 109.005 119.585 69.6517 45.2242 24.4275 49.9333 29.9084 78.0371 57.1485 27.5425 20.3422 12.6457 29.606 51.9357
internal_count=4906 2229 2677 1589 1329 661 928 900 758 847 899 1088 437 634 124 64 624 571 333 216 117 238 141 407 303 140 101 64 163 295
is_linear=0
shrinkage=0.1


Tree=3
num_leaves=31
num_cat=0
split_feature=1 5 5 8 8 0 88 0 1 8 87 69 6 1 0 7 0 17 61 16 8 0 140 151 56 80 0 139 105 138
split_gain=131.598 46.4818 24.3072 18.2207 14.9172 12.8541 9.29593 8.69177 6.89233 6.61739 6.12009 5.88392 9.33778 5.50683 5.39374 5.2579 5.20291 5.12575 5.05238 5.91221 4.76415 4.70028 4.54394 4.51779 4.51175 4.49367 4.47647 4.47326 5.37654 4.65168
threshold=0.1512662544846535 1.0000000180025095e-35 1.0000000180025095e-35 1.0000000180025095e-35 1.0000000180025095e-35 5.1238877773284921 1.0000000180025095e-35 13.351129055023195 0.65001142024993908 1.0000000180025095e-35 1.0000000180025095e-35 1.0000000180025095e-35 1.0000000180025095e-35 -0.26367023587226862 4.3367555141448983 1.0000000180025095e-35 12.462697029113771 1.0000000180025095e-35 1.0000000180025095e-35 1.0000000180025095e-35 1.0000000180025095e-35 15.132101058959963 1.0000000180025095e-35 1.0000000180025095e-35 1.0000000180025095e-35 1.0000000180025095e-35 11.43189573287964 1.0000000180025095e-35 1.0000000180025095e-35 1.0000000180025095e-35
decision_type=2 2 2 2 2 2 2 2 2 2 2 2 2 2 2 2 2 2 2 2 2 2 2 2 2 2 2 2 2 2
left_child=2 4 3 6 8 -5 14 15 10 17 22 -11 -13 -4 -1 16 18 -9 26 -20 -15 -14 23 24 -2 -16 -3 28 29 -7
right_child=1 7 13 5 -6 27 -8 9 -10 11 -12 12 21 20 25 -17 -18 -19 19 -21 -22 -23 -24 -25 -26 -27 -28 -29 -30 -31
leaf_value=-0.075905556811278974 -0.041465195641108218 0.034114379780547363 -0.081018998356568964 -0.033267510387100484 0.08942176627547728 0.038757717884130904 0.086242225041531409 -0.10885225379608304 0.069041821842281956 -0.0060986838981310779 0.091194624973650218 0.12612439796744027 -0.084077679715574005 -0.063667316883650335 -0.028327564387161854 -0.071178801239986988 -0.060290286585157726 0.0031994073319071116 0.014483848637282724 0.17234677922010161 -0.010713658696137983 0.062134362844778225 0.089514048388806625 0.11008044557912132 0.016963940523247418 -0.10325543362467454 -0.071150105410858935 0.09655635292816328 -0.086906441319801062 -0.065969330211218632
leaf_weight=44.435453787446022 17.930381000041962 7.8439766615629223 105.49706780910492 45.339941591024399 124.23107051849365 60.960290402173996 5.4553610235452643 4.3728220462799063 60.169815674424171 12.748374223709105 12.293626710772513 15.014527410268784 3.9730370342731476 50.009965404868126 98.048433169722557 22.53573352098465 14.018155232071875 61.4785365909338 6.8702405393123644 3.6237529516220093 25.732022613286972 4.9230322539806366 7.4939618408679953 4.0680738538503638 50.258807063102722 8.7156382501125318 8.3302763700485212 9.8449963331222516 4.0753850787878028 4.5583787113428107
leaf_count=275 92 43 651 254 571 311 29 24 291 70 58 70 21 295 571 130 77 337 38 20 142 24 38 21 258 53 46 50 21 25
internal_value=-0.000405018 0.0386049 -0.037687 -0.0192933 0.0637088 0.00921663 -0.042002 -0.00326903 0.0427231 0.0147156 0.0255185 0.0487683 0.0780216 -0.0662492 -0.0466292 -0.0324298 -0.0109672 -0.00424132 0.0149594 0.0689966 -0.0456772 -0.0031648 0.0153945 0.00770741 0.00159997 -0.0344443 -0.0201003 0.0334645 0.0245393 0.0314715
internal_weight=904.851 442.178 462.673 281.434 276.446 124.779 156.655 165.732 152.215 102.51 92.0449 36.659 23.9106 181.239 151.2 63.2221 40.6864 65.8514 26.6682 10.494 75.742 8.89607 79.7512 72.2573 68.1892 106.764 16.1743 79.4391 69.5941 65.5187
internal_count=4906 2229 2677 1589 1329 661 928 900 758 546 467 185 115 1088 899 354 224 361 147 58 437 45 409 371 350 624 89 407 357 336
is_linear=0
shrinkage=0.1


Tree=4
num_leaves=31
num_cat=0
split_feature=0 5 5 51 8 88 0 78 8 0 7 81 14 7 1 13 53 0 9 10 22 10 81 0 113 8 99 1 73 0
split_gain=107.683 37.7699 20.0971 13.0577 12.9827 10.6023 8.97202 8.13092 10.2347 7.95737 7.35576 8.17145 7.00975 9.8422 6.62965 8.01812 7.55387 6.57524 5.79279 7.33509 5.73822 5.26044 5.9611 6.30665 4.82424 4.8 4.7837 4.7173 4.67201 6.33206
threshold=9.0704994201660174 1.0000000180025095e-35 1.0000000180025095e-35 1.0000000180025095e-35 1.0000000180025095e-35 1.0000000180025095e-35 5.1238877773284921 1.0000000180025095e-35 1.0000000180025095e-35 13.211498737335207 1.0000000180025095e-35 1.0000000180025095e-35 1.0000000180025095e-35 1.0000000180025095e-35 0.66050651669502269 1.0000000180025095e-35 1.0000000180025095e-35 17.30732345581055 1.0000000180025095e-35 1.0000000180025095e-35 1.0000000180025095e-35 1.0000000180025095e-35 1.0000000180025095e-35 6.4298424720764169 1.0000000180025095e-35 1.0000000180025095e-35 1.0000000180025095e-35 0.1512662544846535 1.0000000180025095e-35 13.550992488861086
decision_type=2 2 2 2 2 2 2 2 2 2 2 2 2 2 2 2 2 2 2 2 2 2 2 2 2 2 2 2 2 2
left_child=2 3 4 7 5 24 -6 10 -9 20 11 -2 14 17 16 26 -5 28 -11 -20 -3 -8 23 -23 -1 -12 -16 -27 -14 -30
right_child=1 9 -4 12 6 -7 21 8 -10 18 25 -13 13 -15 15 -17 -18 -19 19 -21 -22 22 -24 -25 -26 27 -28 -29 29 -31
leaf_value=-0.052651101092234365 0.017863495114554397 -0.034770964269756892 -0.069306283734213825 0.13099676537774577 -0.030514346851467263 0.097985767590702627 0.0043307050655205402 0.018789872660162882 0.23575458589651857 -0.0043386235972436935 -0.032092792801206901 0.082802725042927475 0.16128294207513028 0.043991289219098506 0.13919336520134923 0.035157961730436969 0.015966377110269932 0.0066019471732953906 0.076352679855909295 -0.018757652408758204 0.077211232429400811 0.016102820459128604 0.019072332628636002 0.17221549087813606 0.05336614821989704 -0.041502891753795214 0.037192935085696655 0.054974549930963082 -0.016632021273859748 0.1306367947228145
leaf_weight=122.81239604949951 53.552522376179695 80.448744580149651 147.9196045845747 6.4504133611917487 44.531699985265732 5.1081160604953757 36.672189980745316 4.5586541593074781 4.1566128432750702 69.453917741775513 30.591569274663925 30.36327388882637 25.033121898770332 25.39871783554554 20.72792819142342 22.166057050228119 49.653836727142334 4.4315568357706061 24.462305814027786 12.12924440205097 4.8519011139869681 3.9905380755662918 13.53295724093914 7.3614304661750793 4.4475953578948966 7.1201202571392086 5.9085548222064963 17.584877029061317 4.0250743478536597 10.630356997251509
leaf_count=754 265 462 935 30 254 26 186 24 19 369 165 150 114 117 94 101 235 20 129 65 28 21 70 36 27 35 27 80 20 48
internal_value=-0.000466762 0.0295307 -0.0403493 0.0504218 -0.0223867 -0.0432758 0.00367689 0.0285669 0.122268 -0.00566381 0.0227009 0.0413605 0.0689566 0.0935828 0.0526375 0.0795913 0.0291916 0.122131 0.0126258 0.0448258 -0.0284014 0.0284115 0.0638988 0.117337 -0.0489459 -0.00561615 0.116567 0.0271692 0.135031 0.0901898
internal_weight=900.076 513.699 386.377 322.353 238.457 132.368 106.089 147.928 8.71527 191.346 139.212 83.9158 174.426 69.5188 104.907 48.8025 56.1043 44.1201 106.045 36.5916 85.3006 61.5571 24.8849 11.352 127.26 55.2966 26.6365 24.705 39.6886 14.6554
internal_count=4906 2597 2309 1544 1374 807 567 738 43 1053 695 415 806 319 487 222 265 202 563 194 490 313 127 57 781 280 121 115 182 68
is_linear=0
shrinkage=0.1


Tree=5
num_leaves=31
num_cat=0
split_feature=0 5 5 176 0 8 8 88 0 1 52 45 7 12 10 9 0 188 105 84 10 0 78 52 139 21 7 15 64 0
split_gain=88.2705 29.7645 17.6864 12.1058 11.8052 11.5536 8.08631 7.72427 7.47333 7.11217 5.12703 5.35703 5.21964 7.30898 4.77328 5.74078 9.6321 4.63487 4.62214 5.8572 6.98166 6.78071 5.32925 4.53715 6.54354 5.12508 4.3453 4.27741 6.0673 5.19612
threshold=9.0704994201660174 1.0000000180025095e-35 1.0000000180025095e-35 1.0000000180025095e-35 4.3367555141448983 1.0000000180025095e-35 1.0000000180025095e-35 1.0000000180025095e-35 11.623545169830324 0.95330443978309642 1.0000000180025095e-35 1.0000000180025095e-35 1.0000000180025095e-35 1.0000000180025095e-35 1.0000000180025095e-35 1.0000000180025095e-35 14.591375827789308 1.0000000180025095e-35 1.0000000180025095e-35 1.0000000180025095e-35 1.0000000180025095e-35 7.8836412429809579 1.0000000180025095e-35 1.0000000180025095e-35 1.0000000180025095e-35 1.0000000180025095e-35 1.0000000180025095e-35 1.0000000180025095e-35 1.0000000180025095e-35 16.661190986633304
decision_type=2 2 2 2 2 2 2 2 2 2 2 2 2 2 2 2 2 2 2 2 2 2 2 2 2 2 2 2 2 2
left_child=2 3 4 5 -1 8 7 26 -2 10 -3 14 13 -13 15 -12 -17 27 19 20 22 -22 -8 24 -7 -25 -6 28 -10 -29
right_child=1 9 -4 -5 6 23 18 -9 17 -11 11 12 -14 -15 -16 16 -18 -19 -20 -21 21 -23 -24 25 -26 -27 -28 29 -30 -31
leaf_value=-0.054229968293206768 -0.010923877499487207 -0.027196009832102266 -0.065241346697653288 0.16682884611399407 -0.013354690321235799 0.030827621630063008 0.0032402161375000675 0.092681275966489327 -0.00025140655478173241 0.072558513924511611 -0.015173306727953943 0.029967724875985119 -0.025174943688458018 0.1748205069139217 -0.040517412623859682 -0.007920060856001573 0.14445785435320596 0.14029625718712913 -0.084775454358903324 0.13020139556039109 0.02854249549865653 0.14819807333891769 -0.11116862331330207 0.085673184290972412 0.12735390288209769 -0.0060243472909592075 -0.059605383267429306 0.038046502693743274 0.074767712589705423 0.11360799520822125
leaf_weight=72.031306877732277 45.105642661452293 87.964143633842468 141.75040569901466 7.9003160744905463 46.186644032597542 57.273406967520714 35.078627154231071 5.1377185136079779 51.919739052653313 11.091690868139265 26.991247847676277 9.6182459145784396 6.4304450303316107 5.4612846225500098 26.247132390737534 9.4114728718996066 7.4180853217840186 4.153510019183158 4.1062610745429984 4.8689463287591925 20.584734305739406 6.151197060942649 4.6060354262590399 74.036608323454857 8.0045114457607252 6.6419704705476752 36.261864796280861 47.768703281879425 13.60602195560932 11.242686435580252
leaf_count=454 246 505 935 37 283 263 181 25 251 53 147 51 35 29 145 50 38 19 22 25 107 29 25 320 37 29 223 228 64 50
internal_value=-0.000510766 0.0262645 -0.0373436 0.0445437 -0.0205168 0.0415223 -0.00561691 -0.0262831 0.0241025 -0.00515298 -0.00995382 0.00660797 0.0502602 0.0824284 -0.00679271 0.0134072 0.0592446 0.0363791 0.0183907 0.0243331 0.0165724 0.0560719 -0.0100387 0.0622648 0.0426639 0.0781241 -0.0336963 0.0329133 0.0153259 0.0524423
internal_weight=895.051 518.287 376.764 327.653 235.013 319.753 162.982 87.5862 173.796 190.634 179.542 91.5779 21.51 15.0795 70.0679 43.8208 16.8296 128.691 75.3958 71.2895 66.4206 26.7359 39.6847 145.956 65.2779 80.6786 82.4485 124.537 65.5258 59.0114
internal_count=4906 2597 2309 1544 1374 1507 920 531 858 1053 1000 495 115 80 380 235 88 612 389 367 342 136 206 649 300 349 506 593 315 278
is_linear=0
shrinkage=0.1


Tree=6
num_leaves=31
num_cat=0
split_feature=0 5 5 0 176 8 8 88 0 0 16 237 26 56 26 81 16 1 0 10 84 0 73 8 79 13 35 7 15 135
split_gain=72.4517 23.6244 15.5051 10.0353 8.98135 9.04148 6.60449 6.18436 5.93536 5.6424 4.66027 4.41148 4.73567 4.0497 4.26092 4.54887 4.76597 4.02892 4.9536 7.95677 4.07103 4.03124 4.02372 3.86449 3.77401 5.79798 4.50469 3.76909 3.87057 6.33435
threshold=9.0704994201660174 1.0000000180025095e-35 1.0000000180025095e-35 4.3367555141448983 1.0000000180025095e-35 1.0000000180025095e-35 1.0000000180025095e-35 1.0000000180025095e-35 11.623545169830324 17.433264732360843 1.0000000180025095e-35 1.0000000180025095e-35 1.0000000180025095e-35 1.0000000180025095e-35 1.0000000180025095e-35 1.0000000180025095e-35 1.0000000180025095e-35 -0.030344513244926926 7.8836412429809579 1.0000000180025095e-35 1.0000000180025095e-35 7.5277206897735605 1.0000000180025095e-35 1.0000000180025095e-35 1.0000000180025095e-35 1.0000000180025095e-35 1.0000000180025095e-35 1.0000000180025095e-35 1.0000000180025095e-35 1.0000000180025095e-35
decision_type=2 2 2 2 2 2 2 2 2 2 2 2 2 2 2 2 2 2 2 2 2 2 2 2 2 2 2 2 2 2
left_child=2 4 3 11 5 8 7 27 13 23 -11 12 -1 -2 22 16 -16 18 20 -20 21 -8 -15 -3 26 -26 -4 28 29 -5
right_child=1 9 24 6 -6 -7 17 -9 -10 10 -12 -13 -14 14 15 -17 -18 -19 19 -21 -22 -23 -24 -25 25 -27 -28 -29 -30 -31
leaf_value=-0.10076517398485248 -0.061649878132300912 -0.021490555865210717 -0.07639364179684402 0.055945891376206161 0.14207747207589885 0.055029838065170783 0.010468106915256029 0.08020035339450951 0.032285076707972205 0.090347126693642366 -0.025095850460602861 0.064169170495329664 -0.040125738472904855 -0.11125764244111297 -0.052837486188044507 0.094921567946303465 0.070028008575586345 -0.061732887577627883 0.016848216977739871 0.18054406395197475 0.095787183392342407 -0.092776979966527506 0.0053035783575398924 0.009282966702978691 0.045320059938150969 -0.087281405510702834 -0.028270384388131495 -0.055705872903628828 -0.042680766782867093 -0.049597323364938731
leaf_weight=17.467272698879242 11.305752694606779 108.57350984215736 98.256819784641266 14.845659554004669 8.3234028816223127 148.44942782819271 48.075842350721359 5.3321855068206778 130.31547090411186 10.638977959752081 5.2089296579360953 3.1989201605319968 49.024901404976845 4.7274602800607664 7.514972075819971 7.9343261867761603 5.4443504065275192 6.0789585709571829 7.6816578656434995 4.8404150307178497 5.1201617717742911 4.1047033667564383 7.9283076077699661 65.380471929907799 7.7453225553035718 5.742079883813858 24.252810418605804 34.988413333892822 21.761369377374649 9.2168604135513306
leaf_count=114 62 625 684 91 37 649 254 25 612 51 26 21 319 26 41 44 30 29 38 22 26 20 43 351 52 39 160 223 135 57
internal_value=-0.000540031 0.0234204 -0.0345353 -0.018805 0.0395108 0.0368729 -0.00515804 -0.0241082 0.0214856 -0.00472019 0.052403 -0.050537 -0.0560555 -0.00988944 0.00755321 0.0352894 -0.00122037 0.0163494 0.0231474 0.0801249 0.010696 0.00234649 -0.0382369 -0.00992435 -0.0613395 -0.0111332 -0.0668668 -0.0309907 -0.0121197 0.0155188
internal_weight=889.48 521.745 367.734 231.737 331.943 323.62 162.046 86.1445 175.171 189.802 15.8479 69.6911 66.4922 44.8552 33.5494 20.8936 12.9593 75.9017 69.8228 12.5221 57.3007 52.1805 12.6558 173.954 135.997 13.4874 122.51 80.8123 45.8239 24.0625
internal_count=4906 2597 2309 1374 1544 1507 920 531 858 1053 77 454 433 246 184 115 71 389 360 60 300 274 69 976 935 91 844 506 283 148
is_linear=0
shrinkage=0.1


Tree=7
num_leaves=31
num_cat=0
split_feature=1 5 0 8 176 8 8 0 17 19 5 0 178 21 15 16 11 139 10 0 9 13 1 188 28 10 26 55 67 9
split_gain=59.9263 18.4047 14.2867 11.2651 6.98153 6.40339 5.47102 5.4264 4.56006 4.39251 4.08148 4.07764 3.97562 4.73309 4.40172 5.35643 4.90572 3.91677 5.0421 4.9428 4.03895 5.91075 4.02598 3.88097 3.89785 3.67885 4.73619 6.18055 4.74593 4.39471
threshold=0.1512662544846535 1.0000000180025095e-35 5.1238877773284921 1.0000000180025095e-35 1.0000000180025095e-35 1.0000000180025095e-35 1.0000000180025095e-35 17.229294776916507 1.0000000180025095e-35 1.0000000180025095e-35 1.0000000180025095e-35 11.998631000518801 1.0000000180025095e-35 1.0000000180025095e-35 1.0000000180025095e-35 1.0000000180025095e-35 1.0000000180025095e-35 1.0000000180025095e-35 1.0000000180025095e-35 8.0862421989440936 1.0000000180025095e-35 1.0000000180025095e-35 -0.39508707821369166 1.0000000180025095e-35 1.0000000180025095e-35 1.0000000180025095e-35 1.0000000180025095e-35 1.0000000180025095e-35 1.0000000180025095e-35 1.0000000180025095e-35
decision_type=2 2 2 2 2 2 2 2 2 2 2 2 2 2 2 2 2 2 2 2 2 2 2 2 2 2 2 2 2 2
left_child=2 4 10 12 5 23 8 -8 -3 17 -1 -10 13 -4 15 16 -15 20 19 -19 22 -22 -5 24 -2 29 -27 -28 -29 -13
right_child=1 6 3 9 -6 -7 7 -9 11 -11 -12 25 -14 14 -16 -17 -18 18 -20 -21 21 -23 -24 -25 -26 26 27 28 -30 -31
leaf_value=-0.038371378428786157 0.10265944199447113 -0.10867501845343308 -0.04217140424959314 0.084511926846218249 0.13712031598998406 0.053326885613563052 0.01140378669027251 0.11107020383828595 -0.050801242733505163 0.11344344277739656 -0.071153297206520957 -0.008247176627605329 0.064142522239170982 0.16978162391369903 -0.042112742253007991 -0.029007848684960015 0.010404883062686599 0.10473255323916991 0.1421254629091144 -0.041944006743666593 0.056520740717503765 -0.028353049232350394 -0.022760390020202789 0.11617315554415375 0.017598541734743386 -0.063822077060225885 -0.082469251566001794 0.0041821920666338368 0.15481503957962625 0.054376213459012071
leaf_weight=96.037019655108452 5.5921896249055854 5.1006794720888129 122.51660193502903 3.7234461456537238 7.1379729956388465 131.00005729496479 55.145228207111359 6.063443422317504 20.920776575803757 3.968158707022666 62.824433594942093 28.445045292377472 4.2298479229211798 4.2869419306516647 10.578891903162003 5.784263402223587 3.5147491097450256 3.7378832995891553 4.5546631813049308 5.9620142430067062 22.823012605309486 12.81117822229862 57.940611660480499 4.3814661651849738 146.98651227355003 16.666168227791786 4.2149826586246499 5.1707016974687576 3.5124473124742508 18.490766033530235
leaf_count=629 26 30 796 22 30 557 292 28 125 21 470 159 27 24 66 33 20 20 23 29 122 67 308 19 697 95 24 29 20 98
internal_value=-0.000557948 0.0245073 -0.0275996 -0.0134469 0.0394256 0.037004 -0.00238069 0.0212769 -0.016505 0.010055 -0.0513355 -0.0116793 -0.0314374 -0.0341937 0.00625368 0.0439149 0.0979806 0.00637728 0.0553325 0.0145782 -0.000794852 0.026007 -0.016283 0.0233808 0.0207161 -0.000980454 -0.0286112 0.016886 0.0651151 0.0164238
internal_weight=884.122 458.828 425.294 266.432 295.098 287.96 163.73 61.2087 102.522 115.521 158.861 97.4209 150.911 146.681 24.1648 13.586 7.80169 111.553 14.2546 9.6999 97.2982 35.6342 61.6641 156.96 152.579 76.5001 29.5643 12.8981 8.68315 46.9358
internal_count=4906 2229 2677 1578 1329 1299 900 320 580 612 1099 550 966 939 143 77 44 591 72 49 519 189 330 742 723 425 168 73 49 257
is_linear=0
shrinkage=0.1


Tree=8
num_leaves=31
num_cat=0
split_feature=0 5 5 147 8 51 88 14 7 78 8 7 81 0 0 1 16 53 22 113 49 15 32 9 86 7 0 55 0 0
split_gain=49.7086 15.298 12.7925 9.14778 8.51804 6.63118 5.7392 5.48873 6.97078 5.08803 6.51383 5.41549 5.75887 4.67092 4.65753 4.55752 6.19084 5.27831 4.53946 4.49034 4.94358 6.99608 4.90822 4.72297 4.38284 4.0901 6.62863 4.33651 4.50246 5.28185
threshold=9.0704994201660174 1.0000000180025095e-35 1.0000000180025095e-35 1.0000000180025095e-35 1.0000000180025095e-35 1.0000000180025095e-35 1.0000000180025095e-35 1.0000000180025095e-35 1.0000000180025095e-35 1.0000000180025095e-35 1.0000000180025095e-35 1.0000000180025095e-35 1.0000000180025095e-35 13.351129055023195 17.30732345581055 0.66050651669502269 1.0000000180025095e-35 1.0000000180025095e-35 1.0000000180025095e-35 1.0000000180025095e-35 1.0000000180025095e-35 1.0000000180025095e-35 1.0000000180025095e-35 1.0000000180025095e-35 1.0000000180025095e-35 1.0000000180025095e-35 9.6605067253112811 1.0000000180025095e-35 12.462697029113771 11.934291839599611
decision_type=2 2 2 2 2 2 2 2 2 2 2 2 2 2 2 2 2 2 2 2 2 2 2 2 2 2 2 2 2 2
left_child=2 5 3 4 6 9 19 15 14 11 -11 12 24 18 -9 17 -17 -7 25 20 -1 22 -22 -24 -2 27 -27 -3 29 -29
right_child=1 13 -4 -5 -6 7 -8 8 -10 10 -12 -13 -14 -15 -16 16 -18 -19 -20 -21 21 -23 23 -25 -26 26 -28 28 -30 -31
leaf_value=-0.05813259095623502 0.016157606458451875 -0.068467197986294762 -0.055043995241351666 0.14255535943986575 0.0031653515586407125 0.09289244108875569 0.061915202984926698 0.098921074667418715 0.024645357977215149 0.0059453706889879276 0.17255621427231738 -0.012626873260178952 0.060676424045582926 0.010298600684056922 -0.0070683868816298345 0.019943816196293592 0.089206520096938954 0.00039111049786228613 0.071530701342339673 0.05877032465988611 0.12604103367038078 -0.060576273487748612 -0.067473651540517043 0.062808152265568629 -0.084337248056588945 0.044908528546036906 -0.079160267655022709 0.0032794420855008833 -0.055447674776987692 0.10879180759150453
leaf_weight=79.027288571000099 50.539513453841209 10.118620604276655 126.85388173162937 3.6102095693349829 102.8197415471077 6.9962496757507315 5.6848532259464255 42.567368268966675 26.689277499914169 4.79105296730995 4.5990690737962723 56.29183740913868 32.296931937336922 103.55252252519131 4.5934042483568183 27.944103270769119 23.978007927536964 52.156931459903717 4.9541238844394675 4.3340202718973151 4.366771087050437 14.419462352991104 5.2952124178409576 5.8641090393066406 4.7474370151758185 5.248210787773135 23.99241130053997 25.119718834757808 9.5133417546749097 5.849102407693862
leaf_count=549 243 60 935 21 558 30 26 182 117 24 19 280 150 546 20 120 102 235 28 27 27 95 34 37 22 32 151 148 55 33
internal_value=-0.000564726 0.0188886 -0.0296412 -0.015346 -0.017916 0.031609 -0.0361322 0.0443569 0.0654855 0.0162278 0.0875476 0.0115731 0.0271268 -0.00395179 0.0885978 0.0303092 0.0519298 0.0113316 -0.0213544 -0.0410514 -0.0450215 -0.0104209 0.0361597 0.000988101 0.00752821 -0.0271179 -0.056892 -0.00991236 0.00472357 0.0232076
internal_weight=878.815 526.539 352.276 225.422 221.811 338.191 118.992 184.925 73.8501 153.266 9.39012 143.876 87.5839 188.348 47.1608 111.075 51.9221 59.1532 84.7955 113.307 108.973 29.9456 15.5261 11.1593 55.287 79.8414 29.2406 50.6008 40.4822 30.9688
internal_count=4906 2597 2309 1374 1353 1544 795 806 319 738 43 695 415 1053 202 487 222 265 507 769 742 193 98 71 265 479 183 296 236 181
is_linear=0
shrinkage=0.1


Tree=9
num_leaves=31
num_cat=0
split_feature=0 5 8 0 176 0 8 127 0 95 26 88 0 174 7 0 8 26 13 1 10 45 12 73 9 11 128 67 100 73
split_gain=40.8298 12.7823 11.822 7.03017 5.69119 5.27625 5.06259 5.0606 6.41832 8.40395 6.71963 4.57665 5.52461 5.45729 4.64277 5.20143 4.45788 7.58091 4.36125 4.18844 8.3194 4.56989 4.44033 6.50264 4.02702 3.83903 7.15858 6.58091 6.27269 4.75446
threshold=10.035592079162599 1.0000000180025095e-35 1.0000000180025095e-35 6.4298424720764169 1.0000000180025095e-35 3.3497605323791508 1.0000000180025095e-35 1.0000000180025095e-35 5.1238877773284921 1.0000000180025095e-35 1.0000000180025095e-35 1.0000000180025095e-35 13.211498737335207 1.0000000180025095e-35 1.0000000180025095e-35 12.881587982177736 1.0000000180025095e-35 1.0000000180025095e-35 1.0000000180025095e-35 -0.030344513244926926 1.0000000180025095e-35 1.0000000180025095e-35 1.0000000180025095e-35 1.0000000180025095e-35 1.0000000180025095e-35 1.0000000180025095e-35 1.0000000180025095e-35 1.0000000180025095e-35 1.0000000180025095e-35 1.0000000180025095e-35
decision_type=2 2 2 2 2 2 2 2 2 2 2 2 2 2 2 2 2 2 2 2 2 2 2 2 2 2 2 2 2 2
left_child=2 4 5 7 6 -1 -2 -4 9 -9 -10 12 14 16 15 -3 -14 -18 -12 20 -5 -22 23 -21 -19 28 27 -27 -7 -29
right_child=1 11 3 19 -6 25 -8 8 10 -11 18 -13 13 -15 -16 -17 17 24 -20 22 21 -23 -24 -25 -26 26 -28 29 -30 -31
leaf_value=-0.073309959039054365 0.017164485056997299 0.0040934243611524335 -0.076816595502478033 0.0039983914768703102 0.11610303745967557 -0.049481999722092829 0.043140957576515336 -0.037472511135061691 0.11817762524828153 0.12970468363268972 0.038453651053253275 0.08255491462236704 -0.00029253814615126168 -0.047956546897309396 -0.06931710597297934 -0.10609219632275116 0.089642583893290828 -0.043395189691005066 -0.099736895583545523 0.076764436976596906 0.14834923146561982 0.045995609330971465 -0.056320029274651552 -0.04370941311821061 0.065972930828168699 0.020594310025211979 0.13079978697614453 -0.066613822308295809 0.068580136399651589 -0.00090060132522087064
leaf_weight=38.259547010064125 165.60741846263409 33.00707945227623 14.901222899556158 30.746216461062431 7.6797017455101004 105.41803427040577 137.16833865642548 56.169716313481331 6.8010988309979448 3.1770524755120269 6.4114067852497101 6.0116036534309378 55.734567284584045 15.14958895742893 20.454364627599716 4.9232600927352896 18.09102389216423 9.959703400731085 3.5473739802837372 9.5962493121623993 7.6373517513275155 10.171896860003471 12.918327972292902 8.4038253277540207 5.0858542025089255 24.421541154384613 3.2163877189159384 30.865728422999382 4.7008815482258788 17.115571662783623
leaf_count=300 777 191 88 164 32 733 576 382 39 22 36 33 304 83 135 30 87 49 22 48 36 52 64 43 24 167 25 216 32 116
internal_value=-0.000568718 0.0190557 -0.0243915 -0.00454811 0.0310891 -0.039494 0.0289328 -0.0235246 -0.0130904 -0.0285229 0.0415561 -0.00312636 -0.00629794 0.0075199 -0.0309164 -0.0102084 0.0169768 0.0460232 -0.0107706 0.0171825 0.0355015 0.0898891 -0.0115865 0.0205179 -0.00642545 -0.0325284 -0.0151794 -0.0216643 -0.044442 -0.043173
internal_weight=873.352 478.873 394.479 170.482 310.455 223.998 302.776 91.0079 76.1066 59.3468 16.7599 168.417 162.405 104.021 58.3847 37.9303 88.8711 33.1366 9.95878 79.4739 48.5555 17.8092 30.9184 18.0001 15.0456 185.738 75.6192 72.4028 110.119 47.9813
internal_count=4906 2321 2585 996 1385 1589 1353 589 501 404 97 936 903 547 356 221 464 160 58 407 252 88 155 91 73 1289 524 499 765 332
is_linear=0
shrinkage=0.1


Tree=10
num_leaves=31
num_cat=0
split_feature=0 5 5 147 0 1 92 1 0 0 104 167 80 23 0 237 26 81 21 43 0 13 22 8 88 7 54 7 14 79
split_gain=34.2168 10.8407 9.92858 6.95359 6.50776 5.29979 9.26194 4.85817 4.89655 7.21745 4.69147 4.88535 5.28087 4.62421 4.47091 4.12293 4.245 3.98474 6.35531 3.74357 4.01427 4.43022 7.40746 3.67775 4.18189 3.59597 3.2903 4.00654 3.77833 3.27176
threshold=9.0704994201660174 1.0000000180025095e-35 1.0000000180025095e-35 1.0000000180025095e-35 4.3367555141448983 0.85185185074806224 1.0000000180025095e-35 0.825994372367859 12.803559303283693 12.412046909332277 1.0000000180025095e-35 1.0000000180025095e-35 1.0000000180025095e-35 1.0000000180025095e-35 11.623545169830324 1.0000000180025095e-35 1.0000000180025095e-35 1.0000000180025095e-35 1.0000000180025095e-35 1.0000000180025095e-35 13.211498737335207 1.0000000180025095e-35 1.0000000180025095e-35 1.0000000180025095e-35 1.0000000180025095e-35 1.0000000180025095e-35 1.0000000180025095e-35 1.0000000180025095e-35 1.0000000180025095e-35 1.0000000180025095e-35
decision_type=2 2 2 2 2 2 2 2 2 2 2 2 2 2 2 2 2 2 2 2 2 2 2 2 2 2 2 2 2 2
left_child=1 3 5 4 15 6 7 8 9 14 11 12 -10 -7 17 16 -1 -2 26 -4 21 22 -21 24 -6 -18 27 -19 -28 -3
right_child=2 29 19 -5 23 13 -8 -9 10 -11 -12 -13 -14 -15 -16 -17 25 18 -20 20 -22 -23 -24 -25 -26 -27 28 -29 -30 -31
leaf_value=-0.093314779371692622 -0.0098315629310206914 -0.055276644499586247 -0.10228471360397975 0.12183197507818538 -0.024972319304708061 0.12859949649548041 -0.10810595483147822 -0.060217221750141714 0.039880940895824613 -0.050130520332083699 -0.0522598006986979 -0.058943411251040773 0.12079421795174583 0.042875921037371756 0.052303293769709928 0.070463103622755707 -0.055570839355341267 0.033610252462266392 0.1323785664225445 -0.0097133877191324502 0.011746029728513676 -0.047920326662357265 0.14796390705911247 0.012358827145351197 0.065053177934256079 0.0027013346500811982 0.087274504168948927 -0.072015744299641291 0.00011265903219411548 -0.0013292312557529502
leaf_weight=15.178414888679979 51.081260859966278 106.96772450953722 3.7386814951896659 3.8047523945569983 72.982525408267975 7.3898737877607337 5.5110810548067084 6.8848599791526786 122.1013889759779 16.716355696320534 5.5386035591363898 4.6626503467559806 8.6366986781358701 42.383401557803154 31.62288336455822 3.1069144606590262 26.152272626757622 7.0663108527660352 5.480193391442298 45.474957749247551 103.73537400364876 30.647995978593826 3.1883062720298758 74.961741909384727 5.5524715632200232 17.796276032924652 9.7304845154285431 7.3019676059484482 10.172662809491158 12.56215814501047
leaf_count=113 257 844 22 21 497 31 24 30 529 76 24 20 37 179 143 21 188 33 25 282 542 190 17 382 25 127 47 39 50 91
internal_value=-0.000574985 -0.0253743 0.0153183 -0.0121804 -0.014544 0.025438 0.0203051 0.0227709 0.0248107 0.0115055 0.037949 0.041639 0.0452262 0.0556034 0.0199194 -0.0418209 -0.047721 0.00864516 0.0323879 -0.00322592 -0.00120267 -0.018139 0.00061727 -0.00348475 -0.0186075 -0.0319744 0.0163989 -0.0200689 0.0427254 -0.049607
internal_weight=868.131 339.065 529.066 219.535 215.731 342.281 292.507 286.996 280.111 139.172 140.939 135.401 130.738 49.7733 122.456 62.2339 59.127 90.8329 39.7516 186.785 183.047 79.3113 48.6633 153.497 78.535 43.9485 34.2714 14.3683 19.9031 119.53
internal_count=4906 2309 2597 1374 1353 1544 1334 1310 1280 670 610 586 566 210 594 449 428 451 194 1053 1031 489 299 904 522 315 169 72 97 935
is_linear=0
shrinkage=0.1


Tree=11
num_leaves=31
num_cat=0
split_feature=0 8 5 37 0 5 232 26 67 10 39 73 1 51 7 55 139 49 61 41 0 14 10 73 40 35 12 0 86 65
split_gain=29.0548 13.7847 7.88978 6.04198 7.02013 5.61477 4.84524 4.7769 8.64624 8.57802 8.02613 5.81411 4.95009 4.31616 4.08183 4.01008 4.82489 3.96453 6.34876 6.64123 5.95609 4.10847 3.88101 5.96819 7.71451 7.07049 6.76132 4.4375 6.13266 4.11255
threshold=6.5010266304016122 1.0000000180025095e-35 1.0000000180025095e-35 1.0000000180025095e-35 14.97056818008423 1.0000000180025095e-35 1.0000000180025095e-35 1.0000000180025095e-35 1.0000000180025095e-35 1.0000000180025095e-35 1.0000000180025095e-35 1.0000000180025095e-35 0.81200090050697338 1.0000000180025095e-35 1.0000000180025095e-35 1.0000000180025095e-35 1.0000000180025095e-35 1.0000000180025095e-35 1.0000000180025095e-35 1.0000000180025095e-35 11.623545169830324 1.0000000180025095e-35 1.0000000180025095e-35 1.0000000180025095e-35 1.0000000180025095e-35 1.0000000180025095e-35 1.0000000180025095e-35 13.600273609161379 1.0000000180025095e-35 1.0000000180025095e-35
decision_type=2 2 2 2 2 2 2 2 2 2 2 2 2 2 2 2 2 2 2 2 2 2 2 2 2 2 2 2 2 2
left_child=5 2 13 -3 -5 -1 -4 8 12 -10 11 -9 -6 14 15 -2 17 21 19 -19 -20 -17 23 25 26 27 -25 28 -15 -24
right_child=1 3 6 4 7 -7 -8 10 9 -11 -12 -13 -14 22 -16 16 -18 18 20 -21 -22 -23 29 24 -26 -27 -28 -29 -30 -31
leaf_value=-0.020677251072722613 -0.031347173531060209 -0.088988765594465224 -0.024339952800498232 0.019193635607133532 0.058750953920853881 -0.054734336241279172 0.095240002370994989 0.010944221535998153 -0.032983036701214108 0.12088760366584982 -0.044847954599357559 0.11056269386832443 0.16197497131614325 0.0046991441660981098 -0.026113149186183404 0.050296502999006357 -0.040081362932835721 0.22665929526785017 -0.068235379096601434 0.052096872197535241 0.091032443956817199 -0.023263875794277831 0.014842266205156482 0.080728778698702833 -0.10893089280338926 0.16415711083529708 -0.037142642775875832 0.016087039976268657 0.15591666755320324 -0.068005047380835293
leaf_weight=135.72156736254692 17.400191202759743 4.4603836685419074 138.01258327066898 209.24625846743584 7.2754434198141125 75.246078878641129 3.4737187922000876 11.606009379029274 9.5913368463516218 5.8224482238292685 10.252615287899969 11.831088706851006 12.852848187088965 4.4536723494529742 49.486138239502907 15.489127978682518 9.9563090950250608 4.1356183588504791 4.4202941805124283 4.607670471072197 5.008553147315979 14.893069088459015 34.214188128709793 11.360193014144901 4.9818027913570395 6.1019975244998923 8.5134803056716919 18.614280894398689 6.7415236979722977 7.2638373523950568
leaf_count=912 100 21 863 1003 31 641 19 50 41 25 44 50 53 20 292 84 52 23 24 22 23 81 153 50 23 25 38 80 30 33
internal_value=-0.000566754 0.0098698 -0.00285967 0.026477 0.0283264 -0.0328244 -0.0214041 0.0559292 0.0815031 0.0251405 0.0289491 0.0612318 0.124664 0.00866624 -0.00376746 0.0107997 0.0233335 0.036337 0.0732848 0.134666 0.0163668 0.0142379 0.0239154 0.0400117 0.0023419 0.0660842 0.030235 0.0460086 0.0957593 0.000333634
internal_weight=863.034 652.067 369.128 282.938 278.478 210.968 141.486 69.2318 35.5421 15.4138 33.6897 23.4371 20.1283 227.642 125.397 75.9108 58.5106 48.5543 18.1721 8.74329 9.42885 30.3822 102.245 60.767 24.8555 35.9115 19.8737 29.8095 11.1952 41.478
internal_count=4906 3353 2035 1318 1297 1553 882 294 150 66 144 100 84 1153 701 409 309 257 92 45 47 165 452 266 111 155 88 130 50 186
is_linear=0
shrinkage=0.1


Tree=12
num_leaves=31
num_cat=0
split_feature=0 8 5 5 37 0 0 36 6 12 51 67 1 17 15 84 10 85 177 51 22 81 99 9 67 14 78 13 232 73
split_gain=23.9669 11.1014 6.43546 4.96844 4.96727 5.64331 4.63938 4.73414 5.56704 4.30409 5.32821 4.67863 4.33617 4.08466 3.8299 3.68813 5.40328 3.48927 4.01707 3.99737 3.93673 5.26932 3.86586 7.17909 5.89709 3.46284 3.45447 3.43994 3.36877 3.34872
threshold=6.5010266304016122 1.0000000180025095e-35 1.0000000180025095e-35 1.0000000180025095e-35 1.0000000180025095e-35 14.97056818008423 9.0704994201660174 1.0000000180025095e-35 1.0000000180025095e-35 1.0000000180025095e-35 1.0000000180025095e-35 1.0000000180025095e-35 0.90113317966461193 1.0000000180025095e-35 1.0000000180025095e-35 1.0000000180025095e-35 1.0000000180025095e-35 1.0000000180025095e-35 1.0000000180025095e-35 1.0000000180025095e-35 1.0000000180025095e-35 1.0000000180025095e-35 1.0000000180025095e-35 1.0000000180025095e-35 1.0000000180025095e-35 1.0000000180025095e-35 1.0000000180025095e-35 1.0000000180025095e-35 1.0000000180025095e-35 1.0000000180025095e-35
decision_type=2 2 2 2 2 2 2 2 2 2 2 2 2 2 2 2 2 2 2 2 2 2 2 2 2 2 2 2 2 2
left_child=3 2 17 15 -3 26 7 -4 -9 12 -11 25 -7 -8 -14 -1 -17 18 19 20 -2 -22 24 -24 -21 -12 -6 -28 -15 -26
right_child=1 4 6 -5 5 9 13 8 -10 10 11 -13 14 28 -16 16 -18 -19 -20 22 21 -23 23 -25 29 -27 27 -29 -30 -31
leaf_value=-0.023285010515337601 -0.010020750924455622 -0.082573750976922128 -0.096178470125782942 -0.051389340342453155 0.014102372757607083 0.0089159601172198177 -0.10232544470708334 0.049351898471566721 -0.095304593157720441 0.17080718076111717 0.054437840103058015 0.0065211188797395132 0.13607261730932924 -0.010220631253119087 0.027388844671217844 0.11057862704494147 -0.046997165778181166 -0.078642509984189077 0.088826314693728536 0.0039873194405112469 -0.020082916367434134 0.13764574261204907 0.037831180877969217 -0.079509581654115258 0.079340344028158524 0.1618730570378201 0.011262785340184073 0.12169809662326747 0.089519976089964967 0.01650543709172838
leaf_weight=125.10873658210039 111.08930075913668 4.3329876214265814 14.315188385546207 72.287692487239838 199.21414619684219 29.482195287942886 4.6912226378917685 6.5893062204122543 4.461875893175602 5.3249104768037823 7.0788614600896835 9.5005078315734863 6.0888819247484189 106.14952524006367 6.9355007857084274 5.1007475033402425 3.795234814286232 4.5826434046030036 6.2073504626750937 36.822397440671921 4.1365688890218717 4.3404745906591415 11.433929815888405 9.584776908159256 27.05868972837925 5.2068799734115601 5.2304627001285535 6.1217433512210846 3.4978975653648368 12.353943631052969
leaf_count=853 626 21 115 641 949 126 31 52 35 23 29 41 25 631 29 34 25 24 29 161 22 23 51 43 118 21 25 29 18 56
internal_value=-0.000552603 0.00884906 -0.00263658 -0.0302595 0.0236772 0.0253203 -0.0195317 -0.058221 -0.00905265 0.0500023 0.0811363 0.0592193 0.0301447 -0.0109483 0.0781984 -0.0188612 0.0433531 0.00773346 0.00950827 0.00723747 -0.00500831 0.0606784 0.0222927 -0.0156776 0.0327615 0.0999705 0.0171599 0.0708157 -0.00703877 0.0596447
internal_weight=858.125 651.832 367.315 206.292 284.517 280.184 139.705 25.3664 11.0512 69.6177 27.1112 21.7862 42.5066 114.339 13.0244 134.005 8.89598 227.61 223.027 216.82 119.566 8.47704 97.2537 21.0187 76.235 12.2857 210.566 11.3522 109.647 39.4126
internal_count=4906 3353 2035 1553 1318 1297 882 202 87 294 114 91 180 680 54 912 59 1153 1129 1100 671 45 429 94 335 50 1003 54 649 174
is_linear=0
shrinkage=0.1


Tree=13
num_leaves=31
num_cat=0
split_feature=0 8 5 262 5 71 28 0 97 61 12 9 9 10 1 16 62 11 0 6 8 137 78 11 127 73 1 177 14 1
split_gain=19.7676 8.95872 5.28169 4.41313 4.36872 4.0678 3.76931 4.04148 4.10785 3.37301 8.07733 13.2151 3.21277 5.0086 4.29221 4.05255 3.46038 3.93514 3.26518 3.8023 3.18595 3.12588 5.2803 3.09445 5.18979 7.11028 3.02396 3.3918 3.02067 2.98629
threshold=6.5010266304016122 1.0000000180025095e-35 1.0000000180025095e-35 1.0000000180025095e-35 1.0000000180025095e-35 1.0000000180025095e-35 1.0000000180025095e-35 14.97056818008423 1.0000000180025095e-35 1.0000000180025095e-35 1.0000000180025095e-35 1.0000000180025095e-35 1.0000000180025095e-35 1.0000000180025095e-35 0.64194995164871227 1.0000000180025095e-35 1.0000000180025095e-35 1.0000000180025095e-35 15.727583885192873 1.0000000180025095e-35 1.0000000180025095e-35 1.0000000180025095e-35 1.0000000180025095e-35 1.0000000180025095e-35 1.0000000180025095e-35 1.0000000180025095e-35 0.85185185074806224 1.0000000180025095e-35 1.0000000180025095e-35 -0.3099094927310943
decision_type=2 2 2 2 2 2 2 2 2 2 2 2 2 2 2 2 2 2 2 2 2 2 2 2 2 2 2 2 2 2
left_child=4 2 26 6 20 -4 -3 21 -9 -6 11 -11 16 14 15 -14 -7 18 19 -18 29 22 -8 -22 -25 28 27 -2 -26 -1
right_child=1 3 5 -5 9 12 7 8 -10 10 -12 -13 13 -15 -16 -17 17 -19 -20 -21 23 -23 -24 24 25 -27 -28 -29 -30 -31
leaf_value=-0.027245795272199686 0.00029389217893939431 -0.068015359067963785 -0.034987655713316093 -0.072193995848645651 -0.060140229084331948 -0.059878905294245915 0.016201365843500234 0.053056962504625764 -0.030302532643702348 0.16009545956853144 -0.098244148761837236 -0.072113978750941998 -0.062186612495280714 -0.048016463671909787 0.10234264628976962 0.079112092906975795 0.062945582340128189 0.043239836670708194 -0.078849103083879546 -0.053631778335357566 0.017770410002436714 -0.051423946619724784 0.098682984014041131 -0.11315035014530668 -0.067783597093638501 0.10333296075194212 0.037016232215931498 0.079453252540849117 0.024712097415702891 -0.12324820124369749
leaf_weight=66.192702904343605 193.10426215082407 4.4913040101528159 69.190840788185596 4.9708916395902625 53.672236531972885 12.997107520699499 192.37761321663857 62.872811391949654 6.5251044780015937 5.095228932797907 6.0834303051233283 4.7222169190645218 4.3813116103410774 6.2266336604952803 9.4201662689447385 3.7818841636180878 5.7477885037660617 13.164625838398935 7.5621660053730002 5.451283723115921 36.819399461150169 6.4075846374034873 8.0877803117036802 5.5399187207222012 10.399052411317827 4.7390672266483298 29.124717012047768 5.5689491629600516 5.3456711322069159 3.4069464802741996
leaf_count=510 1003 21 493 24 497 76 912 266 27 46 55 43 25 37 46 21 34 75 42 33 220 30 38 31 66 28 124 26 34 23
internal_value=-0.000536276 0.0079386 -0.00242678 0.0212057 -0.0278658 -0.017871 0.0228593 0.0243367 0.0452191 -0.0481556 -0.00770249 0.0484021 -0.000640345 0.0290566 0.0563498 0.00327492 -0.0163803 0.00132814 -0.028081 0.00620014 -0.0172074 0.0173314 0.0195291 -0.000885197 -0.0272799 -0.00405592 0.00692416 0.00251278 -0.0363793 -0.0319452
internal_weight=853.471 651.455 365.722 285.733 202.016 137.924 280.762 276.271 69.3979 69.5731 15.9009 9.81745 68.733 23.81 17.5834 8.1632 44.923 31.9259 18.7612 11.1991 132.443 206.873 200.465 62.8431 26.0237 20.4838 227.798 198.673 15.7447 69.5996
internal_count=4906 3353 2035 1318 1553 882 1294 1273 293 641 144 89 389 129 92 46 260 184 109 67 912 980 950 379 159 128 1153 1029 100 533
is_linear=0
shrinkage=0.1


Tree=14
num_leaves=31
num_cat=0
split_feature=0 5 176 8 0 28 0 15 49 10 67 99 0 22 1 13 9 45 83 73 11 0 11 14 61 16 15 14 137 11
split_gain=17.0411 7.92424 5.75939 4.63452 4.27 4.09044 3.72588 4.66962 5.45106 6.44005 7.60042 3.89762 4.88116 3.72818 3.61064 3.56345 4.56245 4.77046 4.12344 4.4675 3.56336 3.50867 3.4992 3.24718 3.22158 3.36305 4.73334 5.46037 3.15289 4.23556
threshold=5.1238877773284921 1.0000000180025095e-35 1.0000000180025095e-35 1.0000000180025095e-35 13.211498737335207 1.0000000180025095e-35 10.120465755462648 1.0000000180025095e-35 1.0000000180025095e-35 1.0000000180025095e-35 1.0000000180025095e-35 1.0000000180025095e-35 5.5947980880737314 1.0000000180025095e-35 -0.4200319349765777 1.0000000180025095e-35 1.0000000180025095e-35 1.0000000180025095e-35 1.0000000180025095e-35 1.0000000180025095e-35 1.0000000180025095e-35 9.0704994201660174 1.0000000180025095e-35 1.0000000180025095e-35 1.0000000180025095e-35 1.0000000180025095e-35 1.0000000180025095e-35 1.0000000180025095e-35 1.0000000180025095e-35 1.0000000180025095e-35
decision_type=2 2 2 2 2 2 2 2 2 2 2 2 2 2 2 2 2 2 2 2 2 2 2 2 2 2 2 2 2 2
left_child=24 2 3 5 15 -2 7 8 13 -10 -11 12 -9 21 -5 18 17 -17 -3 20 -20 -7 -23 -4 -1 -26 27 -27 -16 -30
right_child=1 4 23 14 -6 6 -8 11 9 10 -12 -13 -14 -15 28 16 -18 -19 19 -21 -22 22 -24 -25 25 26 -28 -29 29 -31
leaf_value=-0.041614632086990663 0.071249861212686325 -0.019321204290986379 0.040812600558567225 0.15453593248022213 0.0057901555326445248 -0.071916939545045314 0.0081008486693237257 0.043403438408982073 0.12965072940402309 0.093879369936415991 -0.083839251818938143 0.057720084197051352 -0.071551730832821861 0.064897253625957593 0.023445277747247448 -0.054666958523340886 -0.084882120508594769 0.018781781100057723 -0.055766507576844274 0.099115752517121167 0.064076805203070492 -0.048319512084757835 0.092970415583643273 0.14970585189997712 -0.031596845315056125 -0.092805882981200696 0.11554805793783635 0.089093752682833177 0.021385296609171996 -0.10629789651192807
leaf_weight=104.07824353128672 8.2147743850946409 66.448462836444378 7.0977867841720563 2.0345660448074332 107.22320583462715 13.543379172682767 160.19210539758205 4.2638098299503353 6.1946884542703602 4.509877972304821 5.1594423651695251 3.3166828155517569 27.627136595547199 3.8684119731187812 205.48691375553608 19.463087275624275 16.506445400416851 16.205733947455883 5.9494467526674288 6.7408983856439582 4.2557712495326996 3.9165148586034766 3.1729008406400681 4.4586877375841141 17.303433582186699 3.8731754869222659 4.6827832460403442 2.8754593208432198 6.1754299998283368 4.484800323843956
leaf_count=869 37 465 33 10 563 93 738 31 38 28 35 22 193 21 893 141 120 112 42 46 29 25 19 20 141 31 36 22 30 23
internal_value=-0.000530637 0.00556783 0.0130966 0.011353 -0.00912175 0.0018833 -0.000533645 -0.0188362 0.004379 0.0500483 -0.000949321 -0.0454523 -0.0561823 -0.0251909 0.0219425 -0.0209157 -0.0414127 -0.0212963 -0.00809188 0.0359401 -0.00578955 -0.0420814 0.0149154 0.0828255 -0.0334311 -0.00379036 0.0382996 -0.0153021 0.0206944 -0.0323315
internal_weight=849.324 716.511 473.718 462.161 242.793 243.98 235.765 75.5728 40.3652 15.864 9.66932 35.2076 31.8909 24.5012 218.182 135.57 52.1753 35.6688 83.3946 16.9461 10.2052 20.6328 7.08942 11.5565 132.813 28.7349 11.4314 6.74863 216.147 10.6602
internal_count=4906 3807 2289 2236 1518 1280 1243 505 259 101 63 246 224 158 956 955 373 253 582 117 71 137 44 53 1099 230 89 53 946 53
is_linear=0
shrinkage=0.1


Tree=15
num_leaves=31
num_cat=0
split_feature=0 52 0 201 5 104 12 23 25 54 0 12 67 0 0 130 1 34 95 176 92 6 0 0 99 81 26 55 55 78
split_gain=14.1287 7.08289 7.07025 6.33842 4.84158 5.43772 8.09814 5.02881 4.82124 4.22224 5.28367 4.19188 6.51196 4.70647 3.89553 6.30508 5.27076 5.18837 4.41383 3.32646 5.52145 3.27477 9.44103 6.63128 5.7578 6.60215 4.29123 3.96495 3.4569 3.15159
threshold=5.1238877773284921 1.0000000180025095e-35 17.746748924255375 1.0000000180025095e-35 1.0000000180025095e-35 1.0000000180025095e-35 1.0000000180025095e-35 1.0000000180025095e-35 1.0000000180025095e-35 1.0000000180025095e-35 10.843257904052736 1.0000000180025095e-35 1.0000000180025095e-35 11.623545169830324 5.6960985660552987 1.0000000180025095e-35 -0.19324663281440732 1.0000000180025095e-35 1.0000000180025095e-35 1.0000000180025095e-35 1.0000000180025095e-35 1.0000000180025095e-35 13.938398361206056 12.803559303283693 1.0000000180025095e-35 1.0000000180025095e-35 1.0000000180025095e-35 1.0000000180025095e-35 1.0000000180025095e-35 1.0000000180025095e-35
decision_type=2 2 2 2 2 2 2 2 2 2 2 2 2 2 2 2 2 2 2 2 2 2 2 2 2 2 2 2 2 2
left_child=-1 2 4 8 5 9 -7 -6 -3 10 -2 12 -12 -14 15 -11 -16 29 -19 20 21 23 28 26 -25 -26 -10 -24 -23 -18
right_child=1 3 -4 -5 7 6 -8 -9 19 14 11 -13 13 -15 16 -17 17 18 -20 -21 -22 22 27 24 25 -27 -28 -29 -30 -31
leaf_value=-0.030893014949893428 0.00049664048601310489 -0.023254523151136849 0.13697592375765344 0.1072234075431054 0.060702721245048399 0.0064192185576838166 0.18063708456591654 -0.02420045402940392 -0.079423413641451723 -0.022448066344111769 -0.072550566506916367 -0.084427529793489761 -0.035055023473161848 0.091460135397109621 -0.043228878982488027 0.15050369788196433 0.0002434597973388064 0.079868787392119958 -0.028147711589963289 0.091506469650102049 -0.077030752191988294 0.10924720970078175 -0.053129040274275945 0.048658770424553445 -0.025558660304066057 0.086714891525169258 0.022573784504074698 8.2453333434268658e-05 0.031704929063932942 0.075125508479767511
leaf_weight=129.70778074115515 85.158014118671417 30.183626346290112 3.5628252178430548 7.5742079317569724 7.3652353286743155 7.2526271194219571 4.2208492606878281 132.06716337054968 8.6009076982736605 3.6670881956815702 10.969954952597618 15.463776811957358 5.3623908907175064 6.5102846175432205 17.706178195774555 4.9573601260781288 89.405070759356022 18.425480052828792 4.7603531479835501 6.1761052906513205 6.0651500076055518 7.4756302386522284 20.289836168289185 97.674102827906609 23.958005964756016 6.7029353380203238 7.9259493052959433 45.194704979658127 24.895106956362724 5.9975347667932501
leaf_count=1099 489 142 15 35 46 37 20 929 44 22 50 71 26 28 104 30 455 83 22 28 28 35 92 443 111 30 38 209 116 29
internal_value=-0.000526554 0.00497783 -0.00329985 0.0169356 -0.00449182 0.0030931 0.0705103 -0.0197156 0.0145373 0.000210991 -0.0133779 -0.0442222 -0.0170043 0.0343185 0.0117881 0.0769652 0.00766387 0.0152626 0.0576916 0.0190113 0.0172116 0.0195666 0.0054339 0.0291134 0.0367913 -0.001014 -0.0305076 -0.0164047 0.0496124 0.00495096
internal_weight=845.276 715.568 422.852 292.716 419.289 279.857 11.4735 139.432 285.142 268.383 123.464 38.3064 22.8426 11.8727 144.919 8.62445 136.295 118.588 23.1858 254.958 248.782 242.717 97.8553 144.862 128.335 30.6609 16.5269 65.4845 32.3707 95.4026
internal_count=4906 3807 2456 1351 2441 1466 57 975 1316 1409 664 175 104 54 745 52 693 589 105 1174 1146 1118 452 666 584 141 82 301 151 484
is_linear=0
shrinkage=0.1


Tree=16
num_leaves=31
num_cat=0
split_feature=0 8 1 0 102 108 49 5 15 5 0 61 10 67 113 11 155 113 13 10 11 15 168 176 0 45 7 79 0 0
split_gain=11.8455 5.89123 3.99342 4.64127 4.49661 4.96323 3.93279 3.63055 3.13256 3.33254 3.93102 3.49626 4.24737 6.79156 2.99788 2.9749 3.25401 2.96765 2.96532 3.59357 3.91206 3.62439 3.40054 2.91491 2.768 3.02115 3.24012 3.1763 2.53823 4.49074
threshold=9.0704994201660174 1.0000000180025095e-35 -0.030344513244926926 8.3682408332824725 1.0000000180025095e-35 1.0000000180025095e-35 1.0000000180025095e-35 1.0000000180025095e-35 1.0000000180025095e-35 1.0000000180025095e-35 7.2840518951416025 1.0000000180025095e-35 1.0000000180025095e-35 1.0000000180025095e-35 1.0000000180025095e-35 1.0000000180025095e-35 1.0000000180025095e-35 1.0000000180025095e-35 1.0000000180025095e-35 1.0000000180025095e-35 1.0000000180025095e-35 1.0000000180025095e-35 1.0000000180025095e-35 1.0000000180025095e-35 3.2950034141540532 1.0000000180025095e-35 1.0000000180025095e-35 1.0000000180025095e-35 5.6454484462738046 4.7556469440460214
decision_type=2 2 2 2 2 2 2 2 2 2 2 2 2 2 2 2 2 2 2 2 2 2 2 2 2 2 2 2 2 2
left_child=1 6 3 4 5 15 14 23 9 11 -11 12 -8 -14 18 16 17 -3 22 -20 -21 -22 -1 -2 -17 27 -27 28 29 -26
right_child=7 2 -4 -5 -6 -7 8 -9 -10 10 -12 -13 13 -15 -16 24 -18 -19 19 20 21 -23 -24 -25 25 26 -28 -29 -30 -31
leaf_value=-0.022065929360132071 0.013128159674351707 0.0020167372450362203 -0.072758870973527609 0.086632351172900912 0.076800479660989171 0.079755065559363847 0.13688516278826252 -0.0027833993839055777 -0.034336918875279607 0.025830314800511674 -0.094529296331233331 -0.033968427168752639 0.12058342339587574 -0.06979250098032086 0.044438849838861587 -0.089096707225034516 0.092126864205513082 -0.09583658476174578 -0.081892883930847399 -0.061052722819684373 0.090266937547725884 -0.051445025917198677 -0.11539770463451847 0.071762184667336748 0.010497115323731057 -0.090529546054027632 0.018590442494647544 0.095620599946855192 0.043392880433610073 -0.10503408912264063
leaf_weight=65.883395634591579 337.99987427145243 62.008805014193058 7.2862662672996512 6.3598650693893424 7.0245257392525664 6.4492270722985259 5.5218975394964236 183.89171193540096 20.244985841214657 6.3439434543252009 4.7419190928339958 4.2685921862721434 3.5950421839952469 3.9140935763716698 4.2730475515127173 6.9169876128435126 3.8162840455770484 3.2623407542705527 29.301349096000195 12.434782586991789 4.2967377230525008 3.1118462309241295 4.1496949791908255 8.696784093976019 8.398064345121389 9.2215046584606153 3.8602681010961524 3.1241939067840567 5.6936055645346633 5.6133515685796729
leaf_count=567 1507 393 37 32 41 38 31 1053 160 54 41 27 21 28 34 56 32 22 260 109 35 27 37 37 63 52 21 20 30 41
internal_value=-0.000509463 -0.0160017 -0.000692722 0.00329283 -0.00093423 -0.00554751 -0.0283708 0.00857458 -0.00428411 0.01715 -0.0256529 0.0445788 0.0703086 0.0213511 -0.0378591 -0.0104632 0.0023736 -0.00287411 -0.0408099 -0.0596399 -0.0267804 0.0307433 -0.0275961 0.014599 -0.0311706 -0.0200132 -0.0583296 0.00194319 -0.0129092 -0.0357878
internal_weight=841.705 311.117 139.035 131.749 125.389 118.365 172.081 530.588 48.6305 28.3855 11.0859 17.2996 13.031 7.50914 123.451 111.915 69.0874 65.2711 119.178 49.1447 19.8434 7.40858 70.0331 346.697 42.828 35.911 13.0818 22.8292 19.705 14.0114
internal_count=4906 2309 878 841 809 768 1431 2597 362 202 95 107 80 49 1069 730 447 415 1035 431 171 62 604 1544 283 227 73 154 134 104
is_linear=0
shrinkage=0.1


Tree=17
num_leaves=31
num_cat=0
split_feature=0 8 116 262 1 1 178 69 6 0 53 13 73 129 61 151 83 95 26 1 8 13 16 1 15 14 84 135 15 78
split_gain=10.0652 6.20002 4.29005 3.92565 3.71449 5.60126 5.49617 3.98888 3.91648 6.79252 4.52784 4.31131 3.91984 3.20975 3.10508 2.81036 3.13475 3.46625 5.16671 3.81636 4.61886 2.75455 2.71293 4.74113 4.30329 4.89908 2.67758 4.0644 2.87258 2.82665
threshold=5.1238877773284921 1.0000000180025095e-35 1.0000000180025095e-35 1.0000000180025095e-35 0.65001142024993908 0.69503384828567516 1.0000000180025095e-35 1.0000000180025095e-35 1.0000000180025095e-35 15.798768043518068 1.0000000180025095e-35 1.0000000180025095e-35 1.0000000180025095e-35 1.0000000180025095e-35 1.0000000180025095e-35 1.0000000180025095e-35 1.0000000180025095e-35 1.0000000180025095e-35 1.0000000180025095e-35 -0.74994295835494984 1.0000000180025095e-35 1.0000000180025095e-35 1.0000000180025095e-35 -0.4741805493831634 1.0000000180025095e-35 1.0000000180025095e-35 1.0000000180025095e-35 1.0000000180025095e-35 1.0000000180025095e-35 1.0000000180025095e-35
decision_type=2 2 2 2 2 2 2 2 2 2 2 2 2 2 2 2 2 2 2 2 2 2 2 2 2 2 2 2 2 2
left_child=13 4 3 -3 6 7 -2 -6 -7 -10 -11 12 -12 -1 15 16 17 18 -15 20 -20 -8 23 -16 25 -24 27 28 29 -21
right_child=1 2 -4 -5 5 8 21 -9 9 10 11 -13 -14 14 22 -17 -18 -19 19 26 -22 -23 24 -25 -26 -27 -28 -29 -30 -31
leaf_value=-0.1177618656532923 -0.012841647019013004 0.014624417850543256 0.11574892156904942 -0.072765632550420872 0.14013500850641528 0.018517152862740357 0.0048814976225955136 0.030804781117409696 -0.11359291909183984 -0.053672504520552937 0.12266728029307797 -0.024245274702821718 0.00027323756096302865 -0.0781562287736874 -0.046026883287808337 0.055788677123002985 -0.087267677677208055 0.089006790191917762 -0.03056551797379203 0.016705278719116291 0.12911495371905535 0.11560529555888717 -0.088027389230796171 0.098918188863270862 0.11806010013923846 0.088090467067948416 0.058959120593220261 -0.10239333346487822 -0.050554629202266256 -0.085285279716693099
leaf_weight=3.7550875917077056 275.72070582956076 307.81147061288357 4.1304456144571295 5.2275891825556746 5.0998074859380695 59.238619565963745 4.0584073290228826 9.6548551321029663 6.7502458095550528 11.231670185923578 5.9861753731966019 9.2282298654317856 4.6486758887767792 18.946394123136997 12.826968252658842 3.4819280579686156 10.45538482069969 2.4119195863604537 3.5978923588991085 19.488648533821117 3.6483330205082893 5.0334355607628822 3.5103225260972977 2.7385044023394594 4.6042676419019699 2.871455080807209 3.3402208462357512 7.2977561280131331 18.596666783094406 3.157677397131919
leaf_count=31 1723 1458 18 27 25 281 22 45 34 54 27 41 23 177 114 31 94 20 34 170 31 29 31 21 34 21 26 65 172 27
internal_value=-0.000500935 0.00407875 0.014501 0.013165 -0.00425506 0.0111879 -0.0103191 0.0685937 0.0024634 -0.0226655 -0.00292637 0.0257683 0.0691667 -0.0267103 -0.023884 -0.0323796 -0.0357554 -0.0290638 -0.0327113 -0.0181492 0.0498305 0.0661805 0.00632831 -0.020526 0.0443766 -0.00878387 -0.0276439 -0.0336033 -0.0214312 0.00248428
internal_weight=838.55 713.82 317.17 313.039 396.651 111.838 284.813 14.7547 97.0836 37.845 31.0948 19.8631 10.6349 124.729 120.974 94.4228 90.9409 80.4855 78.0736 59.1272 7.24623 9.09184 26.5515 15.5655 10.986 6.38178 51.881 48.5407 41.243 22.6463
internal_count=4906 3807 1503 1485 2304 530 1774 70 460 179 145 91 50 1099 1068 847 816 722 702 525 65 51 221 135 86 52 460 434 369 197
is_linear=0
shrinkage=0.1


Tree=18
num_leaves=31
num_cat=0
split_feature=52 205 0 5 306 25 55 7 151 0 0 11 8 12 83 15 26 67 104 176 92 10 8 99 74 12 14 13 21 1
split_gain=8.82466 6.4692 5.96294 5.20665 4.90029 4.09703 4.01932 6.28534 4.3865 4.37717 10.194 4.64506 3.56017 3.20197 3.86117 3.26778 4.05246 3.37463 3.05517 3.26495 4.80914 3.14382 5.6639 3.427 4.41398 3.2251 3.05487 2.99008 5.587 3.57192
threshold=1.0000000180025095e-35 1.0000000180025095e-35 17.746748924255375 1.0000000180025095e-35 1.0000000180025095e-35 1.0000000180025095e-35 1.0000000180025095e-35 1.0000000180025095e-35 1.0000000180025095e-35 4.2108144760131845 4.8911705017089853 1.0000000180025095e-35 1.0000000180025095e-35 1.0000000180025095e-35 1.0000000180025095e-35 1.0000000180025095e-35 1.0000000180025095e-35 1.0000000180025095e-35 1.0000000180025095e-35 1.0000000180025095e-35 1.0000000180025095e-35 1.0000000180025095e-35 1.0000000180025095e-35 1.0000000180025095e-35 1.0000000180025095e-35 1.0000000180025095e-35 1.0000000180025095e-35 1.0000000180025095e-35 1.0000000180025095e-35 0.9397673010826112
decision_type=2 2 2 2 2 2 2 2 2 2 2 2 2 2 2 2 2 2 2 2 2 2 2 2 2 2 2 2 2 2
left_child=1 2 3 6 5 -2 8 9 12 11 -11 -8 13 14 15 17 -17 -1 19 20 21 27 23 24 -23 -24 -25 28 29 -7
right_child=4 -3 -4 -5 -6 18 7 -9 -10 10 -12 -13 -14 -15 -16 16 -18 -19 -20 -21 -22 22 25 26 -26 -27 -28 -29 -30 -31
leaf_value=0.095311120708632416 -0.022592301641944 0.11128842128482784 0.1186156228741073 -0.023836976314130329 0.11741806092628732 0.054346510437745889 -0.090388596602367838 -0.015402001969477441 0.058425289208525223 0.15291648635751837 0.017196546380577372 0.032621940409792868 -0.0047529475400007824 -0.067286746460507821 -0.12478709774773061 -0.12763864560513902 -0.0043947725267096602 -0.006868761120371371 -0.043191610890266928 0.092360888598335023 -0.072644315609260421 -0.028241512326106968 0.0095510912711921133 -0.10275165634127879 0.040917966497320768 0.068624854586764789 -0.0014013820536076319 0.010481902035507733 -0.043094173299125481 -0.01652786290468107
leaf_weight=4.5501854345202473 30.850038193166256 4.5038591623306266 3.6331956237554541 178.95953440666199 4.4651305079460135 71.013450860977173 7.2807328626513463 94.945218771696091 7.0386763587594023 5.7914512678980818 124.60181764513254 5.3076321333646774 54.151898548007011 25.044437862932682 3.1049878671765319 4.0723254531621933 7.7369139790534973 11.158584512770176 8.446050286293028 5.7621955871582022 5.9438586607575408 25.568645060062408 23.41900622844696 7.6316887587308866 14.440294355154036 15.266164377331732 4.8729866743087769 60.899521239101887 7.4952931851148596 7.9021553844213477
leaf_count=32 146 23 15 1438 21 321 59 546 40 40 633 43 297 190 24 29 61 85 39 26 28 125 100 39 72 65 24 277 34 34
internal_value=-0.000492993 -0.00806109 -0.00906138 -0.00993048 0.0134571 0.0118538 -0.0029158 0.00454355 -0.0181033 0.0177882 0.0232246 -0.0385237 -0.0230083 -0.0407666 -0.0190776 -0.00714988 -0.0468945 0.0227286 0.0159621 0.0179588 0.016205 0.0184192 0.00382777 -0.0175617 -0.00328001 0.0328631 -0.0632561 0.0274527 0.0394131 0.0472496
internal_weight=835.858 541.881 537.378 533.744 293.976 289.511 354.785 237.927 116.858 142.982 130.393 12.5884 109.819 55.6674 30.623 27.518 11.8092 15.7088 258.661 250.215 244.453 238.509 91.1988 52.5136 40.0089 38.6852 12.5047 147.31 86.4109 78.9156
internal_count=4906 3555 3532 3517 1351 1330 2079 1321 758 775 673 102 718 421 231 207 90 117 1184 1145 1119 1091 425 260 197 165 63 666 389 355
is_linear=0
shrinkage=0.1


Tree=19
num_leaves=31
num_cat=0
split_feature=0 8 116 0 129 262 85 178 11 51 201 10 26 12 5 68 14 74 83 49 0 0 13 86 6 68 23 57 22 16
split_gain=7.66896 4.33582 3.29554 3.32003 2.99769 2.9169 2.78964 3.49254 5.80469 3.18128 4.60166 5.34866 5.82852 4.16356 4.00254 3.52715 4.31116 3.25776 4.40069 4.09361 4.82769 5.23346 3.99913 3.60921 3.29693 3.23605 3.20885 6.29476 2.89304 3.66859
threshold=5.1238877773284921 1.0000000180025095e-35 1.0000000180025095e-35 5.2279260158538827 1.0000000180025095e-35 1.0000000180025095e-35 1.0000000180025095e-35 1.0000000180025095e-35 1.0000000180025095e-35 1.0000000180025095e-35 1.0000000180025095e-35 1.0000000180025095e-35 1.0000000180025095e-35 1.0000000180025095e-35 1.0000000180025095e-35 1.0000000180025095e-35 1.0000000180025095e-35 1.0000000180025095e-35 1.0000000180025095e-35 1.0000000180025095e-35 14.97056818008423 13.661875724792482 1.0000000180025095e-35 1.0000000180025095e-35 1.0000000180025095e-35 1.0000000180025095e-35 1.0000000180025095e-35 1.0000000180025095e-35 1.0000000180025095e-35 1.0000000180025095e-35
decision_type=2 2 2 2 2 2 2 2 2 2 2 2 2 2 2 2 2 2 2 2 2 2 2 2 2 2 2 2 2 2
left_child=4 6 3 -3 -1 -5 7 9 -9 26 11 17 -13 15 -15 -14 -17 19 -19 20 21 23 -21 -11 -22 -23 27 -2 -28 -30
right_child=1 2 -4 5 -6 -7 -8 8 -10 10 -12 12 13 14 -16 16 -18 18 -20 22 24 25 -24 -25 -26 -27 28 -29 29 -31
leaf_value=-0.1158141936908306 0.12145992967183317 0.11406130938915027 0.10023593174222012 0.011193335828520071 -0.021063278562752738 -0.066121925906641954 -0.061079523804432226 0.0016840671895887818 0.15007785994101461 -0.022204997955553103 0.10362647807539434 -0.050112313758174223 -0.072092400136109389 0.087727548468041414 -0.030716845218848994 -0.050193420273516025 0.089713463424266462 -0.016999007053290102 0.093217479900269573 0.11503424580297428 0.09822128096667207 0.00089035983051255214 0.021924625497445688 0.10161160786465043 0.00080145659496671162 -0.10227575225101149 -0.018843131904282811 -0.015318223740171331 0.058210349125637821 -0.03350997048494566
leaf_weight=3.4366412460803977 5.2224157601594898 3.0940516963601103 4.1924988180398932 305.74285264313221 117.55218532681465 4.9588185399770728 8.2488977462053281 7.9160061255097371 3.9520355314016342 4.585187107324602 4.7686765342950812 30.341455936431885 7.567383587360383 9.6458311676979083 4.0513346046209326 4.3292118608951569 4.4834915474057198 31.513993136584759 4.0931888818740836 10.134677603840828 8.7708953320980054 5.3692323565483075 8.4666014984250069 4.8386791199445724 5.7521095275878897 7.0101678222417831 184.62171562761068 9.4588089883327484 11.279404662549497 7.1094689965248099
leaf_count=31 28 17 18 1442 1068 26 53 43 19 21 22 157 37 42 24 22 22 151 19 46 39 26 40 22 27 35 1244 50 68 47
internal_value=-0.000479381 0.00347841 0.0121625 0.0109858 -0.0237546 0.00995938 -0.0035387 -0.00230675 0.0510989 -0.00400412 0.00690907 0.00385373 -0.0191884 0.0120071 0.0526942 -0.0220157 0.0209847 0.019231 -0.00432918 0.0345041 0.0149688 -0.0147839 0.0726543 0.0413686 0.0596363 -0.0575302 -0.0118107 0.0333366 -0.0150756 0.0227496
internal_weight=832.508 711.519 317.988 313.796 120.989 310.702 393.531 385.282 11.868 373.414 155.722 150.953 60.4187 30.0773 13.6972 16.3801 8.8127 90.5347 35.6072 54.9276 36.3263 21.8033 18.6013 9.42387 14.523 12.3794 217.692 14.6812 203.011 18.3889
internal_count=4906 3807 1503 1485 1099 1468 2304 2251 62 2189 752 730 304 147 66 81 44 426 170 256 170 104 86 43 66 61 1437 78 1359 115
is_linear=0
shrinkage=0.1


end of trees

feature_importances:
Column_0=98
Column_8=42
Column_1=35
Column_5=35
Column_10=20
Column_7=19
Column_15=16
Column_14=14
Column_11=12
Column_13=12
Column_26=12
Column_12=11
Column_16=11
Column_67=11
Column_73=11
Column_9=10
Column_81=8
Column_88=8
Column_176=8
Column_6=7
Column_51=7
Column_78=7
Column_22=6
Column_55=6
Column_61=6
Column_99=6
Column_21=5
Column_49=5
Column_52=5
Column_54=5
Column_69=5
Column_45=4
Column_53=4
Column_83=4
Column_84=4
Column_86=4
Column_113=4
Column_139=4
Column_17=3
Column_23=3
Column_28=3
Column_35=3
Column_79=3
Column_80=3
Column_87=3
Column_92=3
Column_95=3
Column_104=3
Column_151=3
Column_178=3
Column_262=3
Column_25=2
Column_37=2
Column_40=2
Column_42=2
Column_56=2
Column_65=2
Column_68=2
Column_74=2
Column_85=2
Column_105=2
Column_116=2
Column_127=2
Column_129=2
Column_135=2
Column_137=2
Column_138=2
Column_147=2
Column_177=2
Column_188=2
Column_201=2
Column_232=2
Column_237=2
Column_19=1
Column_32=1
Column_34=1
Column_36=1
Column_39=1
Column_41=1
Column_43=1
Column_57=1
Column_62=1
Column_63=1
Column_64=1
Column_71=1
Column_72=1
Column_97=1
Column_100=1
Column_102=1
Column_108=1
Column_128=1
Column_130=1
Column_140=1
Column_155=1
Column_167=1
Column_168=1
Column_174=1
Column_205=1
Column_306=1

parameters:
[boosting: gbdt]
[objective: binary]
[metric: binary_logloss]
[tree_learner: serial]
[device_type: cpu]
[data_sample_strategy: bagging]
[data: ]
[valid: ]
[num_iterations: 300]
[learning_rate: 0.1]
[num_leaves: 31]
[num_threads: 0]
[seed: 0]
[deterministic: 0]
[force_col_wise: 0]
[force_row_wise: 0]
[histogram_pool_size: -1]
[max_depth: -1]
[min_data_in_leaf: 20]
[min_sum_hessian_in_leaf: 0.001]
[bagging_fraction: 1]
[pos_bagging_fraction: 1]
[neg_bagging_fraction: 1]
[bagging_freq: 0]
[bagging_seed: 7719]
[bagging_by_query: 0]
[feature_fraction: 1]
[feature_fraction_bynode: 1]
[feature_fraction_seed: 2437]
[extra_trees: 0]
[extra_seed: 11797]
[early_stopping_round: 0]
[early_stopping_min_delta: 0]
[first_metric_only: 0]
[max_delta_step: 0]
[lambda_l1: 0]
[lambda_l2: 0]
[linear_lambda: 0]
[min_gain_to_split: 0]
[drop_rate: 0.1]
[max_drop: 50]
[skip_drop: 0.5]
[xgboost_dart_mode: 0]
[uniform_drop: 0]
[drop_seed: 21238]
[top_rate: 0.2]
[other_rate: 0.1]
[min_data_per_group: 100]
[max_cat_threshold: 32]
[cat_l2: 10]
[cat_smooth: 10]
[max_cat_to_onehot: 4]
[top_k: 20]
[monotone_constraints: ]
[monotone_constraints_method: basic]
[monotone_penalty: 0]
[feature_contri: ]
[forcedsplits_filename: ]
[refit_decay_rate: 0.9]
[cegb_tradeoff: 1]
[cegb_penalty_split: 0]
[cegb_penalty_feature_lazy: ]
[cegb_penalty_feature_coupled: ]
[path_smooth: 0]
[interaction_constraints: ]
[verbosity: -1]
[saved_feature_importance_type: 0]
[use_quantized_grad: 0]
[num_grad_quant_bins: 4]
[quant_train_renew_leaf: 0]
[stochastic_rounding: 1]
[linear_tree: 0]
[max_bin: 255]
[max_bin_by_feature: ]
[min_data_in_bin: 3]
[bin_construct_sample_cnt: 200000]
[data_random_seed: 38]
[is_enable_sparse: 1]
[enable_bundle: 1]
[use_missing: 1]
[zero_as_missing: 0]
[feature_pre_filter: 1]
[pre_partition: 0]
[two_round: 0]
[header: 0]
[label_column: ]
[weight_column: ]
[group_column: ]
[ignore_column: ]
[categorical_feature: ]
[forcedbins_filename: ]
[precise_float_parser: 0]
[parser_config_file: ]
[objective_seed: 8855]
[num_class: 1]
[is_unbalance: 0]
[scale_pos_weight: 1]
[sigmoid: 1]
[boost_from_average: 1]
[reg_sqrt: 0]
[alpha: 0.9]
[fair_c: 1]
[poisson_max_delta_step: 0.7]
[tweedie_variance_power: 1.5]
[lambdarank_truncation_level: 30]
[lambdarank_norm: 1]
[label_gain: ]
[lambdarank_position_bias_regularization: 0]
[eval_at: ]
[multi_error_top_k: 1]
[auc_mu_weights: ]
[num_machines: 1]
[local_listen_port: 12400]
[time_out: 120]
[machine_list_filename: ]
[machines: ]
[gpu_platform_id: -1]
[gpu_device_id: -1]
[gpu_device_id_list: ]
[gpu_use_dp: 0]
[num_gpu: 1]

end of parameters

pandas_categorical:null
