tree
version=v4
num_class=1
num_tree_per_iteration=1
label_index=0
max_feature_idx=567
objective=binary sigmoid:1
feature_names=Column_0 Column_1 Column_2 Column_3 Column_4 Column_5 Column_6 Column_7 Column_8 Column_9 Column_10 Column_11 Column_12 Column_13 Column_14 Column_15 Column_16 Column_17 Column_18 Column_19 Column_20 Column_21 Column_22 Column_23 Column_24 Column_25 Column_26 Column_27 Column_28 Column_29 Column_30 Column_31 Column_32 Column_33 Column_34 Column_35 Column_36 Column_37 Column_38 Column_39 Column_40 Column_41 Column_42 Column_43 Column_44 Column_45 Column_46 Column_47 Column_48 Column_49 Column_50 Column_51 Column_52 Column_53 Column_54 Column_55 Column_56 Column_57 Column_58 Column_59 Column_60 Column_61 Column_62 Column_63 Column_64 Column_65 Column_66 Column_67 Column_68 Column_69 Column_70 Column_71 Column_72 Column_73 Column_74 Column_75 Column_76 Column_77 Column_78 Column_79 Column_80 Column_81 Column_82 Column_83 Column_84 Column_85 Column_86 Column_87 Column_88 Column_89 Column_90 Column_91 Column_92 Column_93 Column_94 Column_95 Column_96 Column_97 Column_98 Column_99 Column_100 Column_101 Column_102 Column_103 Column_104 Column_105 Column_106 Column_107 Column_108 Column_109 Column_110 Column_111 Column_112 Column_113 Column_114 Column_115 Column_116 Column_117 Column_118 Column_119 Column_120 Column_121 Column_122 Column_123 Column_124 Column_125 Column_126 Column_127 Column_128 Column_129 Column_130 Column_131 Column_132 Column_133 Column_134 Column_135 Column_136 Column_137 Column_138 Column_139 Column_140 Column_141 Column_142 Column_143 Column_144 Column_145 Column_146 Column_147 Column_148 Column_149 Column_150 Column_151 Column_152 Column_153 Column_154 Column_155 Column_156 Column_157 Column_158 Column_159 Column_160 Column_161 Column_162 Column_163 Column_164 Column_165 Column_166 Column_167 Column_168 Column_169 Column_170 Column_171 Column_172 Column_173 Column_174 Column_175 Column_176 Column_177 Column_178 Column_179 Column_180 Column_181 Column_182 Column_183 Column_184 Column_185 Column_186 Column_187 Column_188 Column_189 Column_190 Column_191 Column_192 Column_193 Column_194 Column_195 Column_196 Column_197 Column_198 Column_199 Column_200 Column_201 Column_202 Column_203 Column_204 Column_205 Column_206 Column_207 Column_208 Column_209 Column_210 Column_211 Column_212 Column_213 Column_214 Column_215 Column_216 Column_217 Column_218 Column_219 Column_220 Column_221 Column_222 Column_223 Column_224 Column_225 Column_226 Column_227 Column_228 Column_229 Column_230 Column_231 Column_232 Column_233 Column_234 Column_235 Column_236 Column_237 Column_238 Column_239 Column_240 Column_241 Column_242 Column_243 Column_244 Column_245 Column_246 Column_247 Column_248 Column_249 Column_250 Column_251 Column_252 Column_253 Column_254 Column_255 Column_256 Column_257 Column_258 Column_259 Column_260 Column_261 Column_262 Column_263 Column_264 Column_265 Column_266 Column_267 Column_268 Column_269 Column_270 Column_271 Column_272 Column_273 Column_274 Column_275 Column_276 Column_277 Column_278 Column_279 Column_280 Column_281 Column_282 Column_283 Column_284 Column_285 Column_286 Column_287 Column_288 Column_289 Column_290 Column_291 Column_292 Column_293 Column_294 Column_295 Column_296 Column_297 Column_298 Column_299 Column_300 Column_301 Column_302 Column_303 Column_304 Column_305 Column_306 Column_307 Column_308 Column_309 Column_310 Column_311 Column_312 Column_313 Column_314 Column_315 Column_316 Column_317 Column_318 Column_319 Column_320 Column_321 Column_322 Column_323 Column_324 Column_325 Column_326 Column_327 Column_328 Column_329 Column_330 Column_331 Column_332 Column_333 Column_334 Column_335 Column_336 Column_337 Column_338 Column_339 Column_340 Column_341 Column_342 Column_343 Column_344 Column_345 Column_346 Column_347 Column_348 Column_349 Column_350 Column_351 Column_352 Column_353 Column_354 Column_355 Column_356 Column_357 Column_358 Column_359 Column_360 Column_361 Column_362 Column_363 Column_364 Column_365 Column_366 Column_367 Column_368 Column_369 Column_370 Column_371 Column_372 Column_373 Column_374 Column_375 Column_376 Column_377 Column_378 Column_379 Column_380 Column_381 Column_382 Column_383 Column_384 Column_385 Column_386 Column_387 Column_388 Column_389 Column_390 Column_391 Column_392 Column_393 Column_394 Column_395 Column_396 Column_397 Column_398 Column_399 Column_400 Column_401 Column_402 Column_403 Column_404 Column_405 Column_406 Column_407 Column_408 Column_409 Column_410 Column_411 Column_412 Column_413 Column_414 Column_415 Column_416 Column_417 Column_418 Column_419 Column_420 Column_421 Column_422 Column_423 Column_424 Column_425 Column_426 Column_427 Column_428 Column_429 Column_430 Column_431 Column_432 Column_433 Column_434 Column_435 Column_436 Column_437 Column_438 Column_439 Column_440 Column_441 Column_442 Column_443 Column_444 Column_445 Column_446 Column_447 Column_448 Column_449 Column_450 Column_451 Column_452 Column_453 Column_454 Column_455 Column_456 Column_457 Column_458 Column_459 Column_460 Column_461 Column_462 Column_463 Column_464 Column_465 Column_466 Column_467 Column_468 Column_469 Column_470 Column_471 Column_472 Column_473 Column_474 Column_475 Column_476 Column_477 Column_478 Column_479 Column_480 Column_481 Column_482 Column_483 Column_484 Column_485 Column_486 Column_487 Column_488 Column_489 Column_490 Column_491 Column_492 Column_493 Column_494 Column_495 Column_496 Column_497 Column_498 Column_499 Column_500 Column_501 Column_502 Column_503 Column_504 Column_505 Column_506 Column_507 Column_508 Column_509 Column_510 Column_511 Column_512 Column_513 Column_514 Column_515 Column_516 Column_517 Column_518 Column_519 Column_520 Column_521 Column_522 Column_523 Column_524 Column_525 Column_526 Column_527 Column_528 Column_529 Column_530 Column_531 Column_532 Column_533 Column_534 Column_535 Column_536 Column_537 Column_538 Column_539 Column_540 Column_541 Column_542 Column_543 Column_544 Column_545 Column_546 Column_547 Column_548 Column_549 Column_550 Column_551 Column_552 Column_553 Column_554 Column_555 Column_556 Column_557 Column_558 Column_559 Column_560 Column_561 Column_562 Column_563 Column_564 Column_565 Column_566 Column_567
feature_infos=[2.0013689994812012:17.993154525756836] [-0.7776256799697876:0.99923950433731079] none none none [0:1] [0:1] [0:1] [0:1] [0:1] [0:1] [0:1] [0:1] [0:1] [0:1] [0:1] [0:1] [0:1] [0:1] [0:1] [0:1] [0:1] [0:1] [0:1] [0:1] [0:1] [0:1] [0:1] [0:1] [0:1] [0:1] [0:1] [0:1] [0:1] [0:1] [0:1] [0:1] [0:1] [0:1] [0:1] [0:1] [0:1] [0:1] [0:1] [0:1] [0:1] [0:1] [0:1] [0:1] [0:1] [0:1] [0:1] [0:1] [0:1] [0:1] [0:1] [0:1] [0:1] [0:1] [0:1] [0:1] [0:1] [0:1] [0:1] [0:1] [0:1] [0:1] [0:1] [0:1] [0:1] [0:1] [0:1] [0:1] [0:1] [0:1] [0:1] [0:1] [0:1] [0:1] [0:1] [0:1] [0:1] [0:1] [0:1] [0:1] [0:1] [0:1] [0:1] [0:1] [0:1] [0:1] [0:1] [0:1] [0:1] [0:1] [0:1] [0:1] [0:1] [0:1] [0:1] [0:1] [0:1] [0:1] [0:1] [0:1] [0:1] [0:1] [0:1] [0:1] none none none none [0:1] [0:1] none [0:1] none [0:1] none none [0:1] none none none none [0:1] [0:1] [0:1] [0:1] [0:1] none [0:1] [0:1] [0:1] [0:1] none [0:1] [0:1] [0:1] [0:1] [0:1] [0:1] [0:1] [0:1] [0:1] [0:1] [0:1] [0:1] [0:1] [0:1] [0:1] [0:1] [0:1] [0:1] [0:1] [0:1] none none none none none none none none none none [0:1] [0:1] none none none none none [0:1] [0:1] [0:1] [0:1] [0:1] [0:1] [0:1] [0:1] [0:1] [0:1] [0:1] [0:1] [0:1] [0:1] [0:1] [0:1] [0:1] [0:1] [0:1] [0:1] [0:1] [0:1] [0:1] [0:1] [0:1] [0:1] [0:1] [0:1] none none [0:1] [0:1] [0:1] none [0:1] [0:1] [0:1] [0:1] [0:1] none [0:1] none none [0:1] none [0:1] [0:1] [0:1] [0:1] [0:1] [0:1] [0:1] [0:1] [0:1] [0:1] [0:1] [0:1] [0:1] [0:1] [0:1] [0:1] [0:1] [0:1] [0:1] [0:1] [0:1] [0:1] [0:1] [0:1] [0:1] none none none none none none none none none none none none none none none none none [0:1] [0:1] [0:1] [0:1] [0:1] [0:1] [0:1] [0:1] [0:1] [0:1] none [0:1] [0:1] [0:1] [0:1] none [0:1] [0:1] none none none [0:1] [0:1] none none none none none [0:1] [0:1] [0:1] [0:1] [0:1] [0:1] [0:1] none none none [0:1] none [0:1] [0:1] [0:1] none [0:1] [0:1] [0:1] [0:1] none none [0:1] [0:1] none none none none [0:1] [0:1] none none none [0:1] none none [0:1] [0:1] none none [0:1] [0:1] none none none none none none none none none none none none none none none none none none none none none none none none none none none none none none none none none none none none none none none none none none none none none none none none none none none none none none none none none none none none none none none none none none none none none none none none none none none none none none none none none none none none none none none none none none none none none none none none none none none none none none none none none none none none none none none none none none none none none none none none none none none none none none none none none none none none none none none none none none none none none none none none none none none none none none none none none none none none none none none none none none none none none none none none none none none none none none none none none none none none none none none none none none none none none none none none none none none none none none none none none none none none none none none none none none none none none none none none none none none none none none none none none none none none none none none none none none none none none
tree_sizes=3406 3458 3463 3484 3490 3504 3495 3501 3472 3466 3492 3488 3474 3501 3481 3492 3505 3479

Tree=0
num_leaves=31
num_cat=0
split_feature=6 10 15 10 14 15 83 0 1 0 53 22 129 55 11 0 86 1 234 1 0 0 9 83 0 53 84 68 33 73
split_gain=386.247 43.6028 25.2221 20.9123 10.2116 9.13305 8.85848 8.95463 9.11523 9.18499 7.36591 7.63611 6.63688 7.38033 9.09762 7.95645 6.55305 6.43061 6.20444 5.99519 5.74652 7.01524 6.0567 11.4652 7.06369 5.58879 5.52429 5.10025 5.21575 7.55859
threshold=1.0000000180025095e-35 1.0000000180025095e-35 1.0000000180025095e-35 1.0000000180025095e-35 1.0000000180025095e-35 1.0000000180025095e-35 1.0000000180025095e-35 14.017796039581301 0.90113317966461193 15.727583885192873 1.0000000180025095e-35 1.0000000180025095e-35 1.0000000180025095e-35 1.0000000180025095e-35 1.0000000180025095e-35 9.9206023216247576 1.0000000180025095e-35 0.6562476158142091 1.0000000180025095e-35 0.94737243652343761 16.495551109313968 14.97056818008423 1.0000000180025095e-35 1.0000000180025095e-35 12.262833595275881 1.0000000180025095e-35 1.0000000180025095e-35 1.0000000180025095e-35 1.0000000180025095e-35 1.0000000180025095e-35
decision_type=2 2 2 2 2 2 2 2 2 2 2 2 2 2 2 2 2 2 2 2 2 2 2 2 2 2 2 2 2 2
left_child=3 2 4 18 16 26 7 10 9 17 11 -4 13 15 27 -6 -2 -9 -1 -5 21 22 23 24 -7 -17 -3 28 29 -15
right_child=1 5 6 19 12 20 -8 8 -10 -11 -12 -13 -14 14 -16 25 -18 -19 -20 -21 -22 -23 -24 -25 -26 -27 -28 -29 -30 -31
leaf_value=-1.1214436984734619 -0.98828366483772256 -0.90789434329632235 -1.0222738931550306 -1.082901152110832 -0.77178160641936033 -0.98225392722726224 -1.1103613181590861 -0.90270336995508138 -1.0657303561570313 -0.81833156678761665 -1.1511530576233295 -1.1475537864941316 -1.0039495337560389 -0.7473628272090409 -1.0111814025989643 -0.99729621442054728 -1.0928589801190645 -1.0715517859833863 -1.0111814025989643 -0.98565715962393308 -0.86431883532724574 -1.1066420713255816 -0.90156149592725088 -1.1153203139370922 -0.83761655036875149 -0.83761655036875149 -1.0057575009667703 -0.99189641901782966 -0.97646843215292178 -0.91600067718239597
leaf_weight=322.2618670463562 72.787394285202026 93.913023233413696 51.085611820220947 217.97808051109314 5.5694839954376212 20.741526603698738 14.787940263748167 4.6092281341552752 6.7217910289764395 5.1853816509246817 5.9535863399505606 5.3774328231811515 13.827684402465819 4.8012793064117449 14.403837919235228 4.8012793064117414 6.5297398567199698 4.4171769618988037 5.1853816509246817 6.5297398567199698 4.993330478668212 3.8410234451293936 10.946916818618773 5.7615351676940909 4.0330746173858634 4.0330746173858643 6.1456375122070304 5.1853816509246817 3.8410234451293936 5.9535863399505615
leaf_count=1678 379 489 266 1135 29 108 77 24 35 27 31 28 72 25 75 25 34 23 27 34 26 20 57 30 21 21 32 27 20 31
internal_value=-1.04974 -0.973598 -1.00006 -1.10358 -0.973082 -0.931381 -1.03903 -1.02638 -0.969781 -0.924399 -1.04536 -1.03421 -0.942824 -0.925428 -0.950726 -0.865387 -0.996893 -0.985331 -1.1197 -1.08007 -0.966134 -0.977351 -0.96538 -0.988258 -0.958708 -0.924399 -0.913905 -0.906705 -0.87644 -0.840716
internal_weight=942.203 390.248 239.872 551.955 141.734 150.376 98.1381 83.3502 20.9336 14.2118 62.4166 56.463 62.4166 48.5889 34.1851 14.4038 79.3171 9.02641 327.447 224.508 50.3174 45.3241 41.4831 30.5361 24.7746 8.83435 100.059 19.7813 14.5959 10.7549
internal_count=4906 2032 1249 2874 738 783 511 434 109 74 325 294 325 253 178 75 413 47 1705 1169 262 236 216 159 129 46 521 103 76 56
is_linear=0
shrinkage=1


Tree=1
num_leaves=31
num_cat=0
split_feature=6 10 15 10 14 83 22 15 26 0 67 26 12 234 0 15 11 50 0 53 1 0 0 26 84 130 54 0 11 1
split_gain=309.036 31.3621 19.1022 18.3756 7.32526 7.26324 7.00416 6.30603 5.39654 7.41442 5.30841 8.44455 5.43653 5.30073 5.26301 5.24872 8.03936 7.38234 5.03043 7.42769 6.71601 6.10135 5.02303 4.88818 5.4245 4.76795 6.04085 5.36994 5.26828 4.74824
threshold=1.0000000180025095e-35 1.0000000180025095e-35 1.0000000180025095e-35 1.0000000180025095e-35 1.0000000180025095e-35 1.0000000180025095e-35 1.0000000180025095e-35 1.0000000180025095e-35 1.0000000180025095e-35 17.041751861572269 1.0000000180025095e-35 1.0000000180025095e-35 1.0000000180025095e-35 1.0000000180025095e-35 3.5961669683456425 1.0000000180025095e-35 1.0000000180025095e-35 1.0000000180025095e-35 14.017796039581301 1.0000000180025095e-35 0.90113317966461193 15.727583885192873 14.800821304321291 1.0000000180025095e-35 1.0000000180025095e-35 1.0000000180025095e-35 1.0000000180025095e-35 9.7262148857116717 1.0000000180025095e-35 0.6562476158142091
decision_type=2 2 2 2 2 2 2 2 2 2 2 2 2 2 2 2 2 2 2 2 2 2 2 2 2 2 2 2 2 2
left_child=3 2 4 13 10 6 18 23 9 -5 22 12 -12 14 -1 16 -16 -17 19 -4 21 29 -2 -3 -25 26 27 -6 -28 -20
right_child=1 7 5 8 25 -7 -8 -9 -10 -11 11 -13 -14 -15 15 17 -18 -19 20 -21 -22 -23 -24 24 -26 -27 28 -29 -30 -31
leaf_value=-0.10499237009887441 -0.0053361852804073642 0.13879660514740708 0.024383513913551882 -0.016895469317859457 0.20508796145717234 -0.056302636220609742 -0.09268487879272197 0.072101772415314055 -0.041165284840846667 0.098062988376923621 -0.044512285496697675 0.098667577605083476 0.071021238039320977 0.034042283250851228 -0.029422018019765003 -0.093241697986487265 -0.075559615560742435 -0.039937924491165844 0.12333836304226349 -0.096284552591282477 -0.014506252134246434 0.1871786777028932 0.084873670417346642 0.10378620052978348 -0.015154250308615764 0.039856594412780846 0.11176589223440077 0.10439610809647895 0.025914104314324844 -0.019848022330588827
leaf_weight=32.622247934341431 25.890631511807442 46.601693123579025 51.758185833692551 88.059998959302902 8.8783682882785815 14.352564498782156 5.1208060383796683 52.275898873806 127.15769705176353 5.9921902269124976 8.6591155529022235 30.96737152338028 7.6900156289339057 5.2810335159301749 84.335925057530403 88.969767093658447 68.395508453249931 36.700028926134109 4.9263778924942034 5.658887803554534 6.6699258983135215 5.7350632399320594 8.1046336442232114 55.709513902664185 4.1178530305623999 14.151391074061392 17.019757390022278 13.127792060375212 12.323070511221887 4.3706429004669189
leaf_count=176 132 228 266 466 42 77 28 262 672 31 44 157 39 27 455 480 369 198 24 31 35 27 41 272 21 72 83 65 63 23
internal_value=-0.000168817 0.0659022 0.0434992 -0.0498418 0.0663626 0.0094537 0.0206571 0.100544 -0.0277324 -0.00957131 0.0463144 0.0679719 0.00983033 -0.0653041 -0.066991 -0.0625381 -0.0500832 -0.0776751 0.0279929 0.0124908 0.0690069 0.106063 0.0161703 0.114514 0.0955997 0.0912504 0.105414 0.14502 0.0757108 0.0560247
internal_weight=941.624 404.11 245.405 537.514 146.812 98.5925 84.2399 158.705 221.21 94.0522 81.3118 47.3165 16.3491 316.305 311.023 278.401 152.731 125.67 79.1191 57.4171 21.702 15.0321 33.9953 106.429 59.8274 65.5004 51.349 22.0062 29.3428 9.29702
internal_count=4906 2032 1249 2874 738 511 434 783 1169 497 413 240 83 1705 1678 1502 824 678 406 297 109 74 173 521 293 325 253 107 146 47
is_linear=0
shrinkage=0.1


Tree=2
num_leaves=31
num_cat=0
split_feature=6 10 10 15 83 86 127 74 134 22 139 71 71 62 0 1 80 73 24 13 67 80 0 31 13 53 9 0 12 0
split_gain=249.019 23.1907 16.1401 14.658 5.96925 5.95965 6.37017 6.91063 6.32982 5.83649 5.48445 5.66581 5.42684 5.92588 5.39623 5.31572 8.35256 6.8273 6.62047 7.88364 6.00453 5.89134 5.79917 6.32946 5.13387 5.05573 5.00023 7.39992 4.86564 4.83659
threshold=1.0000000180025095e-35 1.0000000180025095e-35 1.0000000180025095e-35 1.0000000180025095e-35 1.0000000180025095e-35 1.0000000180025095e-35 1.0000000180025095e-35 1.0000000180025095e-35 1.0000000180025095e-35 1.0000000180025095e-35 1.0000000180025095e-35 1.0000000180025095e-35 1.0000000180025095e-35 1.0000000180025095e-35 9.7262148857116717 0.12905924767255786 1.0000000180025095e-35 1.0000000180025095e-35 1.0000000180025095e-35 1.0000000180025095e-35 1.0000000180025095e-35 1.0000000180025095e-35 6.9089665412902841 1.0000000180025095e-35 1.0000000180025095e-35 1.0000000180025095e-35 1.0000000180025095e-35 10.709103107452394 1.0000000180025095e-35 3.5961669683456425
decision_type=2 2 2 2 2 2 2 2 2 2 2 2 2 2 2 2 2 2 2 2 2 2 2 2 2 2 2 2 2 2
left_child=2 3 29 5 9 6 7 12 -8 -5 15 -12 13 14 -2 21 17 18 -17 -20 -21 22 -3 24 -24 -7 -9 -28 -4 -1
right_child=1 10 28 4 -6 25 8 26 -10 -11 11 -13 -14 -15 -16 16 -18 -19 19 20 -22 -23 23 -25 -26 -27 27 -29 -30 -31
leaf_value=-0.097955446536295787 0.11600002992493273 0.086482536128422383 -0.013156806591159016 0.024833329677861921 -0.052245178027963968 0.071730580600389143 0.050225267903228323 0.01619566634383008 -0.050301486293694742 -0.087890414226812499 0.071902983153559544 -0.051059224841005314 0.060164065698941588 0.16555757805679036 -0.0032121706154038033 -0.023208395215785181 -0.0026336845049126892 0.16179901407385833 0.14777954696087695 -0.040635298369393724 0.1094255750746783 0.17739848148915366 0.017000846477165838 -0.061247855494688586 0.13431639838573881 -0.053877141037110055 0.021563983621009503 0.1588745958318912 -0.043645812734770577 -0.056673524263743419
leaf_weight=31.658945202827454 14.81305728852749 52.200352042913437 130.96361321210861 79.968084335327148 13.942541450262068 5.218303591012952 30.651246905326843 23.730733081698418 7.8723991662263861 4.8731643557548514 12.051263958215715 5.4383418858051291 22.299854889512062 17.208884373307228 5.1058723926544181 4.176137000322341 5.6785600185394278 27.075817972421646 20.191009879112244 4.8515978604555148 5.9205327033996582 5.2899303734302512 10.648570775985723 6.0969622880220404 5.7414502799510947 8.3032593280076981 7.9993016868829709 7.7054474502801895 87.189555302262306 274.05550290644169
leaf_count=180 69 248 702 406 77 26 152 117 39 28 57 26 108 83 25 20 27 127 95 23 28 25 51 29 27 42 39 38 467 1525
internal_value=-0.000281378 0.0575763 -0.0461212 0.0383401 0.00839347 0.057943 0.0641774 0.077619 0.0296824 0.0183586 0.0866226 0.0336682 0.0991563 0.122576 0.085442 0.0928859 0.113464 0.124061 0.0949823 0.110923 0.0418405 0.0754167 0.0681936 0.0257384 0.0580967 -0.00540203 0.0451632 0.0889347 -0.0253424 -0.0609486
internal_weight=938.92 415.053 523.868 249.692 98.7838 150.908 137.387 98.8632 38.5236 84.8412 165.361 17.4896 59.4277 37.1278 19.9189 147.871 67.8937 62.2151 35.1393 30.9631 10.7721 79.9773 74.6873 22.487 16.39 13.5216 39.4355 15.7047 218.153 305.714
internal_count=4906 2032 2874 1249 511 738 670 479 191 434 783 83 285 177 94 700 320 293 166 146 51 380 355 107 78 68 194 77 1169 1705
is_linear=0
shrinkage=0.1


Tree=3
num_leaves=31
num_cat=0
split_feature=6 15 10 10 10 88 14 21 83 0 53 1 14 137 15 50 11 0 0 26 0 22 81 168 55 41 42 67 26 0
split_gain=201.276 17.5755 14.1365 8.30716 7.24253 5.74232 6.57869 5.80602 4.91343 5.09965 5.32756 5.05411 4.76035 4.7221 4.87926 7.80054 7.08069 5.11457 7.09991 4.62693 5.89311 4.46435 4.39495 5.06762 6.04129 4.35569 8.56454 4.78699 6.48835 5.22789
threshold=1.0000000180025095e-35 1.0000000180025095e-35 1.0000000180025095e-35 1.0000000180025095e-35 1.0000000180025095e-35 1.0000000180025095e-35 1.0000000180025095e-35 1.0000000180025095e-35 1.0000000180025095e-35 14.017796039581301 1.0000000180025095e-35 0.90113317966461193 1.0000000180025095e-35 1.0000000180025095e-35 1.0000000180025095e-35 1.0000000180025095e-35 1.0000000180025095e-35 8.0862421989440936 8.8049278259277362 1.0000000180025095e-35 17.041751861572269 1.0000000180025095e-35 1.0000000180025095e-35 1.0000000180025095e-35 1.0000000180025095e-35 1.0000000180025095e-35 1.0000000180025095e-35 1.0000000180025095e-35 1.0000000180025095e-35 4.507871389389039
decision_type=2 2 2 2 2 2 2 2 2 2 2 2 2 2 2 2 2 2 2 2 2 2 2 2 2 2 2 2 2 2
left_child=2 3 13 5 8 6 7 25 9 10 21 12 -11 14 16 -16 17 -1 -19 20 -4 -3 -18 24 -24 26 27 -2 -29 -30
right_child=1 4 19 -5 -6 -7 -8 -9 -10 11 -12 -13 -14 -15 15 -17 22 18 -20 -21 -22 -23 23 -25 -26 -27 -28 28 29 -31
leaf_value=-0.055656334849587666 0.0058250436086331996 0.018969664351382927 -0.012983572685407625 0.086363043030856013 0.052580266882613393 0.1519056234381797 0.07045613489012803 -0.052408826946322921 -0.04842599525636726 0.13711926895554105 -0.092733439591976621 -0.015463821168505261 0.026488009009950648 -0.097542405624813422 -0.083456716933595312 -0.026373008395227215 -0.085117990846699784 0.12666019539186371 -0.013405560579835047 -0.035831455470572267 0.088034693826630428 -0.083361905385817003 -0.094986146498305446 -0.12832832976884589 0.024446397060628761 0.12071036198855721 -0.065378095097786776 -0.0011396231563333531 0.029418274233801129 0.12182055390395222
leaf_weight=28.516719937324524 21.875921696424484 52.946418553590775 86.206347972154617 114.94753520190716 55.668573886156082 5.4255781322717658 66.853288248181343 8.0584801584482175 13.558612331748007 8.7947558462619799 5.4476925134658805 6.7034583538770667 6.9732788652181616 25.958655282855034 87.579146146774292 32.94334813952446 41.431602165102959 3.8978241086006156 50.592619031667709 122.96616622805595 6.1895336508750907 4.6365689039230338 6.0058766007423445 4.4711444675922385 14.366332143545151 5.7310113310813895 8.2819018214941007 10.788864806294439 9.2691486477851885 18.039095968008041
leaf_count=163 107 266 466 521 262 26 313 40 77 41 31 35 33 151 513 187 240 22 285 672 31 28 35 26 83 28 42 53 44 85
internal_value=-0.000359904 0.0505781 -0.0426151 0.0660115 0.0237197 0.0508527 0.0471705 0.0281963 0.00750113 0.0163698 0.00178769 0.0572716 0.0881935 -0.0568063 -0.052887 -0.0678536 -0.0408038 -0.0213435 -0.00338634 -0.0231258 -0.00621643 0.0107299 -0.0651772 -0.0319218 -0.0107632 0.0369757 0.029945 0.0431085 0.0645172 0.0904567
internal_weight=935.126 424 511.125 269.271 154.729 154.323 148.898 82.0444 99.0608 85.5022 63.0307 22.4715 15.768 295.763 269.805 120.522 149.282 83.0072 54.4904 215.362 92.3959 57.583 66.275 24.8434 20.3722 73.9859 68.2549 59.973 38.0971 27.3082
internal_count=4906 2032 2874 1259 773 738 712 399 511 434 325 109 74 1705 1554 700 854 470 307 1169 497 294 384 144 118 359 331 289 182 129
is_linear=0
shrinkage=0.1


Tree=4
num_leaves=31
num_cat=0
split_feature=6 15 10 91 10 10 234 19 0 15 11 50 0 18 5 132 12 13 54 67 61 108 14 83 108 67 82 69 73 0
split_gain=163.384 13.5208 12.382 6.44101 6.33401 6.20894 4.87809 4.67102 4.34737 4.4025 6.51383 6.30247 4.49673 4.29523 3.93555 6.87446 5.39488 5.20901 5.56787 4.68778 4.47545 4.22349 4.17432 3.91405 3.84059 5.04508 3.82762 5.36448 3.63026 4.55702
threshold=1.0000000180025095e-35 1.0000000180025095e-35 1.0000000180025095e-35 1.0000000180025095e-35 1.0000000180025095e-35 1.0000000180025095e-35 1.0000000180025095e-35 1.0000000180025095e-35 3.5961669683456425 1.0000000180025095e-35 1.0000000180025095e-35 1.0000000180025095e-35 4.0835044384002694 1.0000000180025095e-35 1.0000000180025095e-35 1.0000000180025095e-35 1.0000000180025095e-35 1.0000000180025095e-35 1.0000000180025095e-35 1.0000000180025095e-35 1.0000000180025095e-35 1.0000000180025095e-35 1.0000000180025095e-35 1.0000000180025095e-35 1.0000000180025095e-35 1.0000000180025095e-35 1.0000000180025095e-35 1.0000000180025095e-35 1.0000000180025095e-35 10.709103107452394
decision_type=2 2 2 2 2 2 2 2 2 2 2 2 2 2 2 2 2 2 2 2 2 2 2 2 2 2 2 2 2 2
left_child=2 4 6 5 7 23 8 14 -1 10 -10 12 -11 -4 15 16 19 20 -19 -2 22 -16 -18 24 -3 -26 27 -7 -21 -30
right_child=1 3 13 -5 -6 26 -8 -9 9 11 -12 -13 -14 -15 21 -17 17 18 -20 28 -22 -23 -24 -25 25 -27 -28 -29 29 -31
leaf_value=-0.092207606579150059 -0.014774366687094115 0.0029119635742192876 0.087108993819372732 0.1430562059752982 0.075485261273287169 0.038112065821340337 0.044337349691886581 -0.054094548342534576 -0.019921923831500661 0.0087977293123548839 -0.063274114713286658 -0.029594885948573225 -0.087410372007740808 -0.022961470281168347 0.073263383790806533 -0.041683735972917267 -0.04864483341556728 0.21264737803422853 0.073578734534061982 0.079600048345079777 0.1056052589373514 -0.028547929624738917 0.074137654239147407 -0.049334355640513798 -0.004381251506495305 0.14676258863742619 -0.034809001991103337 0.12460418941600562 -0.049557587236540766 0.082903390534846091
leaf_weight=27.837994828820229 19.299476325511932 74.869631320238113 3.6063708066940299 4.2158027142286292 118.17342308163643 41.065362185239792 5.0633206963539115 4.6314229220151892 79.577189743518829 5.2046028971672049 61.401573225855827 34.305377557873726 72.989012122154236 209.1354448646307 60.806627780199051 10.559230178594587 6.4124333411455172 4.7325884550809878 7.3501878827810287 16.242346778512001 7.1239676326513282 4.3671871125698081 4.8732363134622574 12.68653282523155 4.334975451231001 4.5019679516553879 5.4844802618026725 8.6880387961864454 6.3442642241716403 4.3973857015371323
leaf_count=176 92 380 19 21 521 190 27 23 455 32 369 198 448 1150 283 50 31 22 35 75 33 21 22 74 21 22 26 39 30 21
internal_value=-0.00041906 0.044671 -0.0393697 0.0211342 0.0579945 0.0177444 -0.0529449 0.044841 -0.0546959 -0.0505762 -0.0388034 -0.0653292 -0.0810067 -0.0210956 0.0478455 0.0339684 0.0443731 0.0770315 0.128049 0.0228571 0.0435471 0.0664412 0.00437356 0.00242614 0.0102709 0.0726188 0.0444757 0.0532155 0.0497718 0.00466891
internal_weight=930.281 431.161 499.121 155.847 275.314 151.631 286.379 157.14 281.316 253.478 140.979 112.499 78.1936 212.742 152.509 87.3351 76.7759 30.4924 12.0828 46.2835 18.4096 65.1738 11.2857 96.3931 83.7066 8.83694 55.2379 49.7534 26.984 10.7416
internal_count=4906 2032 2874 773 1259 752 1705 738 1678 1502 824 678 480 1169 715 411 361 143 57 218 86 304 53 497 423 43 255 229 126 51
is_linear=0
shrinkage=0.1


Tree=5
num_leaves=31
num_cat=0
split_feature=6 10 15 10 91 10 137 12 11 234 0 86 51 127 113 134 167 108 0 46 82 53 53 49 0 5 26 84 42 13
split_gain=132.817 10.8205 10.5212 4.91959 4.8215 4.9146 4.41096 4.22539 4.75409 4.20841 4.15966 3.9944 9.6806 4.16671 5.22112 4.69227 4.26953 4.77502 3.78467 3.77206 3.47512 4.82154 4.14102 8.24137 5.53297 4.0623 4.28948 4.21559 3.65288 7.54866
threshold=1.0000000180025095e-35 1.0000000180025095e-35 1.0000000180025095e-35 1.0000000180025095e-35 1.0000000180025095e-35 1.0000000180025095e-35 1.0000000180025095e-35 1.0000000180025095e-35 1.0000000180025095e-35 1.0000000180025095e-35 17.041751861572269 1.0000000180025095e-35 1.0000000180025095e-35 1.0000000180025095e-35 1.0000000180025095e-35 1.0000000180025095e-35 1.0000000180025095e-35 1.0000000180025095e-35 13.289527893066408 1.0000000180025095e-35 1.0000000180025095e-35 1.0000000180025095e-35 1.0000000180025095e-35 1.0000000180025095e-35 17.006159782409672 1.0000000180025095e-35 1.0000000180025095e-35 1.0000000180025095e-35 1.0000000180025095e-35 1.0000000180025095e-35
decision_type=2 2 2 2 2 2 2 2 2 2 2 2 2 2 2 2 2 2 2 2 2 2 2 2 2 2 2 2 2 2
left_child=1 6 3 11 5 -4 9 10 -9 19 -3 13 -13 14 16 -15 17 -2 -14 -1 22 -22 25 -24 -25 -21 -27 28 -28 -30
right_child=2 7 4 -5 -6 -7 -8 8 -10 -11 -12 12 18 15 -16 -17 -18 -19 -20 20 21 -23 23 24 -26 26 27 -29 29 -31
leaf_value=-0.10511009963707758 0.060678654194278751 -0.012054785549696249 0.0021542312901443026 0.066414959538933657 0.12134664053007267 0.039393480370785466 -0.090559062910603672 -0.017457802694217008 -0.066357179711612549 0.045529161875052765 0.068190218086273333 0.11595761635319238 -0.12065942140597291 0.034044641598058444 0.13297280717197815 -0.051876009525930016 -0.038598591783504943 -0.020168958365809043 0.0058064937340415066 -0.045869346504416569 -0.091450376242558473 0.0003559364876887834 -0.088476639498021939 -0.033600296765767812 0.11417493324025148 0.019637776951328959 -0.058964336977162912 0.061743885607168481 -0.0760442980644669 0.12450367306521222
leaf_weight=10.781849220395086 84.145869746804237 120.2897233068943 96.392090126872063 120.73324453830719 4.458502158522605 56.044801160693169 23.683598279953003 50.458475589752197 32.810173839330673 4.9861518889665595 6.8264302164316168 4.1538908034563038 5.5332646667957306 32.388261541724205 7.9388176798820487 7.9079663753509513 5.304929018020629 7.9998790025711051 4.1345348209142685 83.593425542116165 28.870672792196274 7.1342033147811881 37.4852225035429 10.697295337915419 3.3200686722993842 25.325749725103378 29.87795016169548 4.2570283263921729 3.9612152129411689 3.5669006109237671
leaf_count=70 382 667 497 521 21 255 151 283 184 26 35 19 28 152 35 39 24 38 21 513 177 44 231 64 20 154 184 26 24 21
internal_value=-0.000454621 -0.0363198 0.0395776 0.0511858 0.0188436 0.0158456 -0.0492853 -0.0192155 -0.0367255 -0.0454347 -0.00774544 0.0396586 -0.0117177 0.0445329 0.0549902 0.0171831 0.0486374 0.0536597 -0.066575 -0.0472572 -0.0446373 -0.0732594 -0.0395378 -0.0640148 0.00140086 -0.0311661 -0.0128183 -0.0325474 -0.0432783 0.0189774
internal_weight=925.062 487.926 437.136 280.241 156.895 152.437 277.541 210.385 83.2686 253.858 127.116 159.507 13.8217 145.686 105.389 40.2962 97.4507 92.1457 9.6678 248.872 238.09 36.0049 202.085 51.5026 14.0174 150.582 66.9888 41.6631 37.4061 7.52812
internal_count=4906 2874 2032 1259 773 752 1705 1169 467 1554 702 738 68 670 479 191 444 420 49 1528 1458 221 1237 315 84 922 409 255 229 45
is_linear=0
shrinkage=0.1


Tree=6
num_leaves=31
num_cat=0
split_feature=6 10 15 82 84 137 10 11 67 12 0 38 10 88 14 15 101 11 50 0 139 67 83 26 0 97 53 68 8 12
split_gain=108.234 9.42965 8.26575 4.5702 5.59058 4.03547 4.02686 4.07236 6.50312 7.87407 4.33591 4.01894 4.38461 4.20433 4.47085 3.98683 7.76744 7.26056 6.2945 5.01297 5.67581 4.21806 4.14989 3.85844 5.48505 5.54096 5.71269 6.42065 5.76708 4.69384
threshold=1.0000000180025095e-35 1.0000000180025095e-35 1.0000000180025095e-35 1.0000000180025095e-35 1.0000000180025095e-35 1.0000000180025095e-35 1.0000000180025095e-35 1.0000000180025095e-35 1.0000000180025095e-35 1.0000000180025095e-35 11.02532482147217 1.0000000180025095e-35 1.0000000180025095e-35 1.0000000180025095e-35 1.0000000180025095e-35 1.0000000180025095e-35 1.0000000180025095e-35 1.0000000180025095e-35 1.0000000180025095e-35 8.0862421989440936 1.0000000180025095e-35 1.0000000180025095e-35 1.0000000180025095e-35 1.0000000180025095e-35 8.0862421989440936 1.0000000180025095e-35 1.0000000180025095e-35 1.0000000180025095e-35 1.0000000180025095e-35 1.0000000180025095e-35
decision_type=2 2 2 2 2 2 2 2 2 2 2 2 2 2 2 2 2 2 2 2 2 2 2 2 2 2 2 2 2 2
left_child=1 5 11 4 6 15 7 -4 -9 10 -10 -2 13 14 -13 16 17 19 -17 21 -21 -1 -19 24 -3 26 27 29 -28 -26
right_child=2 23 3 -5 -6 -7 -8 8 9 -11 -12 12 -14 -15 -16 18 -18 22 -20 20 -22 -23 -24 -25 25 -27 28 -29 -30 -31
leaf_value=0.0027647434605093226 0.13342269924762656 -0.035554328954207404 -0.014571049102013338 -0.029117261806548961 0.093403812562879232 -0.08649557934578124 0.040056940778657346 -0.029651974542900934 -0.012418400936744761 0.1610311048584776 0.10804705382035139 0.014138221338085157 0.058155049062505765 0.11565108909668037 0.048517152892209855 -0.071937663574527924 0.12326942820047869 -0.072865253454901871 -0.018785419167947969 -0.0082463099527425206 0.0968897157861007 -0.081836551111019729 -0.0010823555339110652 -0.029409176983847041 0.076953063553808654 -0.055432496081444786 0.030823614923176271 0.17389241354497034 -0.072879808033465721 -0.01717530310444456
leaf_weight=9.3151171952486056 5.0907263904809943 31.560153365135193 48.498283475637436 19.035183921456337 10.467954650521277 22.384739175438881 48.705331191420555 11.110167026519777 9.7269724607467669 6.0527728646993628 4.3124949783086768 83.8575728982687 120.38477770984173 5.9036026149988166 68.913455247879028 76.894335806369781 3.1914829760789862 49.004758551716805 31.36945603787899 45.780779227614403 5.7834985256195059 16.04320316016674 9.6375732421874982 117.95795454084873 13.339427232742313 9.13196152448654 14.748571559786797 4.2406595200300208 8.4263182729482651 8.7876920700073242
leaf_count=57 22 176 249 96 50 151 217 57 51 32 21 393 511 26 307 513 19 317 187 267 34 100 60 672 72 50 81 23 46 49
internal_value=-0.000481444 -0.0334864 0.0351769 0.0168338 0.0231323 -0.0458386 0.0174036 0.00356 0.0317413 0.0656892 0.0245849 0.0453705 0.0437642 0.0328461 0.0296462 -0.0421544 -0.0309326 -0.0345628 -0.0565368 -0.0143563 0.00354585 -0.0507591 -0.0610681 -0.0175023 -0.00193733 0.0161447 0.0293382 0.061173 -0.00688263 0.0395704
internal_weight=919.657 477.598 442.059 157.909 138.874 269.405 128.406 79.7007 31.2024 20.0922 14.0395 284.15 279.059 158.675 152.771 247.02 138.756 135.565 108.264 76.9226 51.5643 25.3583 58.6423 208.193 90.2348 58.6746 49.5427 26.3678 23.1749 22.1271
internal_count=4906 2874 2032 773 677 1705 627 410 161 104 72 1259 1237 726 700 1554 854 835 700 458 301 157 377 1169 497 321 271 144 127 121
is_linear=0
shrinkage=0.1


Tree=7
num_leaves=31
num_cat=0
split_feature=6 10 15 29 83 73 42 84 24 82 53 68 234 155 26 0 108 13 8 21 16 15 68 70 0 0 167 14 11 135
split_gain=88.3128 8.17349 6.54941 4.74526 4.36405 6.81442 5.00051 4.10315 4.27706 3.78499 4.24498 4.83952 4.15321 3.71536 3.53085 8.5415 3.5847 4.50312 8.70646 3.49612 3.72186 3.44444 6.04021 6.5902 6.54288 4.58998 4.76158 4.32461 3.58062 8.49578
threshold=1.0000000180025095e-35 1.0000000180025095e-35 1.0000000180025095e-35 1.0000000180025095e-35 1.0000000180025095e-35 1.0000000180025095e-35 1.0000000180025095e-35 1.0000000180025095e-35 1.0000000180025095e-35 1.0000000180025095e-35 1.0000000180025095e-35 1.0000000180025095e-35 1.0000000180025095e-35 1.0000000180025095e-35 1.0000000180025095e-35 4.3846678733825692 1.0000000180025095e-35 1.0000000180025095e-35 1.0000000180025095e-35 1.0000000180025095e-35 1.0000000180025095e-35 1.0000000180025095e-35 1.0000000180025095e-35 1.0000000180025095e-35 11.998631000518801 3.1772758960723881 1.0000000180025095e-35 1.0000000180025095e-35 1.0000000180025095e-35 1.0000000180025095e-35
decision_type=2 2 2 2 2 2 2 2 2 2 2 2 2 2 2 2 2 2 2 2 2 2 2 2 2 2 2 2 2 2
left_child=1 9 3 -2 7 6 -6 8 -4 12 -11 -12 13 -1 15 -10 17 -17 -19 20 -16 22 23 24 -3 -23 28 -24 29 -27
right_child=2 21 4 -5 5 -7 -8 -9 14 10 11 -13 -14 -15 19 16 -18 18 -20 -21 -22 25 27 -25 -26 26 -28 -29 -30 -31
leaf_value=-0.037439151479161541 0.14212044776752375 -0.011759121957260111 -0.055150360120401004 0.038709016399661907 0.042398271073206178 -0.10645523490297691 -0.087902324750851302 0.080894020899974495 -0.073612979139699816 -0.087513135070949641 -0.09401650000906317 0.068728834618292642 0.054924953399621015 -0.11891555078423349 -0.0048282255333794433 0.069285615004073459 0.12663628350678527 -0.052246350787547705 0.12049025955370243 -0.052177529498918962 0.048180190551580127 -0.11320801933006111 0.075125792363525734 -0.07270972047983483 0.10621103817552316 -0.017250493514620453 -0.11218340492146098 -0.011024618005722804 -0.044179418615564597 0.1142879953846293
leaf_weight=212.49134051799774 4.5080380141735068 79.211656540632248 7.7572225630283347 282.94921179115772 12.223323851823812 7.1246671229600897 3.8801923692226401 10.841954097151755 5.7717074304819098 31.352310568094254 3.2792488783597937 4.1264612376689911 4.7509535849094382 5.7481654584407798 34.950120866298676 25.783497184514999 6.1306522637605658 9.8643496632575971 4.1436165273189536 8.9033293575048429 21.32884868979454 6.4183176308870307 14.087468892335892 17.184669762849808 4.9980159550905219 33.502630323171616 5.7855616658926001 9.9369131177663803 29.277431443333626 5.7534073591232291
leaf_count=1379 19 454 38 1240 65 39 20 50 28 211 21 26 25 43 168 121 28 48 20 45 103 37 79 96 27 188 33 55 167 33
internal_value=-0.000503146 -0.0308553 0.0313283 0.0403308 0.0150222 -0.0250251 0.0110019 0.0218886 0.0167557 -0.0425849 -0.0714287 -0.00333481 -0.0375715 -0.0395851 0.0215282 0.0410456 0.0554565 0.0444898 -0.00115012 0.00604961 0.0152611 -0.0159628 -0.00559188 -0.0162742 -0.00475735 -0.0320731 -0.0250662 0.0394924 -0.0177118 0.00202793
internal_weight=914.065 467.905 446.161 287.457 158.703 23.2282 16.1035 135.475 124.633 261.748 38.758 7.40571 222.99 218.24 116.876 51.6938 45.9221 39.7915 14.008 65.1823 56.279 206.156 125.419 101.394 84.2097 80.7373 74.319 24.0244 68.5335 39.256
internal_count=4906 2874 2032 1259 773 124 85 649 599 1705 258 47 1447 1422 561 245 217 189 68 316 271 1169 711 577 481 458 421 134 388 221
is_linear=0
shrinkage=0.1


Tree=8
num_leaves=31
num_cat=0
split_feature=6 15 50 10 86 51 68 11 8 98 26 44 26 9 0 0 0 67 55 61 14 70 0 13 167 7 139 0 26 0
split_gain=72.0268 7.06516 7.53824 6.37708 5.7008 7.96582 5.66222 6.23879 7.21949 6.48535 6.45741 5.12262 4.81555 11.2239 6.51827 4.81328 7.15271 4.67909 7.84989 5.1444 4.50691 4.17486 6.13614 5.81141 4.08425 4.04583 3.83844 4.2582 4.36512 4.2285
threshold=1.0000000180025095e-35 1.0000000180025095e-35 1.0000000180025095e-35 1.0000000180025095e-35 1.0000000180025095e-35 1.0000000180025095e-35 1.0000000180025095e-35 1.0000000180025095e-35 1.0000000180025095e-35 1.0000000180025095e-35 1.0000000180025095e-35 1.0000000180025095e-35 1.0000000180025095e-35 1.0000000180025095e-35 12.746064186096193 6.2258727550506601 2.2505134344100957 1.0000000180025095e-35 1.0000000180025095e-35 1.0000000180025095e-35 1.0000000180025095e-35 1.0000000180025095e-35 7.2210814952850351 1.0000000180025095e-35 1.0000000180025095e-35 1.0000000180025095e-35 1.0000000180025095e-35 16.223134994506839 1.0000000180025095e-35 7.6317591667175302
decision_type=2 2 2 2 2 2 2 2 2 2 2 2 2 2 2 2 2 2 2 2 2 2 2 2 2 2 2 2 2 2
left_child=1 6 -3 4 15 -6 7 8 10 -10 17 -9 13 -8 -14 16 -2 21 -19 -20 -16 22 -1 -24 -17 -13 27 -5 -29 -28
right_child=3 2 -4 26 5 -7 12 11 9 -11 -12 25 14 -15 20 24 -18 18 19 -21 -22 -23 23 -25 -26 -27 29 28 -30 -31
leaf_value=-0.088357896620511606 0.10832055715668663 -0.055294247238470866 -0.010793100202674689 0.04221079447780339 0.069998968343398374 -0.073456728469175808 -0.012808277079063941 0.076586260268930284 0.0040000762601926877 0.1086739917787118 -0.058758337671581923 -0.066158965486926347 0.11203762995313249 0.12022750340749158 -0.0025648329414216129 0.035462583581087975 -0.0066942689770061268 -0.058835319593771744 0.19509668708940978 0.034632669684411151 -0.093118482757934648 -0.12887769875260308 -0.031599341905997023 0.14301685628269609 -0.034339677444182169 -0.023058942713669345 0.074632141569390992 0.14686718211847502 0.034453326001960279 -0.029366957787476479
leaf_weight=5.2373888492584246 5.8381318747997275 138.58470697700977 52.479797929525375 151.11091890931129 5.3329826295375833 14.117173537611961 15.427994638681412 3.3732407987117758 47.28107351064682 6.7661696672439566 38.484603457152843 54.437009640038013 3.3424150049686459 10.767859265208244 14.322259321808815 157.84028039872646 73.233447775244713 4.2863354086875924 3.7121283113956451 4.3265417218208313 8.9189537316560745 3.4490730017423621 3.9723538309335709 3.6639153808355331 8.8526352047920209 36.305094055831432 5.4474273622036007 8.2048463076353055 5.9659606367349616 13.848312705755232
leaf_count=32 27 917 316 641 24 74 90 20 285 40 236 348 20 62 85 727 355 25 22 26 54 20 22 21 42 233 23 34 25 60
internal_value=-0.000515338 -0.0283775 -0.0430711 0.0279258 0.0179925 -0.034123 -0.017905 -0.0251009 -0.0100989 0.0171042 -0.0319996 -0.0444169 0.0114478 0.0418764 -0.0185369 0.022117 0.00179768 0.00394727 0.0504564 0.108732 -0.0373153 -0.031171 -0.00499367 0.0521823 0.0317556 -0.048915 0.0421988 0.0471261 0.0995405 -6.71882e-06
internal_weight=908.931 459.139 191.065 449.792 265.215 19.4502 268.074 215.295 121.18 54.0472 67.1323 94.1153 52.7795 26.1959 26.5836 245.764 79.0716 28.6477 12.325 8.03867 23.2412 16.3227 12.8737 7.63627 166.693 90.7421 184.577 165.282 14.1708 19.2957
internal_count=4906 2874 1233 2032 1249 98 1641 1330 729 325 404 601 311 152 159 1151 382 168 73 48 139 95 75 43 769 581 783 700 59 83
is_linear=0
shrinkage=0.1


Tree=9
num_leaves=31
num_cat=0
split_feature=6 10 10 86 51 0 0 137 82 53 49 232 0 46 53 5 26 95 83 15 7 8 1 0 14 9 0 70 1 16
split_gain=58.8632 7.37332 5.08943 4.63891 6.60107 3.82825 5.57808 3.6772 3.51485 4.20857 6.82874 6.26532 4.81531 4.02096 4.00088 3.48055 3.43037 4.1278 3.66215 5.45491 4.16067 3.54 4.86461 3.84023 3.41437 3.52135 6.36065 4.80892 4.73856 4.17314
threshold=1.0000000180025095e-35 1.0000000180025095e-35 1.0000000180025095e-35 1.0000000180025095e-35 1.0000000180025095e-35 6.2258727550506601 2.2505134344100957 1.0000000180025095e-35 1.0000000180025095e-35 1.0000000180025095e-35 1.0000000180025095e-35 1.0000000180025095e-35 17.041751861572269 1.0000000180025095e-35 1.0000000180025095e-35 1.0000000180025095e-35 1.0000000180025095e-35 1.0000000180025095e-35 1.0000000180025095e-35 1.0000000180025095e-35 1.0000000180025095e-35 1.0000000180025095e-35 -0.14837630838155744 6.9705681800842294 1.0000000180025095e-35 1.0000000180025095e-35 11.296372413635256 1.0000000180025095e-35 -0.54627728462219227 1.0000000180025095e-35
decision_type=2 2 2 2 2 2 2 2 2 2 2 2 2 2 2 2 2 2 2 2 2 2 2 2 2 2 2 2 2 2
left_child=1 7 3 5 -5 6 -2 8 9 11 -11 13 -12 -1 -10 -15 17 18 19 20 -17 22 -18 -23 25 -4 28 -28 -27 -30
right_child=2 -3 24 4 -6 -7 -8 -9 14 10 12 -13 -14 15 -16 16 21 -19 -20 -21 -22 23 -24 -25 -26 26 27 -29 29 -31
leaf_value=-0.10177696031531663 0.093872512423783208 -0.011819700243390338 0.035313939713408897 0.061689718507027105 -0.068608335403351678 0.028273758734991078 -0.0060416011167765925 -0.07872188731644629 -0.082186292038749442 -0.07727717265692155 -0.027997118765923479 0.11974591243269397 0.10976726990979378 -0.034342742027094746 0.0027860632737648043 0.021217913464738503 -0.088376112370521287 -0.071723005988345828 0.1390549747837333 -0.035058368373261137 0.15692043459313357 0.1023989244396917 -0.00037137025453611402 -0.015009533838500773 0.018549772890086167 0.10259128535234617 0.20333796580241079 0.081915682828879455 -0.018058526929676376 0.086102494648155045
leaf_weight=6.2775788679718962 6.0505449324846259 200.81015440821648 82.492540568113327 5.4400119334459314 13.629342660307884 168.3781565874815 73.040960177779198 19.957594834268093 26.071708410978317 35.637940362095833 10.354270979762076 3.1192219257354727 3.3606558591127387 75.916932567954063 7.0367028266191474 5.4451617896556925 12.214702978730202 3.6149901151657096 3.3948269337415686 8.0055739134550095 3.8617151081562042 4.0172441750764838 12.930059775710106 9.0884634405374509 62.33326518535614 8.8736827373504621 5.0736339837312672 9.1335349082946777 12.703146338462835 5.5168121904134741
leaf_count=50 27 1169 349 24 74 769 355 151 188 246 66 16 20 513 45 34 86 22 21 54 23 28 84 58 262 37 21 38 53 23
internal_value=-0.000528815 -0.0260932 0.024948 0.0160873 -0.0314375 0.0197494 0.00160189 -0.0375442 -0.0339766 -0.0289156 -0.0542015 -0.0204771 0.00576017 -0.0234985 -0.0641267 -0.0199502 -0.00248827 0.0268743 0.044087 0.0254646 0.0775251 -0.021159 -0.0431219 0.0209792 0.0376369 0.0472477 0.0710837 0.125278 0.0426659 0.0134803
internal_weight=903.781 451.115 452.666 266.539 19.0694 247.47 79.0915 250.305 230.348 197.239 49.3529 147.886 13.7149 144.767 33.1084 138.49 62.5727 24.3223 20.7073 17.3125 9.30688 38.2505 25.1448 13.1057 186.127 123.793 41.3008 14.2072 27.0936 18.22
internal_count=4906 2874 2032 1249 98 1151 382 1705 1554 1321 332 989 86 973 233 923 410 154 132 111 57 256 170 86 783 521 172 59 113 76
is_linear=0
shrinkage=0.1


Tree=10
num_leaves=31
num_cat=0
split_feature=6 10 15 91 29 21 0 15 101 11 50 0 83 0 139 1 12 11 0 13 69 135 61 16 0 0 9 62 82 16
split_gain=48.1062 6.36593 4.97451 3.59102 3.56254 3.53811 3.49999 3.49205 6.98906 5.72716 4.27779 4.67929 3.90016 3.67106 5.14625 3.89897 3.40215 3.94056 3.56175 3.39967 6.14515 5.0755 3.54332 3.18354 6.49285 3.78466 4.61966 3.73244 3.1516 2.9643
threshold=1.0000000180025095e-35 1.0000000180025095e-35 1.0000000180025095e-35 1.0000000180025095e-35 1.0000000180025095e-35 1.0000000180025095e-35 3.5961669683456425 1.0000000180025095e-35 1.0000000180025095e-35 1.0000000180025095e-35 1.0000000180025095e-35 4.0835044384002694 1.0000000180025095e-35 8.0862421989440936 1.0000000180025095e-35 -0.49288918077945704 1.0000000180025095e-35 1.0000000180025095e-35 17.498972892761234 1.0000000180025095e-35 1.0000000180025095e-35 1.0000000180025095e-35 1.0000000180025095e-35 1.0000000180025095e-35 16.56947231292725 17.041751861572269 1.0000000180025095e-35 1.0000000180025095e-35 1.0000000180025095e-35 1.0000000180025095e-35
decision_type=2 2 2 2 2 2 2 2 2 2 2 2 2 2 2 2 2 2 2 2 2 2 2 2 2 2 2 2 2 2
left_child=1 6 4 5 -2 23 -1 8 9 13 11 -9 -11 15 -15 -8 18 19 -3 22 21 -21 29 24 28 26 -25 -28 -4 -18
right_child=2 16 3 -5 -6 -7 7 10 -10 12 -12 -13 -14 14 -16 -17 17 -19 -20 20 -22 -23 -24 25 -26 -27 27 -29 -30 -31
leaf_value=-0.072632636582570187 0.11698803716329056 -0.0033746784211944381 -0.0018915954673638961 0.094061817433663084 0.028683405548690807 -0.037500480074910018 0.047964193871073479 0.039021849337281048 0.12785299042316028 -0.061858600939957126 -0.015135500432534804 -0.06779353554058791 0.010860091520135368 -0.0029380689428120136 0.093951633238585755 -0.060443564119993631 -0.035352918595786924 -0.05557327296358866 0.093970434509418777 -0.03923137870274454 0.13068597752677052 0.097800884133105948 -0.074592308260233511 0.020813854040233032 0.081505519499576073 -0.057740877059222318 0.16542015922655576 0.049450708310957929 -0.061262412864003461 0.048977683776004761
leaf_weight=22.219264470040798 4.6421780288219443 117.79729551076889 69.843080475926399 4.7324735820293418 288.64537118375301 16.950917914509773 4.0847079455852535 4.406389281153678 3.1114906147122374 42.762140743434429 31.085868567228317 59.216570533812046 8.9127112925052625 44.349114954471588 6.2551456391811362 17.666760250926018 10.814058527350427 29.842744514346123 3.8825647979974738 11.34349572658539 4.1760314851999274 3.5484402030706397 11.307510361075403 35.016650483012199 8.6920022815465909 4.419888198375701 4.4509158134460431 7.3717794567346573 10.253584489226339 6.7825283706188193
leaf_count=180 19 682 332 21 1240 86 27 32 18 310 198 456 59 270 36 119 64 184 20 68 23 21 67 167 39 21 21 34 52 40
internal_value=-0.000528039 -0.0239626 0.0223166 0.0082364 0.0300811 0.00564933 -0.0347934 -0.0310037 -0.0201754 -0.0238889 -0.0455402 -0.0603957 -0.0493163 -0.00572922 0.00903838 -0.0400857 -0.0107118 -0.0270419 -0.000268588 -0.00929293 0.0234828 -0.00657943 -0.030915 0.010872 -0.000583723 0.0307151 0.0390621 0.09311 -0.00949196 -0.00284805
internal_weight=898.584 443.565 455.019 161.731 293.288 156.999 244.07 221.851 127.142 124.031 94.7088 63.623 51.6749 72.3557 50.6043 21.7515 199.495 77.8148 121.68 47.9721 19.068 14.8919 28.9041 140.048 88.7887 51.2592 46.8393 11.8227 80.0967 17.5966
internal_count=4906 2874 2032 773 1259 752 1705 1525 839 821 686 488 369 452 306 146 1169 467 702 283 112 89 171 666 423 243 222 55 384 104
is_linear=0
shrinkage=0.1


Tree=11
num_leaves=31
num_cat=0
split_feature=6 10 20 262 10 91 126 86 51 67 168 155 7 137 38 168 0 0 16 0 71 11 55 26 0 0 32 81 84 12
split_gain=39.3296 5.44131 4.62476 3.87617 3.86269 4.82588 3.67211 3.68914 4.606 3.60574 3.34857 3.41046 3.33966 4.05147 3.55235 3.33564 3.27761 7.47026 3.20911 5.18229 6.34645 4.86311 3.60111 3.214 5.61556 5.17841 3.18047 6.94913 5.82165 5.81848
threshold=1.0000000180025095e-35 1.0000000180025095e-35 1.0000000180025095e-35 1.0000000180025095e-35 1.0000000180025095e-35 1.0000000180025095e-35 1.0000000180025095e-35 1.0000000180025095e-35 1.0000000180025095e-35 1.0000000180025095e-35 1.0000000180025095e-35 1.0000000180025095e-35 1.0000000180025095e-35 1.0000000180025095e-35 1.0000000180025095e-35 1.0000000180025095e-35 2.3121149539947514 2.8350445032119755 1.0000000180025095e-35 7.8234086036682138 1.0000000180025095e-35 1.0000000180025095e-35 1.0000000180025095e-35 1.0000000180025095e-35 9.3497605323791522 7.2840518951416025 1.0000000180025095e-35 1.0000000180025095e-35 1.0000000180025095e-35 1.0000000180025095e-35
decision_type=2 2 2 2 2 2 2 2 2 2 2 2 2 2 2 2 2 2 2 2 2 2 2 2 2 2 2 2 2 2
left_child=1 10 3 4 5 6 7 9 -9 15 11 12 13 14 -1 18 -11 -18 21 22 -21 23 -20 25 -25 -2 28 29 -14 -28
right_child=2 -3 -4 -5 -6 -7 -8 8 -10 16 -12 -13 26 -15 -16 -17 17 -19 19 20 -22 -23 -24 24 -26 -27 27 -29 -30 -31
leaf_value=0.073074734157978646 -0.02191677346360392 -0.0097524791255126225 -0.079888353490693995 -0.067735435906987801 0.033037698364012207 0.096541500067516051 0.084623217674164891 0.043447853995056865 -0.068155480959867593 0.096123891860744562 -0.081091238402662663 -0.11349934322515301 -0.030005800431233111 -0.097784787124233052 -0.035774223128754862 -0.083584326002272474 -0.10283702971727027 0.0247344210244692 -0.016311780774758058 0.05581621560602943 -0.047788657976490651 -0.018178640694337455 -0.12810967968173526 0.087372911458612576 -0.053687532625045178 0.1000249159519938 0.0021254500204126985 -0.062308882555784165 0.08312385345014979 0.13483059765737682
leaf_weight=3.0814869850873938 4.633224323391917 198.17113511264324 4.5908756554126731 4.8711036443710318 184.68249467015266 6.9249646216630927 6.7674227356910697 5.3079862296581277 12.192211613059044 5.9380623996257773 13.220008827745913 4.710500292479991 71.12250180542469 10.48663594573736 110.98522248119116 4.7603872120380393 4.759340062737464 129.13662870228291 5.4186167269945127 12.270521461963654 11.410672307014465 21.527461245656013 6.1526377499103546 4.7159876078367251 7.0277432799339294 14.021926403045653 7.1174113303422946 6.5225024446845046 4.8595663681626311 6.1664779186248779
leaf_count=22 23 1169 24 23 769 30 29 23 67 26 103 45 512 86 774 23 23 590 26 55 52 101 30 23 32 63 46 43 34 40
internal_value=-0.000525256 -0.0219959 0.0199747 0.0209878 0.0219533 0.0141686 0.0119407 0.0099675 -0.0343051 0.0133103 -0.0321788 -0.0293056 -0.0275057 -0.0383022 -0.0328337 -0.00207198 0.023424 0.0201999 0.00237899 -0.0209065 0.00589469 0.0181874 -0.0757567 0.0439406 0.0029588 0.0697393 -0.0134671 0.0222225 -0.0227704 0.0637281
internal_weight=893.554 436.443 457.11 452.519 447.648 262.966 256.041 249.273 17.5002 231.773 238.272 225.052 220.342 124.553 114.067 91.9392 139.834 133.896 87.1788 35.2524 23.6812 51.9263 11.5713 30.3989 11.7437 18.6552 95.7885 19.8064 75.9821 13.2839
internal_count=4906 2874 2032 2008 1985 1216 1186 1157 90 1067 1705 1602 1557 882 796 428 639 613 405 163 107 242 56 141 55 86 675 129 546 86
is_linear=0
shrinkage=0.1


Tree=12
num_leaves=31
num_cat=0
split_feature=6 15 50 68 44 11 8 22 14 67 55 26 26 0 0 61 10 14 9 26 15 16 12 0 0 7 83 73 1 0
split_gain=32.0892 5.40834 5.87728 4.32083 5.06931 5.39073 5.13645 5.42074 6.96082 6.41317 5.0696 4.90293 4.7657 4.75322 5.97298 4.91576 4.62665 4.07709 3.9499 8.4356 3.85535 3.6494 3.93062 3.87602 7.48463 3.63345 3.37455 5.59014 3.95754 3.33202
threshold=1.0000000180025095e-35 1.0000000180025095e-35 1.0000000180025095e-35 1.0000000180025095e-35 1.0000000180025095e-35 1.0000000180025095e-35 1.0000000180025095e-35 1.0000000180025095e-35 1.0000000180025095e-35 1.0000000180025095e-35 1.0000000180025095e-35 1.0000000180025095e-35 1.0000000180025095e-35 7.1540040969848642 13.351129055023195 1.0000000180025095e-35 1.0000000180025095e-35 1.0000000180025095e-35 1.0000000180025095e-35 1.0000000180025095e-35 1.0000000180025095e-35 1.0000000180025095e-35 1.0000000180025095e-35 7.5879535675048837 8.1492128372192401 1.0000000180025095e-35 1.0000000180025095e-35 1.0000000180025095e-35 -0.44832307100296015 5.6454484462738046
decision_type=2 2 2 2 2 2 2 2 2 2 2 2 2 2 2 2 2 2 2 2 2 2 2 2 2 2 2 2 2 2
left_child=1 3 29 4 -1 6 11 8 10 12 16 13 -10 -6 15 -15 -8 -13 -5 -20 -2 23 -23 -4 -25 -7 -22 28 -28 -3
right_child=20 2 21 18 5 25 7 -9 9 -11 -12 17 -14 14 -16 -17 -18 -19 19 -21 26 22 -24 24 -26 -27 27 -29 -30 -31
leaf_value=0.065244754517495049 0.024692351692950556 -0.024472225817056811 -0.034209950874096243 -0.0096224776241135481 -0.05415854269543157 -0.057029052248759593 0.055019935378655495 -0.073156313504338863 -0.011663169389666191 -0.060188553477814911 0.03421333871803451 -0.089886592823182496 0.14790545868241931 0.13778287416443666 -0.045763259707049933 0.0098047898500966714 0.2096139556296843 -0.020985962546417634 0.10824200459046224 -0.013407184222286657 0.011438354082915332 -0.084172705664887063 0.01299003476340478 0.1769425378201106 0.014161490215343076 -0.014552014846384251 0.082721747917674546 -0.10498642115109785 -0.02763776428212672 -0.058047861388733246
leaf_weight=7.1634268984198561 295.80985690653324 47.798174634575844 11.029434889554976 28.738818429410458 8.6028877347707766 49.299330316483974 3.9089484512805965 5.8365261033177367 4.365967109799386 12.143259800970554 17.276417694985867 14.800254680216311 3.2761680260300636 6.2932942137122172 5.9465481936931601 5.7378197312355042 3.8353206962347031 20.461580567061901 11.160417154431343 11.651331588625908 139.14480978250504 9.7192352861166018 7.2837509214878073 3.3135325908660915 19.144283622503281 34.043922081589699 4.4444284737110182 6.9255395978689185 12.08509236574173 77.449052453041077
leaf_count=43 1259 354 70 174 57 348 26 38 27 75 104 98 20 35 35 33 22 136 62 75 649 61 47 21 117 233 23 39 62 563
internal_value=-0.000516816 -0.0201303 -0.0336232 -0.0108148 -0.0173805 -0.0204029 -0.00612143 0.0174926 0.0293007 -0.0150234 0.0643504 -0.0254589 0.0567436 0.00697175 0.0362246 0.0767482 0.131582 -0.0499052 0.0150391 0.0461084 0.0178931 -0.0048203 -0.0425501 0.0143368 0.038179 -0.0396781 0.00552366 -0.0295647 0.00203551 -0.0452344
internal_weight=888.689 430.28 175.737 254.542 202.992 195.828 112.485 50.6426 44.8061 19.7854 25.0207 61.8424 7.64214 26.5805 17.9777 12.0311 7.74427 35.2618 51.5506 22.8117 458.41 50.4902 17.003 33.4873 22.4578 83.3433 162.6 23.4551 16.5295 125.247
internal_count=4906 2874 1233 1641 1330 1287 706 312 274 122 152 394 47 160 103 68 48 234 311 137 2032 316 108 208 138 581 773 124 85 917
is_linear=0
shrinkage=0.1


Tree=13
num_leaves=31
num_cat=0
split_feature=6 10 20 152 15 134 155 168 101 1 69 13 51 55 73 0 0 10 13 67 22 11 5 76 12 11 132 0 71 68
split_gain=26.285 4.6803 3.72576 3.43061 3.43568 3.69942 3.16681 3.10099 2.98073 3.22361 4.5338 3.7501 5.34673 7.43669 3.85315 3.73498 7.5948 5.60233 5.48195 4.12457 3.22994 3.08524 2.95768 2.87305 2.86567 3.19827 2.90088 4.45458 4.27601 3.41743
threshold=1.0000000180025095e-35 1.0000000180025095e-35 1.0000000180025095e-35 1.0000000180025095e-35 1.0000000180025095e-35 1.0000000180025095e-35 1.0000000180025095e-35 1.0000000180025095e-35 1.0000000180025095e-35 0.9397673010826112 1.0000000180025095e-35 1.0000000180025095e-35 1.0000000180025095e-35 1.0000000180025095e-35 1.0000000180025095e-35 13.474332809448244 12.699520587921144 1.0000000180025095e-35 1.0000000180025095e-35 1.0000000180025095e-35 1.0000000180025095e-35 1.0000000180025095e-35 1.0000000180025095e-35 1.0000000180025095e-35 1.0000000180025095e-35 1.0000000180025095e-35 1.0000000180025095e-35 10.709103107452394 1.0000000180025095e-35 1.0000000180025095e-35
decision_type=2 2 2 2 2 2 2 2 2 2 2 2 2 2 2 2 2 2 2 2 2 2 2 2 2 2 2 2 2 2
left_child=1 6 3 4 5 8 7 23 9 10 15 12 -12 -14 -15 16 18 19 21 -17 -20 -2 -7 -1 -3 26 27 -26 -29 -30
right_child=2 24 -4 -5 -6 22 -8 -9 -10 -11 11 -13 13 14 -16 17 -18 -19 20 -21 -22 -23 -24 -25 25 -27 -28 28 29 -31
leaf_value=-0.021920634919477263 0.030608493238952757 0.0025536161554584767 -0.075178912394853123 0.10061261077174583 0.004155503207016074 -0.035999427637108783 -0.11184585847114077 -0.075855796117090743 -0.030645678345729073 0.089280238473095547 0.10788756228458658 -0.02933562786889737 0.079874436931991907 -0.085120010321906012 0.0081803519813443935 -0.040908121546605794 -0.090123583207978294 0.13067713248826657 0.06184655511242157 0.075867867509547229 -0.0081861365062988224 -0.0069125706590822695 0.027518187472617285 -0.099301616346502614 -0.053748509411491188 -0.049042768259553345 0.048936859761397777 0.085389227173101809 -0.066840659221289386 0.029174767862553658
leaf_weight=208.29855366796255 59.415837109088898 119.55799153447151 4.4346810430288306 4.8462851643562308 158.23582711815834 18.265988349914551 4.4323780685663214 12.045193612575529 8.8846566528081876 8.3775444030761701 6.0598258376121512 23.392540350556374 8.6702440679073352 7.9081681966781625 10.053665578365326 5.0781814604997635 5.2272719591855994 9.4168135523796082 59.89120988547802 7.4795052856206894 7.3991765379905692 34.721398130059242 12.245782464742662 4.9112935960292807 18.192970052361488 28.123744323849678 7.8822785615921012 5.9778900295495996 6.8245927989482871 8.1146458089351654
leaf_count=1520 248 702 24 21 749 79 47 101 38 35 25 101 37 35 43 22 23 38 252 32 31 147 52 37 114 184 46 34 43 46
internal_value=-0.000521182 -0.0184706 0.0160375 0.0169254 0.0160256 0.0224473 -0.028139 -0.0264919 0.0262854 0.0282839 0.0261957 0.00123341 0.0231069 0.00381608 -0.0328976 0.0336177 0.0285081 0.0723692 0.0323495 0.028645 0.0541458 0.0167693 -0.0105069 -0.0237031 -0.0070633 -0.02237 -0.00640702 -0.0175611 0.0139135 -0.0146873
internal_weight=884.366 424.362 460.005 455.57 450.724 292.488 229.687 225.255 261.976 253.091 244.714 56.0844 32.6919 26.6321 17.9618 188.629 166.655 21.9745 161.428 12.5577 67.2904 94.1372 30.5118 213.21 194.674 75.1161 46.9924 39.1101 20.9171 14.9392
internal_count=4906 2874 2032 2008 1987 1238 1705 1658 1107 1069 1034 241 140 115 78 793 701 92 678 54 283 395 131 1557 1169 467 283 237 123 89
is_linear=0
shrinkage=0.1


Tree=14
num_leaves=31
num_cat=0
split_feature=6 179 1 15 85 36 16 38 108 68 11 8 98 26 67 55 0 0 133 0 0 128 9 140 9 26 54 0 0 5
split_gain=21.4479 4.59362 5.08013 4.6108 5.03181 4.05101 4.3092 4.09571 4.18837 3.9999 4.74928 4.87728 4.51799 4.26409 4.12248 4.83569 3.81002 8.33931 3.56652 3.49854 7.01512 3.47679 3.38368 3.34088 3.39099 5.99147 3.33193 4.33046 3.38257 3.20251
threshold=1.0000000180025095e-35 1.0000000180025095e-35 0.9887443780899049 1.0000000180025095e-35 1.0000000180025095e-35 1.0000000180025095e-35 1.0000000180025095e-35 1.0000000180025095e-35 1.0000000180025095e-35 1.0000000180025095e-35 1.0000000180025095e-35 1.0000000180025095e-35 1.0000000180025095e-35 1.0000000180025095e-35 1.0000000180025095e-35 1.0000000180025095e-35 7.5879535675048837 11.296372413635256 1.0000000180025095e-35 5.6454484462738046 3.1252566576004033 1.0000000180025095e-35 1.0000000180025095e-35 1.0000000180025095e-35 1.0000000180025095e-35 1.0000000180025095e-35 1.0000000180025095e-35 8.8049278259277362 6.566735267639161 1.0000000180025095e-35
decision_type=2 2 2 2 2 2 2 2 2 2 2 2 2 2 2 2 2 2 2 2 2 2 2 2 2 2 2 2 2 2
left_child=1 2 3 4 9 7 16 -5 19 10 11 13 21 14 -1 -16 18 -18 -7 20 -9 -13 26 24 -11 29 28 -28 -15 -26
right_child=-2 -3 -4 5 -6 6 -8 8 -10 23 -12 12 -14 22 15 -17 17 -19 -20 -21 -22 -23 -24 -25 25 -27 27 -29 -30 -31
leaf_value=-0.028995278728809346 0.014389241332792979 0.097229927947625222 0.11636134112044612 0.076283117904542119 0.11165670632729566 -0.098995168816347401 -0.048103782030029157 -0.083319030446214956 -0.10898664144037917 -0.018634143747491571 -0.036794046295490351 -0.0039756092482148928 0.094552262571323556 0.008383007300568731 -0.044796084672182775 0.093665597533843847 0.15807293974001724 0.0037099703311088902 0.023115431722663528 -0.051901521005795197 0.0075853633858934321 0.082322757222486997 -0.08252731419753076 0.11025612757681583 0.034181288384425794 -0.016093047691719046 -0.059189767774338334 0.092453167795333566 -0.10567638039409413 0.14380516994184195
leaf_weight=15.010976567864418 460.8785003721714 3.4990206360816947 2.8021189197897902 2.9376697763800612 3.3536755666136733 4.2805297225713748 14.621191680431364 11.461576491594313 8.9715081080794317 24.812186472117901 80.243028379976749 39.133887521922588 6.6752443611621848 4.6429656371474284 3.6774600371718398 8.0299243330955505 4.8908862024545696 12.304944328963755 5.4210323467850685 70.241354063153267 32.734187304973602 5.3008134439587584 15.307157464325426 3.3335498124361029 5.3316339999437332 11.057626120746136 3.1769233271479598 4.6242922842502594 5.9092496111989021 5.32794389128685
leaf_count=92 2032 22 16 19 21 29 97 94 68 152 581 243 38 34 23 47 29 76 35 531 243 35 108 20 29 72 22 30 40 28
internal_value=-0.000498393 -0.0168696 -0.0178301 -0.018741 -0.00999211 -0.0315074 -0.00440788 -0.0404126 -0.0431905 -0.0116808 -0.0182426 -0.00489031 0.017843 -0.0241338 0.00569438 0.0501728 0.0193448 0.0476143 -0.0307623 -0.0380322 -0.0159895 0.00631931 -0.0478101 0.0135505 0.00662212 0.0354777 -0.0188552 0.0306989 -0.0554903 0.0889743
internal_weight=879.993 419.115 415.616 412.813 244.949 167.865 41.5186 126.346 123.409 241.595 191.732 111.489 51.1099 60.3789 26.7184 11.7074 26.8974 17.1958 9.70156 114.437 44.1958 44.4347 33.6606 49.8629 46.5294 21.7172 18.3534 7.80122 10.5522 10.6596
internal_count=4906 2874 2852 2836 1615 1221 266 955 936 1594 1293 712 316 396 162 70 169 105 64 868 337 278 234 301 281 129 126 52 74 57
is_linear=0
shrinkage=0.1


Tree=15
num_leaves=31
num_cat=0
split_feature=6 10 262 88 0 10 138 86 51 137 73 16 7 67 0 234 23 101 168 62 78 33 137 25 82 26 67 12 1 9
split_gain=17.5885 3.99518 3.03222 3.28324 5.99701 3.60428 3.19437 3.14716 4.79587 2.97044 2.80307 3.10871 7.45597 4.08205 2.78152 3.21473 3.31306 2.82104 2.94997 2.534 3.63798 2.51398 2.89299 2.98286 3.576 3.36247 6.1257 2.67374 3.85495 3.81836
threshold=1.0000000180025095e-35 1.0000000180025095e-35 1.0000000180025095e-35 1.0000000180025095e-35 10.035592079162599 1.0000000180025095e-35 1.0000000180025095e-35 1.0000000180025095e-35 1.0000000180025095e-35 1.0000000180025095e-35 1.0000000180025095e-35 1.0000000180025095e-35 1.0000000180025095e-35 1.0000000180025095e-35 2.2505134344100957 1.0000000180025095e-35 1.0000000180025095e-35 1.0000000180025095e-35 1.0000000180025095e-35 1.0000000180025095e-35 1.0000000180025095e-35 1.0000000180025095e-35 1.0000000180025095e-35 1.0000000180025095e-35 1.0000000180025095e-35 1.0000000180025095e-35 1.0000000180025095e-35 1.0000000180025095e-35 -0.6132025122642516 1.0000000180025095e-35
decision_type=2 2 2 2 2 2 2 2 2 2 2 2 2 2 2 2 2 2 2 2 2 2 2 2 2 2 2 2 2 2
left_child=1 9 3 5 -5 7 10 -2 -9 14 21 -12 13 -13 -1 16 -16 18 -18 -11 -21 22 23 -7 25 -25 -27 28 -28 -30
right_child=2 -3 -4 4 -6 6 -8 8 -10 19 11 12 -14 -15 15 -17 17 -19 -20 20 -22 -23 -24 24 -26 26 27 -29 29 -31
leaf_value=-0.11304693045278147 0.0075741006627339201 -0.0048855024275486708 -0.065934437640690027 -0.008055720297364146 0.11309760422069207 -0.051752539104167883 0.076754040321344252 0.041536514462437973 -0.06922268658183095 -0.10279577069505866 0.022399064984975983 0.090888001323835399 0.16680360633612923 -0.025621338455079037 -0.074944995613627163 0.063616099863972222 -0.017756397968573777 0.051294746046327826 -0.074556788940114971 0.048048080981457165 -0.089656708484636471 -0.02022286622571632 -0.051928488504670259 0.063414757373729022 -0.031649822126910268 -0.061116459241783765 -0.062148690349172475 0.069379240772493134 0.078522300368170483 -0.024716279772653123
leaf_weight=3.2547419518232337 240.80927081406116 191.54815891385078 4.8274924755096427 7.5403473973274258 8.9176184087991697 5.0982137471437445 10.381591498851774 5.6334327459335336 12.774054408073425 8.6421567425131816 43.756067484617233 5.5481533259153384 5.6551932990550986 6.5660068541765213 11.060148283839224 4.5104489326477042 172.02613818645477 5.59858763962984 9.6568159461021406 3.6729019582271567 4.016461156308651 21.933135658502579 5.6016375720500937 25.94441357254982 9.1051575541496259 7.9988384097814551 5.132781460881227 14.152751445770262 9.1743982583284431 5.8778171986341485
leaf_count=36 1092 1169 23 33 37 22 43 24 73 81 180 23 23 27 84 24 1287 36 87 33 37 91 23 106 38 33 21 58 38 24
internal_value=-0.0004994 -0.0154717 0.0129045 0.0137362 0.0575902 0.0121001 0.0228897 0.00452769 -0.0353259 -0.0245878 0.0196299 0.0367236 0.0719968 0.0277387 -0.0213349 -0.0198634 -0.0217618 -0.018621 -0.0207755 -0.0656402 -0.0238806 0.0100707 0.0176137 0.0223364 0.0272174 0.0350672 0.0176955 0.0360544 0.0126887 0.0382081
internal_weight=876.415 413.987 462.428 457.601 16.458 441.143 181.926 259.217 18.4075 222.438 171.545 61.5254 17.7694 12.1142 206.107 202.852 198.342 187.282 181.683 16.3315 7.68936 110.019 88.086 82.4844 77.3862 68.281 42.3366 34.3377 20.185 15.0522
internal_count=4906 2874 2032 2009 70 1939 750 1189 97 1705 707 253 73 50 1554 1518 1494 1410 1374 151 70 454 363 340 318 280 174 141 83 62
is_linear=0
shrinkage=0.1


Tree=16
num_leaves=31
num_cat=0
split_feature=6 15 50 0 177 44 85 68 11 65 8 22 1 26 14 99 61 55 9 55 10 83 12 22 8 134 0 130 26 0
split_gain=14.3483 3.82642 4.4527 4.18295 3.67901 3.05519 3.80859 3.58157 4.92996 3.81929 3.77945 4.89543 4.87625 6.0768 4.20332 5.29409 4.15985 4.87826 3.95446 3.81314 3.77697 3.26461 2.84394 3.05631 3.50511 3.35646 2.88115 3.77018 4.92779 2.78398
threshold=1.0000000180025095e-35 1.0000000180025095e-35 1.0000000180025095e-35 17.100615501403812 1.0000000180025095e-35 1.0000000180025095e-35 1.0000000180025095e-35 1.0000000180025095e-35 1.0000000180025095e-35 1.0000000180025095e-35 1.0000000180025095e-35 1.0000000180025095e-35 -0.21636626124382016 1.0000000180025095e-35 1.0000000180025095e-35 1.0000000180025095e-35 1.0000000180025095e-35 1.0000000180025095e-35 1.0000000180025095e-35 1.0000000180025095e-35 1.0000000180025095e-35 1.0000000180025095e-35 1.0000000180025095e-35 1.0000000180025095e-35 1.0000000180025095e-35 1.0000000180025095e-35 2.7310061454772954 1.0000000180025095e-35 1.0000000180025095e-35 17.860369682312015
decision_type=2 2 2 2 2 2 2 2 2 2 2 2 2 2 2 2 2 2 2 2 2 2 2 2 2 2 2 2 2 2
left_child=1 4 22 -4 5 -1 7 8 9 10 12 14 -7 16 19 18 17 -14 -16 -12 21 -9 26 24 25 -24 -3 -28 -29 -2
right_child=29 2 3 -5 -6 6 -8 20 -10 -11 11 -13 13 -15 15 -17 -18 -19 -20 -21 -22 -23 23 -25 -26 -27 27 28 -30 -31
leaf_value=0.047735709147115481 0.010797825688418718 -0.11646281407713042 -0.008513358045137932 0.10819574080125144 0.075363748834350597 -0.057125151538373692 0.10099431085982261 -0.028571307436779454 -0.038036765112378301 -0.10046571028276768 0.11505779557588841 -0.068284323719821016 0.0048941357895066042 -0.034611488861538239 -0.077418465855956686 0.094649611830516456 -0.0098477375651068143 0.15356822552007948 0.035154227616823575 0.030632146205519736 0.042145508496962053 0.075404527913393193 -0.055411529298047782 0.038507835941633074 -0.10353566686743465 0.049209601753139952 -0.035906422056862751 0.0968996213772923 -0.012977908783598439 0.087414434731219529
leaf_weight=9.4359950944781286 458.00248409062624 3.1957400888204566 45.735107839107513 3.2919960618019095 5.4085847884416571 20.434729650616646 3.0333160609006873 21.717102341353897 74.160997480154037 3.981190711259841 8.1131947040557861 5.5090657249093047 3.6968523785471898 18.354047067463398 8.4053501486778277 4.0687629282474509 6.7345369905233374 5.4760939329862595 4.9629754275083533 15.70642014592886 22.647033050656319 3.5074121057987204 25.606974601745609 3.2015633359551421 14.168541364371775 3.4836796745657912 44.189443461596966 5.4922716617584237 15.891727343201637 4.7922717034816733
leaf_count=55 2011 29 298 18 34 152 18 143 560 25 47 38 22 128 54 25 40 28 31 94 124 23 210 27 118 25 347 40 121 21
internal_value=-0.000473938 -0.0141056 -0.0259182 -0.000676756 -0.00619744 -0.0080359 -0.0103189 -0.0118033 -0.0182814 -0.00438693 -0.00061697 0.0202557 -0.0184633 0.004596 0.0320785 -0.00522753 0.0498336 0.0936501 -0.035626 0.0593884 0.0125014 -0.0141137 -0.0366577 -0.0557708 -0.0627483 -0.0428829 -0.0237448 -0.0192262 0.0152431 0.0115912
internal_weight=872.405 409.611 164.257 49.0271 245.354 239.945 230.509 227.476 179.604 105.443 101.462 46.7658 54.6963 34.2615 41.2567 17.4371 15.9075 9.17295 13.3683 23.8196 47.8715 25.2245 115.23 46.4608 43.2592 29.0907 68.7692 65.5734 21.384 462.795
internal_count=4906 2874 1233 316 1641 1607 1552 1534 1244 684 659 289 370 218 251 110 90 50 85 141 290 166 917 380 353 235 537 508 161 2032
is_linear=0
shrinkage=0.1


Tree=17
num_leaves=31
num_cat=0
split_feature=6 179 1 15 36 16 38 108 67 0 0 0 133 177 0 1 26 73 9 14 68 14 8 11 65 8 99 0 1 26
split_gain=11.7721 3.6329 3.68173 3.27407 3.01339 3.60557 3.46402 3.96765 3.17301 3.09921 3.04204 6.12407 3.15787 3.00561 2.92723 4.64679 3.00177 5.15238 4.60414 2.9069 2.72402 3.23729 5.91203 2.87394 2.84133 3.4501 5.10761 4.15424 3.57006 3.16808
threshold=1.0000000180025095e-35 1.0000000180025095e-35 0.9887443780899049 1.0000000180025095e-35 1.0000000180025095e-35 1.0000000180025095e-35 1.0000000180025095e-35 1.0000000180025095e-35 1.0000000180025095e-35 15.51813840866089 7.5879535675048837 11.296372413635256 1.0000000180025095e-35 1.0000000180025095e-35 3.1252566576004033 -0.39082820713520044 1.0000000180025095e-35 1.0000000180025095e-35 1.0000000180025095e-35 1.0000000180025095e-35 1.0000000180025095e-35 1.0000000180025095e-35 1.0000000180025095e-35 1.0000000180025095e-35 1.0000000180025095e-35 1.0000000180025095e-35 1.0000000180025095e-35 9.2238192558288592 -0.21636626124382016 1.0000000180025095e-35
decision_type=2 2 2 2 2 2 2 2 2 2 2 2 2 2 2 2 2 2 2 2 2 2 2 2 2 2 2 2 2 2
left_child=1 2 3 13 6 10 -5 9 -7 14 12 -12 -6 20 -8 16 17 -16 -18 -20 23 22 -22 24 25 28 27 -27 -1 -30
right_child=-2 -3 -4 4 5 8 7 -9 -10 -11 11 -13 -14 -15 15 -17 18 -19 19 -21 21 -23 -24 -25 -26 26 -28 -29 29 -31
leaf_value=-0.051547773903436268 0.010403169741673038 0.087014742287810018 0.097153140654965095 0.07302188529465263 -0.094657871816452591 0.011483827527412985 -0.076576017923116413 -0.10466718429819905 -0.084679557102362746 -0.082469737520737565 0.13406309050301513 0.004940721794172106 0.022774416847812628 0.064878256738982967 0.12435456210789148 -0.03686836879489213 -0.044795490811206137 -0.024717018339500071 0.113870433643648 -0.010241544784455422 0.072493724865448375 -0.017973113915308328 -0.019949179691431312 -0.029475260365034769 -0.093734370562812336 0.028421310592921512 0.093634339547593926 -0.037087880677864164 0.032488546843177847 -0.02780770638181795
leaf_weight=20.391236037015915 463.98295975476503 3.6046652644872657 2.9672164022922507 2.9586750864982596 3.960932210087778 6.0062299072742436 10.187070325016974 7.9637575075030318 8.0034957379102707 10.746327206492422 5.255786836147311 12.198036685585974 5.4279604554176331 5.6409390419721595 5.2564459890127129 56.42510140687228 13.324135139584543 4.1483473256230354 3.8441907986998549 3.7068319469690323 16.544167056679726 20.941996932029724 11.890145473182203 76.076405614614487 3.4242025464773169 26.354138419032097 7.5736428126692763 15.300292387604712 16.746973745524883 18.16659889370203
leaf_count=156 2032 22 16 19 29 42 94 68 55 87 29 76 35 34 37 458 102 31 29 30 94 131 72 582 23 166 43 92 93 129
internal_value=-0.000471287 -0.0129284 -0.0138258 -0.0146522 -0.0257525 -0.0023303 -0.033823 -0.0365576 -0.0434525 -0.0315184 0.0191322 0.0438227 -0.0267672 -0.00724992 -0.0258674 -0.0199095 0.0116923 0.0586008 -0.00944114 0.0529433 -0.00899308 0.0118631 0.0338376 -0.0145888 -0.00409846 -0.00116224 0.0180937 0.00435881 -0.0183024 0.00111456
internal_weight=869.019 405.036 401.431 398.464 159.413 40.8524 118.561 115.602 14.0097 107.638 26.8427 17.4538 9.38889 239.051 96.8921 86.7051 30.28 9.40479 20.8752 7.55102 233.41 49.3763 28.4343 184.033 107.957 104.533 49.2281 41.6544 55.3048 34.9136
internal_count=4906 2874 2852 2836 1221 266 955 936 97 868 169 105 64 1615 781 687 229 68 161 59 1581 297 166 1284 702 679 301 258 378 222
is_linear=0
shrinkage=0.1


end of trees

feature_importances:
Column_0=79
Column_10=31
Column_15=25
Column_26=23
Column_11=19
Column_1=18
Column_6=18
Column_67=15
Column_14=14
Column_12=12
Column_83=12
Column_9=11
Column_53=11
Column_8=10
Column_68=10
Column_13=9
Column_16=9
Column_55=9
Column_22=8
Column_50=8
Column_73=8
Column_82=7
Column_86=7
Column_137=7
Column_51=6
Column_84=6
Column_108=6
Column_234=6
Column_5=5
Column_7=5
Column_61=5
Column_168=5
Column_38=4
Column_71=4
Column_91=4
Column_101=4
Column_134=4
Column_139=4
Column_21=3
Column_42=3
Column_44=3
Column_54=3
Column_62=3
Column_69=3
Column_70=3
Column_88=3
Column_155=3
Column_167=3
Column_20=2
Column_24=2
Column_29=2
Column_33=2
Column_36=2
Column_46=2
Column_49=2
Column_65=2
Column_80=2
Column_81=2
Column_85=2
Column_98=2
Column_99=2
Column_127=2
Column_130=2
Column_132=2
Column_133=2
Column_135=2
Column_177=2
Column_179=2
Column_262=2
Column_18=1
Column_19=1
Column_23=1
Column_25=1
Column_31=1
Column_32=1
Column_41=1
Column_74=1
Column_76=1
Column_78=1
Column_95=1
Column_97=1
Column_113=1
Column_126=1
Column_128=1
Column_129=1
Column_138=1
Column_140=1
Column_152=1
Column_232=1

parameters:
[boosting: gbdt]
[objective: binary]
[metric: binary_logloss]
[tree_learner: serial]
[device_type: cpu]
[data_sample_strategy: bagging]
[data: ]
[valid: ]
[num_iterations: 300]
[learning_rate: 0.1]
[num_leaves: 31]
[num_threads: 0]
[seed: 0]
[deterministic: 0]
[force_col_wise: 0]
[force_row_wise: 0]
[histogram_pool_size: -1]
[max_depth: -1]
[min_data_in_leaf: 20]
[min_sum_hessian_in_leaf: 0.001]
[bagging_fraction: 1]
[pos_bagging_fraction: 1]
[neg_bagging_fraction: 1]
[bagging_freq: 0]
[bagging_seed: 7719]
[bagging_by_query: 0]
[feature_fraction: 1]
[feature_fraction_bynode: 1]
[feature_fraction_seed: 2437]
[extra_trees: 0]
[extra_seed: 11797]
[early_stopping_round: 0]
[early_stopping_min_delta: 0]
[first_metric_only: 0]
[max_delta_step: 0]
[lambda_l1: 0]
[lambda_l2: 0]
[linear_lambda: 0]
[min_gain_to_split: 0]
[drop_rate: 0.1]
[max_drop: 50]
[skip_drop: 0.5]
[xgboost_dart_mode: 0]
[uniform_drop: 0]
[drop_seed: 21238]
[top_rate: 0.2]
[other_rate: 0.1]
[min_data_per_group: 100]
[max_cat_threshold: 32]
[cat_l2: 10]
[cat_smooth: 10]
[max_cat_to_onehot: 4]
[top_k: 20]
[monotone_constraints: ]
[monotone_constraints_method: basic]
[monotone_penalty: 0]
[feature_contri: ]
[forcedsplits_filename: ]
[refit_decay_rate: 0.9]
[cegb_tradeoff: 1]
[cegb_penalty_split: 0]
[cegb_penalty_feature_lazy: ]
[cegb_penalty_feature_coupled: ]
[path_smooth: 0]
[interaction_constraints: ]
[verbosity: -1]
[saved_feature_importance_type: 0]
[use_quantized_grad: 0]
[num_grad_quant_bins: 4]
[quant_train_renew_leaf: 0]
[stochastic_rounding: 1]
[linear_tree: 0]
[max_bin: 255]
[max_bin_by_feature: ]
[min_data_in_bin: 3]
[bin_construct_sample_cnt: 200000]
[data_random_seed: 38]
[is_enable_sparse: 1]
[enable_bundle: 1]
[use_missing: 1]
[zero_as_missing: 0]
[feature_pre_filter: 1]
[pre_partition: 0]
[two_round: 0]
[header: 0]
[label_column: ]
[weight_column: ]
[group_column: ]
[ignore_column: ]
[categorical_feature: ]
[forcedbins_filename: ]
[precise_float_parser: 0]
[parser_config_file: ]
[objective_seed: 8855]
[num_class: 1]
[is_unbalance: 0]
[scale_pos_weight: 1]
[sigmoid: 1]
[boost_from_average: 1]
[reg_sqrt: 0]
[alpha: 0.9]
[fair_c: 1]
[poisson_max_delta_step: 0.7]
[tweedie_variance_power: 1.5]
[lambdarank_truncation_level: 30]
[lambdarank_norm: 1]
[label_gain: ]
[lambdarank_position_bias_regularization: 0]
[eval_at: ]
[multi_error_top_k: 1]
[auc_mu_weights: ]
[num_machines: 1]
[local_listen_port: 12400]
[time_out: 120]
[machine_list_filename: ]
[machines: ]
[gpu_platform_id: -1]
[gpu_device_id: -1]
[gpu_device_id_list: ]
[gpu_use_dp: 0]
[num_gpu: 1]

end of parameters

pandas_categorical:null
