tree
version=v4
num_class=1
num_tree_per_iteration=1
label_index=0
max_feature_idx=567
objective=binary sigmoid:1
feature_names=Column_0 Column_1 Column_2 Column_3 Column_4 Column_5 Column_6 Column_7 Column_8 Column_9 Column_10 Column_11 Column_12 Column_13 Column_14 Column_15 Column_16 Column_17 Column_18 Column_19 Column_20 Column_21 Column_22 Column_23 Column_24 Column_25 Column_26 Column_27 Column_28 Column_29 Column_30 Column_31 Column_32 Column_33 Column_34 Column_35 Column_36 Column_37 Column_38 Column_39 Column_40 Column_41 Column_42 Column_43 Column_44 Column_45 Column_46 Column_47 Column_48 Column_49 Column_50 Column_51 Column_52 Column_53 Column_54 Column_55 Column_56 Column_57 Column_58 Column_59 Column_60 Column_61 Column_62 Column_63 Column_64 Column_65 Column_66 Column_67 Column_68 Column_69 Column_70 Column_71 Column_72 Column_73 Column_74 Column_75 Column_76 Column_77 Column_78 Column_79 Column_80 Column_81 Column_82 Column_83 Column_84 Column_85 Column_86 Column_87 Column_88 Column_89 Column_90 Column_91 Column_92 Column_93 Column_94 Column_95 Column_96 Column_97 Column_98 Column_99 Column_100 Column_101 Column_102 Column_103 Column_104 Column_105 Column_106 Column_107 Column_108 Column_109 Column_110 Column_111 Column_112 Column_113 Column_114 Column_115 Column_116 Column_117 Column_118 Column_119 Column_120 Column_121 Column_122 Column_123 Column_124 Column_125 Column_126 Column_127 Column_128 Column_129 Column_130 Column_131 Column_132 Column_133 Column_134 Column_135 Column_136 Column_137 Column_138 Column_139 Column_140 Column_141 Column_142 Column_143 Column_144 Column_145 Column_146 Column_147 Column_148 Column_149 Column_150 Column_151 Column_152 Column_153 Column_154 Column_155 Column_156 Column_157 Column_158 Column_159 Column_160 Column_161 Column_162 Column_163 Column_164 Column_165 Column_166 Column_167 Column_168 Column_169 Column_170 Column_171 Column_172 Column_173 Column_174 Column_175 Column_176 Column_177 Column_178 Column_179 Column_180 Column_181 Column_182 Column_183 Column_184 Column_185 Column_186 Column_187 Column_188 Column_189 Column_190 Column_191 Column_192 Column_193 Column_194 Column_195 Column_196 Column_197 Column_198 Column_199 Column_200 Column_201 Column_202 Column_203 Column_204 Column_205 Column_206 Column_207 Column_208 Column_209 Column_210 Column_211 Column_212 Column_213 Column_214 Column_215 Column_216 Column_217 Column_218 Column_219 Column_220 Column_221 Column_222 Column_223 Column_224 Column_225 Column_226 Column_227 Column_228 Column_229 Column_230 Column_231 Column_232 Column_233 Column_234 Column_235 Column_236 Column_237 Column_238 Column_239 Column_240 Column_241 Column_242 Column_243 Column_244 Column_245 Column_246 Column_247 Column_248 Column_249 Column_250 Column_251 Column_252 Column_253 Column_254 Column_255 Column_256 Column_257 Column_258 Column_259 Column_260 Column_261 Column_262 Column_263 Column_264 Column_265 Column_266 Column_267 Column_268 Column_269 Column_270 Column_271 Column_272 Column_273 Column_274 Column_275 Column_276 Column_277 Column_278 Column_279 Column_280 Column_281 Column_282 Column_283 Column_284 Column_285 Column_286 Column_287 Column_288 Column_289 Column_290 Column_291 Column_292 Column_293 Column_294 Column_295 Column_296 Column_297 Column_298 Column_299 Column_300 Column_301 Column_302 Column_303 Column_304 Column_305 Column_306 Column_307 Column_308 Column_309 Column_310 Column_311 Column_312 Column_313 Column_314 Column_315 Column_316 Column_317 Column_318 Column_319 Column_320 Column_321 Column_322 Column_323 Column_324 Column_325 Column_326 Column_327 Column_328 Column_329 Column_330 Column_331 Column_332 Column_333 Column_334 Column_335 Column_336 Column_337 Column_338 Column_339 Column_340 Column_341 Column_342 Column_343 Column_344 Column_345 Column_346 Column_347 Column_348 Column_349 Column_350 Column_351 Column_352 Column_353 Column_354 Column_355 Column_356 Column_357 Column_358 Column_359 Column_360 Column_361 Column_362 Column_363 Column_364 Column_365 Column_366 Column_367 Column_368 Column_369 Column_370 Column_371 Column_372 Column_373 Column_374 Column_375 Column_376 Column_377 Column_378 Column_379 Column_380 Column_381 Column_382 Column_383 Column_384 Column_385 Column_386 Column_387 Column_388 Column_389 Column_390 Column_391 Column_392 Column_393 Column_394 Column_395 Column_396 Column_397 Column_398 Column_399 Column_400 Column_401 Column_402 Column_403 Column_404 Column_405 Column_406 Column_407 Column_408 Column_409 Column_410 Column_411 Column_412 Column_413 Column_414 Column_415 Column_416 Column_417 Column_418 Column_419 Column_420 Column_421 Column_422 Column_423 Column_424 Column_425 Column_426 Column_427 Column_428 Column_429 Column_430 Column_431 Column_432 Column_433 Column_434 Column_435 Column_436 Column_437 Column_438 Column_439 Column_440 Column_441 Column_442 Column_443 Column_444 Column_445 Column_446 Column_447 Column_448 Column_449 Column_450 Column_451 Column_452 Column_453 Column_454 Column_455 Column_456 Column_457 Column_458 Column_459 Column_460 Column_461 Column_462 Column_463 Column_464 Column_465 Column_466 Column_467 Column_468 Column_469 Column_470 Column_471 Column_472 Column_473 Column_474 Column_475 Column_476 Column_477 Column_478 Column_479 Column_480 Column_481 Column_482 Column_483 Column_484 Column_485 Column_486 Column_487 Column_488 Column_489 Column_490 Column_491 Column_492 Column_493 Column_494 Column_495 Column_496 Column_497 Column_498 Column_499 Column_500 Column_501 Column_502 Column_503 Column_504 Column_505 Column_506 Column_507 Column_508 Column_509 Column_510 Column_511 Column_512 Column_513 Column_514 Column_515 Column_516 Column_517 Column_518 Column_519 Column_520 Column_521 Column_522 Column_523 Column_524 Column_525 Column_526 Column_527 Column_528 Column_529 Column_530 Column_531 Column_532 Column_533 Column_534 Column_535 Column_536 Column_537 Column_538 Column_539 Column_540 Column_541 Column_542 Column_543 Column_544 Column_545 Column_546 Column_547 Column_548 Column_549 Column_550 Column_551 Column_552 Column_553 Column_554 Column_555 Column_556 Column_557 Column_558 Column_559 Column_560 Column_561 Column_562 Column_563 Column_564 Column_565 Column_566 Column_567
feature_infos=[2.0013689994812012:17.993154525756836] [-0.7776256799697876:0.99923950433731079] none none none [0:1] [0:1] [0:1] [0:1] [0:1] [0:1] [0:1] [0:1] [0:1] [0:1] [0:1] [0:1] [0:1] [0:1] [0:1] [0:1] [0:1] [0:1] [0:1] [0:1] [0:1] [0:1] [0:1] [0:1] [0:1] [0:1] [0:1] [0:1] [0:1] [0:1] [0:1] [0:1] [0:1] [0:1] [0:1] [0:1] [0:1] [0:1] [0:1] [0:1] [0:1] [0:1] [0:1] [0:1] [0:1] [0:1] [0:1] [0:1] [0:1] [0:1] [0:1] [0:1] [0:1] [0:1] [0:1] [0:1] [0:1] [0:1] [0:1] [0:1] [0:1] [0:1] [0:1] [0:1] [0:1] [0:1] [0:1] [0:1] [0:1] [0:1] [0:1] [0:1] [0:1] [0:1] [0:1] [0:1] [0:1] [0:1] [0:1] [0:1] [0:1] [0:1] [0:1] [0:1] [0:1] [0:1] [0:1] [0:1] [0:1] [0:1] [0:1] [0:1] [0:1] [0:1] [0:1] [0:1] [0:1] [0:1] [0:1] [0:1] [0:1] [0:1] [0:1] [0:1] none none none none [0:1] [0:1] none [0:1] none [0:1] none none [0:1] none none none none [0:1] [0:1] [0:1] [0:1] [0:1] none [0:1] [0:1] [0:1] [0:1] none [0:1] [0:1] [0:1] [0:1] [0:1] [0:1] [0:1] [0:1] [0:1] [0:1] [0:1] [0:1] [0:1] [0:1] [0:1] [0:1] [0:1] [0:1] [0:1] [0:1] none none none none none none none none none none [0:1] [0:1] none none none none none [0:1] [0:1] [0:1] [0:1] [0:1] [0:1] [0:1] [0:1] [0:1] [0:1] [0:1] [0:1] [0:1] [0:1] [0:1] [0:1] [0:1] [0:1] [0:1] [0:1] [0:1] [0:1] [0:1] [0:1] [0:1] [0:1] [0:1] [0:1] none none [0:1] [0:1] [0:1] none [0:1] [0:1] [0:1] [0:1] [0:1] none [0:1] none none [0:1] none [0:1] [0:1] [0:1] [0:1] [0:1] [0:1] [0:1] [0:1] [0:1] [0:1] [0:1] [0:1] [0:1] [0:1] [0:1] [0:1] [0:1] [0:1] [0:1] [0:1] [0:1] [0:1] [0:1] [0:1] [0:1] none none none none none none none none none none none none none none none none none [0:1] [0:1] [0:1] [0:1] [0:1] [0:1] [0:1] [0:1] [0:1] [0:1] none [0:1] [0:1] [0:1] [0:1] none [0:1] [0:1] none none none [0:1] [0:1] none none none none none [0:1] [0:1] [0:1] [0:1] [0:1] [0:1] [0:1] none none none [0:1] none [0:1] [0:1] [0:1] none [0:1] [0:1] [0:1] [0:1] none none [0:1] [0:1] none none none none [0:1] [0:1] none none none [0:1] none none [0:1] [0:1] none none [0:1] [0:1] none none none none none none none none none none none none none none none none none none none none none none none none none none none none none none none none none none none none none none none none none none none none none none none none none none none none none none none none none none none none none none none none none none none none none none none none none none none none none none none none none none none none none none none none none none none none none none none none none none none none none none none none none none none none none none none none none none none none none none none none none none none none none none none none none none none none none none none none none none none none none none none none none none none none none none none none none none none none none none none none none none none none none none none none none none none none none none none none none none none none none none none none none none none none none none none none none none none none none none none none none none none none none none none none none none none none none none none none none none none none none none none none none none none none none none none none none none none none none
tree_sizes=3397 3482 3466 3465 3502 3504 3479 3484 3475 3462 3480 3480 3465 3479 3494 3487 3493 3432 3504 3507 3508 3496 3487

Tree=0
num_leaves=31
num_cat=0
split_feature=12 13 13 9 11 11 6 7 9 113 86 9 21 7 83 0 51 5 0 99 42 129 6 0 10 0 1 14 46 16
split_gain=214.536 88.7843 73.7611 26.2841 21.8982 20.3419 20.5629 16.4246 10.3347 10.3145 9.71949 9.47279 9.01018 8.31515 7.28064 10.8999 7.08159 6.66488 6.09191 6.04761 6.40096 6.03325 10.4857 6.38537 5.78727 5.59949 6.27543 5.29288 5.29198 5.19173
threshold=1.0000000180025095e-35 1.0000000180025095e-35 1.0000000180025095e-35 1.0000000180025095e-35 1.0000000180025095e-35 1.0000000180025095e-35 1.0000000180025095e-35 1.0000000180025095e-35 1.0000000180025095e-35 1.0000000180025095e-35 1.0000000180025095e-35 1.0000000180025095e-35 1.0000000180025095e-35 1.0000000180025095e-35 1.0000000180025095e-35 7.3634495735168466 1.0000000180025095e-35 1.0000000180025095e-35 16.379192352294925 1.0000000180025095e-35 1.0000000180025095e-35 1.0000000180025095e-35 1.0000000180025095e-35 4.8090348243713388 1.0000000180025095e-35 13.030800819396974 0.72499811649322521 1.0000000180025095e-35 1.0000000180025095e-35 1.0000000180025095e-35
decision_type=2 2 2 2 2 2 2 2 2 2 2 2 2 2 2 2 2 2 2 2 2 2 2 2 2 2 2 2 2 2
left_child=1 8 4 28 9 6 7 27 29 10 11 21 13 19 15 -8 17 -9 -15 20 -5 22 -2 -23 -6 -13 -27 -4 -3 -1
right_child=2 3 5 12 24 -7 14 16 -10 -11 -12 25 -14 18 -16 -17 -18 -19 -20 -21 -22 23 -24 -25 -26 26 -28 -29 -30 -31
leaf_value=-1.2211620681348119 -1.0802163055305876 -1.0485189940373378 -0.8592956496685431 -1.0310817783907016 -1.1096059415920818 -1.0508002399402609 -0.92333062238217933 -1.0779750814856104 -1.1692280260963628 -0.95374723442115639 -0.98377018884099232 -1.0637980363638937 -1.1622451055767553 -1.1156276454412284 -1.1547613661570053 -1.0569420558327469 -0.89660833569206577 -0.94094023987842923 -0.97936122350661081 -0.95374723442115639 -1.1250407864301328 -1.0832725201373747 -1.1690834449884069 -0.94094023987842923 -1.1616474458314281 -0.88971226170752027 -1.0465979448559286 -0.93798477959933824 -1.1408796044016203 -1.1866878201255098
leaf_weight=99.4620181620121 29.745650291442871 6.5068610012531272 20.82195520401001 38.669345378875732 59.119479954242706 47.593040466308594 8.9236950874328631 11.154618859291082 134.04133662581444 7.8082332015037528 11.340529173612593 31.976574063301086 9.2955157160758954 27.886547148227695 4.2759372293949118 19.334672689437866 4.8336681723594657 5.2054888010025016 3.718206286430358 7.8082332015037528 8.9236950874328596 16.360107660293583 23.982430547475815 3.9041166007518759 33.46385657787323 4.4618475437164289 5.9491300582885742 14.501004517078398 133.11178505420685 77.896421700716019
leaf_count=535 160 35 112 208 318 256 48 60 721 42 61 172 50 150 23 104 26 28 20 42 48 88 129 21 180 24 32 78 716 419
internal_value=-1.11553 -1.15513 -1.05612 -1.10885 -1.09093 -0.998023 -0.969816 -0.933357 -1.19018 -1.06532 -1.07214 -1.08075 -1.06866 -1.05867 -1.03315 -1.01475 -1.00295 -1.03437 -1.0996 -1.03532 -1.0487 -1.10235 -1.11988 -1.05585 -1.12842 -1.04306 -0.979361 -0.8916 -1.13658 -1.20602
internal_weight=912.076 547.32 364.756 235.92 228.112 136.644 89.051 56.5167 311.4 135.529 127.72 116.38 96.3015 87.006 32.5343 28.2584 21.1938 16.3601 31.6048 55.4013 47.593 73.9923 53.7281 20.2642 92.5833 42.3876 10.411 35.323 139.619 177.358
internal_count=4906 2944 1962 1269 1227 735 479 304 1675 729 687 626 518 468 175 152 114 88 170 298 256 398 289 109 498 228 56 190 751 954
is_linear=0
shrinkage=1


Tree=1
num_leaves=31
num_cat=0
split_feature=12 13 13 9 11 6 11 7 9 61 113 40 21 0 7 62 81 86 6 86 7 11 105 73 40 0 81 14 73 16
split_gain=171.722 76.2156 53.7055 20.8706 17.1107 14.6917 12.7209 10.2934 9.46465 8.41222 8.6076 7.16014 7.08557 6.22294 6.21261 5.74306 6.34568 5.58406 5.19163 7.0259 6.44628 5.17432 5.15997 6.21782 8.38913 5.77809 5.91398 5.88994 5.0386 6.02922
threshold=1.0000000180025095e-35 1.0000000180025095e-35 1.0000000180025095e-35 1.0000000180025095e-35 1.0000000180025095e-35 1.0000000180025095e-35 1.0000000180025095e-35 1.0000000180025095e-35 1.0000000180025095e-35 1.0000000180025095e-35 1.0000000180025095e-35 1.0000000180025095e-35 1.0000000180025095e-35 15.464749813079836 1.0000000180025095e-35 1.0000000180025095e-35 1.0000000180025095e-35 1.0000000180025095e-35 1.0000000180025095e-35 1.0000000180025095e-35 1.0000000180025095e-35 1.0000000180025095e-35 1.0000000180025095e-35 1.0000000180025095e-35 1.0000000180025095e-35 15.260780334472658 1.0000000180025095e-35 1.0000000180025095e-35 1.0000000180025095e-35 1.0000000180025095e-35
decision_type=2 2 2 2 2 2 2 2 2 2 2 2 2 2 2 2 2 2 2 2 2 2 2 2 2 2 2 2 2 2
left_child=1 8 4 -3 9 6 7 -4 -1 10 17 15 14 -8 21 16 -7 -2 19 20 -10 -5 23 24 25 26 27 -6 -17 -30
right_child=2 3 5 12 22 11 13 -9 18 -11 -12 -13 -14 -15 -16 28 -18 -19 -20 -21 -22 -23 -24 -25 -26 -27 -28 -29 29 -31
leaf_value=-0.08561121039185654 0.046197421974649988 -0.019162847960271984 0.18056743196843456 0.092466695118413142 -0.00035467260481437159 0.087071968697462615 0.054474093696291061 0.0955446279467006 -0.015027044081502556 0.011468289300668602 0.18713246583456436 -0.027731658299147012 -0.043120136351257367 0.1875330591128109 0.014177288017865556 0.15996048739676072 -0.031593534793429148 0.13350093037105834 -0.073532640518911813 0.078702236379835463 -0.075759531530293231 0.030595983603693366 0.09365255278021857 -0.052671080993186195 0.095503998434975479 -0.11304679261020086 -0.039810527578136128 0.11055040401998435 0.02886744148941911 0.16899382598874632
leaf_weight=169.16073024272919 74.840585470199585 138.12461394071579 39.176232486963272 35.959121912717819 15.147715061903002 9.3905541896820068 27.449341282248501 22.369959890842438 40.505503177642822 50.720878437161446 5.2201375365257254 8.4133708477020246 9.0745978057384473 4.031022146344184 31.854814440011978 9.8204514533281326 8.6642314046621323 8.1213534474372846 53.886785477399826 5.2440160363912574 30.740783661603928 21.658569067716599 4.4260387420654288 31.379803270101547 8.3320274502038938 5.17191058397293 20.515932068228722 7.0021555721759787 10.96756851673126 4.2645264416933069
leaf_count=954 395 751 190 186 82 48 143 114 224 267 26 44 50 21 170 51 45 41 298 29 170 112 24 170 45 28 111 38 57 22
internal_value=-0.000177708 -0.0364936 0.0516912 0.00592019 0.0217644 0.0994919 0.123218 0.149665 -0.0700057 0.0439169 0.0625808 0.0566524 0.0410768 0.0715121 0.0496164 0.0731219 0.0301261 0.0547438 -0.049758 -0.033009 -0.0412314 0.0692094 -0.0116907 -0.0170163 0.00290268 -0.013226 -0.00112576 0.0347053 0.104108 0.0680986
internal_weight=911.635 536.21 375.426 236.672 230.879 144.547 93.0266 61.5462 299.538 138.903 88.1821 51.5207 98.5471 31.4804 89.4725 43.1073 18.0548 82.9619 130.377 76.4903 71.2463 57.6177 91.9756 87.5495 56.1697 47.8377 42.6658 22.1499 25.0525 15.2321
internal_count=4906 2944 1962 1269 1227 735 468 304 1675 729 462 267 518 164 468 223 93 436 721 423 394 298 498 474 304 259 231 120 130 79
is_linear=0
shrinkage=0.1


Tree=2
num_leaves=31
num_cat=0
split_feature=12 13 13 9 11 6 7 9 100 6 1 86 5 1 23 42 40 55 16 53 0 9 95 10 15 68 1 0 26 81
split_gain=138.252 65.4235 40.2066 16.6492 13.5311 10.6026 9.65264 8.65419 7.72542 7.83518 8.85332 9.30656 7.43552 7.79204 7.27829 6.21779 5.51053 5.3201 5.14856 5.08683 5.28242 4.99367 7.78815 4.86531 4.74076 4.73735 6.93908 6.11735 7.62524 6.93258
threshold=1.0000000180025095e-35 1.0000000180025095e-35 1.0000000180025095e-35 1.0000000180025095e-35 1.0000000180025095e-35 1.0000000180025095e-35 1.0000000180025095e-35 1.0000000180025095e-35 1.0000000180025095e-35 1.0000000180025095e-35 -0.3628412783145904 1.0000000180025095e-35 1.0000000180025095e-35 -0.030344513244926926 1.0000000180025095e-35 1.0000000180025095e-35 1.0000000180025095e-35 1.0000000180025095e-35 1.0000000180025095e-35 1.0000000180025095e-35 16.954140663146976 1.0000000180025095e-35 1.0000000180025095e-35 1.0000000180025095e-35 1.0000000180025095e-35 1.0000000180025095e-35 0.1041143834590912 10.584530830383303 1.0000000180025095e-35 1.0000000180025095e-35
decision_type=2 2 2 2 2 2 2 2 2 2 2 2 2 2 2 2 2 2 2 2 2 2 2 2 2 2 2 2 2 2
left_child=1 7 4 25 8 6 14 18 9 19 -11 -12 -8 -14 -4 -5 21 24 -1 -2 -21 22 -7 -6 -16 26 -3 -28 29 -29
right_child=2 3 5 15 23 16 12 -9 -10 10 11 -13 13 -15 17 -17 -18 -19 -20 20 -22 -23 -24 -25 -26 -27 27 28 -30 -31
leaf_value=-0.096965849109401314 0.039413010350962202 -0.027111115547439002 0.0075088163646506419 0.048298046803394189 0.0064319050078284219 0.020728707318426274 0.031903807942612883 -0.046098335136037762 0.15995548297133128 0.072346502157926512 -0.036352522118693401 0.1129088754269735 0.033898066445904124 0.20725114880109513 0.14483737512556635 -0.014948051130409349 -0.025318934405268063 0.11565590139951937 -0.061010725521413393 0.12182531068743729 -0.0077008997318037883 0.11322523691271701 0.16660716394156891 -0.041773744048210118 0.24656980458325339 -0.05741911718193226 0.11325455989147092 0.11453146604804465 -0.042784549629077295 -0.012091147684404349
leaf_weight=89.690963849425316 61.374902561306953 72.750687927007675 4.6220464259386054 81.209348738193512 58.929621398448944 26.438754558563236 24.047808989882469 126.94630658626556 5.0624685138463965 14.389415159821509 35.832374647259712 4.7285330295562735 4.5574421584606171 6.0152096152305585 13.738193094730379 19.22381404042244 8.2998071461915952 37.986395373940468 71.633298978209496 16.481519743800167 3.892152711749076 13.86947678029537 4.2477466762065879 32.47504398226738 6.871965378522872 24.347958564758301 6.5412425994873038 8.9381049871444702 15.808002948760985 8.3756279349327087
leaf_count=535 314 399 22 417 318 133 120 721 26 74 190 23 22 29 64 101 44 179 419 82 20 69 21 180 32 134 36 49 87 46
internal_value=-0.000296877 -0.0336235 0.0453237 0.00527589 0.0193055 0.085581 0.105077 -0.0656306 0.0386491 0.0341567 0.00495575 -0.0189518 0.0626324 0.132526 0.128321 0.0361922 0.0494928 0.137851 -0.0810006 0.0537852 0.0970808 0.0634285 0.0409218 -0.010695 0.178758 -0.017428 -0.00876621 0.0248824 0.00742971 0.053277
internal_weight=909.326 525.465 383.861 237.195 233.166 150.695 97.8391 288.271 141.761 136.699 54.9503 40.5609 34.6205 10.5727 63.2186 100.433 52.8558 58.5966 161.324 81.7486 20.3737 44.556 30.6865 91.4047 20.6102 136.762 112.414 39.663 33.1217 17.3137
internal_count=4906 2944 1962 1269 1227 735 468 1675 729 703 287 213 171 51 297 518 267 275 954 416 102 223 154 498 96 751 617 218 182 95
is_linear=0
shrinkage=0.1


Tree=3
num_leaves=31
num_cat=0
split_feature=12 13 13 9 11 11 9 6 9 0 80 14 21 34 83 0 16 6 86 7 7 0 72 0 73 9 0 46 99 54
split_gain=111.764 56.0275 30.665 13.3578 10.6968 9.94484 7.9377 7.18458 6.9632 6.02205 5.61829 6.25359 5.54868 4.93708 4.90737 6.70911 4.85896 4.71605 5.81718 5.78709 4.63898 4.47135 4.46607 7.25998 6.4359 4.36353 4.31577 4.22814 4.20043 4.19541
threshold=1.0000000180025095e-35 1.0000000180025095e-35 1.0000000180025095e-35 1.0000000180025095e-35 1.0000000180025095e-35 1.0000000180025095e-35 1.0000000180025095e-35 1.0000000180025095e-35 1.0000000180025095e-35 16.661190986633304 1.0000000180025095e-35 1.0000000180025095e-35 1.0000000180025095e-35 1.0000000180025095e-35 1.0000000180025095e-35 7.3634495735168466 1.0000000180025095e-35 1.0000000180025095e-35 1.0000000180025095e-35 1.0000000180025095e-35 1.0000000180025095e-35 12.921286582946779 1.0000000180025095e-35 9.2238192558288592 1.0000000180025095e-35 1.0000000180025095e-35 16.379192352294925 1.0000000180025095e-35 1.0000000180025095e-35 1.0000000180025095e-35
decision_type=2 2 2 2 2 2 2 2 2 2 2 2 2 2 2 2 2 2 2 2 2 2 2 2 2 2 2 2 2 2
left_child=1 6 4 27 8 7 16 10 9 -2 11 13 20 25 15 -9 -1 18 19 22 28 -10 23 -8 -25 -4 -22 -3 -5 -6
right_child=2 3 5 12 29 -7 17 14 21 -11 -12 -13 -14 -15 -16 -17 -18 -19 -20 -21 26 -23 -24 24 -26 -27 -28 -29 -30 -31
leaf_value=-0.092692178082523058 0.024255616027792581 0.061980171995330395 0.13498929904091317 0.044805569848528924 0.011942089331905593 0.03890576599311299 -0.022403450045112669 0.1360440903898559 0.044151994921269234 -0.074080969508240418 0.025504543489365612 0.084256884285905123 -0.042752261173820458 0.076528646240573817 -0.043198991060462349 0.037432066453782165 -0.056970193032548092 -0.066138673297985062 0.074145958257885142 -0.068380145917911972 -0.0048567463593875608 0.1073848937342758 -0.060984561757284519 0.16709511410835093 -0.0049878835383157377 0.21614351177461605 0.10508630721170815 -0.01990788005521207 0.11963484333205612 -0.031030555767360957
leaf_weight=84.704601317644119 82.269990354776382 6.629713535308837 15.954614952206612 51.640270337462425 45.114941224455833 52.342903167009354 18.723878800868992 10.293089032173159 39.535078823566437 6.7375116050243369 6.8203366398811331 26.106883317232132 9.0509259104728681 7.3860541135072699 4.3699498474597922 20.925044491887093 69.174081355333328 50.47229865193367 5.3336950093507758 28.756507337093353 28.559537708759308 15.593653574585913 11.724297940731047 4.7247170805931074 4.0247589945793152 11.330784678459167 4.0805914998054496 128.86991640925407 8.7764706462621671 45.765847474336624
leaf_count=535 419 35 71 256 246 256 107 48 199 36 31 119 50 33 23 104 419 298 29 170 150 75 67 27 23 50 20 716 42 252
internal_value=-0.000382192 -0.0309642 0.0399645 0.0046812 0.0171694 0.0744096 -0.06147 0.0924194 0.0341098 0.0168119 0.111565 0.121223 0.0319947 0.149057 0.0560526 0.0699459 -0.0766338 -0.0426159 -0.0264161 -0.0343092 0.0392647 0.062038 -0.00931379 0.0127368 0.0879369 0.16869 0.00888807 -0.0159013 0.0556757 -0.00969812
internal_weight=905.793 515.246 390.547 237.607 235.017 155.53 277.639 103.187 144.136 89.0075 67.5987 60.7783 102.108 34.6715 35.5881 31.2181 153.879 123.76 73.2879 67.9542 93.0569 55.1287 39.1977 27.4734 8.74948 27.2854 32.6401 135.5 60.4167 90.8808
internal_count=4906 2944 1962 1269 1227 735 1675 479 729 455 304 273 518 154 175 152 954 721 423 394 468 274 224 157 50 121 170 751 298 498
is_linear=0
shrinkage=0.1


Tree=4
num_leaves=31
num_cat=0
split_feature=12 13 13 9 11 11 9 61 113 6 7 42 16 10 0 16 62 83 42 105 54 40 10 6 86 7 68 1 11 0
split_gain=90.7064 47.9935 23.748 10.714 8.49711 7.59144 7.22405 6.04056 5.64449 5.44988 5.07556 4.78386 4.59055 4.27861 6.71102 6.94107 6.84229 4.87954 4.34284 4.14617 5.05474 8.39207 5.3058 4.12636 4.68955 5.00249 3.97731 5.76312 5.39976 4.65937
threshold=1.0000000180025095e-35 1.0000000180025095e-35 1.0000000180025095e-35 1.0000000180025095e-35 1.0000000180025095e-35 1.0000000180025095e-35 1.0000000180025095e-35 1.0000000180025095e-35 1.0000000180025095e-35 1.0000000180025095e-35 1.0000000180025095e-35 1.0000000180025095e-35 1.0000000180025095e-35 1.0000000180025095e-35 8.7460646629333514 1.0000000180025095e-35 1.0000000180025095e-35 1.0000000180025095e-35 1.0000000180025095e-35 1.0000000180025095e-35 1.0000000180025095e-35 1.0000000180025095e-35 1.0000000180025095e-35 1.0000000180025095e-35 1.0000000180025095e-35 1.0000000180025095e-35 1.0000000180025095e-35 0.1041143834590912 1.0000000180025095e-35 10.584530830383303
decision_type=2 2 2 2 2 2 2 2 2 2 2 2 2 2 2 2 2 2 2 2 2 2 2 2 2 2 2 2 2 2
left_child=1 6 4 26 7 9 12 8 13 10 -4 -5 -1 14 16 -16 17 -2 -15 20 21 -6 -22 24 25 -8 27 28 -3 -29
right_child=2 3 5 11 19 -7 23 -9 -10 -11 -12 -13 -14 18 15 -17 -18 -19 -20 -21 22 -23 -24 -25 -26 -27 -28 29 -30 -31
leaf_value=-0.088631920368072825 -0.039612217673484364 -0.002902030711287681 0.11711837794517406 0.038686022848960486 -0.0088565402686300448 0.03442319054916454 -0.0085561224970626699 0.0030840088435969194 0.14082978128995405 0.04930247189809555 0.060788502137119421 -0.016467662850088462 -0.053129904892130923 0.027356486369689501 0.050485443890962045 0.15397674521971841 0.10426553311338049 0.085216966044384834 -0.069134729912952997 0.083962474480954563 -0.010996378842118626 0.11139624028817932 -0.084156227158404179 -0.061977440520560048 0.064165833105880699 -0.064170667897053044 -0.051954742671298182 0.098914781094047735 -0.060252834739615596 0.0083097419082594267
leaf_weight=79.974271431565285 14.182551011443143 45.502439066767693 44.933110266923904 84.078259333968163 36.571648225188255 53.194757401943207 38.991043269634247 52.573713049292564 5.8178458362817755 36.328024536371231 24.837934255599976 19.344754502177238 66.879706904292107 30.13966529071331 16.140171244740486 10.828578472137453 7.0032454580068579 4.0187973529100409 5.5184708237648001 4.5757531225681296 26.551160141825676 6.897948056459426 15.819186478853224 48.576132208108902 5.5352689474821082 27.638181746006012 23.358450353145599 6.8572652935981742 25.683537870645523 32.940346330404282
leaf_count=535 71 255 190 417 200 256 224 267 26 175 114 101 419 151 79 53 35 20 27 24 146 36 92 298 29 170 134 36 144 182
internal_value=-0.000436848 -0.0285168 0.0354038 0.00417624 0.0153101 0.0652539 -0.0575655 0.0302108 0.0454395 0.0807115 0.0970654 0.0283698 -0.0724637 0.039121 0.0573676 0.0920396 0.0202687 -0.0120503 0.0124235 -0.00878775 -0.0137319 0.0102257 -0.038311 -0.0394451 -0.0242778 -0.0316254 -0.0144491 -0.00655543 -0.0235939 0.0239213
internal_weight=901.292 505.36 395.933 237.765 236.639 159.294 267.595 146.223 93.6493 106.099 69.771 103.423 146.854 87.8315 52.1733 26.9687 25.2046 18.2013 35.6581 90.4157 85.8399 43.4696 42.3703 120.741 72.1645 66.6292 134.342 110.984 71.186 39.7976
internal_count=4906 2944 1962 1269 1227 735 1675 729 462 479 304 518 954 436 258 132 126 91 178 498 474 236 238 721 423 394 751 617 399 218
is_linear=0
shrinkage=0.1


Tree=5
num_leaves=31
num_cat=0
split_feature=12 13 13 9 16 9 9 9 40 0 6 86 61 138 21 16 0 23 10 97 74 84 58 140 11 14 73 8 108 42
split_gain=73.7121 41.0134 18.6232 8.6251 7.28124 7.29955 7.22377 6.57159 5.96158 5.56034 8.13796 5.27725 5.04793 5.78533 4.41315 4.33424 4.01569 5.70371 4.81378 5.99755 7.39316 4.45797 4.34693 3.99387 4.73301 3.88818 6.79291 3.87016 5.41767 4.11649
threshold=1.0000000180025095e-35 1.0000000180025095e-35 1.0000000180025095e-35 1.0000000180025095e-35 1.0000000180025095e-35 1.0000000180025095e-35 1.0000000180025095e-35 1.0000000180025095e-35 1.0000000180025095e-35 14.867898464202883 1.0000000180025095e-35 1.0000000180025095e-35 1.0000000180025095e-35 1.0000000180025095e-35 1.0000000180025095e-35 1.0000000180025095e-35 16.880219459533695 1.0000000180025095e-35 1.0000000180025095e-35 1.0000000180025095e-35 1.0000000180025095e-35 1.0000000180025095e-35 1.0000000180025095e-35 1.0000000180025095e-35 1.0000000180025095e-35 1.0000000180025095e-35 1.0000000180025095e-35 1.0000000180025095e-35 1.0000000180025095e-35 1.0000000180025095e-35
decision_type=2 2 2 2 2 2 2 2 2 2 2 2 2 2 2 2 2 2 2 2 2 2 2 2 2 2 2 2 2 2
left_child=1 7 6 -3 5 9 16 15 -6 11 -11 -4 13 -8 27 -1 17 -2 19 20 22 -20 -19 24 25 26 -14 28 -5 -29
right_child=2 3 4 14 8 -7 12 -9 -10 10 -12 -13 23 -15 -16 -17 -18 18 21 -21 -22 -23 -24 -25 -26 -27 -28 29 -30 -31
leaf_value=-0.084739758153578343 0.092457159231103633 -0.013156144077797693 0.018240564268590435 0.057847029962944774 0.098278741435611994 0.075672348860761185 0.061380462427106708 -0.036433718779331804 0.003633383939228612 0.17354974327044934 -0.0078996664644378194 -0.090826702678167726 -0.1155961714016449 -0.052910888288512106 -0.041787942013329443 -0.049478657637959486 -0.061415659129602874 0.0084405205261830121 -0.033217906737429782 0.10020039047432938 -0.040870754074927185 0.060807390833417234 0.074647258408324244 0.091450274484190242 -0.072554882363539838 0.090666343024368823 0.040013884128145556 0.022187813901435541 -0.042400787384675433 -0.063283558122334757
leaf_weight=75.516604036092758 6.9680887013673773 133.24108964204788 49.821985125541687 52.451929941773415 50.671746239066124 39.334019795060158 56.032785221934319 117.90856435894966 7.661484718322753 5.3560751378536207 4.5899394899606705 4.8699097335338584 4.2309912741184315 4.8090782314538947 8.9892336726188642 64.748090267181396 9.9708887934684736 31.362448275089264 48.00199356675148 7.579675316810607 22.251183554530144 5.6343989819288245 14.502808421850203 4.3462676256895056 8.6684084236621839 5.1633418500423423 8.3252976536750793 30.293538838624954 6.0084528625011435 6.9225566834211341
leaf_count=535 36 751 229 258 227 176 281 721 35 23 23 22 21 25 50 419 55 159 254 39 117 30 73 22 49 25 41 145 29 36
internal_value=-0.00047631 -0.0262334 0.0314554 0.00371956 0.0575708 0.0417059 0.0136345 -0.053835 0.085848 0.0210364 0.0898135 0.00852893 0.0356597 0.0523466 0.0252026 -0.0684628 -0.000154901 0.00432655 -0.000421693 0.0158182 0.00642852 -0.0233407 0.0293754 0.0026262 -0.0120037 0.0176179 -0.0124208 0.0314967 0.0475437 0.00628931
internal_weight=896.233 496.08 400.153 237.907 162.305 103.972 237.848 258.173 58.3332 64.6379 9.94601 54.6919 91.5762 60.8419 104.666 140.265 146.271 136.301 129.333 75.6961 68.1164 53.6364 45.8653 30.7343 26.388 17.7196 12.5563 95.6765 58.4604 37.2161
internal_count=4906 2944 1962 1269 735 473 1227 1675 262 297 46 251 464 306 518 954 763 708 672 388 349 284 232 158 136 87 62 468 287 181
is_linear=0
shrinkage=0.1


Tree=6
num_leaves=31
num_cat=0
split_feature=12 13 13 9 11 9 11 87 100 6 1 9 16 40 25 7 99 11 135 55 6 22 86 72 0 7 55 16 1 0
split_gain=59.8761 34.9474 14.6735 6.92915 6.37317 5.98732 5.77543 5.23135 5.61143 5.56641 8.10754 4.12051 4.08406 3.72772 3.7252 3.72676 7.28747 4.38266 4.1879 5.79286 3.70365 4.6434 3.69541 3.69333 4.95581 3.8231 4.27774 3.6601 5.20723 4.3653
threshold=1.0000000180025095e-35 1.0000000180025095e-35 1.0000000180025095e-35 1.0000000180025095e-35 1.0000000180025095e-35 1.0000000180025095e-35 1.0000000180025095e-35 1.0000000180025095e-35 1.0000000180025095e-35 1.0000000180025095e-35 -0.3628412783145904 1.0000000180025095e-35 1.0000000180025095e-35 1.0000000180025095e-35 1.0000000180025095e-35 1.0000000180025095e-35 1.0000000180025095e-35 1.0000000180025095e-35 1.0000000180025095e-35 1.0000000180025095e-35 1.0000000180025095e-35 1.0000000180025095e-35 1.0000000180025095e-35 1.0000000180025095e-35 10.925393581390383 1.0000000180025095e-35 1.0000000180025095e-35 1.0000000180025095e-35 0.6562476158142091 9.9206023216247576
decision_type=2 2 2 2 2 2 2 2 2 2 2 2 2 2 2 2 2 2 2 2 2 2 2 2 2 2 2 2 2 2
left_child=1 5 4 -3 7 12 11 8 9 -2 -11 27 -1 -13 -5 16 17 -16 19 -17 21 22 23 24 25 26 -7 28 29 -4
right_child=2 3 6 14 -6 20 -8 -9 -10 10 -12 13 -14 -15 15 18 -18 -19 -20 -21 -22 -23 -24 -25 -26 -27 -28 -29 -30 -31
leaf_value=-0.080980951532329912 0.033248454448847303 -0.011929422775342473 0.042288141519825885 -0.055804180838368869 -0.0088368550580136488 0.071939335496412612 0.024466464249408463 0.1131365863109754 0.11866188765269757 0.053716324390257975 -0.032112832880291244 0.099591260253605443 -0.046008451284493296 0.011212867373126982 0.048953818595813561 0.076895241230415107 0.12606538897284825 -0.0089828695023052487 -0.091312422987117503 -0.016457571499215045 -0.055640712858997937 -0.10738900205339011 0.067564016924425166 -0.055468995237486544 0.071708042459354068 -0.060950726945363368 -0.025404843628175439 0.079118815032965958 0.11299720616688474 -0.030365127101871732
leaf_weight=71.338989287614822 82.300462901592255 132.30007681250572 22.590616077184677 5.7573925852775565 90.194405108690262 6.9995231181383142 55.01418037712574 6.4221520572900763 5.63537673652172 15.313431471586226 39.124401867389679 37.473293825984001 62.77479849755764 5.4690917134284964 35.88802507519722 9.804720491170885 8.728132560849188 20.523321926593781 4.3477628380060187 20.64082533121109 45.765581846237183 5.4782749712467185 5.4161666035652152 18.688828676939011 7.4904244244098654 12.847016751766203 12.714654088020325 24.813489258289337 6.5031613111495963 13.045751646161078
leaf_count=535 397 751 100 28 498 41 256 29 26 74 203 159 419 25 172 50 40 101 22 105 298 34 28 117 44 84 75 107 29 59
internal_value=-0.000502843 -0.0240933 0.0279707 0.00332155 0.0121377 -0.050242 0.0509162 0.0248517 0.0208694 0.0168391 -0.00796898 0.0641571 -0.0646113 0.0883355 0.0224123 0.0269186 0.0410322 0.0278756 0.000495317 0.0136059 -0.0335426 -0.0190192 -0.0114734 -0.0187611 -0.0016325 -0.0185039 0.00915723 0.0486495 0.0307079 0.0156913
internal_weight=891.404 487.505 403.9 237.99 238.99 249.514 164.91 148.796 142.374 136.738 54.4378 109.895 134.114 42.9424 105.69 99.9328 65.1395 56.4113 34.7933 30.4455 115.4 69.6349 64.1566 58.7404 40.0516 32.5612 19.7142 66.953 42.1395 35.6364
internal_count=4906 2944 1962 1269 1227 1675 735 729 700 674 277 479 954 184 518 490 313 273 177 155 721 423 389 361 244 200 116 295 188 159
is_linear=0
shrinkage=0.1


Tree=7
num_leaves=31
num_cat=0
split_feature=12 13 13 8 68 0 11 9 108 16 9 95 7 40 6 98 9 0 14 132 1 61 16 11 25 61 53 80 0 67
split_gain=48.8142 29.7681 11.6371 5.83124 5.69243 9.47858 5.69185 5.67991 5.65119 4.92979 4.63519 5.73211 4.31468 4.27642 4.00329 4.92893 4.29426 7.7305 5.17927 4.3606 6.1913 6.1755 4.07769 3.96812 3.95926 3.93036 4.65778 3.75633 3.6304 4.25564
threshold=1.0000000180025095e-35 1.0000000180025095e-35 1.0000000180025095e-35 1.0000000180025095e-35 1.0000000180025095e-35 16.425735473632816 1.0000000180025095e-35 1.0000000180025095e-35 1.0000000180025095e-35 1.0000000180025095e-35 1.0000000180025095e-35 1.0000000180025095e-35 1.0000000180025095e-35 1.0000000180025095e-35 1.0000000180025095e-35 1.0000000180025095e-35 1.0000000180025095e-35 4.1437373161315927 1.0000000180025095e-35 1.0000000180025095e-35 0.1041143834590912 1.0000000180025095e-35 1.0000000180025095e-35 1.0000000180025095e-35 1.0000000180025095e-35 1.0000000180025095e-35 1.0000000180025095e-35 1.0000000180025095e-35 10.925393581390383 1.0000000180025095e-35
decision_type=2 2 2 2 2 2 2 2 2 2 2 2 2 2 2 2 2 2 2 2 2 2 2 2 2 2 2 2 2 2
left_child=1 6 7 4 5 8 27 -2 14 10 11 -4 24 28 16 -16 19 -18 22 20 23 -22 -19 -3 -5 26 -9 -1 -11 -30
right_child=2 3 9 12 -6 -7 -8 25 -10 13 -12 -13 -14 -15 15 -17 17 18 -20 -21 21 -23 -24 -25 -26 -27 -28 -29 29 -31
leaf_value=-0.028114690804123006 -0.0014082726762472127 0.0068814109776545096 0.0047916859279382561 -0.090502475815621722 -0.026358619336406493 0.14509129189384654 -0.063819922335163717 0.030313466506011168 -0.057543432696051194 0.060215570591384174 0.058743193551678057 0.095392661977507065 -0.046159148730513258 -0.0012762146310433056 -0.009785597580348802 0.099467505395900241 0.17551280668947211 -0.057147698808367842 0.10299059270169866 0.093766134379254268 -0.013930319570728784 0.14932664162344139 0.055057118757119328 -0.098601941203140336 0.005501481541185748 0.00093254817772265696 0.096876749381155924 -0.091517105878681351 0.1750296345461724 0.073452786059531122
leaf_weight=122.3195558488369 146.67344219982624 7.3471394777298027 57.540749952197075 4.6200440376996985 25.881799727678299 6.2715897411108008 108.90039828419685 49.004607498645782 8.9326418638229352 35.939747825264931 40.750688850879669 7.9476234763860694 31.671521633863449 7.7675399631261817 37.683566763997078 4.6375681906938544 5.6413787603378323 5.9249112159013748 8.9316600263118744 5.8148973882198325 5.0900752842426282 4.2529799342155457 7.144247442483902 6.9302108883857727 61.193279206752777 30.796629011631012 13.383687168359755 10.117323860526083 7.1476637423038492 9.7517717927694321
leaf_count=842 763 42 262 25 141 31 762 243 47 154 176 35 176 35 202 24 27 29 43 33 28 23 35 41 322 158 63 71 31 42
internal_value=-0.000515969 -0.0221375 0.0249653 0.00295946 0.0159993 0.0255654 -0.0468842 0.0108574 0.0186457 0.0452469 0.0322639 0.015787 -0.0158322 0.0680051 0.0254926 0.0021864 0.0427734 0.0710782 0.0442994 0.0161929 -0.00290413 0.0603846 0.00418899 -0.0443201 -0.00123792 0.0301635 0.0445928 -0.0329582 0.0781897 0.116415
internal_weight=886.011 479.307 406.704 237.97 140.485 114.603 241.337 239.858 108.331 166.846 106.239 65.4884 97.4848 60.6067 99.3986 42.3211 57.0775 27.6422 22.0008 29.4353 23.6204 9.34306 13.0692 14.2774 65.8133 93.1849 62.3883 132.437 52.8392 16.8994
internal_count=4906 2944 1962 1269 746 605 1675 1227 574 735 473 297 523 262 527 226 301 134 107 167 134 51 64 83 347 464 306 913 227 73
is_linear=0
shrinkage=0.1


Tree=8
num_leaves=31
num_cat=0
split_feature=12 13 11 6 7 0 9 83 9 53 22 16 102 10 16 26 1 0 113 5 74 10 0 21 140 8 57 0 15 7
split_gain=39.81 25.1524 10.5527 8.59289 5.75502 5.54663 5.50584 5.341 4.86505 4.52646 4.19221 3.98469 3.8379 3.79692 3.68369 4.71642 5.70472 3.51577 3.48394 3.46791 7.0159 3.64123 7.90068 3.44706 3.77762 3.98412 3.47924 5.73429 5.38088 4.89188
threshold=1.0000000180025095e-35 1.0000000180025095e-35 1.0000000180025095e-35 1.0000000180025095e-35 1.0000000180025095e-35 6.0766596794128427 1.0000000180025095e-35 1.0000000180025095e-35 1.0000000180025095e-35 1.0000000180025095e-35 1.0000000180025095e-35 1.0000000180025095e-35 1.0000000180025095e-35 1.0000000180025095e-35 1.0000000180025095e-35 1.0000000180025095e-35 0.57973989844322216 2.6105407476425175 1.0000000180025095e-35 1.0000000180025095e-35 1.0000000180025095e-35 1.0000000180025095e-35 4.7556469440460214 1.0000000180025095e-35 1.0000000180025095e-35 1.0000000180025095e-35 1.0000000180025095e-35 5.3483915328979501 1.0000000180025095e-35 1.0000000180025095e-35
decision_type=2 2 2 2 2 2 2 2 2 2 2 2 2 2 2 2 2 2 2 2 2 2 2 2 2 2 2 2 2 2
left_child=1 6 3 4 9 7 11 -5 -3 -2 13 17 -6 -4 15 16 -7 -1 -8 21 -21 -13 -23 24 25 26 27 -10 -29 -28
right_child=2 8 10 5 12 14 18 -9 23 -11 -12 19 -14 -15 -16 -17 -18 -19 -20 20 -22 22 -24 -25 -26 -27 29 28 -30 -31
leaf_value=0.039842624959393544 0.051598850532196164 -0.01034206644631715 0.017650464734549526 0.063830309499172636 0.031651876069985596 -0.024900254676824607 -0.031180074507085282 -0.054952038778455815 0.0057509849885433971 0.10207420757220916 -0.055196825576481728 -0.088992235631042874 -0.063508765545794932 -0.018156538026308136 0.026301932568165771 -0.05480900255751834 0.085285061609171764 -0.079772382117000426 0.054098037711010585 -0.046885984081615498 0.065749475801660101 0.12766633326714363 -0.059209556016093935 -0.041075408517956158 0.091239100531531725 -0.0084041851464671247 0.0445315941505132 0.054186996284503325 0.18258445263882178 -0.035370495886083396
leaf_weight=2.557702347636222 77.283991470932961 130.94086730480194 90.323001503944397 25.802758410573009 60.024234682321548 14.40940009057522 104.87545122206211 4.4363022893667212 9.7579535841941851 23.069791957736015 12.250225961208342 19.118626669049263 4.5601547956466666 44.059549689292908 24.032551616430283 22.153005719184875 6.9724670201539984 62.564224645495415 5.0199706554412833 17.654600009322166 8.0524373352527636 2.8209300190210334 11.42502601444721 8.9297986030578596 7.6620842069387427 34.835005313158035 19.705737426877022 8.0391706079244596 5.4948577880859366 12.537239626049994
leaf_count=21 341 751 453 117 274 71 689 21 45 100 64 136 21 237 118 111 34 514 32 125 57 20 81 50 37 168 91 38 26 63
internal_value=-0.000523198 -0.0203162 0.0222971 0.0342913 0.0482173 0.0108069 -0.0435881 0.046404 0.00258265 0.0632024 0.000805417 -0.0580146 0.0249328 0.00591054 -0.00512425 -0.0224724 0.0110304 -0.0750744 -0.0272846 -0.0392075 -0.0116042 -0.0604756 -0.0222051 0.0184049 0.023823 0.018107 0.0347365 0.0641857 0.106317 0.0134628
internal_weight=881.369 471.992 409.377 262.745 164.938 97.8065 234.089 30.2391 237.903 100.354 146.633 124.194 64.5844 134.383 67.5674 43.5349 21.3819 65.1219 109.895 59.0716 25.707 33.3646 14.246 106.962 98.032 90.37 55.535 23.292 13.534 32.243
internal_count=4906 2944 1962 1208 736 472 1675 138 1269 441 754 954 295 690 334 216 105 535 721 419 182 237 101 518 468 431 263 109 64 154
is_linear=0
shrinkage=0.1


Tree=9
num_leaves=31
num_cat=0
split_feature=12 13 13 86 49 81 7 0 0 0 6 5 7 9 8 68 0 108 7 52 24 83 0 0 14 9 86 8 0 31
split_gain=32.4723 21.3111 9.11612 5.301 6.29272 5.49512 5.0623 4.71497 4.64076 4.58378 5.68588 4.96652 5.17342 4.49944 4.13205 4.68988 7.14074 4.56354 3.66073 3.6017 7.17862 3.74782 3.59687 5.13339 4.91022 4.4266 4.29023 3.50861 9.7522 3.99217
threshold=1.0000000180025095e-35 1.0000000180025095e-35 1.0000000180025095e-35 1.0000000180025095e-35 1.0000000180025095e-35 1.0000000180025095e-35 1.0000000180025095e-35 2.3121149539947514 3.5414099693298344 3.9917863607406621 1.0000000180025095e-35 1.0000000180025095e-35 1.0000000180025095e-35 1.0000000180025095e-35 1.0000000180025095e-35 1.0000000180025095e-35 16.425735473632816 1.0000000180025095e-35 1.0000000180025095e-35 1.0000000180025095e-35 1.0000000180025095e-35 1.0000000180025095e-35 3.0266940593719487 8.8720054626464862 1.0000000180025095e-35 1.0000000180025095e-35 1.0000000180025095e-35 1.0000000180025095e-35 14.680356025695803 1.0000000180025095e-35
decision_type=2 2 2 2 2 2 2 2 2 2 2 2 2 2 2 2 2 2 2 2 2 2 2 2 2 2 2 2 2 2
left_child=1 3 13 6 5 -5 19 -4 -9 -10 11 12 -11 -2 15 16 17 22 -16 20 -1 -21 -3 -24 26 -26 -25 -15 29 -29
right_child=2 14 7 4 -6 -7 -8 8 9 10 -12 -13 -14 27 18 -17 -18 -19 -20 21 -22 -23 23 24 25 -27 -28 28 -30 -31
leaf_value=0.11284667553579697 -0.0033975766432105571 0.076696320528849615 -0.067875270536849441 0.10776333767241686 -0.072405522210684123 -0.032704508046344997 -0.062680583950416646 0.096486104413262053 -0.053978889770767459 0.057903595627516895 0.010730637717009963 0.085090652115568197 -0.00071821174710241136 0.038141092627508942 -0.00031574558069577253 -0.025515544409741658 0.12251831487171412 -0.053896889513903312 -0.042127547801086657 -0.076710374462806027 -0.027176112655199071 0.01764530284060126 -0.0053970912113096535 0.033315640733142866 0.048360827903948855 0.1626779679923962 -0.08203612649825523 -0.044416094554667156 0.12379847766224944 0.059161920026147355
leaf_weight=3.8277394026517859 147.73657089471817 10.610615089535711 4.1212691515684119 7.2988470271229762 5.8874200731515876 4.5032860860228539 91.150747038424015 13.547138497233389 5.5291333496570578 42.12674768269062 48.300152450799942 31.848466068506241 23.425503715872765 63.138587310910225 65.484028100967407 25.655292078852654 6.6282948702573767 8.691375255584715 30.783079147338867 25.323548555374149 84.239735007286072 5.0489081218838683 51.724163308739662 19.243395596742634 9.9315148293971998 5.1404698342084876 3.8732428699731818 22.100192859768875 5.1157042086124411 4.4745168685913077
leaf_count=27 763 54 18 49 41 33 698 58 24 176 222 133 104 310 347 141 31 47 176 185 606 36 275 99 54 24 21 108 24 22
internal_value=-0.00052802 -0.0186329 0.0199345 -0.0405281 0.0120404 0.0541657 -0.0449649 0.0377723 0.0404147 0.0353918 0.0387833 0.0526944 0.0369547 0.0075141 0.00229672 0.0131703 0.0217379 0.0156215 -0.0136858 -0.0313311 -0.0210902 -0.0610253 0.0216321 0.015134 0.042942 0.08735 0.0139882 0.0245137 -0.00263698 -0.0269761
internal_weight=876.51 465.046 411.464 227.28 17.6896 11.8021 209.591 168.898 164.777 151.23 145.701 97.4007 65.5523 242.566 237.765 141.498 115.843 109.215 96.2671 118.44 88.0675 30.3725 100.523 89.9128 38.1886 15.072 23.1166 94.829 31.6904 26.5747
internal_count=4906 2944 1962 1675 123 82 1552 735 717 659 635 413 280 1227 1269 746 605 574 523 854 633 221 527 473 198 78 120 464 154 130
is_linear=0
shrinkage=0.1


Tree=10
num_leaves=31
num_cat=0
split_feature=12 13 11 6 174 11 7 16 0 31 9 11 151 7 0 25 40 108 140 14 61 0 0 67 73 0 1 137 10 80
split_gain=26.5133 17.9939 8.30688 6.10101 5.22447 5.20954 5.11341 5.22445 4.42932 4.19544 4.60403 4.0396 7.36972 4.2665 5.3223 4.89607 4.28601 4.04182 4.0266 3.85684 5.93001 3.80442 4.60819 4.81869 4.74604 4.7813 3.76385 3.71432 4.17583 3.54915
threshold=1.0000000180025095e-35 1.0000000180025095e-35 1.0000000180025095e-35 1.0000000180025095e-35 1.0000000180025095e-35 1.0000000180025095e-35 1.0000000180025095e-35 1.0000000180025095e-35 6.0766596794128427 1.0000000180025095e-35 1.0000000180025095e-35 1.0000000180025095e-35 1.0000000180025095e-35 1.0000000180025095e-35 16.379192352294925 1.0000000180025095e-35 1.0000000180025095e-35 1.0000000180025095e-35 1.0000000180025095e-35 1.0000000180025095e-35 1.0000000180025095e-35 4.0561258792877206 4.6392881870269784 1.0000000180025095e-35 1.0000000180025095e-35 10.925393581390383 -0.46003498136997217 1.0000000180025095e-35 1.0000000180025095e-35 1.0000000180025095e-35
decision_type=2 2 2 2 2 2 2 2 2 2 2 2 2 2 2 2 2 2 2 2 2 2 2 2 2 2 2 2 2 2
left_child=1 5 3 4 6 29 18 26 -5 10 -9 12 13 15 16 -3 -15 19 21 -13 -21 -2 -23 24 -24 -26 -8 28 -4 -1
right_child=2 11 27 8 -6 -7 7 9 -10 -11 -12 17 -14 14 -16 -17 -18 -19 -20 20 -22 22 23 -25 25 -27 -28 -29 -30 -31
leaf_value=-0.019106398911945648 0.010269428295370734 -0.067549344929252533 0.016098811916871809 0.040160689932309326 0.11845191518358909 -0.054770280317218117 -0.072587054961379696 0.035136892654778068 -0.0056551596171275156 -0.022306621670077117 0.13864515642857408 -0.026395057412923237 0.1109685084163882 -0.013525717138043101 0.079856213631253919 0.026734887661196922 -0.099750748708956435 -0.096793764904159169 -0.025085312538123961 -0.011785418302727937 0.083646865307057908 0.15792216174831578 0.062801385252319361 0.078666900890860189 -0.10064544288826588 0.029313792253918239 0.006085713334355901 -0.05228719019278865 -0.021379606255215382 -0.084448254580079346
leaf_weight=113.83531146496534 15.256270706653593 5.8981149941682807 90.245141863822937 30.678223878145218 8.0868949294090253 98.271134689450264 7.6661407500505439 11.761903718113905 67.592768266797066 6.1600108444690695 6.7710348665714255 50.387756213545799 7.146113082766532 43.494672477245331 5.3632124811410895 83.204731985926628 6.6456503123044959 5.683775231242179 6.5991962552070609 20.192719504237175 9.6100707948207873 4.9864919334650031 14.592965364456177 44.133418411016464 4.7059445232152939 7.1052234172821045 29.412050113081932 12.966961115598677 44.333544105291367 8.967542000114916
leaf_count=842 68 32 447 138 34 762 35 54 334 28 30 272 37 239 27 431 38 32 29 109 52 21 62 190 21 31 133 68 239 71
internal_value=-0.00052688 -0.017076 0.017851 0.0284226 0.0400426 -0.0376101 0.0360584 0.0135528 0.00864763 0.0491897 0.0729538 0.0020278 0.0118359 0.00693701 -0.0148264 0.0204938 -0.0249541 -0.0153046 0.0503346 -0.00952874 0.0189872 0.0558171 0.065018 0.0584504 0.0246593 -0.0224661 -0.0101804 -0.00117252 0.0037525 -0.0238779
internal_weight=871.755 458.701 413.054 265.509 167.238 221.074 159.151 61.7711 98.271 24.6929 18.5329 237.627 151.752 144.606 55.5035 89.1028 50.1403 85.8743 97.3795 80.1905 29.8028 90.7803 75.524 70.5376 26.4041 11.8112 37.0782 147.546 134.579 122.803
internal_count=4906 2944 1962 1208 736 1675 702 280 472 112 84 1269 804 767 304 463 277 465 422 433 161 393 325 304 114 52 168 754 686 913
is_linear=0
shrinkage=0.1


Tree=11
num_leaves=31
num_cat=0
split_feature=12 13 13 9 16 61 0 46 44 7 11 14 151 61 6 0 1 15 174 81 80 0 53 1 0 81 0 6 22 97
split_gain=21.6232 15.1169 7.10238 5.11329 3.88966 3.83543 3.77279 4.80259 3.65215 3.7964 6.53957 6.81333 5.36272 4.44159 3.58431 5.17986 5.52986 5.33124 5.00134 4.60458 4.39836 3.99825 4.46182 4.10157 3.96303 3.58269 4.77322 3.49539 4.53906 3.66907
threshold=1.0000000180025095e-35 1.0000000180025095e-35 1.0000000180025095e-35 1.0000000180025095e-35 1.0000000180025095e-35 1.0000000180025095e-35 2.3121149539947514 1.0000000180025095e-35 1.0000000180025095e-35 1.0000000180025095e-35 1.0000000180025095e-35 1.0000000180025095e-35 1.0000000180025095e-35 1.0000000180025095e-35 1.0000000180025095e-35 7.5277206897735605 0.92577382922172557 1.0000000180025095e-35 1.0000000180025095e-35 1.0000000180025095e-35 1.0000000180025095e-35 8.2067074775695819 1.0000000180025095e-35 0.15917559713125232 3.5961669683456425 1.0000000180025095e-35 10.925393581390383 1.0000000180025095e-35 1.0000000180025095e-35 1.0000000180025095e-35
decision_type=2 2 2 2 2 2 2 2 2 2 2 2 2 2 2 2 2 2 2 2 2 2 2 2 2 2 2 2 2 2
left_child=1 3 5 4 -1 14 -4 -8 -3 10 12 -12 -10 25 15 17 18 19 20 -2 21 -17 23 -23 -19 26 -13 28 29 -5
right_child=2 8 6 27 -6 -7 7 -9 9 -11 11 13 -14 -15 -16 16 -18 24 -20 -21 -22 22 -24 -25 -26 -27 -28 -29 -30 -31
leaf_value=-0.067570686001205471 0.017813636409083212 0.072505876160654029 -0.063448843011047959 -0.0048126946710777066 -0.030368155478805999 -0.012298699418936087 0.1357780446924309 0.031194421055146544 0.019972282411538835 -0.017489766086586606 -0.044520349852883639 0.1197184284026641 0.12597811396642228 0.09290357639474911 -0.0050021373503526048 0.12825439042855252 -0.06853279864434729 0.11271504140224425 0.14844739548857858 -0.074833928183722406 0.13326100033507762 0.045202810874505006 0.060386986939129396 -0.040963208020516013 0.0089298024735891407 -0.058343676054871951 -0.036014286089320897 -0.041769212409517323 -0.098799971541258136 0.078246136579133152
leaf_weight=57.955837078392506 9.3714363574981689 7.0836968868970862 4.0668587237596503 52.267562471330166 54.562099874019623 83.54690358042717 4.5137600004672995 161.24721139669418 85.761686906218529 83.070745170116425 35.174628347158432 3.9070319235324877 5.0534835159778586 6.9224995076656333 60.903758585453033 4.0685320645570746 4.036039561033248 5.1052030026912716 4.9673676937818518 12.546008825302124 4.9074832648038855 9.4104435145854968 18.847439169883728 13.377388432621954 13.172096371650694 6.6689042001962662 3.9658911973237991 40.072062939405441 4.6728672534227362 5.9209193885326377
leaf_count=535 46 37 18 350 419 435 19 698 441 462 190 21 24 36 310 20 20 25 23 64 23 45 86 65 65 37 21 298 34 39
internal_value=-0.000516279 -0.015613 0.0160012 -0.0347957 -0.0495305 0.00508096 0.0317077 0.0340423 0.00178096 -0.000392314 0.00923982 -0.0174268 0.0258711 0.0269727 0.0141158 0.0257816 0.0444876 -0.00196221 0.0526949 -0.0352198 0.0432971 0.0336371 0.0243913 -0.00538016 0.037919 -0.00441302 0.0412699 -0.0186889 -0.00397602 0.00363889
internal_weight=867.148 453.06 414.088 215.451 112.518 244.26 169.828 165.761 237.609 230.525 147.454 56.639 90.8152 21.4643 160.713 99.8094 59.6147 40.1947 55.5787 21.9174 50.6113 45.7038 41.6353 22.7878 18.2773 14.5418 7.87292 102.933 62.8613 58.1885
internal_count=4906 2944 1962 1675 954 1227 735 717 1269 1232 770 305 465 115 792 482 282 200 262 110 239 216 196 110 90 79 42 721 423 389
is_linear=0
shrinkage=0.1


Tree=12
num_leaves=31
num_cat=0
split_feature=12 13 11 9 11 9 16 80 8 0 0 0 0 26 67 68 36 0 61 8 0 60 80 44 61 78 41 55 15 0
split_gain=17.6332 12.7057 6.44349 4.72051 4.67101 3.56707 3.44305 4.72543 4.74995 4.48169 3.65715 4.53849 5.9382 3.69539 3.65006 3.99264 3.92994 3.7169 3.37816 6.70498 3.3209 5.96912 3.22056 3.18778 3.03337 4.22285 3.20299 3.31531 3.78597 3.37944
threshold=1.0000000180025095e-35 1.0000000180025095e-35 1.0000000180025095e-35 1.0000000180025095e-35 1.0000000180025095e-35 1.0000000180025095e-35 1.0000000180025095e-35 1.0000000180025095e-35 1.0000000180025095e-35 16.661190986633304 11.494866847991945 9.2908968925476092 7.6317591667175302 1.0000000180025095e-35 1.0000000180025095e-35 1.0000000180025095e-35 1.0000000180025095e-35 12.992471218109133 1.0000000180025095e-35 1.0000000180025095e-35 11.377138614654543 1.0000000180025095e-35 1.0000000180025095e-35 1.0000000180025095e-35 1.0000000180025095e-35 1.0000000180025095e-35 1.0000000180025095e-35 1.0000000180025095e-35 1.0000000180025095e-35 4.0561258792877206
decision_type=2 2 2 2 2 2 2 2 2 2 2 2 2 2 2 2 2 2 2 2 2 2 2 2 2 2 2 2 2 2
left_child=1 4 3 6 22 -3 7 8 14 10 11 12 13 -8 15 20 17 -16 19 -12 21 -2 23 -1 25 26 27 28 29 -5
right_child=2 5 -4 24 -6 -7 9 -9 -10 -11 18 -13 -14 -15 16 -17 -18 -19 -20 -21 -22 -23 -24 -25 -26 -27 -28 -29 -30 -31
leaf_value=0.071312338855567786 0.074437321501505574 -0.0095773686325081528 -0.0024111038366927376 0.0045949776322963517 -0.049062567046531405 0.015042233698760094 0.070244514155729174 -0.083353607889089465 -0.019038289115791033 -0.058227155800017194 0.16786983760122182 -0.039725018075187087 0.12077871555346209 -0.0099209640838322961 0.047004105153789555 -0.084164535039775668 -0.032777085760477116 0.14339302545769089 0.022449306968875524 0.012453951827976664 0.079613009276580035 -0.068403699589814668 -0.079411531900819204 -0.017879074685610282 0.015385884990456608 -0.026991980291141922 -0.010177726801405482 0.088113827439375819 -0.0056933889905785946 0.10219772683688098
leaf_weight=4.1652796864509574 4.9014955312013679 130.00818532705307 147.93259884417057 5.2216011434793499 92.138925336301327 107.52212001383305 8.6303016543388384 6.2495724707841864 39.891064286231995 5.2701077312231055 7.1655002385377902 9.4487429410219175 6.9788702577352515 17.23088201880455 16.503588408231742 4.6778518855571738 4.4480457156896582 5.2806972116231909 7.7249471992254248 4.5313786864280701 6.0971414595842353 7.2569289803504944 8.2139848023653013 105.59136992692947 33.664147481322289 6.2087867707014075 6.018117442727088 32.107077553868294 10.686783596873285 11.064657479524611
leaf_count=31 23 751 754 22 762 518 39 30 187 26 31 44 31 78 75 23 22 24 36 20 27 34 71 811 152 27 27 137 46 47
internal_value=-0.000510405 -0.0142781 0.0143333 0.0236017 -0.0321913 0.00156711 0.0129131 0.000702277 0.00660091 0.0302877 0.0378469 0.0213492 0.0389215 0.0168316 0.0274035 -0.00173738 0.0528797 0.0703696 0.0737688 0.107662 0.019384 -0.0108194 -0.0190143 -0.0144942 0.0401265 0.0518066 0.059322 0.0664015 0.0405565 0.0709049
internal_weight=862.831 447.64 415.191 267.258 210.11 237.53 162.287 95.3064 89.0568 66.9807 61.7106 42.2888 32.8401 25.8612 49.1657 22.9334 26.2323 21.7843 19.4218 11.6969 18.2556 12.1584 117.971 109.757 104.971 71.307 65.0982 59.0801 26.973 16.2863
internal_count=4906 2944 1962 1208 1675 1269 750 445 415 305 279 192 148 117 228 107 121 99 87 51 84 57 913 842 458 306 279 252 115 69
is_linear=0
shrinkage=0.1


Tree=13
num_leaves=31
num_cat=0
split_feature=12 13 13 86 0 0 54 69 0 6 44 178 61 73 104 9 95 61 94 40 8 68 0 108 0 100 10 91 61 0
split_gain=14.3485 10.6524 5.6303 4.69248 7.6257 5.05601 5.01351 5.2609 4.99008 4.96202 4.82355 3.78078 3.57959 3.87228 3.42983 4.04314 7.79366 6.99443 4.08672 3.61514 3.40049 3.69702 5.10713 3.37457 3.12197 3.53595 3.02831 4.4648 3.89468 3.26418
threshold=1.0000000180025095e-35 1.0000000180025095e-35 1.0000000180025095e-35 1.0000000180025095e-35 13.726214885711672 11.998631000518801 1.0000000180025095e-35 1.0000000180025095e-35 14.752909183502199 1.0000000180025095e-35 1.0000000180025095e-35 1.0000000180025095e-35 1.0000000180025095e-35 1.0000000180025095e-35 1.0000000180025095e-35 1.0000000180025095e-35 1.0000000180025095e-35 1.0000000180025095e-35 1.0000000180025095e-35 1.0000000180025095e-35 1.0000000180025095e-35 1.0000000180025095e-35 16.425735473632816 1.0000000180025095e-35 16.880219459533695 1.0000000180025095e-35 1.0000000180025095e-35 1.0000000180025095e-35 1.0000000180025095e-35 7.7043120861053476
decision_type=2 2 2 2 2 2 2 2 2 2 2 2 2 2 2 2 2 2 2 2 2 2 2 2 2 2 2 2 2 2
left_child=1 3 24 5 6 10 -5 -8 -7 12 -1 -12 -10 -14 15 16 -4 -18 19 -17 21 22 23 -3 25 26 27 28 29 -2
right_child=2 20 14 4 -6 8 7 -9 9 -11 11 -13 13 -15 -16 18 17 -19 -20 -21 -22 -23 -24 -25 -26 -27 -28 -29 -30 -31
leaf_value=0.09767566106538729 0.0015442578977008477 0.01850037078405228 0.0074786786428834122 -0.074246840957646165 0.17686901088493645 -0.10114614801308733 0.1521189005378244 -0.018162463085080037 -0.037516838845724564 -0.083186894592288049 -0.028970494749267717 0.085414667878846592 -0.032905203132890082 0.10650310199722231 -0.038773836373137527 0.068128872077172345 0.17817871211932815 0.031409515542928181 -0.036067099564031369 -0.013930844458950995 -0.013172256893127782 -0.023430907946378365 0.10191315415506415 -0.047824559523329778 -0.038449530119246872 0.074111757451237492 -0.01072832560396695 0.11674270388479778 -0.015196529549242006 0.039906763615870165
leaf_weight=3.2170678973197928 41.850181341171265 101.35009789466858 90.92742820084095 6.3239475041627902 2.6453274860978118 18.764069654047489 2.9055293127894402 4.8312926888465881 16.160267777740955 15.251411259174345 124.283805757761 2.9584085121750823 3.6081928089261073 4.4494909569621086 7.6245852708816519 47.637164756655693 5.3128989487886402 8.3503528833389282 4.9512567669153205 6.0505412071943274 95.581468284130096 25.289122730493546 6.9441168606281272 8.2994180172681791 16.816696777939796 7.4169090688228598 86.131302669644356 4.0457688570022574 41.567658245563507 47.189761012792587
leaf_count=25 207 527 398 47 18 156 21 37 131 131 1019 24 31 35 33 199 22 35 21 27 523 141 31 47 89 34 444 19 214 220
internal_value=-0.000490484 -0.0130167 0.0128486 -0.0296926 0.0211049 -0.03419 -0.00819979 0.045786 -0.0586906 -0.0385069 -0.0232536 -0.026311 -0.0103694 0.0440767 0.0267825 0.0298447 0.0180603 0.0884801 0.0508638 0.0588808 0.00140747 0.0112293 0.0187471 0.0134802 0.00313238 0.00619664 0.00391514 0.0132819 0.010077 0.0218758
internal_weight=858.736 442.863 415.873 205.399 16.7061 188.693 14.0608 7.73682 58.2334 39.4694 130.459 127.242 24.218 8.05768 170.854 163.23 104.591 13.6633 58.639 53.6877 237.464 141.883 116.594 109.65 245.018 228.202 220.785 134.653 130.608 89.0399
internal_count=4906 2944 1962 1675 123 1552 105 58 484 328 1068 1043 197 66 735 702 455 57 247 226 1269 746 605 574 1227 1138 1104 660 641 427
is_linear=0
shrinkage=0.1


Tree=14
num_leaves=31
num_cat=0
split_feature=11 7 153 226 6 138 7 26 12 134 54 6 105 65 9 139 15 30 1 102 8 0 14 0 86 0 6 51 13 0
split_gain=13.7166 7.36969 10.4086 7.17302 5.18612 7.16881 6.31057 5.14911 6.82985 5.23373 6.97657 4.98853 6.40246 5.2755 4.66312 7.02503 5.03193 4.65829 4.32797 4.73404 4.75044 4.56209 4.7458 5.70793 4.69339 4.32486 4.24138 4.22301 4.23963 4.10831
threshold=1.0000000180025095e-35 1.0000000180025095e-35 1.0000000180025095e-35 1.0000000180025095e-35 1.0000000180025095e-35 1.0000000180025095e-35 1.0000000180025095e-35 1.0000000180025095e-35 1.0000000180025095e-35 1.0000000180025095e-35 1.0000000180025095e-35 1.0000000180025095e-35 1.0000000180025095e-35 1.0000000180025095e-35 1.0000000180025095e-35 1.0000000180025095e-35 1.0000000180025095e-35 1.0000000180025095e-35 -0.38535249233245844 1.0000000180025095e-35 1.0000000180025095e-35 17.100615501403812 1.0000000180025095e-35 10.310746192932131 1.0000000180025095e-35 3.7686516046524052 1.0000000180025095e-35 1.0000000180025095e-35 1.0000000180025095e-35 5.07460641860962
decision_type=2 2 2 2 2 2 2 2 2 2 2 2 2 2 2 2 2 2 2 2 2 2 2 2 2 2 2 2 2 2
left_child=1 3 17 11 5 6 14 -6 25 10 -10 12 13 -1 15 -2 -16 -3 29 20 21 22 -20 26 -25 -9 -24 28 -18 -19
right_child=4 2 -4 -5 7 -7 -8 8 9 -11 -12 -13 -14 -15 16 -17 27 18 19 -21 -22 -23 23 24 -26 -27 -28 -29 -30 -31
leaf_value=0.03792301917468488 0.0045811739509621762 0.10413871164771392 0.14483900252440471 -0.10811377898682287 -0.057199006120624979 -0.085194845837519684 -0.025868810143904148 0.034671949861763328 -0.047674795192270386 0.12382539200215913 0.05804602260222641 0.005526816947543577 -0.059440645223217063 -0.047833236455425088 0.010528283974422674 -0.10277040436449317 0.15598483633962446 0.0012471035090717295 -0.027680620470487423 -0.088120321377239463 -0.03721985305054417 0.093492048517571938 0.11261166533532872 -0.041874696427507012 0.080314314726833744 -0.060469404707513608 -8.7373605642252622e-05 0.0015472663750409925 0.043813593469720927 0.076706630582087584
leaf_weight=175.69702561944723 58.295926868915558 3.5810258761048308 4.5024839863181105 4.4083991497755042 51.835314355790615 11.161125570535658 73.266557134687901 5.7212366536259642 12.908942431211475 4.2216135114431372 12.085986480116844 134.08176586031914 7.567366011440753 7.478863760828971 35.133900888264179 6.8076668456196776 7.3310048580169695 44.096270114183426 41.854691244661808 9.495455898344515 56.510927818715572 4.9704604148864737 8.949778310954569 13.868867494165899 4.064936861395835 28.975787803530693 5.3270433545112601 5.6520197242498389 6.2354509681463242 8.6264186948537809
leaf_count=887 359 20 26 23 329 70 473 43 65 22 63 739 40 42 187 43 43 255 236 56 340 27 49 82 23 224 33 31 29 47
internal_value=-0.00048258 0.00930843 -0.00553359 0.0185882 -0.0168732 -0.00727564 -0.00276311 -0.0337788 -0.0147845 0.0208394 0.00344519 0.0203077 0.0306979 0.0344217 0.0114084 -0.00664422 0.033032 -0.00889621 -0.010943 -0.019862 -0.0150803 0.000749492 -0.00547438 0.0233805 -0.0141789 -0.0447814 0.0705608 0.0741718 0.104428 0.0135937
internal_weight=854.714 535.082 205.848 329.233 319.633 203.884 192.723 115.749 63.9136 29.2165 24.9949 324.825 190.743 183.176 119.456 65.1036 54.3524 201.346 197.765 145.042 135.547 79.0358 74.0653 32.2106 17.9338 34.697 14.2768 19.2185 13.5665 52.7227
internal_count=4906 2925 1194 1731 1981 1235 1165 746 417 150 128 1708 969 929 692 402 290 1168 1148 846 790 450 423 187 105 267 82 103 72 302
is_linear=0
shrinkage=0.1


Tree=15
num_leaves=31
num_cat=0
split_feature=12 13 6 7 9 151 61 96 80 1 0 1 16 5 74 11 7 10 54 81 1 1 17 44 6 139 23 95 51 61
split_gain=11.216 8.81099 4.549 5.04355 4.17356 4.03046 4.80658 5.80936 5.77207 3.74611 5.1103 8.65567 5.06452 3.74284 6.12743 6.53886 9.01583 3.71742 8.83125 6.40322 3.56975 3.05923 2.87712 2.83378 3.45182 2.82078 4.11267 3.31374 3.75902 2.76302
threshold=1.0000000180025095e-35 1.0000000180025095e-35 1.0000000180025095e-35 1.0000000180025095e-35 1.0000000180025095e-35 1.0000000180025095e-35 1.0000000180025095e-35 1.0000000180025095e-35 1.0000000180025095e-35 -0.22138565033674237 8.0862421989440936 -0.052095215767621987 1.0000000180025095e-35 1.0000000180025095e-35 1.0000000180025095e-35 1.0000000180025095e-35 1.0000000180025095e-35 1.0000000180025095e-35 1.0000000180025095e-35 1.0000000180025095e-35 -0.46444596350193018 -0.6132025122642516 1.0000000180025095e-35 1.0000000180025095e-35 1.0000000180025095e-35 1.0000000180025095e-35 1.0000000180025095e-35 1.0000000180025095e-35 1.0000000180025095e-35 1.0000000180025095e-35
decision_type=2 2 2 2 2 2 2 2 2 2 2 2 2 2 2 2 2 2 2 2 2 2 2 2 2 2 2 2 2 2
left_child=1 4 3 -2 13 6 8 -8 20 -4 -11 -12 25 23 -15 16 -16 18 -14 -20 21 -5 -6 -1 -25 26 -13 28 -28 -19
right_child=2 -3 9 5 22 -7 7 -9 -10 10 11 12 17 14 15 -17 -18 29 19 -21 -22 -23 -24 24 -26 -27 27 -29 -30 -31
leaf_value=0.044234979715556268 0.03028077539437515 0.0013867078068918975 0.017830651129687243 0.016614939725756193 0.087256423351250917 0.095319239199819245 -0.012555000022017379 -0.11742647400279074 -0.08156363858087419 -0.085023934266450607 0.12997154372830685 0.073323701821295537 0.13671329856557618 -0.047043888798412543 0.17138085537088768 -0.043989189412411929 -0.023953282436391398 -0.074631185139474671 -0.057402586444260967 0.096994521047512355 0.035853213109652969 -0.088901656121129102 -0.015296862096078907 -0.040805403758783124 -0.092597406354268982 -0.090424142916836536 -0.014538015960000589 0.027140869214040877 -0.080385939861026934 0.032823564602191525
leaf_weight=2.5282403007149687 160.96397516131401 236.8257390409708 57.346241638064384 6.6806742548942566 2.8167404904961577 4.4065010845661154 27.186690360307693 6.5559654980897895 5.7621174156665793 9.2742539644241315 4.3851180970668784 4.023754581809043 6.8101913928985605 31.128739841282368 5.1842761337757128 7.187493883073329 4.3419030010700226 5.7728723883628863 8.0253006070852262 4.0374229103326806 45.905944645404816 4.6673582643270475 95.007635720074177 28.512874394655228 23.45315583050251 7.2350496649742118 18.402347058057785 7.6478161811828604 16.391573563218117 4.0871274918317795
leaf_count=24 727 1269 273 32 19 21 132 32 27 48 22 19 31 289 42 71 38 30 40 19 213 22 702 266 224 36 94 39 83 22
internal_value=-0.000482358 -0.0116676 0.0112794 0.0192841 -0.0271131 0.00178728 -0.00247227 -0.0329308 0.0138371 -0.00239561 -0.0144662 -0.00692901 -0.0142116 -0.0412311 -0.0208206 0.0280196 0.0823502 0.0196742 0.0456728 -0.0057255 0.0234383 -0.0267832 -0.012344 -0.0591501 -0.06418 -0.0323424 -0.0232986 -0.032459 -0.0455593 -0.0300895
internal_weight=852.555 436.987 415.568 262.129 200.161 101.165 96.7588 33.7427 63.0161 153.439 96.0928 86.8186 82.4335 102.337 47.8424 16.7137 9.52618 28.7329 18.8729 12.0627 57.254 11.348 97.8244 54.4943 51.966 53.7005 46.4655 42.4417 34.7939 9.86
internal_count=4906 2944 1962 1206 1675 479 458 164 294 756 483 435 413 954 440 151 80 142 90 59 267 54 721 514 490 271 235 216 177 52
is_linear=0
shrinkage=0.1


Tree=16
num_leaves=31
num_cat=0
split_feature=11 18 7 153 226 138 6 7 0 82 0 67 0 79 16 8 78 0 1 15 0 83 105 6 83 5 65 14 0 47
split_gain=10.9331 5.73589 5.60012 8.10594 6.01391 4.04815 5.04181 4.79307 4.42377 4.22066 4.12195 4.01571 5.60672 4.1397 3.9359 3.80795 4.92494 5.04803 5.74233 5.85225 4.69503 4.27936 3.6895 3.80883 5.431 4.20378 4.07313 3.57865 5.62863 4.8977
threshold=1.0000000180025095e-35 1.0000000180025095e-35 1.0000000180025095e-35 1.0000000180025095e-35 1.0000000180025095e-35 1.0000000180025095e-35 1.0000000180025095e-35 1.0000000180025095e-35 10.709103107452394 1.0000000180025095e-35 2.6652977466583256 1.0000000180025095e-35 16.286105155944828 1.0000000180025095e-35 1.0000000180025095e-35 1.0000000180025095e-35 1.0000000180025095e-35 3.6783025264739995 0.6562476158142091 1.0000000180025095e-35 13.096509456634523 1.0000000180025095e-35 1.0000000180025095e-35 1.0000000180025095e-35 1.0000000180025095e-35 1.0000000180025095e-35 1.0000000180025095e-35 1.0000000180025095e-35 5.4948666095733651 1.0000000180025095e-35
decision_type=2 2 2 2 2 2 2 2 2 2 2 2 2 2 2 2 2 2 2 2 2 2 2 2 2 2 2 2 2 2
left_child=1 -1 4 14 22 6 7 10 9 -8 -2 13 -13 -9 15 16 17 -4 20 -20 21 -19 23 26 25 27 -3 28 -25 -30
right_child=5 2 3 -5 -6 -7 8 11 -10 -11 -12 12 -14 -15 -16 -17 -18 18 19 -21 -22 -23 -24 24 -26 -27 -28 -29 29 -31
leaf_value=0.090764676455711346 0.10328309898029094 0.031165225000555602 0.060464929731550224 0.12261472500397033 -0.10303118227705627 -0.061421019584454589 -0.0014572829279513645 -0.065209077426147899 -0.052720507882865378 -0.084611353274093165 0.0057241992984424957 -0.012901674255999135 0.13937269845787673 0.054330454914300511 0.009097557082053058 -0.041940776371959178 0.095247427045024147 -0.036611295041667748 -0.022232963524109528 0.12826317354507408 -0.10567032746702126 0.050823579536703134 -0.032438316648641267 -0.049594091821093561 -0.049540629164632151 0.035010535520961165 -0.044909691176626437 -0.034967550785058706 0.078389848286444186 -0.0088157739092954816
leaf_weight=8.2900017350912076 4.4992608949542037 175.37355463206768 8.3372860699892026 4.7672863826155654 4.258532151579856 17.915877439081669 50.669971734285355 25.927907049655918 47.396596662700176 6.9400129020214072 115.6719581708312 40.063353396952152 2.5733025893568984 3.2613805308938018 72.630359046161175 48.843757085502148 4.5136156603693953 36.031513899564743 5.7809066250920278 4.6722038835287094 8.1949262097477895 6.6272891983389846 14.649297393858431 9.7288056984543783 15.710071340203283 49.097845897078514 7.3321816995739928 23.409038089215755 14.455608077347279 11.614944748580456
leaf_count=41 24 875 45 26 23 119 325 173 324 48 668 259 18 23 422 305 24 209 34 27 47 39 79 50 87 274 42 130 79 67
internal_value=-0.000479043 0.00823171 0.00693102 -0.00622147 0.0150253 -0.0152584 -0.0124738 -0.00283833 -0.0300916 -0.0114745 0.00937685 -0.0232754 -0.00371127 -0.0518527 -0.00936103 -0.0202605 -0.00598089 -0.0125415 -0.0224698 0.045034 -0.0363454 -0.0230278 0.0165897 0.0189313 0.00540562 0.0133757 0.0281123 -0.00456472 0.0153156 0.039538
internal_weight=849.239 534.319 526.029 200.399 325.63 314.92 297.004 191.997 105.007 57.61 120.171 71.8259 42.6367 29.1893 195.632 123.001 74.1577 69.6441 61.3068 10.4531 50.8537 42.6588 321.371 306.722 124.016 108.306 182.706 59.2084 35.7994 26.0706
internal_count=4906 2925 2884 1178 1706 1981 1862 1165 697 373 692 473 277 196 1152 730 425 401 356 61 295 248 1683 1604 687 600 917 326 196 146
is_linear=0
shrinkage=0.1


Tree=17
num_leaves=31
num_cat=0
split_feature=12 13 13 86 0 0 0 6 54 73 1 10 9 99 0 98 15 0 0 0 16 0 0 5 0 0 1 83 10 67
split_gain=9.2519 7.10603 4.28777 4.10454 5.94412 4.5231 4.58613 4.14251 4.04861 3.82865 3.51666 11.6949 9.39927 4.36351 4.17413 4.78623 3.86012 3.17548 3.31911 3.41111 3.13333 5.69136 6.614 7.23569 4.51552 4.17035 5.27018 4.14748 3.22116 3.05915
threshold=1.0000000180025095e-35 1.0000000180025095e-35 1.0000000180025095e-35 1.0000000180025095e-35 13.726214885711672 11.998631000518801 14.752909183502199 1.0000000180025095e-35 1.0000000180025095e-35 1.0000000180025095e-35 0.059396151453256614 1.0000000180025095e-35 1.0000000180025095e-35 1.0000000180025095e-35 6.9089665412902841 1.0000000180025095e-35 1.0000000180025095e-35 2.3121149539947514 3.5414099693298344 3.9917863607406621 1.0000000180025095e-35 2.6652977466583256 4.4558520317077646 1.0000000180025095e-35 5.4948666095733651 2.6105407476425175 -0.5642254352569579 1.0000000180025095e-35 1.0000000180025095e-35 1.0000000180025095e-35
decision_type=2 2 2 2 2 2 2 2 2 2 2 2 2 2 2 2 2 2 2 2 2 2 2 2 2 2 2 2 2 2
left_child=1 3 -2 5 8 10 -7 -8 -5 -10 13 -12 -13 14 20 -16 -15 -4 -19 -20 25 -22 -23 -24 -25 28 -27 -28 -1 -14
right_child=2 -3 17 4 -6 6 7 -9 9 -11 11 12 29 16 15 -17 -18 18 19 -21 21 22 23 24 -26 26 27 -29 -30 -31
leaf_value=0.12683742100338333 0.001722188046766849 0.0009442838227321222 -0.06498805637048792 -0.067709181119460407 0.1554307794470475 -0.097020017936425534 -0.0087285178864441575 -0.077766896412257425 -0.051937185555139667 0.094448536524701907 -0.051773534180027503 -0.014718973999634705 0.20103542972457397 0.14441953077062683 -0.084555016971090705 0.050873771396537426 -0.01992412847032142 0.071396826564221277 -0.056966227366000557 0.02317049215426294 -0.11687395196067346 0.075086842465184378 -0.10172585316025402 -0.043597058544832312 0.13211191559916743 -0.11582447705555821 -0.046521782982208104 0.068867778679324462 -0.034838012845789933 0.082220505099330821
leaf_weight=2.4510913491249076 244.56455950438976 236.87351597845554 4.0591765195131293 5.7862117215991038 2.8111476376652709 16.646593146026134 23.794548645615578 13.692664697766302 2.7652558013796806 5.0488386675715446 15.30303293466568 7.0494841411709777 4.271794468164444 2.6576065793633452 22.007137425243858 2.9606552049517623 3.0920376107096672 13.85246269404888 5.5113419741392127 146.62980179488659 3.3653295859694508 11.916946448385717 6.5260970145463926 2.7116534784436226 3.1751716658473015 9.4169091358780843 17.495432041585453 3.7896777093410483 2.47834862023592 4.3980397433042526
leaf_count=20 1227 1269 18 47 18 156 197 131 20 38 132 68 28 21 191 24 26 58 24 635 28 95 54 22 24 85 163 34 22 31
internal_value=-0.000471545 -0.0107041 0.010202 -0.0248096 0.0230568 -0.0291933 -0.0533415 -0.0339456 -0.0043046 0.0426455 -0.018741 0.010455 0.0710355 -0.0283719 -0.0338686 -0.068496 0.056039 0.0223974 0.0245344 0.0202675 -0.0202161 0.00501429 0.021874 -0.0292127 0.0511749 -0.0398269 -0.0535353 -0.0259774 0.0455527 0.140763
internal_weight=847.103 432.485 414.617 195.612 16.4115 179.2 54.1338 37.4872 13.6003 7.81409 125.066 31.0224 15.7193 94.0441 88.2944 24.9678 5.74964 170.053 165.994 152.141 63.3267 27.6952 24.3299 12.4129 5.88683 35.6315 30.702 21.2851 4.92944 8.66983
internal_count=4906 2944 1962 1675 123 1552 484 328 105 58 1068 259 127 809 762 215 47 735 717 659 547 223 195 100 46 324 282 197 42 59
is_linear=0
shrinkage=0.1


Tree=18
num_leaves=31
num_cat=0
split_feature=11 43 9 15 6 64 84 13 0 16 33 0 26 53 7 99 9 8 105 134 138 139 13 94 0 16 0 14 19 151
split_gain=8.75511 4.59597 4.56192 3.51853 6.5564 8.03973 5.82431 4.98471 3.97905 4.37064 3.92732 3.77639 3.73664 5.44874 3.56711 3.5351 3.45857 6.3766 6.1854 4.54823 3.65934 4.18981 4.04462 4.75844 3.26519 3.37339 6.09717 5.69333 4.4561 4.3263
threshold=1.0000000180025095e-35 1.0000000180025095e-35 1.0000000180025095e-35 1.0000000180025095e-35 1.0000000180025095e-35 1.0000000180025095e-35 1.0000000180025095e-35 1.0000000180025095e-35 10.186173915863039 1.0000000180025095e-35 1.0000000180025095e-35 10.584530830383303 1.0000000180025095e-35 1.0000000180025095e-35 1.0000000180025095e-35 1.0000000180025095e-35 1.0000000180025095e-35 1.0000000180025095e-35 1.0000000180025095e-35 1.0000000180025095e-35 1.0000000180025095e-35 1.0000000180025095e-35 1.0000000180025095e-35 1.0000000180025095e-35 17.166323661804203 1.0000000180025095e-35 2.8350445032119755 1.0000000180025095e-35 1.0000000180025095e-35 1.0000000180025095e-35
decision_type=2 2 2 2 2 2 2 2 2 2 2 2 2 2 2 2 2 2 2 2 2 2 2 2 2 2 2 2 2 2
left_child=1 -1 24 4 5 6 8 15 9 -4 11 -10 13 -9 -11 -5 20 18 19 -18 21 22 -2 -24 25 26 27 -3 -27 -28
right_child=16 2 3 7 -6 -7 -8 12 10 14 -12 -13 -14 -15 -16 -17 17 -19 -20 -21 -22 -23 23 -25 -26 28 29 -29 -30 -31
leaf_value=0.088192231582667008 -0.029368278768680992 0.15129611154946931 0.013982244665591607 -0.0098136879068767436 -0.00033906468410650596 -0.084812832011102318 -0.046173597436311484 -0.034675094898013639 0.1993073811206342 0.045657803512204713 0.016113686008298888 0.087668195231822468 0.056125464926233229 0.084203625315474706 0.13912884004217416 -0.087851819838047185 0.00059371541976575425 -0.033446673118525248 0.14483772192390676 0.075599331866275904 -0.079234623875079957 -0.069258167595489958 -0.0045627570025562432 0.090789402424130777 -0.052268621083514349 0.0086049158848870069 -0.018215908895201357 -0.0086498489766068821 0.10754461036990924 0.066770661909015386
leaf_weight=6.9314868524670592 83.457938231527805 4.4138082638382894 27.507972992956638 41.273398190736771 55.933965586125851 4.6245295703411093 5.7766266241669646 14.996413066983225 3.5355042517185273 12.160686299204828 6.4690790176391593 21.192007087171078 21.02287295460701 5.1898755878210059 6.1464446634054175 6.7548315823078147 73.204501837491989 41.233346775174141 3.4879476949572554 9.0882012993097288 10.737270645797251 15.177228108048437 68.822509974241257 5.6643917411565772 12.403005436062811 121.24099740386009 140.20637694001198 4.4886642843484879 4.7297015786170951 6.2571715936064711
leaf_count=33 662 25 136 242 308 23 30 69 16 57 31 106 93 23 32 43 419 250 19 54 77 104 368 28 75 678 818 24 27 36
internal_value=-0.000481057 0.00729484 0.00622945 0.016692 0.0263964 0.043504 0.0506718 0.00110329 0.0579361 0.0391792 0.0854823 0.10363 0.0266184 -0.00411149 0.0770398 -0.0207892 -0.0138194 -0.00112907 0.0144055 0.00887715 -0.0225862 -0.0190728 -0.0142504 0.00268834 -0.00205485 0.000158874 -0.00970113 0.0706507 0.0123197 -0.0145851
internal_weight=844.129 533.255 526.324 232.584 143.347 87.4129 82.7883 89.2374 77.0117 45.8151 31.1966 24.7275 41.2092 20.1863 18.3071 48.0282 310.873 127.014 85.7807 82.2927 183.859 173.122 157.945 74.4869 293.74 281.337 155.366 8.90247 125.971 146.464
internal_count=4906 2925 2892 1209 739 431 408 470 378 225 153 122 185 92 89 285 1981 742 492 473 1239 1162 1058 396 1683 1608 903 49 705 854
is_linear=0
shrinkage=0.1


Tree=19
num_leaves=31
num_cat=0
split_feature=12 13 86 0 7 9 176 95 10 73 17 54 69 16 65 139 80 99 0 61 49 26 10 73 61 83 61 52 23 0
split_gain=7.84644 5.45554 3.37862 4.36449 4.06697 3.35921 5.13368 3.83568 5.55255 10.0205 4.79545 3.3591 3.41484 3.20117 5.26244 5.37011 5.50329 4.15994 5.3354 5.06517 7.75369 4.14429 3.63542 3.52388 3.05661 3.05285 4.31006 3.92332 3.25708 3.0043
threshold=1.0000000180025095e-35 1.0000000180025095e-35 1.0000000180025095e-35 13.726214885711672 1.0000000180025095e-35 1.0000000180025095e-35 1.0000000180025095e-35 1.0000000180025095e-35 1.0000000180025095e-35 1.0000000180025095e-35 1.0000000180025095e-35 1.0000000180025095e-35 1.0000000180025095e-35 1.0000000180025095e-35 1.0000000180025095e-35 1.0000000180025095e-35 1.0000000180025095e-35 1.0000000180025095e-35 7.5879535675048837 1.0000000180025095e-35 1.0000000180025095e-35 1.0000000180025095e-35 1.0000000180025095e-35 1.0000000180025095e-35 1.0000000180025095e-35 1.0000000180025095e-35 1.0000000180025095e-35 1.0000000180025095e-35 1.0000000180025095e-35 5.1663243770599374
decision_type=2 2 2 2 2 2 2 2 2 2 2 2 2 2 2 2 2 2 2 2 2 2 2 2 2 2 2 2 2 2
left_child=1 2 4 11 25 7 24 10 -9 -10 -2 -4 -13 14 15 16 -12 18 21 20 22 29 -20 -19 -7 27 -27 28 -1 -15
right_child=5 -3 3 -5 -6 6 -8 8 9 -11 13 12 -14 17 -16 -17 -18 23 19 -21 -22 -23 -24 -25 -26 26 -28 -29 -30 -31
leaf_value=0.088081720251765944 0.075341313503348661 0.00016939298868096794 -0.063872833865353848 0.1288914414338885 -0.044651282726607705 0.033291325078782921 -0.085611324724170268 0.064256956466241119 0.087138211725783163 -0.11280178907094143 0.0019744065362379756 0.11655238532187594 -0.016497002156024416 0.093733432662117908 -0.11632667753204198 -0.076054069021718657 -0.081405866015609701 -0.11356607780429469 0.06243264214497414 -0.0098647938198037806 0.14175888782569465 -0.033589417710228386 -0.029632212856104248 0.0022135528643286106 0.0029536138057421929 -0.0092428870555539052 0.098022637186494899 -0.060318960170258777 -0.014733887777489955 -0.0073886363364559964
leaf_weight=3.2454906255006781 7.6709904521703711 237.19657006859779 5.5006829649209994 3.0406589582562438 72.923790000379086 106.17316892743111 4.4107732474803916 21.127602487802505 4.4451788812875765 5.7477521598339081 103.28479273617268 3.2534308061003685 4.7388680726289749 5.3747549429535848 4.9447197616100302 11.543804697692392 8.5728453695774061 4.7061543762683851 12.005232587456705 12.604157388210295 9.1848795861005801 24.45123079419136 6.6732617020606986 5.9554018676280975 48.326839089393616 11.923700697720053 5.4618654772639266 19.939339853823185 60.841155603528023 6.4803578108549118
leaf_count=22 35 1269 47 18 698 476 21 96 22 30 505 21 37 26 27 60 44 22 52 64 43 117 32 30 229 98 42 185 507 31
internal_value=-0.000466263 -0.00995753 -0.0225424 0.0206602 -0.0266397 0.00935496 0.0207649 0.00223817 0.0350117 -0.0256071 -0.00235557 -0.00372981 0.0376635 -0.00511768 -0.0151708 -0.0111174 -0.00441591 0.00963922 0.0177676 0.0427374 0.0665323 -0.0100641 0.0295407 -0.0488931 0.0238018 -0.0136878 0.0244557 -0.02158 -0.00952708 0.0384571
internal_weight=841.749 428.066 190.869 16.5336 174.335 413.684 158.911 254.773 31.3205 10.1929 223.453 13.493 7.9923 215.782 128.346 123.401 111.858 87.4354 76.7739 40.4675 27.8634 36.3063 18.6785 10.6616 154.5 101.412 17.3856 84.026 64.0866 11.8551
internal_count=4906 2944 1675 123 1552 1962 726 1236 148 52 1088 105 58 1053 636 609 549 417 365 191 127 174 84 52 705 854 140 714 529 57
is_linear=0
shrinkage=0.1


Tree=20
num_leaves=31
num_cat=0
split_feature=11 7 153 226 126 137 6 0 82 7 135 14 0 9 139 15 21 67 0 16 62 14 8 79 12 87 44 71 0 16
split_gain=7.02339 3.65018 6.04057 4.93079 3.20567 3.14988 3.8693 3.72943 5.13495 3.51782 4.07113 3.33762 4.86239 3.33087 5.50849 3.86713 3.30245 3.17068 5.29672 3.3776 4.0579 6.42221 4.32349 3.3023 3.10134 4.83762 4.65236 3.64652 5.70087 3.93105
threshold=1.0000000180025095e-35 1.0000000180025095e-35 1.0000000180025095e-35 1.0000000180025095e-35 1.0000000180025095e-35 1.0000000180025095e-35 1.0000000180025095e-35 10.709103107452394 1.0000000180025095e-35 1.0000000180025095e-35 1.0000000180025095e-35 1.0000000180025095e-35 3.7193702459335332 1.0000000180025095e-35 1.0000000180025095e-35 1.0000000180025095e-35 1.0000000180025095e-35 1.0000000180025095e-35 16.379192352294925 1.0000000180025095e-35 1.0000000180025095e-35 1.0000000180025095e-35 1.0000000180025095e-35 1.0000000180025095e-35 1.0000000180025095e-35 1.0000000180025095e-35 1.0000000180025095e-35 1.0000000180025095e-35 11.690622806549074 1.0000000180025095e-35
decision_type=2 2 2 2 2 2 2 2 2 2 2 2 2 2 2 2 2 2 2 2 2 2 2 2 2 2 2 2 2 2
left_child=1 3 4 -1 24 6 9 8 11 13 17 -8 -13 14 -2 16 -15 23 19 20 22 -22 -19 -11 25 26 -3 28 29 -26
right_child=5 2 -4 -5 -6 -7 7 -9 -10 10 -12 12 -14 15 -16 -17 -18 18 -20 -21 21 -23 -24 -25 27 -27 -28 -29 -30 -31
leaf_value=0.014314130282447938 0.003432100474569209 0.091172232185918259 0.10496650156978826 -0.097234312190033423 -0.090513723707271232 -0.047412392846323079 -0.01520656978640683 -0.046958731596398441 -0.094288370737782873 -0.052945350723589225 -0.089533244062463449 -0.046506095750969569 0.077231795957866611 0.017972436152090914 -0.096176951344498107 0.062706906368097157 -0.082174905864033781 0.15835593307224208 0.15123998294744551 -0.040969261930965034 -0.072025939553852253 0.068167508183277506 -0.0010292321725347713 0.0565771529214966 -0.0087619157230660587 0.097130557389548344 -0.025865909000372264 -0.024044526192144308 0.11039909898147571 0.043622945255570283
leaf_weight=326.53878246992826 57.048132784664631 3.5269741341471663 4.9506245851516715 4.0113653391599646 4.4784028753638259 23.837245963513851 31.632782444357872 44.648187264800072 6.074371173977851 21.065319068729881 7.348513849079608 4.4658155143260947 10.993315026164053 31.059903852641582 6.150351256132125 19.824262626469135 3.6832012534141532 3.7581168189644822 2.4141507968306533 13.41698597371578 7.223602868616581 5.9665946215391159 3.1106041371822357 3.166910007596015 38.005587726831436 3.5640917569398871 91.740084357559681 25.453612893819809 6.3704478591680518 22.990737408399582
leaf_count=1708 351 22 26 23 29 169 206 323 45 152 49 28 71 163 43 102 21 24 16 86 50 39 21 22 181 25 661 118 29 103
internal_value=-0.000455796 0.00649768 -0.00412626 0.0129604 -0.00687993 -0.0125015 -0.00956145 -0.0256511 -0.00775723 -0.00106531 -0.0192718 0.0034044 0.0414865 0.00936559 -0.00626166 0.0274646 0.00735557 -0.010684 0.00818588 -0.00213062 0.0238477 -0.00860934 0.086176 -0.0386319 -0.00492562 -0.0172536 -0.0215329 0.00820072 0.0203841 0.010983
internal_weight=838.519 531.631 201.081 330.55 196.13 306.888 283.051 97.8145 53.1663 185.237 67.4708 47.0919 15.4591 117.766 63.1985 54.5674 34.7431 60.1223 35.8901 33.4759 20.0589 13.1902 6.86872 24.2322 191.652 98.8312 95.2671 92.8204 67.3668 60.9963
internal_count=4906 2925 1194 1731 1168 1981 1812 673 350 1139 459 305 99 680 394 286 184 410 236 220 134 89 45 174 1139 708 683 431 313 284
is_linear=0
shrinkage=0.1


Tree=21
num_leaves=31
num_cat=0
split_feature=12 13 49 86 72 0 24 31 83 81 168 20 92 73 9 0 41 10 103 9 15 94 11 1 0 0 16 0 67 10
split_gain=6.12701 4.38661 3.38453 4.76662 4.87585 4.6952 3.99693 3.95265 3.95047 3.74383 3.37553 3.30719 4.73239 3.11713 3.48992 3.06226 3.04844 4.37997 2.90067 3.03582 3.39349 3.71925 4.45496 3.51087 3.8501 6.29535 7.51498 5.70027 4.2874 9.43569
threshold=1.0000000180025095e-35 1.0000000180025095e-35 1.0000000180025095e-35 1.0000000180025095e-35 1.0000000180025095e-35 14.752909183502199 1.0000000180025095e-35 1.0000000180025095e-35 1.0000000180025095e-35 1.0000000180025095e-35 1.0000000180025095e-35 1.0000000180025095e-35 1.0000000180025095e-35 1.0000000180025095e-35 1.0000000180025095e-35 16.041068077087406 1.0000000180025095e-35 1.0000000180025095e-35 1.0000000180025095e-35 1.0000000180025095e-35 1.0000000180025095e-35 1.0000000180025095e-35 1.0000000180025095e-35 0.6562476158142091 5.542778968811036 5.9260780811309823 1.0000000180025095e-35 4.850102663040162 1.0000000180025095e-35 1.0000000180025095e-35
decision_type=2 2 2 2 2 2 2 2 2 2 2 2 2 2 2 2 2 2 2 2 2 2 2 2 2 2 2 2 2 2
left_child=1 2 3 4 6 -6 -1 8 -4 -5 -8 12 18 14 -9 -7 17 -16 19 20 21 -2 -23 24 27 -26 28 -22 -27 -30
right_child=11 -3 7 9 5 15 10 13 -10 -11 -12 -13 -14 -15 16 -17 -18 -19 -20 -21 23 22 -24 -25 25 26 -28 -29 29 -31
leaf_value=0.083308648653928133 -0.014157175342282967 0.00013491619143785052 -0.11469238455255559 0.0900061500395999 -0.10385042891361343 0.0016288183221723864 -0.0057633843806546483 -0.044852299093879798 0.016115697485609759 -0.027494271430470937 -0.083917153556465673 0.090113849228997595 -0.097459147080121766 -0.07428997176021282 0.052603665242349468 -0.082831260457847763 0.082299762552982214 -0.092663301650673838 0.076163574170037843 0.018362221359827069 0.012655880124535588 -0.0031916047386801021 0.11383025708452024 0.057025306816100463 -0.14689085313754136 -0.068907348493297257 0.049785980905825089 0.12401460626845794 0.070078696434294971 -0.084260282698480404
leaf_weight=4.7295376658439627 134.82575995475054 236.81572433561087 11.111453950405119 7.6680518314242345 11.177269764244558 14.51072257384658 81.192014265805483 13.312164016067982 2.914307512342929 4.1952496021986008 5.9300228208303443 4.8730268329381934 4.2717841640114775 9.5881502889096719 4.6653333008289319 6.0962709188461295 5.7846726775169381 3.7390356212854385 6.210503175854682 152.58213593065739 20.712820962071422 8.8015677034854871 5.1606376096606246 16.495946139097214 3.1265448927879325 15.074868321418764 18.572870045900345 5.9078070074319831 9.4135146439075488 6.8389550000429145
leaf_count=34 668 1269 108 49 120 135 724 141 24 33 52 23 20 92 37 57 40 29 27 696 96 40 26 81 15 74 88 27 45 36
internal_value=-0.000448359 -0.00890034 -0.0203662 -0.0120947 -0.0179046 -0.0516636 -0.00622265 -0.0422927 -0.0875128 0.0484542 -0.011083 0.00821983 0.0072417 -0.0251923 -0.00807462 -0.0233574 0.0264302 -0.0120244 0.00834954 0.00729005 0.000392545 -0.00906932 0.0400614 0.0150354 0.00633877 -0.00923924 -0.000614549 0.0373693 -0.0304952 0.00513365
internal_weight=836.299 423.43 186.614 135.499 123.636 31.7843 91.8516 51.1151 14.0258 11.8633 87.122 412.869 407.996 37.0894 27.5012 20.607 14.189 8.40437 403.724 397.513 244.931 148.788 13.9622 96.1433 79.6474 53.0268 49.9002 26.6206 31.3273 16.2525
internal_count=4906 2944 1675 1204 1122 312 810 471 132 82 776 1962 1939 339 247 192 106 66 1919 1892 1196 734 66 462 381 258 243 123 155 81
is_linear=0
shrinkage=0.1


Tree=22
num_leaves=31
num_cat=0
split_feature=11 149 26 103 17 105 151 0 16 5 41 13 61 0 67 6 0 13 113 41 21 95 8 9 108 9 0 0 5 56
split_gain=5.70335 3.4562 3.55204 5.46062 4.70182 4.65804 4.28591 5.28635 4.84594 7.45016 8.40921 6.26554 7.25487 4.7207 4.40412 4.06995 5.50241 4.31297 7.21429 6.69236 4.1883 6.16367 4.99142 3.67134 3.57337 3.47267 3.2894 3.24633 4.39072 4.87079
threshold=1.0000000180025095e-35 1.0000000180025095e-35 1.0000000180025095e-35 1.0000000180025095e-35 1.0000000180025095e-35 1.0000000180025095e-35 1.0000000180025095e-35 3.639972567558289 1.0000000180025095e-35 1.0000000180025095e-35 1.0000000180025095e-35 1.0000000180025095e-35 1.0000000180025095e-35 17.229294776916507 1.0000000180025095e-35 1.0000000180025095e-35 17.006159782409672 1.0000000180025095e-35 1.0000000180025095e-35 1.0000000180025095e-35 1.0000000180025095e-35 1.0000000180025095e-35 1.0000000180025095e-35 1.0000000180025095e-35 1.0000000180025095e-35 1.0000000180025095e-35 3.1772758960723881 8.7460646629333514 1.0000000180025095e-35 1.0000000180025095e-35
decision_type=2 2 2 2 2 2 2 2 2 2 2 2 2 2 2 2 2 2 2 2 2 2 2 2 2 2 2 2 2 2
left_child=1 2 3 4 -1 15 7 -6 13 11 23 -10 14 -9 -13 17 20 18 27 24 21 25 -23 -11 -19 26 -17 28 29 -4
right_child=-2 -3 5 -5 6 -7 -8 8 9 10 -12 12 -14 -15 -16 16 -18 19 -20 -21 -22 22 -24 -25 -26 -27 -28 -29 -30 -31
leaf_value=0.072483809969545177 -0.011382100278409087 -0.085913072578253744 0.041487905988857543 0.13355527598068045 0.06203498634526159 -0.058163293867996096 0.07442162041083801 -0.015400638366644792 -0.047236200194767472 0.012547810660821619 0.20287410804846615 0.030617361956079871 -0.038971628486858131 0.07624770682279812 0.14409723973643584 0.021645422227965724 -0.11228863253048066 0.028342117434681874 0.11291366126467402 -0.07587599638364205 0.046236204602804358 0.12080080421887114 -0.029369436824951141 0.088160168905190683 0.10822045571804227 -4.9955124525690207e-05 -0.053565388543761888 0.007988403604275697 -0.065803740879217129 -0.056282968923674126
leaf_weight=12.886339351534842 303.23569490760565 4.0764136835932723 12.053463518619537 3.8743776679038993 16.156512960791588 13.47462375462055 9.9334435909986478 107.26165796071291 19.165634900331497 17.237763412296779 3.6192994713783255 8.9733706563711149 9.3864724636077881 5.9310449622571459 5.52608945965767 6.818995125591754 5.3474823385477057 77.039918333292007 4.94075584411621 5.9224769324064246 12.398939602077006 5.5955085754394513 3.6619002148509026 10.23398297280073 6.0394431650638571 33.021985620260239 39.498330663889647 41.958477564156055 19.53191877156496 8.8268420696258545
leaf_count=64 1981 20 66 20 87 78 52 594 118 100 19 43 46 38 26 40 34 360 24 30 72 30 24 52 29 185 252 245 121 56
internal_value=-0.000442849 0.00581132 0.00652174 0.0158396 0.0138244 -0.000721162 0.0102826 0.00715166 0.00241832 0.0222909 0.0595923 -0.00464751 0.0295249 -0.0105985 0.0738672 0.00201718 -0.0134337 0.0113364 -0.00445464 0.0268274 -0.00819955 -0.0158177 0.0613988 0.0407155 0.0341489 -0.0248275 -0.0424926 -0.0114946 -0.0317231 0.000156707
internal_weight=833.629 530.393 526.317 230.186 226.312 296.131 213.425 203.492 187.335 74.1426 31.091 43.0516 23.8859 113.193 14.4995 282.656 106.343 176.313 87.3115 89.0018 100.996 88.5967 9.25741 27.4717 83.0794 79.3393 46.3173 82.3707 40.4122 20.8803
internal_count=4906 2925 2905 1259 1239 1646 1175 1123 1036 404 171 233 115 632 69 1568 637 931 512 419 603 531 54 152 389 477 292 488 243 122
is_linear=0
shrinkage=0.1


end of trees

feature_importances:
Column_0=99
Column_9=44
Column_13=35
Column_6=31
Column_7=31
Column_11=31
Column_16=27
Column_1=21
Column_12=20
Column_61=19
Column_10=16
Column_86=15
Column_8=13
Column_14=13
Column_15=10
Column_73=10
Column_83=10
Column_5=9
Column_40=9
Column_67=8
Column_80=8
Column_81=8
Column_21=7
Column_26=7
Column_54=7
Column_68=6
Column_95=6
Column_99=6
Column_105=6
Column_108=6
Column_42=5
Column_44=5
Column_53=5
Column_113=5
Column_139=5
Column_151=5
Column_23=4
Column_41=4
Column_55=4
Column_138=4
Column_17=3
Column_22=3
Column_25=3
Column_31=3
Column_46=3
Column_49=3
Column_51=3
Column_62=3
Column_65=3
Column_72=3
Column_74=3
Column_94=3
Column_100=3
Column_140=3
Column_153=3
Column_226=3
Column_24=2
Column_52=2
Column_69=2
Column_78=2
Column_79=2
Column_82=2
Column_84=2
Column_87=2
Column_97=2
Column_98=2
Column_102=2
Column_103=2
Column_134=2
Column_135=2
Column_137=2
Column_174=2
Column_18=1
Column_19=1
Column_20=1
Column_30=1
Column_33=1
Column_34=1
Column_36=1
Column_43=1
Column_47=1
Column_56=1
Column_57=1
Column_58=1
Column_60=1
Column_64=1
Column_71=1
Column_91=1
Column_92=1
Column_96=1
Column_104=1
Column_126=1
Column_129=1
Column_132=1
Column_149=1
Column_168=1
Column_176=1
Column_178=1

parameters:
[boosting: gbdt]
[objective: binary]
[metric: binary_logloss]
[tree_learner: serial]
[device_type: cpu]
[data_sample_strategy: bagging]
[data: ]
[valid: ]
[num_iterations: 300]
[learning_rate: 0.1]
[num_leaves: 31]
[num_threads: 0]
[seed: 0]
[deterministic: 0]
[force_col_wise: 0]
[force_row_wise: 0]
[histogram_pool_size: -1]
[max_depth: -1]
[min_data_in_leaf: 20]
[min_sum_hessian_in_leaf: 0.001]
[bagging_fraction: 1]
[pos_bagging_fraction: 1]
[neg_bagging_fraction: 1]
[bagging_freq: 0]
[bagging_seed: 7719]
[bagging_by_query: 0]
[feature_fraction: 1]
[feature_fraction_bynode: 1]
[feature_fraction_seed: 2437]
[extra_trees: 0]
[extra_seed: 11797]
[early_stopping_round: 0]
[early_stopping_min_delta: 0]
[first_metric_only: 0]
[max_delta_step: 0]
[lambda_l1: 0]
[lambda_l2: 0]
[linear_lambda: 0]
[min_gain_to_split: 0]
[drop_rate: 0.1]
[max_drop: 50]
[skip_drop: 0.5]
[xgboost_dart_mode: 0]
[uniform_drop: 0]
[drop_seed: 21238]
[top_rate: 0.2]
[other_rate: 0.1]
[min_data_per_group: 100]
[max_cat_threshold: 32]
[cat_l2: 10]
[cat_smooth: 10]
[max_cat_to_onehot: 4]
[top_k: 20]
[monotone_constraints: ]
[monotone_constraints_method: basic]
[monotone_penalty: 0]
[feature_contri: ]
[forcedsplits_filename: ]
[refit_decay_rate: 0.9]
[cegb_tradeoff: 1]
[cegb_penalty_split: 0]
[cegb_penalty_feature_lazy: ]
[cegb_penalty_feature_coupled: ]
[path_smooth: 0]
[interaction_constraints: ]
[verbosity: -1]
[saved_feature_importance_type: 0]
[use_quantized_grad: 0]
[num_grad_quant_bins: 4]
[quant_train_renew_leaf: 0]
[stochastic_rounding: 1]
[linear_tree: 0]
[max_bin: 255]
[max_bin_by_feature: ]
[min_data_in_bin: 3]
[bin_construct_sample_cnt: 200000]
[data_random_seed: 38]
[is_enable_sparse: 1]
[enable_bundle: 1]
[use_missing: 1]
[zero_as_missing: 0]
[feature_pre_filter: 1]
[pre_partition: 0]
[two_round: 0]
[header: 0]
[label_column: ]
[weight_column: ]
[group_column: ]
[ignore_column: ]
[categorical_feature: ]
[forcedbins_filename: ]
[precise_float_parser: 0]
[parser_config_file: ]
[objective_seed: 8855]
[num_class: 1]
[is_unbalance: 0]
[scale_pos_weight: 1]
[sigmoid: 1]
[boost_from_average: 1]
[reg_sqrt: 0]
[alpha: 0.9]
[fair_c: 1]
[poisson_max_delta_step: 0.7]
[tweedie_variance_power: 1.5]
[lambdarank_truncation_level: 30]
[lambdarank_norm: 1]
[label_gain: ]
[lambdarank_position_bias_regularization: 0]
[eval_at: ]
[multi_error_top_k: 1]
[auc_mu_weights: ]
[num_machines: 1]
[local_listen_port: 12400]
[time_out: 120]
[machine_list_filename: ]
[machines: ]
[gpu_platform_id: -1]
[gpu_device_id: -1]
[gpu_device_id_list: ]
[gpu_use_dp: 0]
[num_gpu: 1]

end of parameters

pandas_categorical:null
