tree
version=v4
num_class=1
num_tree_per_iteration=1
label_index=0
max_feature_idx=567
objective=binary sigmoid:1
feature_names=Column_0 Column_1 Column_2 Column_3 Column_4 Column_5 Column_6 Column_7 Column_8 Column_9 Column_10 Column_11 Column_12 Column_13 Column_14 Column_15 Column_16 Column_17 Column_18 Column_19 Column_20 Column_21 Column_22 Column_23 Column_24 Column_25 Column_26 Column_27 Column_28 Column_29 Column_30 Column_31 Column_32 Column_33 Column_34 Column_35 Column_36 Column_37 Column_38 Column_39 Column_40 Column_41 Column_42 Column_43 Column_44 Column_45 Column_46 Column_47 Column_48 Column_49 Column_50 Column_51 Column_52 Column_53 Column_54 Column_55 Column_56 Column_57 Column_58 Column_59 Column_60 Column_61 Column_62 Column_63 Column_64 Column_65 Column_66 Column_67 Column_68 Column_69 Column_70 Column_71 Column_72 Column_73 Column_74 Column_75 Column_76 Column_77 Column_78 Column_79 Column_80 Column_81 Column_82 Column_83 Column_84 Column_85 Column_86 Column_87 Column_88 Column_89 Column_90 Column_91 Column_92 Column_93 Column_94 Column_95 Column_96 Column_97 Column_98 Column_99 Column_100 Column_101 Column_102 Column_103 Column_104 Column_105 Column_106 Column_107 Column_108 Column_109 Column_110 Column_111 Column_112 Column_113 Column_114 Column_115 Column_116 Column_117 Column_118 Column_119 Column_120 Column_121 Column_122 Column_123 Column_124 Column_125 Column_126 Column_127 Column_128 Column_129 Column_130 Column_131 Column_132 Column_133 Column_134 Column_135 Column_136 Column_137 Column_138 Column_139 Column_140 Column_141 Column_142 Column_143 Column_144 Column_145 Column_146 Column_147 Column_148 Column_149 Column_150 Column_151 Column_152 Column_153 Column_154 Column_155 Column_156 Column_157 Column_158 Column_159 Column_160 Column_161 Column_162 Column_163 Column_164 Column_165 Column_166 Column_167 Column_168 Column_169 Column_170 Column_171 Column_172 Column_173 Column_174 Column_175 Column_176 Column_177 Column_178 Column_179 Column_180 Column_181 Column_182 Column_183 Column_184 Column_185 Column_186 Column_187 Column_188 Column_189 Column_190 Column_191 Column_192 Column_193 Column_194 Column_195 Column_196 Column_197 Column_198 Column_199 Column_200 Column_201 Column_202 Column_203 Column_204 Column_205 Column_206 Column_207 Column_208 Column_209 Column_210 Column_211 Column_212 Column_213 Column_214 Column_215 Column_216 Column_217 Column_218 Column_219 Column_220 Column_221 Column_222 Column_223 Column_224 Column_225 Column_226 Column_227 Column_228 Column_229 Column_230 Column_231 Column_232 Column_233 Column_234 Column_235 Column_236 Column_237 Column_238 Column_239 Column_240 Column_241 Column_242 Column_243 Column_244 Column_245 Column_246 Column_247 Column_248 Column_249 Column_250 Column_251 Column_252 Column_253 Column_254 Column_255 Column_256 Column_257 Column_258 Column_259 Column_260 Column_261 Column_262 Column_263 Column_264 Column_265 Column_266 Column_267 Column_268 Column_269 Column_270 Column_271 Column_272 Column_273 Column_274 Column_275 Column_276 Column_277 Column_278 Column_279 Column_280 Column_281 Column_282 Column_283 Column_284 Column_285 Column_286 Column_287 Column_288 Column_289 Column_290 Column_291 Column_292 Column_293 Column_294 Column_295 Column_296 Column_297 Column_298 Column_299 Column_300 Column_301 Column_302 Column_303 Column_304 Column_305 Column_306 Column_307 Column_308 Column_309 Column_310 Column_311 Column_312 Column_313 Column_314 Column_315 Column_316 Column_317 Column_318 Column_319 Column_320 Column_321 Column_322 Column_323 Column_324 Column_325 Column_326 Column_327 Column_328 Column_329 Column_330 Column_331 Column_332 Column_333 Column_334 Column_335 Column_336 Column_337 Column_338 Column_339 Column_340 Column_341 Column_342 Column_343 Column_344 Column_345 Column_346 Column_347 Column_348 Column_349 Column_350 Column_351 Column_352 Column_353 Column_354 Column_355 Column_356 Column_357 Column_358 Column_359 Column_360 Column_361 Column_362 Column_363 Column_364 Column_365 Column_366 Column_367 Column_368 Column_369 Column_370 Column_371 Column_372 Column_373 Column_374 Column_375 Column_376 Column_377 Column_378 Column_379 Column_380 Column_381 Column_382 Column_383 Column_384 Column_385 Column_386 Column_387 Column_388 Column_389 Column_390 Column_391 Column_392 Column_393 Column_394 Column_395 Column_396 Column_397 Column_398 Column_399 Column_400 Column_401 Column_402 Column_403 Column_404 Column_405 Column_406 Column_407 Column_408 Column_409 Column_410 Column_411 Column_412 Column_413 Column_414 Column_415 Column_416 Column_417 Column_418 Column_419 Column_420 Column_421 Column_422 Column_423 Column_424 Column_425 Column_426 Column_427 Column_428 Column_429 Column_430 Column_431 Column_432 Column_433 Column_434 Column_435 Column_436 Column_437 Column_438 Column_439 Column_440 Column_441 Column_442 Column_443 Column_444 Column_445 Column_446 Column_447 Column_448 Column_449 Column_450 Column_451 Column_452 Column_453 Column_454 Column_455 Column_456 Column_457 Column_458 Column_459 Column_460 Column_461 Column_462 Column_463 Column_464 Column_465 Column_466 Column_467 Column_468 Column_469 Column_470 Column_471 Column_472 Column_473 Column_474 Column_475 Column_476 Column_477 Column_478 Column_479 Column_480 Column_481 Column_482 Column_483 Column_484 Column_485 Column_486 Column_487 Column_488 Column_489 Column_490 Column_491 Column_492 Column_493 Column_494 Column_495 Column_496 Column_497 Column_498 Column_499 Column_500 Column_501 Column_502 Column_503 Column_504 Column_505 Column_506 Column_507 Column_508 Column_509 Column_510 Column_511 Column_512 Column_513 Column_514 Column_515 Column_516 Column_517 Column_518 Column_519 Column_520 Column_521 Column_522 Column_523 Column_524 Column_525 Column_526 Column_527 Column_528 Column_529 Column_530 Column_531 Column_532 Column_533 Column_534 Column_535 Column_536 Column_537 Column_538 Column_539 Column_540 Column_541 Column_542 Column_543 Column_544 Column_545 Column_546 Column_547 Column_548 Column_549 Column_550 Column_551 Column_552 Column_553 Column_554 Column_555 Column_556 Column_557 Column_558 Column_559 Column_560 Column_561 Column_562 Column_563 Column_564 Column_565 Column_566 Column_567
feature_infos=[2.0013689994812012:17.993154525756836] [-0.7776256799697876:0.99923950433731079] none none none [0:1] [0:1] [0:1] [0:1] [0:1] [0:1] [0:1] [0:1] [0:1] [0:1] [0:1] [0:1] [0:1] [0:1] [0:1] [0:1] [0:1] [0:1] [0:1] [0:1] [0:1] [0:1] [0:1] [0:1] [0:1] [0:1] [0:1] [0:1] [0:1] [0:1] [0:1] [0:1] [0:1] [0:1] [0:1] [0:1] [0:1] [0:1] [0:1] [0:1] [0:1] [0:1] [0:1] [0:1] [0:1] [0:1] [0:1] [0:1] [0:1] [0:1] [0:1] [0:1] [0:1] [0:1] [0:1] [0:1] [0:1] [0:1] [0:1] [0:1] [0:1] [0:1] [0:1] [0:1] [0:1] [0:1] [0:1] [0:1] [0:1] [0:1] [0:1] [0:1] [0:1] [0:1] [0:1] [0:1] [0:1] [0:1] [0:1] [0:1] [0:1] [0:1] [0:1] [0:1] [0:1] [0:1] [0:1] [0:1] [0:1] [0:1] [0:1] [0:1] [0:1] [0:1] [0:1] [0:1] [0:1] [0:1] [0:1] [0:1] [0:1] [0:1] [0:1] [0:1] none none none none [0:1] [0:1] none [0:1] none [0:1] none none [0:1] none none none none [0:1] [0:1] [0:1] [0:1] [0:1] none [0:1] [0:1] [0:1] [0:1] none [0:1] [0:1] [0:1] [0:1] [0:1] [0:1] [0:1] [0:1] [0:1] [0:1] [0:1] [0:1] [0:1] [0:1] [0:1] [0:1] [0:1] [0:1] [0:1] [0:1] none none none none none none none none none none [0:1] [0:1] none none none none none [0:1] [0:1] [0:1] [0:1] [0:1] [0:1] [0:1] [0:1] [0:1] [0:1] [0:1] [0:1] [0:1] [0:1] [0:1] [0:1] [0:1] [0:1] [0:1] [0:1] [0:1] [0:1] [0:1] [0:1] [0:1] [0:1] [0:1] [0:1] none none [0:1] [0:1] [0:1] none [0:1] [0:1] [0:1] [0:1] [0:1] none [0:1] none none [0:1] none [0:1] [0:1] [0:1] [0:1] [0:1] [0:1] [0:1] [0:1] [0:1] [0:1] [0:1] [0:1] [0:1] [0:1] [0:1] [0:1] [0:1] [0:1] [0:1] [0:1] [0:1] [0:1] [0:1] [0:1] [0:1] none none none none none none none none none none none none none none none none none [0:1] [0:1] [0:1] [0:1] [0:1] [0:1] [0:1] [0:1] [0:1] [0:1] none [0:1] [0:1] [0:1] [0:1] none [0:1] [0:1] none none none [0:1] [0:1] none none none none none [0:1] [0:1] [0:1] [0:1] [0:1] [0:1] [0:1] none none none [0:1] none [0:1] [0:1] [0:1] none [0:1] [0:1] [0:1] [0:1] none none [0:1] [0:1] none none none none [0:1] [0:1] none none none [0:1] none none [0:1] [0:1] none none [0:1] [0:1] none none none none none none none none none none none none none none none none none none none none none none none none none none none none none none none none none none none none none none none none none none none none none none none none none none none none none none none none none none none none none none none none none none none none none none none none none none none none none none none none none none none none none none none none none none none none none none none none none none none none none none none none none none none none none none none none none none none none none none none none none none none none none none none none none none none none none none none none none none none none none none none none none none none none none none none none none none none none none none none none none none none none none none none none none none none none none none none none none none none none none none none none none none none none none none none none none none none none none none none none none none none none none none none none none none none none none none none none none none none none none none none none none none none none none none none none none none none none none
tree_sizes=3406 3470 3483 3487 3481 3508 3505 3494 3466 3444 3494 3490 3470 3488 3484 3466 3503 3465 3487 3475 3492

Tree=0
num_leaves=31
num_cat=0
split_feature=6 10 7 10 12 7 16 99 113 21 0 67 7 39 12 0 63 0 83 135 11 16 50 0 0 64 134 23 39 13
split_gain=159.118 118.686 65.7321 25.4348 17.3642 9.74462 13.5769 9.20742 8.51272 7.79561 13.4794 7.38081 6.61675 12.6511 7.75318 7.33145 6.47535 6.43918 15.6898 6.29165 8.18532 5.78531 6.30466 6.02051 5.59347 5.56396 6.33813 5.5076 5.87738 6.03914
threshold=1.0000000180025095e-35 1.0000000180025095e-35 1.0000000180025095e-35 1.0000000180025095e-35 1.0000000180025095e-35 1.0000000180025095e-35 1.0000000180025095e-35 1.0000000180025095e-35 1.0000000180025095e-35 1.0000000180025095e-35 8.9486651420593279 1.0000000180025095e-35 1.0000000180025095e-35 1.0000000180025095e-35 1.0000000180025095e-35 7.6317591667175302 1.0000000180025095e-35 6.7802875041961679 1.0000000180025095e-35 1.0000000180025095e-35 1.0000000180025095e-35 1.0000000180025095e-35 1.0000000180025095e-35 11.741273403167726 4.3846678733825692 1.0000000180025095e-35 1.0000000180025095e-35 1.0000000180025095e-35 1.0000000180025095e-35 1.0000000180025095e-35
decision_type=2 2 2 2 2 2 2 2 2 2 2 2 2 2 2 2 2 2 2 2 2 2 2 2 2 2 2 2 2 2
left_child=1 2 4 12 7 6 -3 9 25 21 -11 -8 13 14 19 -14 27 18 24 -2 -21 -1 -23 -24 -7 26 -6 -4 29 -29
right_child=3 5 16 -5 8 17 11 -9 -10 10 -12 -13 15 -15 -16 -17 -18 -19 -20 20 -22 22 23 -25 -26 -27 -28 28 -30 -31
leaf_value=-1.0213686620948843 -1.1478633809275642 -1.0863882468268817 -0.98314369362223342 -1.1932190871060029 -0.97230480367748751 -1.1898345390998752 -1.104711802926569 -0.94953163066483026 -1.1079284773515925 -0.84880748200247891 -1.0632524436707107 -1.1766433920993444 -1.1972805447133557 -1.1759735132655507 -1.0764897869835646 -1.1377124998055135 -1.1900747328293424 -1.1725203332757586 -0.93893652386304016 -0.97390037630894755 -1.1561785937269446 -1.0501765313738674 -1.0842764595205374 -1.2419565783942372 -1.0949580159603687 -0.86352429309735768 -0.88066343645319456 -1.0783012129105867 -1.052255266149263 -1.1309434037932586
leaf_weight=35.813384056091309 45.69937027990818 83.564562797546387 5.4093132168054572 141.57478384673595 62.67342209815979 13.430019021034246 23.316005244851112 14.362659230828283 3.7305608391761771 5.5958412587642652 6.1554253846406937 36.746024265885353 33.575047552585602 36.372968181967735 45.326314195990562 53.720076084136963 5.782369300723075 61.927309930324554 4.2901449650526038 5.2227851748466474 4.6632010489702225 22.942949160933495 6.3419534265995008 3.9170888811349869 11.56473860144615 6.3419534265995017 8.5802899301052076 53.160491958260536 36.372968181967735 36.932552307844162
leaf_count=192 245 448 29 759 336 72 125 77 20 30 33 197 180 195 243 288 31 332 23 28 25 123 34 21 62 34 46 285 195 198
internal_value=-1.10897 -1.07491 -1.03471 -1.16002 -0.994302 -1.12869 -1.11245 -1.02331 -0.960375 -1.03643 -0.961136 -1.14872 -1.1391 -1.12541 -1.10719 -1.16062 -1.0865 -1.15425 -1.11561 -1.13222 -1.05988 -1.04925 -1.07932 -1.14448 -1.14594 -0.953281 -0.961269 -1.08196 -1.08618 -1.09988
internal_weight=915.107 548.952 314.113 366.155 176.456 234.839 143.627 95.1293 81.3262 80.7666 11.7513 60.062 224.58 137.285 100.912 87.2951 137.658 91.2122 29.2849 55.5854 9.88599 69.0154 33.202 10.259 24.9948 77.5957 71.2537 131.875 126.466 90.093
internal_count=4906 2943 1684 1963 946 1259 770 510 436 433 63 322 1204 736 541 468 738 489 157 298 53 370 178 55 134 416 382 707 678 483
is_linear=0
shrinkage=1


Tree=1
num_leaves=31
num_cat=0
split_feature=6 10 7 10 12 7 16 99 67 7 39 108 0 12 0 83 0 21 0 44 63 11 134 21 53 9 9 61 71 1
split_gain=129.885 91.6736 47.6474 22.5339 11.7892 8.21628 11.1402 6.34689 6.32743 5.6423 10.7081 7.10375 6.52301 5.55697 5.51628 11.9102 5.48237 5.44546 8.80742 5.35447 5.34921 5.3299 6.39931 7.3995 6.62822 7.22162 7.18882 6.08254 5.11984 5.81171
threshold=1.0000000180025095e-35 1.0000000180025095e-35 1.0000000180025095e-35 1.0000000180025095e-35 1.0000000180025095e-35 1.0000000180025095e-35 1.0000000180025095e-35 1.0000000180025095e-35 1.0000000180025095e-35 1.0000000180025095e-35 1.0000000180025095e-35 1.0000000180025095e-35 7.6317591667175302 1.0000000180025095e-35 6.7802875041961679 1.0000000180025095e-35 13.813826084136965 1.0000000180025095e-35 9.0704994201660174 1.0000000180025095e-35 1.0000000180025095e-35 1.0000000180025095e-35 1.0000000180025095e-35 1.0000000180025095e-35 1.0000000180025095e-35 1.0000000180025095e-35 1.0000000180025095e-35 1.0000000180025095e-35 1.0000000180025095e-35 -0.42596395313739771
decision_type=2 2 2 2 2 2 2 2 2 2 2 2 2 2 2 2 2 2 2 2 2 2 2 2 2 2 2 2 2 2
left_child=1 2 4 9 7 6 -3 17 -8 10 11 13 -11 28 15 -7 -10 -1 -19 -6 -4 22 23 24 25 27 -26 -21 29 -2
right_child=3 5 20 -5 19 14 8 -9 16 12 -12 -13 -14 -15 -16 -17 -18 18 -20 21 -22 -23 -24 -25 26 -27 -28 -29 -30 -31
leaf_value=0.052047942791680873 -0.053120048824133327 0.020079895151648441 0.023934856519765377 -0.079406875228804408 0.023250752741122389 -0.034003918318795845 0.0038206833460507177 0.13247620366947604 -0.083965506287980107 -0.083425487224001851 -0.062546430193367988 0.095589487502151432 -0.026273954350174034 0.020259504247583941 -0.059209322748081765 0.14058239016229754 0.011191108446150072 0.20210466670302446 0.034534819652875373 0.091148405365543708 -0.076308316738811596 0.10012768479883452 0.2416210349974712 0.24161200832156005 0.098316399053125905 0.026064025456935248 0.27714642340252904 0.21936596973979661 -0.080689581763104312 0.027165708620398989
leaf_weight=71.064602017402649 16.40822613239288 84.512608528137207 133.65200486779213 135.51336899399757 4.9674752354621878 24.524509549140934 23.365966975688934 15.488529354333876 27.738848119974136 32.067756056785583 35.136305540800095 7.4404528737068167 52.939467430114746 43.411081790924072 59.930947422981262 4.6480572074651709 7.7452627867460242 6.6777926683425886 5.9147832542657852 10.926307141780855 5.5441040992736808 34.393710434436798 6.7954494357109061 5.7933448553085318 4.2194619774818403 9.7571953535079974 4.8108586668968201 5.5942305922508231 13.714245334267614 20.013781607151035
leaf_count=370 89 448 707 759 25 134 125 77 154 180 195 40 288 229 332 23 43 32 31 55 31 172 33 29 21 49 24 28 75 108
internal_value=-0.000160243 0.0299638 0.0642103 -0.0472973 0.0972674 -0.0180031 -0.00318179 0.0736745 -0.0365871 -0.02762 -0.014997 0.00154674 -0.0478336 -0.00593311 -0.0418498 -0.00618713 -0.0631953 0.0627877 0.123396 0.124074 0.0199422 0.130161 0.151727 0.136864 0.119677 0.094278 0.193587 0.134566 -0.0286123 -0.00900327
internal_weight=914.711 558.066 325.6 356.645 186.404 232.466 143.363 99.1457 58.8501 221.131 136.124 100.988 85.0072 93.5473 89.1035 29.1726 35.4841 83.6572 12.5926 87.258 139.196 82.2906 47.8968 41.1014 35.3081 26.2777 9.03032 16.5205 50.1363 36.422
internal_count=4906 2943 1684 1963 946 1259 770 510 322 1204 736 541 468 501 489 157 197 433 63 436 738 411 239 206 177 132 45 83 272 197
is_linear=0
shrinkage=0.1


Tree=2
num_leaves=31
num_cat=0
split_feature=6 10 7 10 12 7 16 67 14 35 68 100 9 16 14 13 83 0 0 0 83 1 11 21 42 79 108 99 8 0
split_gain=106.36 71.6144 35.4975 19.9358 8.3931 6.90903 9.15164 5.42358 5.07865 9.11944 5.73005 5.05252 5.0183 4.81828 10.3521 5.78167 7.94215 7.75264 4.80177 4.72428 9.22718 4.88935 4.47754 4.37462 4.68853 4.30473 5.34794 4.30059 4.82035 4.29032
threshold=1.0000000180025095e-35 1.0000000180025095e-35 1.0000000180025095e-35 1.0000000180025095e-35 1.0000000180025095e-35 1.0000000180025095e-35 1.0000000180025095e-35 1.0000000180025095e-35 1.0000000180025095e-35 1.0000000180025095e-35 1.0000000180025095e-35 1.0000000180025095e-35 1.0000000180025095e-35 1.0000000180025095e-35 1.0000000180025095e-35 1.0000000180025095e-35 1.0000000180025095e-35 5.3483915328979501 13.813826084136965 6.7802875041961679 1.0000000180025095e-35 -0.51387938857078541 1.0000000180025095e-35 1.0000000180025095e-35 1.0000000180025095e-35 1.0000000180025095e-35 1.0000000180025095e-35 1.0000000180025095e-35 1.0000000180025095e-35 15.368925571441652
decision_type=2 2 2 2 2 2 2 2 2 2 2 2 2 2 2 2 2 2 2 2 2 2 2 2 2 2 2 2 2 2
left_child=1 2 4 11 8 6 25 27 -1 10 -10 23 -12 14 -4 16 17 -16 -9 20 21 -7 -21 -2 -25 26 -3 28 -8 -20
right_child=3 5 13 -5 -6 19 7 18 9 -11 12 -13 -14 -15 15 -17 -18 -19 29 22 -22 -23 -24 24 -26 -27 -28 -29 -30 -31
leaf_value=0.085756182577048978 -0.022659823450258753 0.017590005438534895 0.00052841101479713987 -0.074824864160119561 0.10569067553571053 -0.074048535542257918 -0.020848643225357826 -0.079293814786751876 0.082083533916725279 -0.045250485242625635 -0.089159566888933173 0.076256259008209926 0.063904431541234819 -0.0055812071840241869 0.026737000258147882 0.023476850335400853 -0.03048072463355931 0.16587909136283982 0.089588026907876428 -0.075730709405977537 0.11905983200078613 0.016161235442680971 -0.017707885076803539 -0.092177334725354818 0.021229040809270544 -0.046945819853645307 0.11257999142414915 -0.086827729123769889 0.080319288485540624 -0.059189185473328181
leaf_weight=52.51373402774334 190.47738738358021 69.728712379932404 46.651968762278557 129.73670554161072 91.819328516721725 12.644192934036258 10.675319239497188 26.501234889030457 31.493907615542412 9.8038540184497815 4.1475969702005369 4.7902444601058951 4.4294867366552353 54.291394889354706 5.5657426565885606 15.93140661716461 3.827882081270217 14.273951277136801 3.6237433552741996 37.419523537158966 4.9229977130889884 11.44795748591423 20.633195221424103 18.004777908325199 4.5710685849189749 9.1447491645812971 6.4775306582450858 4.3075849562883368 8.4278836101293564 4.1673048585653305
leaf_count=262 1053 366 245 759 436 72 57 154 155 50 21 26 22 285 29 85 20 74 20 214 23 62 118 100 25 48 34 23 45 23
internal_value=-0.000267196 0.0265143 0.0560362 -0.0437914 0.0837381 -0.0164301 -0.00291219 -0.0336735 0.0640515 0.0411985 0.0623493 -0.0253094 -0.0101123 0.0177565 0.0324467 0.0700499 0.1014 0.126845 -0.0590045 -0.0386402 -0.00569149 -0.0311832 -0.0551081 -0.027593 -0.0692153 0.0178845 0.0256642 0.00343166 0.0237843 0.0100095
internal_weight=912.452 564.872 334.75 347.58 194.208 230.122 143.054 57.7031 102.389 49.8748 40.071 217.843 8.57708 140.542 86.251 39.599 23.6676 19.8397 34.2923 87.0679 29.0151 24.0922 58.0527 213.053 22.5758 85.351 76.2062 23.4108 19.1032 7.79105
internal_count=4906 2943 1684 1963 946 1259 770 322 510 248 198 1204 43 738 453 208 123 103 197 489 157 134 332 1178 125 448 400 125 102 43
is_linear=0
shrinkage=0.1


Tree=3
num_leaves=31
num_cat=0
split_feature=6 10 7 10 12 21 12 7 39 0 108 64 151 21 12 61 52 128 12 8 74 16 14 61 64 63 12 68 0 13
split_gain=87.1035 56.4003 26.9772 17.652 6.49817 6.49518 6.226 4.84367 9.18295 5.79571 5.40047 4.71067 4.71 4.56603 4.64457 6.4152 5.68691 7.11243 4.49478 4.82623 4.37022 4.7025 4.91468 4.89143 4.40733 4.29779 4.38577 6.1142 6.51394 5.99875
threshold=1.0000000180025095e-35 1.0000000180025095e-35 1.0000000180025095e-35 1.0000000180025095e-35 1.0000000180025095e-35 1.0000000180025095e-35 1.0000000180025095e-35 1.0000000180025095e-35 1.0000000180025095e-35 7.6317591667175302 1.0000000180025095e-35 1.0000000180025095e-35 1.0000000180025095e-35 1.0000000180025095e-35 1.0000000180025095e-35 1.0000000180025095e-35 1.0000000180025095e-35 1.0000000180025095e-35 1.0000000180025095e-35 1.0000000180025095e-35 1.0000000180025095e-35 1.0000000180025095e-35 1.0000000180025095e-35 1.0000000180025095e-35 1.0000000180025095e-35 1.0000000180025095e-35 1.0000000180025095e-35 1.0000000180025095e-35 15.924708843231203 1.0000000180025095e-35
decision_type=2 2 2 2 2 2 2 2 2 2 2 2 2 2 2 2 2 2 2 2 2 2 2 2 2 2 2 2 2 2
left_child=1 2 6 7 -3 20 -1 8 10 -9 12 -11 13 14 16 -16 17 -2 19 -10 24 22 23 -22 -6 26 27 -4 29 -29
right_child=3 4 25 -5 5 -7 -8 9 18 11 -12 -13 -14 -15 15 -17 -18 -19 -20 -21 21 -23 -24 -25 -26 -27 -28 28 -30 -31
leaf_value=0.055990824971296593 0.03601946238871595 -0.028045248584446431 -0.0081385103328482644 -0.070467408120948177 0.010133849772691132 -0.062675424585017514 0.09126253885795213 -0.077158118797017061 -0.071418484411289923 -0.010323966647756151 0.084092609314909181 -0.10054430939172732 -0.10699155615626917 -0.061380500823125642 0.066775134920627185 -0.01874668192317731 -0.0747058089915522 -0.083364949094302712 -0.099735119579675693 0.028553340766692914 0.053178026747678867 -0.0055464314792635985 0.0071983823071514854 0.18647609310580188 -0.089703701759926258 -0.072232244062432394 0.040652683189293694 0.18154907659141739 -0.038979536324343082 0.018827807445626486
leaf_weight=105.15729711949825 22.633571103215221 142.90496243536472 66.806827902793884 124.27329464256763 42.11572827398777 11.590205594897268 95.486647754907608 30.107298851013184 10.517320275306702 44.9361871778965 7.7363488078117362 6.6427781432867041 4.1508425623178473 10.059210628271101 23.893694370985031 13.858449533581732 11.009817838668821 6.4017049521207801 14.060040116310118 8.9283299595117569 5.3689648658037203 9.5137555003166216 5.7078783214092246 5.6497341692447662 4.9403652548789969 5.338957503437995 56.182576149702072 5.3288519680500013 4.102149933576583 3.9410745352506638
leaf_count=510 124 792 347 759 231 64 436 180 61 251 40 37 23 56 126 73 63 36 82 52 29 53 31 31 28 31 291 27 21 21
internal_value=-0.000342431 0.0235301 0.049186 -0.0404669 -0.0150279 0.00688655 0.0727767 -0.0231209 -0.0113672 -0.042294 0.0038479 -0.0219433 -0.0028994 0.00201851 0.010216 0.0353809 -0.0135079 0.00969756 -0.0566613 -0.0255171 0.0178862 0.0505852 0.0825117 0.121525 -0.00034798 0.0157824 0.0192284 0.0042161 0.0659397 0.112369
internal_weight=909.345 570.136 342.344 339.209 227.792 84.8866 200.644 214.936 133.249 81.6863 99.7436 51.579 92.0073 87.8564 77.7972 37.7521 40.0451 29.0353 33.5057 19.4457 73.2964 26.2403 16.7266 11.0187 47.0561 141.7 136.361 80.1789 13.3721 9.26993
internal_count=4906 2943 1684 1963 1259 467 946 1204 736 468 541 288 501 478 422 199 223 160 195 113 403 144 91 60 259 738 707 416 69 48
is_linear=0
shrinkage=0.1


Tree=4
num_leaves=31
num_cat=0
split_feature=6 10 7 10 140 13 7 16 8 12 14 69 35 146 9 0 47 7 11 0 52 0 129 83 1 12 67 0 108 0
split_gain=71.5912 44.6601 20.7894 15.5164 6.02745 6.57516 5.89192 7.27229 4.95261 4.51147 4.5368 8.30185 7.49763 4.45785 4.40194 4.29014 4.26825 7.65532 4.99195 5.0172 5.00237 5.26893 4.20192 7.62094 6.15075 4.0525 4.57611 4.03638 7.3928 7.87862
threshold=1.0000000180025095e-35 1.0000000180025095e-35 1.0000000180025095e-35 1.0000000180025095e-35 1.0000000180025095e-35 1.0000000180025095e-35 1.0000000180025095e-35 1.0000000180025095e-35 1.0000000180025095e-35 1.0000000180025095e-35 1.0000000180025095e-35 1.0000000180025095e-35 1.0000000180025095e-35 1.0000000180025095e-35 1.0000000180025095e-35 8.0082135200500506 1.0000000180025095e-35 1.0000000180025095e-35 1.0000000180025095e-35 5.1238877773284921 1.0000000180025095e-35 10.788501262664797 1.0000000180025095e-35 1.0000000180025095e-35 -0.51387938857078541 1.0000000180025095e-35 1.0000000180025095e-35 4.850102663040162 1.0000000180025095e-35 10.186173915863039
decision_type=2 2 2 2 2 2 2 2 2 2 2 2 2 2 2 2 2 2 2 2 2 2 2 2 2 2 2 2 2 2
left_child=1 2 4 13 9 -6 7 -3 15 10 -1 12 -12 16 -13 -9 17 27 19 -19 21 -21 -8 24 -24 26 -10 -2 29 -29
right_child=3 6 -4 -5 5 -7 22 8 25 -11 11 14 -14 -15 -16 -17 -18 18 -20 20 -22 -23 23 -25 -26 -27 -28 28 -30 -31
leaf_value=0.063983593133160377 -0.025629479294057775 0.017116388583407412 0.014055785615203282 -0.066306001216726362 0.16904261552630354 0.047563133150071463 -0.047852755158243991 -0.097381328746281026 0.041670659394163152 0.074514430318231947 0.066346469381296541 -0.13650632967146978 -0.04513597137656096 -0.13013991153240204 -0.0022471851026670151 -0.024763290874079264 -0.043026373061970519 -0.076200051721363959 -0.079215442468285352 0.010182919083042235 -0.048486451156877525 0.14910182098901603 -0.067810431804307555 0.11993248704557447 0.058162481141179168 0.075925464724499431 -0.068091876832515816 0.049656221265462375 0.12484279617030458 -0.021786980602354959
leaf_weight=51.224735379219055 28.070564955472946 85.58859620988369 142.68723192811012 119.13854049146175 10.697580918669702 7.6358822584152213 62.378927618265152 13.282436698675154 6.822980761528016 90.035511344671249 28.741934105753899 4.2911015301942808 7.6352664083242408 3.6910371631383887 5.6673207730054855 20.994695320725441 55.494830280542374 10.242174997925757 20.623017087578773 11.530977457761763 9.8617024421691895 3.5772233009338388 11.849138855934147 4.4449558407068244 5.7600520104169854 6.272998020052909 8.5680225789546967 27.249167367815971 6.0595181137323371 35.604626327753067
leaf_count=241 153 448 738 759 49 35 367 79 36 399 134 22 39 21 27 120 328 64 122 67 56 20 71 20 31 35 52 145 30 198
internal_value=-0.000396299 0.0209472 0.0433927 -0.0374302 0.06372 0.118446 -0.0136819 -0.00120968 -0.0292481 0.0583717 0.0434741 0.0208005 0.0429472 -0.0212031 -0.0600997 -0.0529029 -0.0192728 -0.010647 -0.0401447 -0.0172618 0.00691355 0.0430752 -0.0345882 0.00292998 -0.0266041 0.00817881 -0.0194331 0.00633535 0.0193556 0.00918598
internal_weight=905.723 574.579 348.617 331.143 205.929 18.3335 225.963 141.53 55.9411 187.596 97.5604 46.3356 36.3772 212.005 9.95842 34.2771 208.314 152.819 55.8351 35.2121 24.9699 15.1082 84.4331 22.0541 17.6092 21.664 15.391 96.9839 68.9133 62.8538
internal_count=4906 2943 1684 1963 946 84 1259 770 322 862 463 222 173 1204 49 199 1183 855 329 207 143 87 489 122 102 123 88 526 373 343
is_linear=0
shrinkage=0.1


Tree=5
num_leaves=31
num_cat=0
split_feature=6 10 7 10 12 21 16 44 140 21 13 12 31 11 69 50 146 151 16 14 137 82 33 0 96 13 100 19 151 83
split_gain=58.8446 35.5497 16.1827 13.6131 5.04135 5.35667 4.83162 6.74142 5.85214 4.0272 4.8155 4.45811 4.23993 4.02417 5.22751 4.44852 3.99937 3.92878 3.82429 7.74569 4.02088 4.50804 7.18986 5.60092 4.85297 3.99755 3.61423 3.94801 3.97214 3.56841
threshold=1.0000000180025095e-35 1.0000000180025095e-35 1.0000000180025095e-35 1.0000000180025095e-35 1.0000000180025095e-35 1.0000000180025095e-35 1.0000000180025095e-35 1.0000000180025095e-35 1.0000000180025095e-35 1.0000000180025095e-35 1.0000000180025095e-35 1.0000000180025095e-35 1.0000000180025095e-35 1.0000000180025095e-35 1.0000000180025095e-35 1.0000000180025095e-35 1.0000000180025095e-35 1.0000000180025095e-35 1.0000000180025095e-35 1.0000000180025095e-35 1.0000000180025095e-35 1.0000000180025095e-35 1.0000000180025095e-35 9.7960300445556658 1.0000000180025095e-35 1.0000000180025095e-35 1.0000000180025095e-35 1.0000000180025095e-35 1.0000000180025095e-35 1.0000000180025095e-35
decision_type=2 2 2 2 2 2 2 2 2 2 2 2 2 2 2 2 2 2 2 2 2 2 2 2 2 2 2 2 2 2
left_child=1 2 6 16 17 -6 8 -8 -1 11 -11 13 -13 15 -15 -9 26 -3 19 29 21 22 24 -23 -20 -21 27 28 -2 -4
right_child=3 4 18 -5 5 -7 7 9 -10 10 -12 12 -14 14 -16 -17 -18 -19 20 25 -22 23 -24 -25 -26 -27 -28 -29 -30 -31
leaf_value=0.062678175020444676 -0.014343065687912363 -0.027911840627962117 0.010352393371633607 -0.062320357739928327 0.016534397537389865 -0.057886056024090464 -0.071355232045941117 0.064488055761991708 0.14109353778110434 0.14890079971238798 0.023085157447797308 0.048476923356775531 0.14404262658503386 0.0098040682018357018 -0.11723708949938577 -0.035387339692869856 -0.12648614828209701 0.051733832208504783 -0.064022581801548822 0.081986898763452165 0.087947605343191362 0.1356055423319322 0.059329553204141287 -0.032576503245982769 0.035907572634485768 0.018386517206480105 0.066877630692688803 -0.10678357456513599 -0.082740159501349705 -0.062126541353626219
leaf_weight=105.93252885341644 186.95283217728138 132.70495355129242 39.031141847372055 114.33788318932056 73.550212100148201 11.136285468935965 5.2077874988317481 19.42183251678944 10.456730738282202 7.520233288407324 5.1086400151252747 27.212234303355217 5.5974769443273535 13.565342634916307 4.2548936158418647 5.7888575792312613 3.431245118379592 6.4966601133346549 29.529586181044579 25.131598338484764 4.0333218276500693 4.0574254542589179 7.6529538035392752 3.8677463680505753 5.8170890361070624 16.287555694580078 4.9396025240421286 5.0752118378877631 8.8947837948799116 8.2241363227367383
leaf_count=474 1073 756 202 759 403 64 24 90 46 33 23 118 24 64 21 29 21 36 154 123 21 21 39 20 30 85 26 31 53 43
internal_value=-0.00043537 0.018692 0.0384302 -0.0345721 -0.0124905 0.0067481 0.0561173 0.0392126 0.0697232 0.0457212 0.0980058 0.0370148 0.0647808 0.0158441 -0.0205292 0.0415548 -0.0194131 -0.0241947 0.0125623 0.0254082 -0.00816447 -0.0157767 -0.0285499 0.0535271 -0.0475768 0.0569769 -0.0176284 -0.019706 -0.0174494 -0.00226158
internal_weight=901.219 577.587 353.699 323.632 223.888 84.6865 210.067 93.6773 116.389 88.4695 12.6289 75.8406 32.8097 43.0309 17.8202 25.2107 209.294 139.202 143.633 88.6744 54.9581 50.9248 42.9996 7.92517 35.3467 41.4192 205.862 200.923 195.848 47.2553
internal_count=4906 2943 1684 1963 1259 467 946 426 520 402 56 346 142 204 85 119 1204 792 738 453 285 264 223 41 184 208 1183 1157 1126 245
is_linear=0
shrinkage=0.1


Tree=6
num_leaves=31
num_cat=0
split_feature=6 10 7 10 7 16 8 60 14 67 16 44 140 42 129 83 1 7 79 108 12 67 63 23 39 32 8 137 16 68
split_gain=48.2802 28.3414 12.7388 11.9481 4.98417 6.02069 4.2564 3.92955 4.40325 3.80677 3.70595 5.45687 4.40756 3.59753 3.52913 5.82635 5.07741 3.45593 3.44237 3.6599 3.42846 5.18154 3.4103 3.70275 3.62369 4.51432 6.16737 4.45215 3.9963 5.38208
threshold=1.0000000180025095e-35 1.0000000180025095e-35 1.0000000180025095e-35 1.0000000180025095e-35 1.0000000180025095e-35 1.0000000180025095e-35 1.0000000180025095e-35 1.0000000180025095e-35 1.0000000180025095e-35 1.0000000180025095e-35 1.0000000180025095e-35 1.0000000180025095e-35 1.0000000180025095e-35 1.0000000180025095e-35 1.0000000180025095e-35 1.0000000180025095e-35 -0.51387938857078541 1.0000000180025095e-35 1.0000000180025095e-35 1.0000000180025095e-35 1.0000000180025095e-35 1.0000000180025095e-35 1.0000000180025095e-35 1.0000000180025095e-35 1.0000000180025095e-35 1.0000000180025095e-35 1.0000000180025095e-35 1.0000000180025095e-35 1.0000000180025095e-35 1.0000000180025095e-35
decision_type=2 2 2 2 2 2 2 2 2 2 2 2 2 2 2 2 2 2 2 2 2 2 2 2 2 2 2 2 2 2
left_child=1 2 10 -2 5 18 7 -7 9 -9 12 -12 -1 20 -6 16 -16 -5 19 -3 21 -8 23 -4 27 26 -26 28 29 -25
right_child=3 4 22 17 14 6 13 8 -10 -11 11 -13 -14 -15 15 -17 -18 -19 -20 -21 -22 -23 -24 24 25 -27 -28 -29 -30 -31
leaf_value=0.055298270455857161 -0.017696245823441151 0.016598024368519735 0.090967449186295568 -0.046325545664718776 -0.043399720033113619 -0.089520516718265442 0.069916065038886907 0.076972087743112733 -0.076947823206700613 -0.038136790707279947 -0.066022326471778622 0.04059271243987056 0.12217407583298745 -0.078750869021576936 -0.062601122592043271 0.10331498891223362 0.051900789995733637 -0.084340815787634638 -0.042349603274604783 0.093037977415824036 0.091001631824739526 -0.062710014216968993 -0.068673112591349769 -0.0025112520156952093 0.1528706623789878 0.015226646437153886 -0.00078639950997941993 0.067948718612969194 -0.033151043942736651 0.090108436579038234
leaf_weight=107.94730484485626 207.01054625213146 69.98981536924839 6.0021539628505698 74.69382905960083 60.233614921569824 13.645031496882437 5.367431461811071 5.8076463639736193 7.9007376581430426 5.685734748840332 5.0728231370449057 89.501631692051888 10.845189645886419 3.8584518581628791 11.267537280917171 4.61527095735073 5.9009124487638482 35.17558228969574 8.8713701069354993 6.879314497113227 5.7811026573181143 6.5291377156972885 5.157420113682746 43.128150716423988 6.4880649894475919 28.461043983697891 4.3725347369909286 8.7431256175041181 34.624480277299881 7.3420642465353003
leaf_count=474 1204 366 29 516 367 84 28 33 47 35 24 402 46 22 71 20 31 243 48 34 31 42 31 220 32 141 22 44 183 36
internal_value=-0.000452939 0.0166961 0.0341238 -0.0318426 -0.0113414 0.000105676 -0.0258579 -0.0484051 -0.0194777 0.0200281 0.0496445 0.0348741 0.0614037 0.00873234 -0.0309251 0.00356818 -0.023246 -0.0584964 0.0166319 0.0234389 0.027827 -0.00287248 0.0111774 0.0141367 0.0106736 0.0361572 0.0910075 -5.08547e-06 -0.00698706 0.0109624
internal_weight=896.899 580.019 357.686 316.88 222.333 140.316 54.5753 33.0392 19.3941 11.4934 213.367 94.5745 118.792 21.5361 82.0173 21.7837 17.1684 109.869 85.7405 76.8691 17.6777 11.8966 144.319 139.162 133.159 39.3216 10.8606 93.8378 85.0947 50.4702
internal_count=4906 2943 1684 1963 1259 770 322 199 115 68 946 426 520 123 489 122 102 759 448 400 101 70 738 707 678 195 54 483 439 256
is_linear=0
shrinkage=0.1


Tree=7
num_leaves=31
num_cat=0
split_feature=6 10 10 7 7 16 23 8 21 11 84 0 47 67 52 82 59 61 12 42 0 15 0 55 54 130 81 14 5 7
split_gain=39.5727 22.7243 10.4696 10.0731 4.14674 4.94963 3.7924 3.8081 3.43123 4.10076 6.3569 6.58733 8.17156 8.33398 5.72967 4.46287 4.12649 7.08603 4.04081 3.79035 3.63901 3.6245 3.32632 4.80866 4.66564 3.69455 3.22741 5.82269 3.55815 3.19775
threshold=1.0000000180025095e-35 1.0000000180025095e-35 1.0000000180025095e-35 1.0000000180025095e-35 1.0000000180025095e-35 1.0000000180025095e-35 1.0000000180025095e-35 1.0000000180025095e-35 1.0000000180025095e-35 1.0000000180025095e-35 1.0000000180025095e-35 4.7556469440460214 1.0000000180025095e-35 1.0000000180025095e-35 1.0000000180025095e-35 1.0000000180025095e-35 1.0000000180025095e-35 1.0000000180025095e-35 1.0000000180025095e-35 1.0000000180025095e-35 10.035592079162599 1.0000000180025095e-35 12.581793308258058 1.0000000180025095e-35 1.0000000180025095e-35 1.0000000180025095e-35 1.0000000180025095e-35 1.0000000180025095e-35 1.0000000180025095e-35 1.0000000180025095e-35
decision_type=2 2 2 2 2 2 2 2 2 2 2 2 2 2 2 2 2 2 2 2 2 2 2 2 2 2 2 2 2 2
left_child=1 3 8 -1 5 -3 -7 -8 9 10 11 -2 14 -14 15 16 -13 20 22 -10 -18 -15 23 -11 -25 -26 27 -16 -28 -4
right_child=2 4 29 -5 -6 6 7 -9 19 18 -12 12 13 21 26 -17 17 -19 -20 -21 -22 -23 -24 24 25 -27 28 -29 -30 -31
leaf_value=0.044045016054979062 -0.042582975149236681 0.014833225140510893 -0.043049936802742376 0.0099675243308085838 -0.028484339104906987 0.069130312723473059 -0.054418111053729339 0.0019763419283709989 -0.076679160040092911 -0.081962145040375162 -0.08877227022580729 0.014877583173206138 -0.096519882240408 -0.021734571973896069 -0.020777550173552095 -0.017465275275747046 0.23005481113915716 0.057349497049085131 -0.0015588235968665147 0.027072818402427857 0.10017254721872385 0.077666752711841605 -0.089941235670000341 0.086632732242973298 -0.057015029303149924 0.057766351038210817 0.016161434874317482 0.11037081756064487 -0.12813465134303734 -0.080499910915068765
leaf_weight=216.23967772722244 21.088530316948891 86.379397392272949 72.459851861000061 144.84274438023567 80.339712962508202 4.0559717416763297 29.389942586421967 20.20619809627533 16.444595187902454 11.51898266375065 7.4092663228511801 6.8227542042732265 10.235346481204033 8.6332266181707364 9.1365249305963534 5.2554270327091208 4.9532703161239624 13.090232253074646 30.342093259096146 4.4805604964494696 3.8213911950588226 6.3785626143217096 13.670278027653692 4.674988105893136 11.070535361766813 3.7555786967277536 3.4400433897972098 5.3779818713665 3.3958147168159485 33.268747732043266
leaf_count=946 126 448 516 738 489 24 183 115 104 72 43 38 63 53 52 29 27 71 174 26 20 39 83 28 64 22 20 30 20 243
internal_value=-0.000464525 0.0149313 -0.0292744 0.0303753 -0.0103741 1.61738e-05 -0.0238391 -0.0314422 -0.0160918 -0.0117297 0.000651786 0.00717124 0.0201988 -0.0269398 0.0417223 0.0672526 0.0827724 0.103958 -0.0297228 -0.0544635 0.173491 0.0205014 -0.0488444 -0.0307335 -0.000473503 -0.0279399 0.00113404 0.0278161 -0.0555198 -0.054834
internal_weight=892.178 581.454 310.725 361.082 220.371 140.032 53.6521 49.5961 204.996 184.071 109.038 101.629 80.5406 25.2471 55.2934 33.9431 28.6876 21.8649 75.0325 20.9252 8.77466 15.0118 44.6904 31.0201 19.5011 14.8261 21.3504 14.5145 6.83586 105.729
internal_count=4906 2943 1963 1684 1259 770 322 298 1204 1074 631 588 462 155 307 185 156 118 443 130 47 92 269 186 114 86 122 82 40 759
is_linear=0
shrinkage=0.1


Tree=8
num_leaves=31
num_cat=0
split_feature=6 10 10 7 12 21 188 7 39 12 93 12 8 135 11 128 0 0 1 176 60 1 33 0 0 61 68 0 99 1
split_gain=32.6331 18.2243 9.05604 7.9863 3.86139 4.5885 3.75072 4.81194 6.5298 5.64034 5.52901 4.77172 4.52861 3.92706 5.43772 3.91373 3.97097 4.42393 4.11594 3.39137 3.26951 4.51403 7.15281 4.80196 4.48261 8.08664 4.30029 3.58564 3.26383 3.34517
threshold=1.0000000180025095e-35 1.0000000180025095e-35 1.0000000180025095e-35 1.0000000180025095e-35 1.0000000180025095e-35 1.0000000180025095e-35 1.0000000180025095e-35 1.0000000180025095e-35 1.0000000180025095e-35 1.0000000180025095e-35 1.0000000180025095e-35 1.0000000180025095e-35 1.0000000180025095e-35 1.0000000180025095e-35 1.0000000180025095e-35 1.0000000180025095e-35 10.380561351776125 8.7460646629333514 -0.51950716972351063 1.0000000180025095e-35 1.0000000180025095e-35 0.74826982617378246 1.0000000180025095e-35 4.1437373161315927 12.746064186096193 1.0000000180025095e-35 1.0000000180025095e-35 6.4298424720764169 1.0000000180025095e-35 -0.39082820713520044
decision_type=2 2 2 2 2 2 2 2 2 2 2 2 2 2 2 2 2 2 2 2 2 2 2 2 2 2 2 2 2 2
left_child=1 3 6 -1 19 20 7 8 11 12 -9 13 -10 15 -15 16 17 18 -2 -3 27 22 23 -22 28 -26 -27 -6 29 -25
right_child=2 4 -4 -5 5 -7 -8 10 9 -11 -12 -13 -14 14 -16 -17 -18 -19 -20 -21 21 -23 -24 24 25 26 -28 -29 -30 -31
leaf_value=0.03916035470550544 0.062961591299020889 -0.022651264883044506 -0.051322118436773714 0.0089281483951484351 0.029157648635822639 -0.053722440904440533 0.084289826392834194 -0.042844921758076165 -0.057895510317077105 -0.098300657841442013 0.092631945225688642 0.031475787784126776 0.044561238286324828 0.10817848922645051 -0.040048124623610203 -0.10623078331150695 -0.046831099163592398 0.08109480627925085 -0.069710873158503314 0.071542894108701738 0.12280359659079801 -0.075658208751592293 0.15588342525547588 -0.060957042343616534 -0.056668135377463319 0.19194738856435745 0.048567456592233105 -0.043886342116101901 -0.089660836226105337 0.036904407503375106
leaf_weight=218.74846239387989 3.6419902443885812 130.98408418893814 101.89362381398678 145.49763813614845 12.173770278692247 10.712275788187979 3.750714659690856 70.108309045433998 9.1073766350746155 12.128883019089701 3.1476784348487845 45.208494633436203 8.1967087090015411 5.624505862593649 4.4197452962398529 5.3891771733760825 18.597784101963043 6.9931262880563727 6.5326022058725366 3.9372188895940772 4.5856334120035163 3.5568419992923728 4.8528610318899146 5.0874698013067237 3.9462540894746754 3.9979611039161682 4.3873441517353058 15.0024516582489 4.5426024496555319 11.144843265414243
leaf_count=946 21 770 759 738 66 64 22 439 59 80 18 240 50 28 25 34 113 38 37 22 24 20 27 26 22 22 24 86 25 61
internal_value=-0.000479155 0.0133794 -0.0269992 0.0270841 -0.00942373 0.00740932 -0.0147814 -0.0166478 -0.0047863 -0.046013 -0.0370237 0.00780011 -0.00936315 -0.0131054 0.0429547 -0.0267875 -0.014817 0.0198639 -0.0222208 -0.0199025 0.016346 0.0325637 0.0416113 0.0268987 0.0136148 0.0613753 0.116928 -0.0111658 -0.0147349 0.00623304
internal_weight=887.898 583.158 304.741 364.246 218.912 83.9903 202.847 199.096 125.84 29.433 73.256 96.4074 17.3041 51.1989 10.0443 41.1547 35.7655 17.1677 10.1746 134.921 73.278 46.1018 42.545 37.6921 33.1065 12.3316 8.38531 27.1762 20.7749 16.2323
internal_count=4906 2943 1963 1684 1259 467 1204 1182 725 189 457 536 109 296 53 243 209 96 58 792 403 251 231 204 180 68 46 152 112 87
is_linear=0
shrinkage=0.1


Tree=9
num_leaves=31
num_cat=0
split_feature=6 10 10 12 105 7 19 68 0 0 5 0 14 129 99 0 7 62 26 12 138 14 113 26 67 0 0 0 0 11
split_gain=26.8374 14.6855 7.81352 7.06709 4.15159 3.79823 4.43934 4.26168 7.23656 5.95844 4.71927 6.14629 5.60155 4.10581 3.99251 3.90038 3.54502 4.105 5.90584 4.69391 3.66374 3.57705 3.54243 3.2477 3.78804 3.2641 9.46076 6.53792 10.2903 3.15395
threshold=1.0000000180025095e-35 1.0000000180025095e-35 1.0000000180025095e-35 1.0000000180025095e-35 1.0000000180025095e-35 1.0000000180025095e-35 1.0000000180025095e-35 1.0000000180025095e-35 8.2067074775695819 15.924708843231203 1.0000000180025095e-35 4.0561258792877206 1.0000000180025095e-35 1.0000000180025095e-35 1.0000000180025095e-35 13.726214885711672 1.0000000180025095e-35 1.0000000180025095e-35 1.0000000180025095e-35 1.0000000180025095e-35 1.0000000180025095e-35 1.0000000180025095e-35 1.0000000180025095e-35 1.0000000180025095e-35 1.0000000180025095e-35 13.726214885711672 15.368925571441652 8.4750170707702654 5.542778968811036 1.0000000180025095e-35
decision_type=2 2 2 2 2 2 2 2 2 2 2 2 2 2 2 2 2 2 2 2 2 2 2 2 2 2 2 2 2 2
left_child=1 3 -2 5 22 14 7 8 10 15 12 -12 13 -7 -1 -9 17 20 -19 29 -3 -21 23 24 25 27 -27 28 -5 -20
right_child=2 16 -4 4 -6 6 -8 9 -10 -11 11 -13 -14 -15 -16 -17 -18 18 19 21 -22 -23 -24 -25 -26 26 -28 -29 -30 -31
leaf_value=0.015360046063328268 -0.0135359410421048 -0.030430850878145461 -0.047939793012114144 0.087410403568331477 -0.036992330275503076 0.0086870444143100373 0.094508715740482752 0.018885029441465372 -0.055033288756157456 -0.0643617949880263 0.1382685882923248 0.0041329867439720922 0.037246160817202834 -0.11858231435113867 0.066338305010202575 0.13847414603502861 -0.025568790472191863 -0.014686139087127258 0.043708841992588787 0.10908213606340196 0.053025173792129593 0.01756116936663045 -0.022818181541322716 0.033642897046020852 0.090369640665129355 -0.11291655238475934 0.078634171720939838 0.11910725596488946 -0.088626807186432038 -0.022306905930428552
leaf_weight=97.534258186817169 200.7192720323801 46.674747228622437 98.363769114017487 8.110539838671686 6.80843162536621 4.1209803968667984 4.3080033659934989 5.6099750548601133 31.722118318080902 4.1003108918666831 5.460912123322486 9.1227772086858732 9.0585295259952545 6.5858238935470581 18.235324278473854 5.3073726892471313 78.641074240207672 38.59958179295063 15.426089182496071 12.155071139335634 5.9284292310476294 6.5836457610130301 7.8335739821195594 87.460800647735596 28.566468715667725 4.5957410484552366 5.874149814248085 10.882706448435782 5.6226816922426215 13.632671147584915
leaf_count=433 1204 266 759 36 31 21 22 28 163 21 28 46 45 35 77 26 489 210 87 63 33 36 36 389 126 21 26 49 25 75
internal_value=-0.000486688 0.0119789 -0.0248508 0.024186 0.039475 0.0115884 -0.00441052 -0.0096658 -0.0205954 0.0384198 0.0112087 0.0543605 -0.0206304 -0.0695972 0.0233898 0.0770222 -0.00860113 0.000998533 0.0144078 0.0379031 -0.0210253 0.0769272 0.0427504 0.0461494 0.0633339 0.0413218 -0.0054467 0.0612138 0.0153369 0.0127381
internal_weight=883.646 584.563 299.083 366.921 165.755 201.166 85.3968 81.0888 66.0711 15.0177 34.349 14.5837 19.7653 10.7068 115.77 10.9173 217.641 139 86.3971 47.7975 52.6032 18.7387 158.947 151.113 63.6523 35.0858 10.4699 24.6159 13.7332 29.0588
internal_count=4906 2943 1963 1684 739 945 435 413 338 75 175 74 101 56 510 54 1259 770 471 261 299 99 708 672 283 157 47 110 61 162
is_linear=0
shrinkage=0.1


Tree=10
num_leaves=31
num_cat=0
split_feature=6 10 10 231 7 174 104 1 39 32 73 13 82 14 26 54 7 1 0 0 151 0 62 7 16 133 54 11 26 99
split_gain=21.9471 11.801 6.76618 5.91897 6.11102 4.56197 4.22352 3.74356 4.29649 4.78694 9.19718 3.49081 4.70192 3.89761 5.33206 6.7008 3.18053 3.41534 3.1787 4.31186 3.16146 8.60141 3.37338 5.45048 5.28828 8.85014 4.36688 3.52956 3.37609 4.06724
threshold=1.0000000180025095e-35 1.0000000180025095e-35 1.0000000180025095e-35 1.0000000180025095e-35 1.0000000180025095e-35 1.0000000180025095e-35 1.0000000180025095e-35 0.87664461135864269 1.0000000180025095e-35 1.0000000180025095e-35 1.0000000180025095e-35 1.0000000180025095e-35 1.0000000180025095e-35 1.0000000180025095e-35 1.0000000180025095e-35 1.0000000180025095e-35 1.0000000180025095e-35 -0.38535249233245844 2.3791923522949223 2.7310061454772954 1.0000000180025095e-35 8.0862421989440936 1.0000000180025095e-35 1.0000000180025095e-35 1.0000000180025095e-35 1.0000000180025095e-35 1.0000000180025095e-35 1.0000000180025095e-35 1.0000000180025095e-35 1.0000000180025095e-35
decision_type=2 2 2 2 2 2 2 2 2 2 2 2 2 2 2 2 2 2 2 2 2 2 2 2 2 2 2 2 2 2
left_child=1 3 -2 4 5 6 -1 8 11 10 -10 -6 13 -13 -15 -16 17 -4 -3 -20 22 -22 24 28 25 27 -25 -21 29 -24
right_child=2 18 16 -5 7 -7 -8 -9 9 -11 -12 12 -14 14 15 -17 -18 -19 19 20 21 -23 23 26 -26 -27 -28 -29 -30 -31
leaf_value=0.035427687374027718 -0.012280581422984443 0.066709815651837173 -0.068935466860691574 0.12287394721829309 0.011973932532462525 -0.051320638111935907 -0.054275734206407904 -0.067149244419799789 0.189450518104891 0.015906950441011803 -0.0080615523349436384 -0.070365324981190691 0.058307946693055529 -0.0650141112248874 0.14844731876266856 -0.03597365911313035 -0.072069491648351955 -0.018235894275258107 -0.10598484203828934 -0.053286916565341159 0.16303134837270108 -0.024349798903660191 0.012467927417178731 -0.091872481097536401 -0.066202240508100627 0.09036821374872768 -0.013627798376049258 0.012143530391091447 0.032446207742758346 -0.062414190097031544
leaf_weight=206.12832739949226 199.19754965603352 5.5753870606422415 18.479982689023018 5.6814884245395652 60.327845945954323 6.5938607007265082 5.3858972340822211 7.0163599103689185 5.0850199908018094 28.666010662913322 4.3954700231552124 18.986923724412918 5.6414630115032187 7.0981977283954603 3.8660827875137329 4.0175436437129974 29.355087004601955 47.283266052603722 4.5588899552822104 21.987955644726753 3.9197454899549466 6.53209587931633 25.992231965065002 8.770610570907591 24.109114401042461 7.5809416919946662 38.197585806250572 13.190095707774161 45.973716393113136 10.061106190085409
leaf_count=877 1204 33 145 25 300 29 23 36 24 140 21 102 29 37 20 21 243 371 28 127 20 37 142 55 158 41 241 74 247 56
internal_value=-0.000482407 0.010718 -0.022758 0.0215944 0.0200102 0.03059 0.0331435 0.00410717 0.00772786 0.0362789 0.0978774 -0.00317013 -0.0262351 -0.0402759 -0.00214254 0.0544653 -0.0447 -0.0324829 -0.00781841 -0.0097889 -0.00766328 0.0459236 -0.0105228 -0.001074 -0.0287506 -0.00763395 -0.0282388 -0.0287536 0.0144804 -0.0084288
internal_weight=879.656 585.34 294.316 368.89 363.209 218.108 211.514 145.101 138.085 38.1465 9.48049 99.9381 39.6102 33.9687 14.9818 7.88363 95.1183 65.7632 216.449 210.874 206.315 10.4518 195.863 128.995 66.8681 42.759 46.9682 35.1781 82.0271 36.0533
internal_count=4906 2943 1963 1684 1659 929 900 730 694 185 45 509 209 180 78 41 759 516 1259 1226 1198 57 1141 741 400 242 296 201 445 198
is_linear=0
shrinkage=0.1


Tree=11
num_leaves=31
num_cat=0
split_feature=6 10 10 12 105 188 0 0 19 7 138 93 61 13 60 83 61 99 0 67 0 39 19 16 0 23 7 1 78 93
split_gain=17.9405 9.53203 5.84597 5.41732 3.36784 2.99127 4.37118 5.44895 4.83867 4.43903 5.19963 4.43538 4.24301 3.72428 3.65959 5.17563 4.45436 8.67641 3.78453 3.31893 4.52307 3.13998 2.93791 3.40755 3.21329 3.06404 2.89313 3.02943 3.0642 2.98297
threshold=1.0000000180025095e-35 1.0000000180025095e-35 1.0000000180025095e-35 1.0000000180025095e-35 1.0000000180025095e-35 1.0000000180025095e-35 15.181382656097414 14.591375827789308 1.0000000180025095e-35 1.0000000180025095e-35 1.0000000180025095e-35 1.0000000180025095e-35 1.0000000180025095e-35 1.0000000180025095e-35 1.0000000180025095e-35 1.0000000180025095e-35 1.0000000180025095e-35 1.0000000180025095e-35 11.108829498291017 1.0000000180025095e-35 16.954140663146976 1.0000000180025095e-35 1.0000000180025095e-35 1.0000000180025095e-35 16.954140663146976 1.0000000180025095e-35 1.0000000180025095e-35 -0.38535249233245844 1.0000000180025095e-35 1.0000000180025095e-35
decision_type=2 2 2 2 2 2 2 2 2 2 2 2 2 2 2 2 2 2 2 2 2 2 2 2 2 2 2 2 2 2
left_child=1 3 5 22 -5 6 7 8 9 10 14 -11 19 -12 15 18 17 21 -2 -8 -21 -16 23 -1 25 -25 27 28 -4 -29
right_child=2 -3 26 4 -6 -7 12 -9 -10 11 13 -13 -14 -15 16 -17 -18 -19 -20 20 -22 -23 -24 24 -26 -27 -28 29 -30 -31
leaf_value=0.017399211888927971 0.024802323603633488 -0.0071515136648037832 -0.082969167353979301 0.03549602866241746 -0.036419401995726124 0.075898351522751914 -0.064799973062655752 0.082520273956885548 -0.12145107040864329 -0.037373024239799581 -0.13028676295714922 0.08283757932619018 -0.097933131905920998 -0.0027682128891314368 0.049815175353569857 -0.094232378628545971 0.0037835447563966448 0.16988459077799611 -0.062571840842707158 -0.028996180292650164 0.1171400057570674 -0.049845225400629301 0.068725830436686217 0.076446197267732552 -0.09608563640998008 -0.0096176766215283344 -0.068548640869940711 -0.010288924551000176 0.03334217901835286 -0.11731810270371862
leaf_weight=110.9296246021986 22.068916127085689 215.13580387085676 14.928583636879923 161.18068589270115 6.7860554307699195 3.8717728406190863 8.2295267432928085 6.5809706449508658 3.8248851746320716 52.12986371666193 4.5987093895673734 3.2613681703805915 10.940708279609682 4.562688797712326 14.079957380890852 6.4185682088136664 31.897417359054089 5.59321005642414 6.3934622555971137 6.020331397652626 3.2674496322870255 4.0767959207296363 7.7388562858104697 4.3767527192831031 4.0609391927719107 75.416409537196159 27.855761401355267 43.91325880587101 2.67015317082405 2.7681710422039023
leaf_count=512 130 1259 123 708 31 22 52 38 27 342 27 18 69 25 76 41 182 31 41 36 20 27 36 20 20 357 243 349 22 22
internal_value=-0.000481431 0.00959076 -0.0208245 0.0193127 0.0325906 -0.011134 -0.0128714 -0.00664582 -0.0103386 -0.00759812 0.00501319 -0.0302952 -0.049074 -0.0667782 0.0122784 -0.0131168 0.0281967 0.0609848 0.00517559 -0.0185583 0.0224147 0.0274381 0.00830033 0.0058996 -0.00931311 -0.00489697 -0.0416302 -0.0299651 -0.0653219 -0.0166357
internal_weight=875.578 585.625 289.953 370.489 167.967 197.817 193.945 165.487 158.906 155.081 99.6897 55.3912 28.458 9.1614 90.5283 34.8809 55.6474 23.75 28.4624 17.5173 9.28778 18.1568 202.523 194.784 83.8541 79.7932 92.1359 64.2802 17.5987 46.6814
internal_count=4906 2943 1963 1684 739 1204 1182 1005 967 940 580 360 177 52 528 212 316 134 171 108 56 103 945 909 397 377 759 516 145 371
is_linear=0
shrinkage=0.1


Tree=12
num_leaves=31
num_cat=0
split_feature=6 12 10 176 7 0 68 81 13 55 0 81 5 0 0 14 97 0 0 140 1 54 49 67 82 13 61 11 105 5
split_gain=14.7909 8.08535 4.99149 4.32881 5.03264 5.21922 11.1967 5.67929 5.37772 4.67944 7.99282 6.44109 5.97264 4.12439 6.26962 3.80603 3.72921 5.13241 10.3681 7.40959 5.29143 5.21934 4.93322 4.479 5.24327 4.93243 4.15387 3.82699 3.46322 3.40333
threshold=1.0000000180025095e-35 1.0000000180025095e-35 1.0000000180025095e-35 1.0000000180025095e-35 1.0000000180025095e-35 8.8720054626464862 1.0000000180025095e-35 1.0000000180025095e-35 1.0000000180025095e-35 1.0000000180025095e-35 7.4620122909545907 1.0000000180025095e-35 1.0000000180025095e-35 2.6652977466583256 3.1252566576004033 1.0000000180025095e-35 1.0000000180025095e-35 10.260096073150637 9.7262148857116717 1.0000000180025095e-35 0.16662864387035373 1.0000000180025095e-35 1.0000000180025095e-35 1.0000000180025095e-35 1.0000000180025095e-35 1.0000000180025095e-35 1.0000000180025095e-35 1.0000000180025095e-35 1.0000000180025095e-35 1.0000000180025095e-35
decision_type=2 2 2 2 2 2 2 2 2 2 2 2 2 2 2 2 2 2 2 2 2 2 2 2 2 2 2 2 2 2
left_child=1 3 -2 4 13 9 -7 8 -8 10 11 12 -6 -1 -15 -13 17 18 -16 20 -19 27 -18 24 -23 26 -25 -22 -3 -27
right_child=2 28 -4 -5 5 6 7 -9 -10 -11 -12 15 -14 14 16 -17 22 19 -20 -21 21 23 -24 25 -26 29 -28 -29 -30 -31
leaf_value=-0.06225894670982806 -0.01021670240228925 0.02458574276976171 -0.038725698100689654 0.064940278451480551 -0.10165638257146353 -0.068575519150601089 0.094683741863875792 -0.047009906012554975 -0.02636869342963007 -0.023729181752569089 0.1639210588829717 0.0078997685169269732 0.035651453219246822 0.10213484589050517 0.0013291043722591662 0.12394259954173621 -0.080760116753373939 0.12537185565882164 -0.14945843914794085 0.12206267072330375 -0.067555629681932364 0.083676188866041473 0.042344238159382402 -0.015841473681291983 -0.036062692570642339 0.011384555111102526 0.10123414749099756 0.0092364505718990908 -0.033336258664403561 -0.10708901950317387
leaf_weight=8.3495690375566465 196.18248971551657 241.73958677053452 89.400065422058105 9.4990119040012342 6.8347939252853429 43.376254111528397 10.250676199793814 9.2845985144376755 5.7164294719696054 31.512049898505211 3.9687222093343726 5.6761353760957718 5.9048160761594772 7.0427657365798941 76.389648482203484 5.6297155171632767 10.266681224107741 4.3517320454120627 4.8495023101568213 7.5490984022617331 11.312365040183067 19.874132543802265 4.7665714770555487 6.1386453062295914 4.4817470312118521 4.4287630915641785 5.985454186797142 15.222696349024773 10.783144667744635 5.3584236949682236
leaf_count=42 1204 1152 759 47 40 253 57 54 33 172 21 32 33 34 374 29 50 21 23 35 60 95 23 31 22 22 29 78 54 27
internal_value=-0.000477848 0.0086092 -0.0191413 -0.00159931 -0.00354698 -0.018962 -0.0377569 0.0151819 0.0513454 0.00270668 0.0324433 0.0107428 -0.0380141 0.00651323 0.00956729 0.065683 0.00596497 0.0102856 -0.00767203 0.0275088 0.0182573 0.0118545 -0.0417276 0.0321318 0.0616429 -0.000671876 0.0419567 -0.0235014 0.0221124 -0.053479
internal_weight=872.126 586.544 285.583 334.021 324.522 128.154 68.628 25.2517 15.9671 59.5262 28.0142 24.0455 12.7396 196.368 188.018 11.3059 180.975 165.942 81.2392 84.7031 77.154 72.8022 15.0333 46.2672 24.3559 21.9113 12.1241 26.5351 252.523 9.78719
internal_count=4906 2943 1963 1737 1690 724 397 144 90 327 155 134 73 966 924 61 890 817 397 420 385 364 73 226 117 109 60 138 1206 49
is_linear=0
shrinkage=0.1


Tree=13
num_leaves=31
num_cat=0
split_feature=6 10 118 231 83 0 12 0 7 174 105 104 10 100 83 0 8 21 54 9 0 14 81 84 97 5 12 99 88 81
split_gain=12.0517 7.54447 5.07372 5.37275 4.59602 5.81884 5.32258 6.08414 3.93019 3.80836 3.53457 3.43035 3.39359 3.55419 3.28993 3.67056 5.12925 3.25346 4.72888 4.27815 4.37501 7.44435 4.16769 4.08782 3.935 4.28681 7.09186 3.12323 3.38043 3.1066
threshold=1.0000000180025095e-35 1.0000000180025095e-35 1.0000000180025095e-35 1.0000000180025095e-35 1.0000000180025095e-35 8.3682408332824725 1.0000000180025095e-35 12.643394947052004 1.0000000180025095e-35 1.0000000180025095e-35 1.0000000180025095e-35 1.0000000180025095e-35 1.0000000180025095e-35 1.0000000180025095e-35 1.0000000180025095e-35 9.7262148857116717 1.0000000180025095e-35 1.0000000180025095e-35 1.0000000180025095e-35 1.0000000180025095e-35 14.591375827789308 1.0000000180025095e-35 1.0000000180025095e-35 1.0000000180025095e-35 1.0000000180025095e-35 1.0000000180025095e-35 1.0000000180025095e-35 1.0000000180025095e-35 1.0000000180025095e-35 1.0000000180025095e-35
decision_type=2 2 2 2 2 2 2 2 2 2 2 2 2 2 2 2 2 2 2 2 2 2 2 2 2 2 2 2 2 2
left_child=1 2 3 8 10 -6 -7 -8 9 11 12 14 13 -2 27 16 -16 19 22 20 23 -22 -19 -14 25 26 -21 28 -1 -29
right_child=4 -3 -4 -5 5 6 7 -9 -10 -11 -12 -13 17 -15 15 -17 -18 18 -20 24 21 -23 -24 -25 -26 -27 -28 29 -30 -31
leaf_value=0.012704001983148833 -0.0042375698225497567 -0.0072353203869078529 -0.088988585974747195 0.11440014613095742 -0.087734036661049578 -0.048235966001368202 0.16465766406118965 -0.022979117978029411 0.00328176100644935 -0.050458750601455674 -0.076081701175473415 -0.052256057278436588 -0.07987439375136561 0.092500155523701069 -0.020672584018838962 0.088869217896861571 0.082465780000794076 0.17279480616918441 -0.060455504530669238 -0.070361840390145106 -0.066561792755576499 0.14833416032995414 -0.0024664734914964376 0.058132643063253026 -0.11555427871527851 0.079292642881311395 0.083238235562913362 0.070319254844833631 0.077862108981185077 -0.0050452941229465866
leaf_weight=130.28218802809715 157.30431163311005 214.87462459504604 4.5215028375387183 5.6448039114475241 19.624697886407375 13.552892915904524 3.0696672424674025 3.9539852812886238 144.28787606954575 6.562971130013465 8.3774074986577016 5.3376417309045783 31.25299010425806 3.8919159173965445 10.671710625290871 17.680489659309387 8.7963381111621857 2.7750205472111684 3.6196785047650337 8.9461975842714363 4.1073591709136954 2.6534055396914482 2.6549357697367668 2.3045595362782469 2.6673212274909011 6.6657861545681945 4.5269814953207961 22.82554824650288 8.4805258810520154 7.1932220906019202
leaf_count=552 970 1259 21 24 139 98 20 27 721 29 58 23 276 20 45 74 37 24 31 79 36 23 23 20 23 57 39 93 35 30
internal_value=-0.00047498 0.00768512 0.0162969 0.0175913 -0.0174684 -0.0487772 -0.0116225 0.059027 0.0160822 0.0245611 -0.0122619 0.0268915 -0.00997095 -0.00190194 0.028943 0.0558847 0.0259289 -0.0279925 0.0280819 -0.0360315 -0.0556111 0.0177787 0.0871021 -0.0703968 -0.0014174 0.0136996 -0.0187523 0.0230132 0.0166862 0.0522601
internal_weight=869.109 587.159 372.285 367.763 281.949 40.2012 20.5765 7.02365 362.119 217.831 241.748 211.268 233.37 161.196 205.93 37.1485 19.468 72.1742 9.04963 63.1246 40.3183 6.76076 5.42996 33.5575 22.8063 20.139 13.4732 168.781 138.763 30.0188
internal_count=4906 2943 1684 1663 1963 284 145 47 1639 918 1679 889 1621 990 866 156 82 631 78 553 355 59 47 296 198 175 118 710 587 123
is_linear=0
shrinkage=0.1


Tree=14
num_leaves=31
num_cat=0
split_feature=6 114 12 118 151 10 176 7 16 54 0 67 0 0 68 81 13 55 0 81 5 42 15 81 0 0 1 5 14 50
split_gain=9.9303 6.70866 6.55699 4.0688 4.67718 4.11338 3.34339 3.43953 3.95099 3.89948 4.79939 10.115 4.65986 3.81269 9.6918 4.15749 3.82727 3.74586 5.8849 5.14025 5.14818 3.45135 3.32243 3.17417 3.16851 11.3364 5.45763 4.12248 4.64202 7.50717
threshold=1.0000000180025095e-35 1.0000000180025095e-35 1.0000000180025095e-35 1.0000000180025095e-35 1.0000000180025095e-35 1.0000000180025095e-35 1.0000000180025095e-35 1.0000000180025095e-35 1.0000000180025095e-35 1.0000000180025095e-35 6.7802875041961679 1.0000000180025095e-35 7.4620122909545907 8.8720054626464862 1.0000000180025095e-35 1.0000000180025095e-35 1.0000000180025095e-35 1.0000000180025095e-35 7.4620122909545907 1.0000000180025095e-35 1.0000000180025095e-35 1.0000000180025095e-35 1.0000000180025095e-35 1.0000000180025095e-35 2.7748117446899419 3.4195755720138554 -0.50079855322837818 1.0000000180025095e-35 1.0000000180025095e-35 1.0000000180025095e-35
decision_type=2 2 2 2 2 2 2 2 2 2 2 2 2 2 2 2 2 2 2 2 2 2 2 2 2 2 2 2 2 2
left_child=1 2 6 4 5 -2 7 8 24 10 11 -10 -11 17 -15 16 -16 18 19 20 -9 -12 -8 -13 -1 -26 -27 -28 29 -29
right_child=3 -3 -4 -5 -6 -7 22 13 9 12 21 23 -14 14 15 -17 -18 -19 -20 -21 -22 -23 -24 -25 25 26 27 28 -30 -31
leaf_value=-0.048221675912564772 -0.0064461738583878369 -0.10228951441528436 0.020136304944487531 0.096834853059276679 -0.082749263187286912 -0.033487717457844866 0.11834222998848723 -0.097094781118009538 0.14143798355733939 -0.049659164085612204 -0.09271316188773493 -0.093394178340451064 0.024320497575537527 -0.062684408241410625 0.081421055514636187 -0.039446453480898952 -0.021363527609359289 -0.021624041714237537 0.13707927727156893 0.057364275930942524 0.031518349013129596 -0.0070565759483346251 0.0012948686168404479 0.0081242401140866616 0.17092115951144687 -0.063734752540383008 0.043709536839489249 -0.013292744537742877 -0.037573052327184914 0.098592130916642803
leaf_weight=6.7732213139533988 183.95611955225468 5.5727837681770316 251.0886170938611 3.1586982533335677 10.505478657782076 81.029665388166904 4.5856079906225187 6.4583906680345571 4.1367775201797494 10.929161526262758 14.796382635831835 5.7675924003124237 38.533594861626625 40.697377622127533 10.678994193673136 8.6193795353174227 5.4826020151376715 31.135129228234291 4.252506583929061 11.605835139751434 6.0071894377470016 6.8965113312005988 5.1472831815481186 6.6093814298510551 4.8927332609891883 8.0877848565578443 44.155825257301331 16.240574285387993 18.569195225834846 9.507856637239458
leaf_count=32 1138 31 1191 21 79 725 23 40 20 55 80 31 190 246 57 51 32 172 21 61 33 38 24 37 22 38 209 76 89 44
internal_value=-0.000469357 0.00690763 0.00795383 -0.0160156 -0.0173096 -0.0147152 -0.0012996 -0.00305124 0.00521756 -0.0105616 -0.0345582 0.00606368 0.00797414 -0.0160164 -0.0326631 0.0166403 0.0465528 0.00231561 0.0286313 0.00947269 -0.0351158 -0.0654816 0.0564412 -0.0391827 0.0179995 0.0224205 0.014896 0.022084 0.000537409 0.0280218
internal_weight=865.878 587.228 581.656 278.65 275.491 264.986 330.567 320.834 195.897 87.6694 38.2066 16.5138 49.4628 124.937 65.4784 24.781 16.1616 59.4591 28.3239 24.0714 12.4656 21.6929 9.73289 12.377 108.227 101.454 96.5612 88.4735 44.3176 25.7484
internal_count=4906 2943 2912 1963 1942 1863 1721 1674 961 451 206 88 245 713 386 140 89 327 155 134 73 118 47 68 510 478 456 418 209 120
is_linear=0
shrinkage=0.1


Tree=15
num_leaves=31
num_cat=0
split_feature=10 6 94 34 8 54 26 0 26 0 118 231 42 0 0 5 82 0 14 6 32 1 39 26 129 140 24 174 0 81
split_gain=8.37619 5.83366 4.17714 4.92905 4.01706 6.0066 5.75988 4.3009 4.25098 7.13505 4.00665 4.03206 3.98051 5.43096 6.32723 4.76909 4.70952 4.44467 4.22187 5.007 3.55556 5.08957 4.79415 4.76398 5.34054 4.31584 3.55549 4.41048 3.49066 3.76541
threshold=1.0000000180025095e-35 1.0000000180025095e-35 1.0000000180025095e-35 1.0000000180025095e-35 1.0000000180025095e-35 1.0000000180025095e-35 1.0000000180025095e-35 15.51813840866089 1.0000000180025095e-35 3.5961669683456425 1.0000000180025095e-35 1.0000000180025095e-35 1.0000000180025095e-35 4.507871389389039 2.6652977466583256 1.0000000180025095e-35 1.0000000180025095e-35 7.7577002048492441 1.0000000180025095e-35 1.0000000180025095e-35 1.0000000180025095e-35 0.14426952600479129 1.0000000180025095e-35 1.0000000180025095e-35 1.0000000180025095e-35 1.0000000180025095e-35 1.0000000180025095e-35 1.0000000180025095e-35 17.166323661804203 1.0000000180025095e-35
decision_type=2 2 2 2 2 2 2 2 2 2 2 2 2 2 2 2 2 2 2 2 2 2 2 2 2 2 2 2 2 2
left_child=1 10 4 -4 5 8 7 -6 9 -2 11 26 13 14 -8 -16 18 -18 19 -15 21 23 25 24 -7 28 -1 -28 29 -23
right_child=2 -3 3 -5 6 20 12 -9 -10 -11 -12 -13 -14 16 15 -17 17 -19 -20 -21 -22 22 -24 -25 -26 -27 27 -29 -30 -31
leaf_value=0.054959140291637731 0.12456681116320521 -0.0074441859337543688 -0.074626306099210379 0.048713323042479641 -0.0089045960099366321 -0.11196272531948021 0.098397788714527701 -0.094593346543739132 -0.05421706644675877 -0.02576975901509709 -0.08163094839684136 0.098093621874578402 -0.030922834837187819 0.0393302958552268 -0.10361068699835936 0.04216990229906295 0.22023176411881421 0.054137971354160153 -0.019767841334448075 0.15995942751558812 -0.048742292802477452 0.051316985583021037 0.13494794797645385 0.010952436583918703 0.019981067204188997 0.11679341588186115 0.012861263292511077 -0.077164198422604455 -0.091830846176341463 -0.027401812886718752
leaf_weight=19.830727934837341 3.5880690068006542 192.71824016422033 19.749903999269012 3.8759787529706946 36.802185036242008 8.7919947206974012 3.577450454235076 6.966257467865943 57.466770447790623 26.27443166077137 4.331580087542533 5.7634630650281897 10.410720020532606 16.252807527780536 6.8899206891655904 3.328011266887188 3.1470363959670058 3.3012004643678665 8.2527759745717066 4.3650346621870986 13.028476178646086 15.042566411197189 4.1609867811202994 19.997447647154331 4.7116133421659461 4.1048133149743071 337.30777618288994 5.5312011837959281 3.1688781082630149 10.194743283092976
leaf_count=88 25 1204 140 24 239 63 26 50 412 181 21 24 70 92 43 20 20 21 54 39 90 99 26 134 32 28 1525 26 22 68
internal_value=-0.000463749 0.00668174 -0.0140481 -0.0543916 -0.0105672 -0.0199937 0.00499549 -0.022543 -0.0383126 -0.00770637 0.0139848 0.0151089 0.0252444 0.0371501 -0.0160571 -0.0561295 0.0579326 0.135199 0.0406751 0.0648689 -0.000766018 0.00814136 0.0338819 -0.0200355 -0.0659255 0.0209467 0.0137902 0.0114088 0.00709648 0.0195181
internal_weight=862.933 565.483 297.45 23.6259 273.824 170.531 103.293 43.7684 87.3293 29.8625 372.765 368.433 59.525 49.1142 13.7954 10.2179 35.3189 6.44824 28.8706 20.6178 83.2015 70.173 36.672 33.5011 13.5036 32.511 362.67 342.839 28.4062 25.2373
internal_count=4906 2888 2018 164 1854 1180 674 289 618 206 1684 1663 385 315 89 63 226 41 185 131 562 472 243 229 95 217 1639 1551 189 167
is_linear=0
shrinkage=0.1


Tree=16
num_leaves=31
num_cat=0
split_feature=7 197 16 0 23 199 6 10 63 11 8 73 9 140 79 53 177 71 83 0 61 9 56 11 134 5 8 99 0 95
split_gain=7.24832 8.00741 5.38841 6.71668 8.4561 5.31528 5.22613 5.20201 4.95336 4.42971 4.32706 5.48496 4.7618 3.85627 4.01507 4.83489 6.7866 5.65695 5.30553 4.33558 4.76317 7.54869 4.89249 6.61234 4.8712 4.5715 4.43981 3.93921 3.83254 3.81858
threshold=1.0000000180025095e-35 1.0000000180025095e-35 1.0000000180025095e-35 17.498972892761234 1.0000000180025095e-35 1.0000000180025095e-35 1.0000000180025095e-35 1.0000000180025095e-35 1.0000000180025095e-35 1.0000000180025095e-35 1.0000000180025095e-35 1.0000000180025095e-35 1.0000000180025095e-35 1.0000000180025095e-35 1.0000000180025095e-35 1.0000000180025095e-35 1.0000000180025095e-35 1.0000000180025095e-35 1.0000000180025095e-35 11.560575008392336 1.0000000180025095e-35 1.0000000180025095e-35 1.0000000180025095e-35 1.0000000180025095e-35 1.0000000180025095e-35 1.0000000180025095e-35 1.0000000180025095e-35 1.0000000180025095e-35 10.709103107452394 1.0000000180025095e-35
decision_type=2 2 2 2 2 2 2 2 2 2 2 2 2 2 2 2 2 2 2 2 2 2 2 2 2 2 2 2 2 2
left_child=1 2 13 4 -4 6 -2 8 9 -6 12 -12 -11 14 15 16 17 19 -17 20 21 28 23 24 -23 -24 -21 29 -1 -22
right_child=5 -3 3 -5 7 -7 -8 -9 -10 10 11 -13 -14 -15 -16 18 -18 -19 -20 26 27 22 25 -25 -26 -27 -28 -29 -30 -31
leaf_value=0.0070396059315411368 -0.0058942075088641169 -0.10641750942170276 0.076392309874529385 -0.10843215650604053 0.015619719523848483 0.084736273366074533 -0.034401368602407875 -0.029555501227938898 0.094222237005978149 -0.073307219843215088 -0.035850859383990484 0.077950965193807842 0.0058908963576797943 0.053534002801609581 -0.025839809430166352 0.030662244293919075 -0.11888196850385213 -0.033939935932671805 0.12385394581566656 0.022895694423029939 0.013279909565239093 -0.035866362154036414 0.05380377754416682 0.079599352371506352 0.074349782863494571 0.1524042573955299 0.1395446438698171 -0.071531355798036197 -0.092792820318675362 -0.07986933587886845
leaf_weight=61.026597984135151 219.84058133512735 6.2052673399448386 13.125435896217821 6.0237213969230643 77.601633347570896 5.5229907035827628 90.899540804326534 65.491948135197163 5.9280399754643431 20.511852115392685 8.9055503830313683 8.0758331492543221 12.052591703832148 25.317032031714916 24.568835832178593 53.727148853242397 4.0570496544241896 23.97270493209362 6.8928136005997649 7.6554926112294179 32.940499939024448 15.592068620026113 12.751349091529848 14.893566131591795 5.3983883410692206 7.4491372928023329 5.6866264119744301 9.3772939890623075 4.104025036096572 5.0795585066080085
leaf_count=330 1209 35 72 35 372 34 695 463 29 100 46 39 60 129 139 283 23 127 38 42 176 85 65 78 29 36 31 52 23 31
internal_value=-0.000464618 0.00652993 0.00783216 -0.0043078 -0.00134494 -0.012505 -0.0142333 -0.00648343 0.00487129 0.000705455 -0.0226542 0.0182699 -0.0439948 0.0160791 0.0128666 0.0163809 0.00919895 0.0117223 0.0412586 0.0177384 0.0133962 0.0239061 0.0507985 0.0286383 -0.00752065 0.0901637 0.0726134 -0.0134823 0.000748943 0.000834978
internal_weight=860.675 544.412 538.207 217.717 211.693 316.263 310.74 198.567 133.076 127.147 49.5458 16.9814 32.5644 320.49 295.173 270.604 209.984 205.927 60.62 181.955 168.612 121.215 56.0845 35.884 20.9905 20.2005 13.3421 47.3974 65.1306 38.0201
internal_count=4906 2968 2933 1216 1181 1938 1904 1109 646 617 245 85 160 1717 1588 1449 1128 1105 321 978 905 646 293 192 114 101 73 259 353 207
is_linear=0
shrinkage=0.1


Tree=17
num_leaves=31
num_cat=0
split_feature=6 114 12 83 0 12 0 105 105 102 81 16 14 0 9 5 8 0 1 53 68 0 80 82 26 5 69 26 13 0
split_gain=6.58828 5.22656 5.28667 3.83358 5.30896 4.2111 4.77087 3.28783 3.04477 3.1937 3.8957 5.36263 4.79192 5.2656 4.20416 3.9952 6.15015 4.44854 6.99658 5.77302 3.97616 5.47762 5.05933 4.77752 5.11077 4.38902 3.64651 4.44557 3.32765 3.08951
threshold=1.0000000180025095e-35 1.0000000180025095e-35 1.0000000180025095e-35 1.0000000180025095e-35 8.3682408332824725 1.0000000180025095e-35 12.643394947052004 1.0000000180025095e-35 1.0000000180025095e-35 1.0000000180025095e-35 1.0000000180025095e-35 1.0000000180025095e-35 1.0000000180025095e-35 9.3497605323791522 1.0000000180025095e-35 1.0000000180025095e-35 1.0000000180025095e-35 4.6392881870269784 -0.27872842550277704 1.0000000180025095e-35 1.0000000180025095e-35 11.741273403167726 1.0000000180025095e-35 1.0000000180025095e-35 1.0000000180025095e-35 1.0000000180025095e-35 1.0000000180025095e-35 1.0000000180025095e-35 1.0000000180025095e-35 10.120465755462648
decision_type=2 2 2 2 2 2 2 2 2 2 2 2 2 2 2 2 2 2 2 2 2 2 2 2 2 2 2 2 2 2
left_child=1 2 -1 7 -5 -6 -7 -2 9 10 11 15 20 -14 -15 17 -17 -4 -19 29 21 22 23 24 -12 -26 -21 -28 -11 -20
right_child=3 -3 8 4 5 6 -8 -9 -10 28 12 -13 13 14 -16 16 -18 18 19 26 -22 -23 -24 -25 25 -27 27 -29 -30 -31
leaf_value=-0.0019411358442521253 -0.0063291787812361916 -0.094421541880607474 -0.053519203394930916 -0.082173578399021563 -0.041698086090404346 0.14369439060765474 -0.02059292863841836 -0.071816367862784405 -0.034728483707780894 0.014235177232011712 0.074556833695467256 -0.014394109459516389 0.036611601652713391 0.076773701049792559 0.19720001706405221 0.019947760374647516 0.10501393019294213 0.11324718592091461 0.01620941015130704 -0.0088348463663124373 -0.060010695431722175 0.11959946076112425 0.080111809179190058 -0.085309445996883115 -0.056356711358396719 0.040995054683256538 0.026816365923902248 0.16158627635327238 -0.088179922096565652 -0.056908308554460246
leaf_weight=328.84226115047932 226.81041024625301 5.1866339072585097 9.28175041079521 17.994888409972191 12.680945277214052 3.2514775767922393 3.8732874542474747 7.9347049817442885 10.763257026672362 7.6061429977416974 9.849569961428644 49.479595959186554 18.376981489360336 7.9429686665534955 4.5649948269128799 22.270333051681519 13.744368471205233 7.1582300812005917 10.114399105310449 6.0179008990526173 5.3945459723472586 6.0477772653102866 10.16507078707218 5.5334257781505576 10.721484467387199 8.1524274274706841 5.2202009558677673 4.6083229184150696 5.4427659213542938 13.481689020991324
leaf_count=1721 1621 31 42 139 98 20 27 58 54 38 47 244 83 37 21 104 63 32 49 28 27 28 49 26 50 36 24 21 25 63
internal_value=-0.000457061 0.00551736 0.00640986 -0.0133019 -0.042857 -0.00713503 0.0543817 -0.00854274 0.01731 0.0196324 0.0223846 0.0121481 0.0390671 0.0706765 0.120725 0.0264391 0.0524117 0.00970048 0.0222923 0.00578537 0.0215917 0.0303139 0.0181582 -0.000225331 0.0161657 -0.0143064 0.05247 0.0900062 -0.0284827 -0.0255666
internal_weight=858.513 585.967 580.78 272.546 37.8006 19.8057 7.12477 234.745 251.938 241.175 228.126 141.377 86.7492 30.8849 12.508 91.8972 36.0147 55.8825 46.6007 39.4425 55.8643 50.4698 44.422 34.2569 28.7235 18.8739 15.8464 9.82852 13.0489 23.5961
internal_count=4906 2943 2912 1963 284 145 47 1679 1191 1137 1074 670 404 141 58 426 167 259 217 185 263 236 208 159 133 86 73 45 63 112
is_linear=0
shrinkage=0.1


Tree=18
num_leaves=31
num_cat=0
split_feature=10 107 16 0 24 7 104 214 0 1 5 1 54 8 0 8 81 137 67 73 138 16 53 55 0 9 0 74 67 61
split_gain=6.50159 4.55392 4.45877 5.97455 4.28228 3.7225 3.55768 3.5233 3.80438 7.40381 4.14659 4.7865 3.58309 3.54589 3.51804 5.6606 3.82534 3.45556 5.2534 3.21185 3.1721 2.90844 3.3439 5.31848 4.10112 4.0291 5.26592 4.22257 6.35326 4.89332
threshold=1.0000000180025095e-35 1.0000000180025095e-35 1.0000000180025095e-35 17.498972892761234 1.0000000180025095e-35 1.0000000180025095e-35 1.0000000180025095e-35 1.0000000180025095e-35 5.1238877773284921 -0.34367632865905756 1.0000000180025095e-35 -0.46931324899196619 1.0000000180025095e-35 1.0000000180025095e-35 6.7118411064147958 1.0000000180025095e-35 1.0000000180025095e-35 1.0000000180025095e-35 1.0000000180025095e-35 1.0000000180025095e-35 1.0000000180025095e-35 1.0000000180025095e-35 1.0000000180025095e-35 1.0000000180025095e-35 16.425735473632816 1.0000000180025095e-35 11.560575008392336 1.0000000180025095e-35 1.0000000180025095e-35 1.0000000180025095e-35
decision_type=2 2 2 2 2 2 2 2 2 2 2 2 2 2 2 2 2 2 2 2 2 2 2 2 2 2 2 2 2 2
left_child=2 5 7 4 19 21 -6 8 10 13 20 12 -12 -10 15 -7 -17 -11 -19 -4 -1 22 24 -24 25 26 -2 29 -29 -27
right_child=1 -3 3 -5 6 14 -8 -9 9 17 11 -13 -14 -15 -16 16 -18 18 -20 -21 -22 -23 23 -25 -26 27 -28 28 -30 -31
leaf_value=-0.036109653127314338 -0.033727047326590431 0.11236766501769556 0.015144892135183384 -0.10605798362412051 -0.0034804353040037992 -0.035544824069658455 -0.07825383878160419 -0.078858708453165657 0.11672695881450797 0.017396628506210206 0.063598284593773355 -0.074060689739862018 -0.014123506333778742 0.033894269539398135 -0.0436830587120767 -0.027728746254171689 0.088877889559071971 -0.12708356602221058 0.027077725679574938 0.11989656901310411 0.040385772107460527 -0.02176161530562977 -0.033495983262508702 0.062108006205236557 -0.10352998528245877 0.024358970361083039 0.061891597125674526 -0.013319762208824035 0.1487786191462947 -0.072211753217826469
leaf_weight=37.952490948140621 41.790015995502472 2.8910822495818129 7.8008861541748029 5.70751067996025 200.55323234200478 20.816494487226009 6.5716665834188452 4.1146464794874182 10.870910704135895 228.59055886417627 18.128366887569435 4.4242397695779792 8.8162839189171773 9.8512238338589668 63.152049779891968 4.2510558590292904 8.3185833469033241 4.2153666615486127 4.6477050632238388 4.6849881410598755 6.3242794573307028 71.632706895470619 8.2477344721555728 19.758786857128143 4.0752524062991133 25.003670282661918 6.6802428588271132 4.2440670952200872 5.6192926093935966 6.6405433416366568
leaf_count=199 274 18 39 32 1035 150 35 21 52 1164 93 20 45 52 494 32 48 21 25 22 33 515 49 117 26 153 40 27 34 41
internal_value=-0.000438938 -0.0125172 0.0058467 -0.00504948 -0.00242435 -0.0137613 -0.00585285 0.0131117 0.0142453 0.0200239 -0.00547667 0.0223391 0.0381677 0.0773486 -0.029803 -0.00354809 0.0494415 0.0150213 -0.0462429 0.0544501 -0.0251834 -0.00576587 0.00362149 0.0339533 -0.00541051 -0.000966504 -0.0205487 0.0219006 0.0790299 0.00409359
internal_weight=856.376 293.122 563.254 225.318 219.611 290.23 207.125 337.936 333.821 258.176 75.6457 31.3689 26.9447 20.7221 96.5382 33.3861 12.5696 237.454 8.86307 12.4859 44.2768 193.692 122.06 28.0065 94.0531 89.9778 48.4703 41.5076 9.86336 31.6442
internal_count=4906 2018 2888 1163 1131 2000 1070 1725 1704 1314 390 158 138 104 724 230 80 1210 46 61 232 1276 761 166 595 569 314 255 61 194
is_linear=0
shrinkage=0.1


Tree=19
num_leaves=31
num_cat=0
split_feature=6 114 12 85 29 44 83 0 12 0 78 0 8 55 105 102 81 16 40 5 8 0 1 53 7 0 13 61 67 0
split_gain=5.50975 4.34422 4.20896 3.51512 3.52965 3.95863 3.21088 4.45236 4.09894 2.91302 2.75358 4.88812 4.20086 4.11413 2.56421 2.57529 2.97529 3.90169 3.86008 3.10839 4.71313 3.2661 5.6194 4.57268 3.04156 2.94333 2.61427 2.61382 3.96203 2.78065
threshold=1.0000000180025095e-35 1.0000000180025095e-35 1.0000000180025095e-35 1.0000000180025095e-35 1.0000000180025095e-35 1.0000000180025095e-35 1.0000000180025095e-35 8.3682408332824725 1.0000000180025095e-35 13.882272243499758 1.0000000180025095e-35 8.5516767501831072 1.0000000180025095e-35 1.0000000180025095e-35 1.0000000180025095e-35 1.0000000180025095e-35 1.0000000180025095e-35 1.0000000180025095e-35 1.0000000180025095e-35 1.0000000180025095e-35 1.0000000180025095e-35 4.6392881870269784 -0.27872842550277704 1.0000000180025095e-35 1.0000000180025095e-35 14.47091054916382 1.0000000180025095e-35 1.0000000180025095e-35 1.0000000180025095e-35 7.0266940593719491
decision_type=2 2 2 2 2 2 2 2 2 2 2 2 2 2 2 2 2 2 2 2 2 2 2 2 2 2 2 2 2 2
left_child=1 2 10 4 -2 -6 -7 -8 -9 -10 -1 12 -12 -14 15 16 17 19 27 21 -21 -4 -23 -24 25 -25 -17 29 -29 -18
right_child=3 -3 14 -5 5 6 7 8 9 -11 11 -13 13 -15 -16 26 18 -19 -20 20 -22 22 23 24 -26 -27 -28 28 -30 -31
leaf_value=-0.004461443532392504 0.063202743068607931 -0.089014268870443489 -0.046458003114162691 -0.098990488133986254 -0.083459481914834696 -0.0059384390676917431 -0.076969971880189725 -0.040119357195102325 0.12183274061948426 -0.015455545970829432 -0.038963933619412715 0.10267044029836277 0.10162859782915515 -0.02562076008390643 -0.032516514791384565 0.011588334424916774 0.0342306465568478 -0.011695735512341279 0.10130654614111614 0.017444745807837888 0.091351655325836306 0.099595155998674439 -0.024032301321384283 -0.047113591885339978 0.10113152932365306 0.061794104004520747 -0.079964954627393961 0.0022465299723486965 0.087396736997767038 -0.011390791226831518
leaf_weight=299.59918115288019 6.3015396520495406 4.8713078647851935 9.0821900069713575 4.5920277908444396 7.639390915632247 217.68824875354767 16.165887087583542 11.344585776329042 3.4707304537296286 2.7862504199147224 10.795145228505138 6.7210348546504965 6.2403522133827209 4.2857248857617378 10.63790327310562 7.6362784355878812 33.865184366703033 48.927027799189091 7.894373506307601 22.354020081460476 14.052969187498091 7.3120347112417141 23.409443803131587 4.6238982677459735 6.0640109777450553 5.3559798300266266 5.2722975015640259 8.6573822051286697 14.816447794437408 22.064739145338535
leaf_count=1582 41 31 42 35 56 1570 130 91 20 20 55 34 30 20 54 38 156 244 35 104 63 32 112 20 30 23 25 41 68 104
internal_value=-0.000430766 0.00502642 0.0058167 -0.0122458 -0.0107449 -0.0125435 -0.010389 -0.0390802 -0.00428098 0.0606979 -0.00165675 0.0283082 0.00486714 0.0498186 0.0155324 0.0176499 0.020105 0.0111317 0.034617 0.0232381 0.0459726 0.0084176 0.0190749 0.00415173 0.0452747 0.0113348 -0.0258051 0.0279867 0.0559925 0.0162327
internal_weight=854.528 584.539 579.668 269.989 265.397 259.095 251.456 33.7675 17.6016 6.25698 327.641 28.0423 21.3212 10.5261 252.026 241.388 228.48 141.182 87.2981 92.2545 36.407 55.8476 46.7654 39.4533 16.0439 9.97988 12.9086 79.4038 23.4738 55.9299
internal_count=4906 2943 2912 1963 1928 1887 1831 261 131 40 1721 139 105 50 1191 1137 1074 670 404 426 167 259 217 185 73 43 63 369 109 260
is_linear=0
shrinkage=0.1


Tree=20
num_leaves=31
num_cat=0
split_feature=7 197 264 199 107 268 1 53 15 42 0 42 12 168 99 26 13 0 113 81 100 0 1 56 102 139 0 13 6 5
split_gain=5.62792 6.29265 5.43965 4.5943 4.30654 4.36117 3.94962 3.94353 5.41561 5.19099 8.31829 5.15939 3.67765 3.75213 3.71235 5.99199 4.38467 7.07859 4.09514 3.92241 3.9037 3.59221 9.19015 4.84887 4.186 4.8676 8.39003 3.4504 3.40217 5.14349
threshold=1.0000000180025095e-35 1.0000000180025095e-35 1.0000000180025095e-35 1.0000000180025095e-35 1.0000000180025095e-35 1.0000000180025095e-35 0.67815041542053234 1.0000000180025095e-35 1.0000000180025095e-35 1.0000000180025095e-35 13.419575691223146 1.0000000180025095e-35 1.0000000180025095e-35 1.0000000180025095e-35 1.0000000180025095e-35 1.0000000180025095e-35 1.0000000180025095e-35 11.560575008392336 1.0000000180025095e-35 1.0000000180025095e-35 1.0000000180025095e-35 5.1663243770599374 -0.27872842550277704 1.0000000180025095e-35 1.0000000180025095e-35 1.0000000180025095e-35 10.925393581390383 1.0000000180025095e-35 1.0000000180025095e-35 1.0000000180025095e-35
decision_type=2 2 2 2 2 2 2 2 2 2 2 2 2 2 2 2 2 2 2 2 2 2 2 2 2 2 2 2 2 2
left_child=1 2 4 6 5 12 7 -2 11 -10 -11 -9 14 -14 18 19 17 -17 20 -16 21 23 -23 28 25 -24 -27 -20 29 -1
right_child=3 -3 -4 -5 -6 -7 -8 8 9 10 -12 -13 13 -15 15 16 -18 -19 27 -21 -22 22 24 -25 -26 26 -28 -29 -30 -31
leaf_value=-0.036906268181840222 -0.013208563435586332 -0.098663438267108605 0.10895324217631233 0.078632459860536463 0.10063983669295894 0.096935894804521236 -0.040764241178093567 -0.083612337317522864 0.16547190785177074 0.11978339781032975 -0.056630879004166135 0.020933937388193088 0.01610073090468013 -0.047542469224644862 0.016790958381190581 0.028912036659098125 0.0083622472607579029 0.18200013799987161 0.089470730977280713 -0.073275458315471539 -0.083814733220035714 0.060078088798917476 -0.011774424927283599 -0.065159104400442147 -0.072835340909288226 -0.036478602522822895 0.13268597540913254 -0.01158946260827742 -0.051859786563721123 0.052547633651375582
leaf_weight=11.571036823093891 224.33977435529232 5.7107001841068259 5.169154964387416 5.6003583222627631 4.7521358430385581 5.11114627867937 43.25873602181673 6.5545751526951817 4.0493877530097935 5.4039216488599777 5.2885263040661812 16.869044445455074 223.02206293493509 9.6649202182888967 14.662466220557691 6.4179099798202515 8.8447908237576485 5.7055303528904915 7.660796642303465 7.2145208045840254 7.2039704993367186 21.25094935297966 119.20201044529676 23.625699579715729 9.9977565556764585 5.3916593566536886 6.4264199063181877 6.0435802415013313 11.845519617199896 14.46076986938715
leaf_count=59 1392 35 28 34 24 24 274 42 26 32 33 105 1164 49 79 36 48 32 44 41 39 128 687 133 57 30 33 33 95 70
internal_value=-0.000412216 0.00575269 0.00686674 -0.0111229 0.00587122 0.00501393 -0.0127669 -0.00815316 0.0215629 0.0690461 0.0325282 -0.008321 0.00411079 0.0134572 -0.00345306 0.023701 0.0618996 0.100958 -0.00820793 -0.0129108 -0.0113592 -0.00902658 -0.00122632 -0.0296067 -0.0104647 -0.00570538 0.0555095 0.0449036 -0.00743111 0.0127857
internal_weight=852.32 540.956 535.245 311.364 530.076 525.324 305.764 262.505 38.1655 14.7418 10.6924 23.4236 520.212 232.687 287.525 42.8452 20.9682 12.1234 244.68 21.877 230.976 223.772 162.269 61.503 141.018 131.02 11.8181 13.7044 37.8773 26.0318
internal_count=4906 2968 2933 1938 2905 2881 1904 1630 238 91 65 147 2857 1213 1644 236 116 68 1408 120 1331 1292 935 357 807 750 63 77 224 129
is_linear=0
shrinkage=0.1


end of trees

feature_importances:
Column_0=91
Column_7=36
Column_10=31
Column_12=31
Column_6=21
Column_16=21
Column_1=19
Column_8=16
Column_13=15
Column_14=15
Column_5=14
Column_67=14
Column_81=13
Column_83=13
Column_11=12
Column_21=11
Column_61=11
Column_26=10
Column_99=10
Column_9=9
Column_39=9
Column_54=8
Column_68=8
Column_42=7
Column_105=7
Column_53=6
Column_82=6
Column_140=6
Column_23=5
Column_55=5
Column_63=5
Column_108=5
Column_151=5
Column_19=4
Column_44=4
Column_100=4
Column_129=4
Column_15=3
Column_32=3
Column_50=3
Column_52=3
Column_60=3
Column_64=3
Column_69=3
Column_73=3
Column_79=3
Column_93=3
Column_102=3
Column_104=3
Column_113=3
Column_114=3
Column_118=3
Column_134=3
Column_137=3
Column_138=3
Column_174=3
Column_176=3
Column_231=3
Column_24=2
Column_33=2
Column_35=2
Column_47=2
Column_56=2
Column_62=2
Column_71=2
Column_74=2
Column_78=2
Column_84=2
Column_97=2
Column_107=2
Column_128=2
Column_135=2
Column_146=2
Column_188=2
Column_197=2
Column_199=2
Column_29=1
Column_31=1
Column_34=1
Column_40=1
Column_49=1
Column_59=1
Column_80=1
Column_85=1
Column_88=1
Column_94=1
Column_95=1
Column_96=1
Column_130=1
Column_133=1
Column_139=1
Column_168=1
Column_177=1
Column_214=1
Column_264=1
Column_268=1

parameters:
[boosting: gbdt]
[objective: binary]
[metric: binary_logloss]
[tree_learner: serial]
[device_type: cpu]
[data_sample_strategy: bagging]
[data: ]
[valid: ]
[num_iterations: 300]
[learning_rate: 0.1]
[num_leaves: 31]
[num_threads: 0]
[seed: 0]
[deterministic: 0]
[force_col_wise: 0]
[force_row_wise: 0]
[histogram_pool_size: -1]
[max_depth: -1]
[min_data_in_leaf: 20]
[min_sum_hessian_in_leaf: 0.001]
[bagging_fraction: 1]
[pos_bagging_fraction: 1]
[neg_bagging_fraction: 1]
[bagging_freq: 0]
[bagging_seed: 7719]
[bagging_by_query: 0]
[feature_fraction: 1]
[feature_fraction_bynode: 1]
[feature_fraction_seed: 2437]
[extra_trees: 0]
[extra_seed: 11797]
[early_stopping_round: 0]
[early_stopping_min_delta: 0]
[first_metric_only: 0]
[max_delta_step: 0]
[lambda_l1: 0]
[lambda_l2: 0]
[linear_lambda: 0]
[min_gain_to_split: 0]
[drop_rate: 0.1]
[max_drop: 50]
[skip_drop: 0.5]
[xgboost_dart_mode: 0]
[uniform_drop: 0]
[drop_seed: 21238]
[top_rate: 0.2]
[other_rate: 0.1]
[min_data_per_group: 100]
[max_cat_threshold: 32]
[cat_l2: 10]
[cat_smooth: 10]
[max_cat_to_onehot: 4]
[top_k: 20]
[monotone_constraints: ]
[monotone_constraints_method: basic]
[monotone_penalty: 0]
[feature_contri: ]
[forcedsplits_filename: ]
[refit_decay_rate: 0.9]
[cegb_tradeoff: 1]
[cegb_penalty_split: 0]
[cegb_penalty_feature_lazy: ]
[cegb_penalty_feature_coupled: ]
[path_smooth: 0]
[interaction_constraints: ]
[verbosity: -1]
[saved_feature_importance_type: 0]
[use_quantized_grad: 0]
[num_grad_quant_bins: 4]
[quant_train_renew_leaf: 0]
[stochastic_rounding: 1]
[linear_tree: 0]
[max_bin: 255]
[max_bin_by_feature: ]
[min_data_in_bin: 3]
[bin_construct_sample_cnt: 200000]
[data_random_seed: 38]
[is_enable_sparse: 1]
[enable_bundle: 1]
[use_missing: 1]
[zero_as_missing: 0]
[feature_pre_filter: 1]
[pre_partition: 0]
[two_round: 0]
[header: 0]
[label_column: ]
[weight_column: ]
[group_column: ]
[ignore_column: ]
[categorical_feature: ]
[forcedbins_filename: ]
[precise_float_parser: 0]
[parser_config_file: ]
[objective_seed: 8855]
[num_class: 1]
[is_unbalance: 0]
[scale_pos_weight: 1]
[sigmoid: 1]
[boost_from_average: 1]
[reg_sqrt: 0]
[alpha: 0.9]
[fair_c: 1]
[poisson_max_delta_step: 0.7]
[tweedie_variance_power: 1.5]
[lambdarank_truncation_level: 30]
[lambdarank_norm: 1]
[label_gain: ]
[lambdarank_position_bias_regularization: 0]
[eval_at: ]
[multi_error_top_k: 1]
[auc_mu_weights: ]
[num_machines: 1]
[local_listen_port: 12400]
[time_out: 120]
[machine_list_filename: ]
[machines: ]
[gpu_platform_id: -1]
[gpu_device_id: -1]
[gpu_device_id_list: ]
[gpu_use_dp: 0]
[num_gpu: 1]

end of parameters

pandas_categorical:null
