tree
version=v4
num_class=1
num_tree_per_iteration=1
label_index=0
max_feature_idx=567
objective=binary sigmoid:1
feature_names=Column_0 Column_1 Column_2 Column_3 Column_4 Column_5 Column_6 Column_7 Column_8 Column_9 Column_10 Column_11 Column_12 Column_13 Column_14 Column_15 Column_16 Column_17 Column_18 Column_19 Column_20 Column_21 Column_22 Column_23 Column_24 Column_25 Column_26 Column_27 Column_28 Column_29 Column_30 Column_31 Column_32 Column_33 Column_34 Column_35 Column_36 Column_37 Column_38 Column_39 Column_40 Column_41 Column_42 Column_43 Column_44 Column_45 Column_46 Column_47 Column_48 Column_49 Column_50 Column_51 Column_52 Column_53 Column_54 Column_55 Column_56 Column_57 Column_58 Column_59 Column_60 Column_61 Column_62 Column_63 Column_64 Column_65 Column_66 Column_67 Column_68 Column_69 Column_70 Column_71 Column_72 Column_73 Column_74 Column_75 Column_76 Column_77 Column_78 Column_79 Column_80 Column_81 Column_82 Column_83 Column_84 Column_85 Column_86 Column_87 Column_88 Column_89 Column_90 Column_91 Column_92 Column_93 Column_94 Column_95 Column_96 Column_97 Column_98 Column_99 Column_100 Column_101 Column_102 Column_103 Column_104 Column_105 Column_106 Column_107 Column_108 Column_109 Column_110 Column_111 Column_112 Column_113 Column_114 Column_115 Column_116 Column_117 Column_118 Column_119 Column_120 Column_121 Column_122 Column_123 Column_124 Column_125 Column_126 Column_127 Column_128 Column_129 Column_130 Column_131 Column_132 Column_133 Column_134 Column_135 Column_136 Column_137 Column_138 Column_139 Column_140 Column_141 Column_142 Column_143 Column_144 Column_145 Column_146 Column_147 Column_148 Column_149 Column_150 Column_151 Column_152 Column_153 Column_154 Column_155 Column_156 Column_157 Column_158 Column_159 Column_160 Column_161 Column_162 Column_163 Column_164 Column_165 Column_166 Column_167 Column_168 Column_169 Column_170 Column_171 Column_172 Column_173 Column_174 Column_175 Column_176 Column_177 Column_178 Column_179 Column_180 Column_181 Column_182 Column_183 Column_184 Column_185 Column_186 Column_187 Column_188 Column_189 Column_190 Column_191 Column_192 Column_193 Column_194 Column_195 Column_196 Column_197 Column_198 Column_199 Column_200 Column_201 Column_202 Column_203 Column_204 Column_205 Column_206 Column_207 Column_208 Column_209 Column_210 Column_211 Column_212 Column_213 Column_214 Column_215 Column_216 Column_217 Column_218 Column_219 Column_220 Column_221 Column_222 Column_223 Column_224 Column_225 Column_226 Column_227 Column_228 Column_229 Column_230 Column_231 Column_232 Column_233 Column_234 Column_235 Column_236 Column_237 Column_238 Column_239 Column_240 Column_241 Column_242 Column_243 Column_244 Column_245 Column_246 Column_247 Column_248 Column_249 Column_250 Column_251 Column_252 Column_253 Column_254 Column_255 Column_256 Column_257 Column_258 Column_259 Column_260 Column_261 Column_262 Column_263 Column_264 Column_265 Column_266 Column_267 Column_268 Column_269 Column_270 Column_271 Column_272 Column_273 Column_274 Column_275 Column_276 Column_277 Column_278 Column_279 Column_280 Column_281 Column_282 Column_283 Column_284 Column_285 Column_286 Column_287 Column_288 Column_289 Column_290 Column_291 Column_292 Column_293 Column_294 Column_295 Column_296 Column_297 Column_298 Column_299 Column_300 Column_301 Column_302 Column_303 Column_304 Column_305 Column_306 Column_307 Column_308 Column_309 Column_310 Column_311 Column_312 Column_313 Column_314 Column_315 Column_316 Column_317 Column_318 Column_319 Column_320 Column_321 Column_322 Column_323 Column_324 Column_325 Column_326 Column_327 Column_328 Column_329 Column_330 Column_331 Column_332 Column_333 Column_334 Column_335 Column_336 Column_337 Column_338 Column_339 Column_340 Column_341 Column_342 Column_343 Column_344 Column_345 Column_346 Column_347 Column_348 Column_349 Column_350 Column_351 Column_352 Column_353 Column_354 Column_355 Column_356 Column_357 Column_358 Column_359 Column_360 Column_361 Column_362 Column_363 Column_364 Column_365 Column_366 Column_367 Column_368 Column_369 Column_370 Column_371 Column_372 Column_373 Column_374 Column_375 Column_376 Column_377 Column_378 Column_379 Column_380 Column_381 Column_382 Column_383 Column_384 Column_385 Column_386 Column_387 Column_388 Column_389 Column_390 Column_391 Column_392 Column_393 Column_394 Column_395 Column_396 Column_397 Column_398 Column_399 Column_400 Column_401 Column_402 Column_403 Column_404 Column_405 Column_406 Column_407 Column_408 Column_409 Column_410 Column_411 Column_412 Column_413 Column_414 Column_415 Column_416 Column_417 Column_418 Column_419 Column_420 Column_421 Column_422 Column_423 Column_424 Column_425 Column_426 Column_427 Column_428 Column_429 Column_430 Column_431 Column_432 Column_433 Column_434 Column_435 Column_436 Column_437 Column_438 Column_439 Column_440 Column_441 Column_442 Column_443 Column_444 Column_445 Column_446 Column_447 Column_448 Column_449 Column_450 Column_451 Column_452 Column_453 Column_454 Column_455 Column_456 Column_457 Column_458 Column_459 Column_460 Column_461 Column_462 Column_463 Column_464 Column_465 Column_466 Column_467 Column_468 Column_469 Column_470 Column_471 Column_472 Column_473 Column_474 Column_475 Column_476 Column_477 Column_478 Column_479 Column_480 Column_481 Column_482 Column_483 Column_484 Column_485 Column_486 Column_487 Column_488 Column_489 Column_490 Column_491 Column_492 Column_493 Column_494 Column_495 Column_496 Column_497 Column_498 Column_499 Column_500 Column_501 Column_502 Column_503 Column_504 Column_505 Column_506 Column_507 Column_508 Column_509 Column_510 Column_511 Column_512 Column_513 Column_514 Column_515 Column_516 Column_517 Column_518 Column_519 Column_520 Column_521 Column_522 Column_523 Column_524 Column_525 Column_526 Column_527 Column_528 Column_529 Column_530 Column_531 Column_532 Column_533 Column_534 Column_535 Column_536 Column_537 Column_538 Column_539 Column_540 Column_541 Column_542 Column_543 Column_544 Column_545 Column_546 Column_547 Column_548 Column_549 Column_550 Column_551 Column_552 Column_553 Column_554 Column_555 Column_556 Column_557 Column_558 Column_559 Column_560 Column_561 Column_562 Column_563 Column_564 Column_565 Column_566 Column_567
feature_infos=[2.0013689994812012:17.993154525756836] [-0.7776256799697876:0.99923950433731079] none none none [0:1] [0:1] [0:1] [0:1] [0:1] [0:1] [0:1] [0:1] [0:1] [0:1] [0:1] [0:1] [0:1] [0:1] [0:1] [0:1] [0:1] [0:1] [0:1] [0:1] [0:1] [0:1] [0:1] [0:1] [0:1] [0:1] [0:1] [0:1] [0:1] [0:1] [0:1] [0:1] [0:1] [0:1] [0:1] [0:1] [0:1] [0:1] [0:1] [0:1] [0:1] [0:1] [0:1] [0:1] [0:1] [0:1] [0:1] [0:1] [0:1] [0:1] [0:1] [0:1] [0:1] [0:1] [0:1] [0:1] [0:1] [0:1] [0:1] [0:1] [0:1] [0:1] [0:1] [0:1] [0:1] [0:1] [0:1] [0:1] [0:1] [0:1] [0:1] [0:1] [0:1] [0:1] [0:1] [0:1] [0:1] [0:1] [0:1] [0:1] [0:1] [0:1] [0:1] [0:1] [0:1] [0:1] [0:1] [0:1] [0:1] [0:1] [0:1] [0:1] [0:1] [0:1] [0:1] [0:1] [0:1] [0:1] [0:1] [0:1] [0:1] [0:1] [0:1] [0:1] none none none none [0:1] [0:1] none [0:1] none [0:1] none none [0:1] none none none none [0:1] [0:1] [0:1] [0:1] [0:1] none [0:1] [0:1] [0:1] [0:1] none [0:1] [0:1] [0:1] [0:1] [0:1] [0:1] [0:1] [0:1] [0:1] [0:1] [0:1] [0:1] [0:1] [0:1] [0:1] [0:1] [0:1] [0:1] [0:1] [0:1] none none none none none none none none none none [0:1] [0:1] none none none none none [0:1] [0:1] [0:1] [0:1] [0:1] [0:1] [0:1] [0:1] [0:1] [0:1] [0:1] [0:1] [0:1] [0:1] [0:1] [0:1] [0:1] [0:1] [0:1] [0:1] [0:1] [0:1] [0:1] [0:1] [0:1] [0:1] [0:1] [0:1] none none [0:1] [0:1] [0:1] none [0:1] [0:1] [0:1] [0:1] [0:1] none [0:1] none none [0:1] none [0:1] [0:1] [0:1] [0:1] [0:1] [0:1] [0:1] [0:1] [0:1] [0:1] [0:1] [0:1] [0:1] [0:1] [0:1] [0:1] [0:1] [0:1] [0:1] [0:1] [0:1] [0:1] [0:1] [0:1] [0:1] none none none none none none none none none none none none none none none none none [0:1] [0:1] [0:1] [0:1] [0:1] [0:1] [0:1] [0:1] [0:1] [0:1] none [0:1] [0:1] [0:1] [0:1] none [0:1] [0:1] none none none [0:1] [0:1] none none none none none [0:1] [0:1] [0:1] [0:1] [0:1] [0:1] [0:1] none none none [0:1] none [0:1] [0:1] [0:1] none [0:1] [0:1] [0:1] [0:1] none none [0:1] [0:1] none none none none [0:1] [0:1] none none none [0:1] none none [0:1] [0:1] none none [0:1] [0:1] none none none none none none none none none none none none none none none none none none none none none none none none none none none none none none none none none none none none none none none none none none none none none none none none none none none none none none none none none none none none none none none none none none none none none none none none none none none none none none none none none none none none none none none none none none none none none none none none none none none none none none none none none none none none none none none none none none none none none none none none none none none none none none none none none none none none none none none none none none none none none none none none none none none none none none none none none none none none none none none none none none none none none none none none none none none none none none none none none none none none none none none none none none none none none none none none none none none none none none none none none none none none none none none none none none none none none none none none none none none none none none none none none none none none none none none none none none none none none
tree_sizes=3421 3437 3454 3469 3476 3464 3486 3465 3479 3479 3466 3472 3495 3474 3474 3464 3461 3488 3484 3471 3465

Tree=0
num_leaves=31
num_cat=0
split_feature=14 13 16 11 11 11 16 0 23 16 60 54 86 0 7 69 59 53 42 41 95 42 42 7 82 10 8 83 8 1
split_gain=647.606 138.819 71.7263 46.3468 26.7214 23.4049 19.8584 13.0912 12.5298 10.24 10.0992 9.7724 9.65517 9.54609 9.25125 8.95844 8.48001 7.76598 7.7394 7.69008 7.62661 7.17419 6.86227 5.87654 5.71123 7.24399 6.28996 5.51202 5.80494 5.32979
threshold=1.0000000180025095e-35 1.0000000180025095e-35 1.0000000180025095e-35 1.0000000180025095e-35 1.0000000180025095e-35 1.0000000180025095e-35 1.0000000180025095e-35 9.3497605323791522 1.0000000180025095e-35 1.0000000180025095e-35 1.0000000180025095e-35 1.0000000180025095e-35 1.0000000180025095e-35 13.726214885711672 1.0000000180025095e-35 1.0000000180025095e-35 1.0000000180025095e-35 1.0000000180025095e-35 1.0000000180025095e-35 1.0000000180025095e-35 1.0000000180025095e-35 1.0000000180025095e-35 1.0000000180025095e-35 1.0000000180025095e-35 1.0000000180025095e-35 1.0000000180025095e-35 1.0000000180025095e-35 1.0000000180025095e-35 1.0000000180025095e-35 0.73214691877365123
decision_type=2 2 2 2 2 2 2 2 2 2 2 2 2 2 2 2 2 2 2 2 2 2 2 2 2 2 2 2 2 2
left_child=1 2 5 6 -4 7 8 23 -3 19 14 -11 24 17 -9 22 18 -10 -6 -5 -8 -13 -12 -1 26 -26 -7 28 -18 -17
right_child=-2 3 4 9 16 12 20 10 13 11 15 21 -14 -15 -16 29 27 -19 -20 -21 -22 -23 -24 -25 25 -27 -28 -29 -30 -31
leaf_value=-1.0371039144182039 -1.1851518990131289 -0.94282473419544521 -1.0632985769766434 -1.0000592329065279 -0.90344258496550645 -0.88780987720839688 -1.1600641034930426 -0.91513489569864825 -1.0773836187914498 -1.0032389272793658 -0.90373319749408498 -1.1467226358536768 -0.78344255375694449 -1.1514835369390946 -1.0903064408414864 -1.0289557797407642 -0.98641906670486512 -0.93888467812475473 -1.0455288624381101 -0.86904970994873465 -1.0384805399116526 -1.0032389272793658 -0.78921059690279372 -0.96715822863202427 -0.74705951237543355 -0.90632449254057657 -0.94730311188044514 -0.90971310913983494 -1.0782694573997185 -0.9008179905667818
leaf_weight=24.213798522949219 362.26112633943558 6.6209605336189261 80.586548209190369 50.319300055503845 20.241222202777866 39.15825229883194 56.751090288162231 5.6751090288162214 58.264452695846558 17.025327086448669 16.079475581645969 13.241921067237856 7.1884714365005484 17.403667688369751 6.4317902326583862 6.9993011355400068 16.646986484527588 4.3509169220924369 4.7292575240135184 4.9184278249740592 5.6751090288162223 4.7292575240135184 7.7559823393821707 23.835457921028137 4.9184278249740583 6.8101308345794678 32.537291765213013 4.9184278249740592 11.72855865955353 6.0534496307373047
leaf_count=128 1915 35 426 266 107 207 300 30 308 90 85 70 38 92 34 37 88 23 25 26 30 25 41 126 26 36 172 26 62 32
internal_value=-1.08075 -1.01391 -0.971509 -1.07177 -1.026 -0.931193 -1.10601 -0.965318 -1.07503 -1.01521 -0.928946 -1.05753 -0.894645 -1.08597 -1.00819 -0.902936 -0.974405 -1.06776 -0.930353 -0.988394 -1.14901 -1.10896 -0.866468 -1.00241 -0.904227 -0.839536 -0.914809 -1.00744 -1.02438 -0.96953
internal_weight=928.069 565.808 326.508 239.3 138.851 187.657 149.066 97.0444 86.64 90.2342 48.9951 34.9965 90.6126 80.019 12.1069 36.8882 58.2645 62.6154 24.9705 55.2377 62.4262 17.9712 23.8355 48.0493 83.4241 11.7286 71.6955 33.294 28.3755 13.0528
internal_count=4906 2991 1726 1265 734 992 788 513 458 477 259 185 479 423 64 195 308 331 132 292 330 95 126 254 441 62 379 176 150 69
is_linear=0
shrinkage=1


Tree=1
num_leaves=31
num_cat=0
split_feature=14 13 16 11 11 16 11 99 23 0 16 54 95 93 69 98 42 59 53 41 42 6 0 12 0 8 0 0 128 0
split_gain=535.619 102.384 49.6668 36.6083 19.7102 16.8473 15.2273 9.66703 9.45473 8.00319 7.58153 7.64386 6.53408 6.41448 6.30653 5.87228 5.86614 5.82555 5.79632 5.40839 5.2443 5.05445 5.00993 4.88017 4.80324 5.32476 4.63896 5.42535 4.59857 5.72667
threshold=1.0000000180025095e-35 1.0000000180025095e-35 1.0000000180025095e-35 1.0000000180025095e-35 1.0000000180025095e-35 1.0000000180025095e-35 1.0000000180025095e-35 1.0000000180025095e-35 1.0000000180025095e-35 13.726214885711672 1.0000000180025095e-35 1.0000000180025095e-35 1.0000000180025095e-35 1.0000000180025095e-35 1.0000000180025095e-35 1.0000000180025095e-35 1.0000000180025095e-35 1.0000000180025095e-35 1.0000000180025095e-35 1.0000000180025095e-35 1.0000000180025095e-35 1.0000000180025095e-35 2.960985660552979 1.0000000180025095e-35 17.041751861572269 1.0000000180025095e-35 11.998631000518801 11.190965175628664 1.0000000180025095e-35 11.377138614654543
decision_type=2 2 2 2 2 2 2 2 2 2 2 2 2 2 2 2 2 2 2 2 2 2 2 2 2 2 2 2 2 2
left_child=1 2 6 5 -4 8 7 22 -3 18 15 -12 -7 24 21 19 -13 20 26 -5 23 -9 -1 -6 25 28 27 -10 29 -8
right_child=-2 3 4 10 17 12 13 14 9 -11 11 16 -14 -15 -16 -17 -18 -19 -20 -21 -22 -23 -24 -25 -26 -27 -28 -29 -30 -31
leaf_value=-0.01389675797142139 -0.099409320991684105 0.11596591401599599 0.015569251546968225 0.080577503917311388 0.10701330362815134 -0.074476035777829866 0.13517056074738362 0.25304631079693141 0.0019478335986702071 -0.06610636332792609 0.067082630404681973 -0.061496449139233057 0.037231238506703568 0.27244124308643952 0.070023605931959318 -0.0071156305871557957 0.067082630404681973 0.063514972985028881 0.11906014614558656 0.19225587229779117 0.031134485890632758 0.11786722707419264 0.09030756452653807 0.20282590608947532 0.044572616844703712 0.12536534085299597 -0.09182876075879845 0.11835224537873906 0.27259003182003771 0.20706967568750684
leaf_weight=4.8940230906009665 343.38174887001514 7.0610798150300971 81.278748035430908 46.005931913852692 12.927697733044628 54.509738087654114 26.738684698939323 7.857648968696596 49.266026020050049 16.791235625743866 17.668571770191193 12.807527780532839 5.7927207648754111 4.3049398064613333 4.7985273450613013 6.915889933705329 4.907936602830886 34.474131137132645 4.6481627672910681 4.7876833826303473 4.8110149800777426 4.2686449587345123 80.583109155297279 9.0288682579994202 4.3163587450981131 39.995855644345284 4.737117886543273 4.3581484556198111 4.3475936055183402 18.913834497332573
leaf_count=25 1915 35 426 234 63 300 129 38 260 92 90 70 30 20 24 35 25 176 23 23 25 21 405 44 21 197 25 23 21 91
internal_value=-0.000305918 0.0579854 0.0930068 0.00790888 0.0478499 -0.0231374 0.125023 0.0980132 0.00505404 -0.00475988 0.0569875 0.0205424 -0.0637453 0.153069 0.167062 0.0793334 -0.0258746 0.090692 0.0115882 0.091104 0.125694 0.205461 0.0843413 0.146413 0.14762 0.152562 0.00302863 0.0114083 0.174317 0.164958
internal_weight=927.179 583.797 343.54 240.258 142.52 147.164 201.019 102.402 86.8618 79.8007 93.0935 35.384 60.3025 98.6173 16.9248 57.7095 17.7155 61.2417 63.0095 50.7936 26.7676 12.1263 85.4771 21.9566 94.3123 89.996 58.3613 53.6242 50.0001 45.6525
internal_count=4906 2991 1726 1265 734 788 992 513 458 423 477 185 330 479 83 292 95 308 331 257 132 59 430 107 459 438 308 283 241 220
is_linear=0
shrinkage=0.1


Tree=2
num_leaves=31
num_cat=0
split_feature=14 13 16 11 11 16 11 0 23 0 138 95 16 134 54 60 7 81 39 15 98 53 82 0 93 41 8 59 42 6
split_gain=446.142 77.3618 36.002 29.1218 14.8786 14.2743 10.7181 7.56811 7.26861 6.70176 6.16422 5.59997 5.37719 6.86302 7.49264 5.28064 7.18111 5.36266 9.25441 7.15184 4.94545 4.42005 4.41048 4.40786 4.38619 4.29322 4.28716 4.21088 4.15171 4.00037
threshold=1.0000000180025095e-35 1.0000000180025095e-35 1.0000000180025095e-35 1.0000000180025095e-35 1.0000000180025095e-35 1.0000000180025095e-35 1.0000000180025095e-35 9.5071868896484393 1.0000000180025095e-35 13.726214885711672 1.0000000180025095e-35 1.0000000180025095e-35 1.0000000180025095e-35 1.0000000180025095e-35 1.0000000180025095e-35 1.0000000180025095e-35 1.0000000180025095e-35 1.0000000180025095e-35 1.0000000180025095e-35 1.0000000180025095e-35 1.0000000180025095e-35 1.0000000180025095e-35 1.0000000180025095e-35 16.119096755981449 1.0000000180025095e-35 1.0000000180025095e-35 1.0000000180025095e-35 1.0000000180025095e-35 1.0000000180025095e-35 1.0000000180025095e-35
decision_type=2 2 2 2 2 2 2 2 2 2 2 2 2 2 2 2 2 2 2 2 2 2 2 2 2 2 2 2 2 2
left_child=1 2 6 5 -4 8 7 22 -3 21 12 -7 20 14 -14 16 -9 18 19 -17 25 -10 -1 -11 -8 -5 -21 29 -16 -6
right_child=-2 3 4 10 27 11 24 15 9 23 -12 -13 13 -15 28 17 -18 -19 -20 26 -22 -23 -24 -25 -26 -27 -28 -29 -30 -31
leaf_value=0.046122711560771988 -0.094767833762043147 0.099183180994835307 0.013901357054658918 0.064013805239265295 0.075264225301812773 -0.069909937380425918 0.12504789150522186 0.1327024076696392 0.0026796565478451797 -0.10073844256469498 0.16227925561310391 0.032894651695717973 0.082831816693103605 -0.11159702883077081 -0.050472541190911213 0.12306806048690995 -0.017059007083002623 0.18090329626697943 0.19559709693293698 0.073654349593881868 -0.017550791063409461 0.10172008173216723 0.1314676096443804 0.0079809400088741208 0.22402741514484822 0.160535836422391 -0.06156271662568219 0.055457082456666668 0.058478490388620588 0.15170477772603541
leaf_weight=45.655990421772003 325.13537935912609 7.4096854031085959 81.893109977245331 44.632704243063927 16.354798793792725 52.376438677310944 99.83984600007534 6.1465895771980268 58.44094018638134 10.39651842415333 4.644113913178443 5.8949518203735343 13.961131453514101 3.9205726236104956 11.334963798522951 10.833772987127308 6.6829589903354645 13.133029460906981 7.8560576885938636 4.5405914038419724 6.6973918974399558 4.8825943470001212 6.9811182916164389 5.8150018304586402 4.6872940659523001 5.1387424618005744 4.8487305790185928 35.477185875177383 5.058380961418151 11.775625169277193
leaf_count=224 1915 35 426 219 77 300 459 29 308 59 23 30 69 20 64 51 34 61 36 21 34 23 34 33 20 23 23 176 25 55
internal_value=-0.000506381 0.0508031 0.08036 0.00698367 0.0420839 -0.021213 0.106729 0.0844299 0.00445405 -0.00437116 0.0499095 -0.0595098 0.0441586 0.0129133 0.028995 0.110717 0.0546911 0.128158 0.103488 0.067706 0.0631236 0.0103162 0.0574418 -0.0617413 0.129486 0.0739794 0.00382704 0.0783682 -0.0168543 0.107263
internal_weight=922.446 597.311 356.707 240.604 145.501 145.216 211.206 106.679 86.9447 79.5351 95.388 58.2714 90.7439 34.275 30.3545 54.0417 12.8295 41.2122 28.0792 20.2231 56.4688 63.3235 52.6371 16.2115 104.527 49.7714 9.38932 63.6076 16.3933 28.1304
internal_count=4906 2991 1726 1265 734 788 992 513 458 423 477 330 454 178 158 255 63 192 131 95 276 331 258 92 479 242 44 308 89 132
is_linear=0
shrinkage=0.1


Tree=3
num_leaves=31
num_cat=0
split_feature=14 13 16 11 16 11 11 81 15 33 51 9 99 95 138 73 69 16 10 5 50 0 53 0 1 11 95 0 113 7
split_gain=373.414 59.435 26.9594 23.2659 12.0895 11.4044 7.91595 6.21441 12.7986 8.53437 6.92597 6.34993 5.79009 4.79828 4.45324 4.35843 4.21806 4.15215 4.7843 4.39371 5.48204 5.67361 7.5693 4.7189 4.0779 3.98087 3.96377 3.75356 3.7109 3.69701
threshold=1.0000000180025095e-35 1.0000000180025095e-35 1.0000000180025095e-35 1.0000000180025095e-35 1.0000000180025095e-35 1.0000000180025095e-35 1.0000000180025095e-35 1.0000000180025095e-35 1.0000000180025095e-35 1.0000000180025095e-35 1.0000000180025095e-35 1.0000000180025095e-35 1.0000000180025095e-35 1.0000000180025095e-35 1.0000000180025095e-35 1.0000000180025095e-35 1.0000000180025095e-35 1.0000000180025095e-35 1.0000000180025095e-35 1.0000000180025095e-35 1.0000000180025095e-35 4.7049965858459482 1.0000000180025095e-35 5.405886411666871 -0.27127538621425623 1.0000000180025095e-35 1.0000000180025095e-35 13.726214885711672 1.0000000180025095e-35 1.0000000180025095e-35
decision_type=2 2 2 2 2 2 2 2 2 2 2 2 2 2 2 2 2 2 2 2 2 2 2 2 2 2 2 2 2 2
left_child=1 2 6 4 7 29 12 9 10 27 15 -11 28 -6 17 24 -14 19 -19 23 21 -21 -23 -5 -9 -2 -25 -3 -1 -4
right_child=25 3 5 14 13 -7 -8 8 -10 11 -12 -13 16 -15 -16 -17 -18 18 -20 20 -22 22 -24 26 -26 -27 -28 -29 -30 -31
leaf_value=0.058628792382334961 -0.099198188448952354 -0.021772116390851137 -0.0053445050947347542 -0.040351358130169129 -0.065576676077635204 0.068310536190959698 0.11153784939527933 0.083675911966417924 -0.035458373607801269 0.00014891033510004131 0.19614655846992426 0.15815830671321507 0.1535762505168452 0.029139772527665336 0.13626392722905947 0.13180060366194821 0.047305810715241169 0.03677041171405783 -0.043518230674800609 0.16803292221851052 0.19554907584458572 -0.017841075026166234 0.14549194154523223 0.066266016488909715 -0.035605954136414653 -0.075695382921113497 -0.039474427859698097 -0.091760638997466587 0.15354054351809232 0.037662786568351661
leaf_weight=86.959755122661591 192.48124653100967 29.827791258692741 48.379745334386826 6.877378821372985 50.361058115959167 65.543981522321701 108.94880382716656 5.5075592398643511 14.845397025346754 6.6611272841691953 4.4734834730625144 4.1142070740461349 13.523429229855539 5.9840646386146537 4.9586377292871466 5.2208547592163077 5.1601313650608054 23.542626515030861 10.838734507560728 4.1862380504608216 4.0856861323118201 8.8957129418849927 4.1661105006933203 25.538065984845165 5.9758413881063497 115.19954404234886 4.1165210902690879 10.312010079622267 4.3242947608232489 34.059340715408325
leaf_count=410 1198 155 250 33 300 308 479 29 77 35 23 22 59 30 23 27 24 121 57 20 19 43 20 120 31 717 21 59 20 176
internal_value=-0.000644971 0.0448208 0.0701466 0.00618292 -0.0194359 0.0371769 0.0924334 0.00394864 0.035734 -0.0185399 0.0856392 0.0604796 0.073506 -0.0555174 0.0439457 0.0560448 0.124226 0.0389833 0.0114594 0.0553368 0.0913953 0.0667236 0.0342545 0.0342795 0.0216029 -0.0903984 0.0515876 -0.0397523 0.0631249 0.0124238
internal_weight=915.069 607.389 366.899 240.489 143.283 147.983 218.916 86.9383 36.0231 50.9151 21.1777 10.7753 109.968 56.3451 97.2057 16.7043 18.6836 92.2471 34.3814 57.8657 21.3337 17.2481 13.0618 36.532 11.4834 307.681 29.6546 40.1398 91.284 82.4391
internal_count=4906 2991 1726 1265 788 734 992 458 187 271 110 57 513 330 477 87 83 454 178 276 102 83 63 174 60 1915 141 214 430 426
is_linear=0
shrinkage=0.1


Tree=4
num_leaves=31
num_cat=0
split_feature=14 13 16 11 16 11 0 11 128 23 0 99 86 33 35 82 10 5 94 0 62 1 11 1 26 57 56 83 39 5
split_gain=313.515 46.2765 20.6373 18.6696 10.1956 8.83253 6.35455 5.46818 6.62602 5.40116 5.31821 4.44453 4.26517 5.54131 4.18808 4.09896 4.57446 4.12031 3.94075 3.90783 4.65012 3.88479 3.83376 3.72514 3.56138 8.58549 3.55006 5.65016 5.96791 3.54679
threshold=1.0000000180025095e-35 1.0000000180025095e-35 1.0000000180025095e-35 1.0000000180025095e-35 1.0000000180025095e-35 1.0000000180025095e-35 2.3121149539947514 1.0000000180025095e-35 1.0000000180025095e-35 1.0000000180025095e-35 13.726214885711672 1.0000000180025095e-35 1.0000000180025095e-35 1.0000000180025095e-35 1.0000000180025095e-35 1.0000000180025095e-35 1.0000000180025095e-35 1.0000000180025095e-35 1.0000000180025095e-35 9.5071868896484393 1.0000000180025095e-35 -0.33774431049823755 1.0000000180025095e-35 0.93231424689292919 1.0000000180025095e-35 1.0000000180025095e-35 1.0000000180025095e-35 1.0000000180025095e-35 1.0000000180025095e-35 1.0000000180025095e-35
decision_type=2 2 2 2 2 2 2 2 2 2 2 2 2 2 2 2 2 2 2 2 2 2 2 2 2 2 2 2 2 2
left_child=1 2 6 4 9 -4 -1 19 12 -3 26 18 13 15 -12 16 -9 -17 21 20 -8 24 -2 -24 -6 -26 -11 28 -28 -15
right_child=22 3 5 -5 11 -7 7 8 -10 10 14 -13 -14 29 -16 17 -18 -19 -20 -21 -22 -23 23 -25 25 -27 27 -29 -30 -31
leaf_value=-0.030534437878363886 -0.095191082263523463 0.08322299297132893 0.011102126212738317 0.038813026099064424 -0.10544370923449951 0.059883382153054179 0.081777554760830373 0.036190955946581005 0.19095215456326597 -0.0193406289870348 -0.084934836348711865 0.040931894523122132 0.15716423795089574 0.16235729437457114 0.039491057807550731 0.072742022595008213 0.093756251829502757 0.19395725565269575 0.034118274754300064 0.08564004501245108 0.021830261526832557 -0.092853478134898526 -0.075163069300978574 0.021504599583672571 -0.067017978937447792 0.0990938788852474 -0.010303414007216497 0.12864252630926473 0.092213051059372317 0.087290911921795084
leaf_weight=5.0111782997846595 181.11851242184639 7.7254020422697058 82.92171236872673 98.743094831705093 5.0084366500377664 67.195866301655769 22.906994000077248 32.953987285494804 7.3336520493030539 26.76887834072113 12.009263917803763 4.726261004805564 9.2935585528612119 13.059347897768021 3.4916900247335425 6.3747968822717649 23.755689561367035 5.0066365301609039 4.0412965416908255 57.39017528295517 29.738281026482582 27.304504811763763 105.86097300052643 4.1423859000205985 8.5628110468387586 4.8873765319585809 24.743205830454826 4.8868381530046454 7.3698914945125571 12.15043132007122
leaf_count=23 1198 35 426 477 31 308 107 142 31 140 73 28 38 56 19 27 102 21 20 255 138 168 690 27 53 30 129 25 37 52
internal_value=-0.000745627 0.0397047 0.0616527 0.00544091 -0.0178429 0.0329377 0.0808132 0.0833499 0.0991245 0.00340715 -0.00437147 -0.0517441 0.0925604 0.0861254 -0.0569071 0.0712967 0.0603051 0.126064 -0.0605387 0.0675907 0.0479145 -0.0688978 -0.0862478 -0.0715229 -0.0334619 -0.00665814 0.00839892 0.028468 0.0132239 0.126177
internal_weight=906.483 615.361 375.092 240.269 141.526 150.118 224.975 219.964 109.928 86.9952 79.2698 54.5307 102.594 93.3009 15.501 68.0911 56.7097 11.3814 49.8044 110.035 52.6453 45.7631 291.122 110.003 18.4586 13.4502 63.7688 36.9999 32.1131 25.2098
internal_count=4906 2991 1726 1265 788 734 992 969 469 458 423 330 438 400 92 292 244 48 302 500 245 282 1915 717 114 83 331 191 166 108
is_linear=0
shrinkage=0.1


Tree=5
num_leaves=31
num_cat=0
split_feature=14 13 16 11 16 11 0 104 176 11 128 127 15 23 81 73 139 99 94 8 5 167 0 1 0 1 0 1 57 10
split_gain=263.912 36.3638 16.0813 15.0483 8.6358 6.89839 4.96705 4.99635 5.68709 5.11581 4.79268 4.73419 4.71791 10.7761 6.66437 4.40085 4.39422 5.45133 4.46584 4.37133 6.9015 4.19469 4.83775 5.91618 5.47322 4.99164 4.87675 4.16742 6.50398 4.24049
threshold=1.0000000180025095e-35 1.0000000180025095e-35 1.0000000180025095e-35 1.0000000180025095e-35 1.0000000180025095e-35 1.0000000180025095e-35 2.3121149539947514 1.0000000180025095e-35 1.0000000180025095e-35 1.0000000180025095e-35 1.0000000180025095e-35 1.0000000180025095e-35 1.0000000180025095e-35 1.0000000180025095e-35 1.0000000180025095e-35 1.0000000180025095e-35 1.0000000180025095e-35 1.0000000180025095e-35 1.0000000180025095e-35 1.0000000180025095e-35 1.0000000180025095e-35 1.0000000180025095e-35 9.5071868896484393 -0.11521788686513899 12.992471218109133 -0.22138565033674237 4.0835044384002694 -0.33774431049823755 1.0000000180025095e-35 1.0000000180025095e-35
decision_type=2 2 2 2 2 2 2 2 2 2 2 2 2 2 2 2 2 2 2 2 2 2 2 2 2 2 2 2 2 2
left_child=1 2 6 4 12 -4 -1 8 9 21 11 -11 13 -3 -15 -13 17 18 27 20 -16 22 23 25 -24 26 -8 28 -6 -29
right_child=-2 3 5 -5 16 -7 7 -9 -10 10 -12 15 -14 14 19 -17 -18 -19 -20 -21 -22 -23 24 -25 -26 -27 -28 29 -30 -31
leaf_value=-0.027787979141523634 -0.082275527716215019 0.17829907240992005 0.0099372280106650758 0.03437637603650219 -0.065568781368217616 0.052759273297143632 0.085430883802529431 -0.0027927766689759661 0.17848818763728871 0.093728719659588747 0.16572705668142296 0.0040877899208175 -0.021885332692710605 -0.026062892143099842 0.020593024803826104 0.10878141085461746 -0.12719161493198944 0.075010549217525105 0.060353918682065404 0.0045427698824607185 0.19017673154827408 0.14868868778357111 0.1121658182208954 -0.044930080246672915 0.047057079044671227 0.12958244269526523 0.002498590670031664 -0.11676588019463437 0.067916714437321085 -0.027656529068272592
leaf_weight=4.95868857204914 275.50909978151321 4.1630957871675482 83.353865295648575 100.2526928037405 10.342964947223658 68.564026221632957 10.788058459758757 8.2896458357572538 5.3140220940113059 80.627611994743347 7.5890255570411673 12.550365731120111 40.610418602824211 23.321140855550766 5.059245228767395 5.903854012489318 6.2249135971069327 3.9269237816333762 3.4859828501939765 9.1669413596391678 4.565310537815094 4.8608559966087332 22.095282763242722 8.6026846766471845 31.061654657125473 6.126270696520808 20.688177689909935 14.891294330358509 5.6408872157335272 8.3263563513755798
leaf_count=23 1915 18 426 477 67 308 50 36 23 337 31 53 217 127 26 25 38 23 17 47 23 21 94 39 137 28 95 97 34 54
internal_value=-0.000811179 0.0353103 0.0545004 0.00481341 -0.0163979 0.0292638 0.0712089 0.0733956 0.0763167 0.0737422 0.0891374 0.0832711 0.00298933 0.0248187 0.00964622 0.0375813 -0.0482773 -0.0377391 -0.0481112 0.0539629 0.101033 0.0579855 0.0535483 0.0298811 0.0741203 0.0469964 0.0309225 -0.0577564 -0.0184602 -0.0848093
internal_weight=896.861 621.352 381.374 239.978 139.725 151.918 229.456 224.498 216.208 210.894 106.671 99.0818 86.8862 46.2757 42.1126 18.4542 52.8393 46.6144 42.6875 18.7915 9.62456 104.223 99.3621 46.2052 53.1569 37.6025 31.4762 39.2015 15.9839 23.2177
internal_count=4906 2991 1726 1265 788 734 992 969 933 910 446 415 458 241 223 78 330 292 269 96 49 464 443 212 231 173 145 252 101 151
is_linear=0
shrinkage=0.1


Tree=6
num_leaves=31
num_cat=0
split_feature=14 13 16 11 16 11 139 99 11 0 104 176 11 128 86 33 82 5 15 25 81 94 1 57 10 10 10 57 26 6
split_gain=222.459 28.7904 12.6932 12.1631 7.32266 5.4252 4.05181 4.46784 3.93444 3.91734 3.91944 4.25738 4.08585 3.80955 3.92874 4.25466 4.07847 4.10292 3.80364 8.94665 5.33296 3.74186 3.74912 5.33598 4.00977 3.55328 3.51669 5.55408 7.44051 4.9633
threshold=1.0000000180025095e-35 1.0000000180025095e-35 1.0000000180025095e-35 1.0000000180025095e-35 1.0000000180025095e-35 1.0000000180025095e-35 1.0000000180025095e-35 1.0000000180025095e-35 1.0000000180025095e-35 2.3121149539947514 1.0000000180025095e-35 1.0000000180025095e-35 1.0000000180025095e-35 1.0000000180025095e-35 1.0000000180025095e-35 1.0000000180025095e-35 1.0000000180025095e-35 1.0000000180025095e-35 1.0000000180025095e-35 1.0000000180025095e-35 1.0000000180025095e-35 1.0000000180025095e-35 -0.33774431049823755 1.0000000180025095e-35 1.0000000180025095e-35 1.0000000180025095e-35 1.0000000180025095e-35 1.0000000180025095e-35 1.0000000180025095e-35 1.0000000180025095e-35
decision_type=2 2 2 2 2 2 2 2 2 2 2 2 2 2 2 2 2 2 2 2 2 2 2 2 2 2 2 2 2 2
left_child=1 2 9 4 18 -4 7 21 -2 -1 11 12 -11 14 15 16 26 -18 19 -3 25 22 23 -6 -24 -21 27 -14 29 -29
right_child=8 3 5 -5 6 -7 -8 -9 -10 10 -12 -13 13 -15 -16 -17 17 -19 -20 20 -22 -23 24 -25 -26 -27 -28 28 -30 -31
leaf_value=-0.025272482404109904 -0.088083601654117188 0.16799426383120136 0.0089000630943606145 0.030519580674407572 -0.061632292990965926 0.046665438394173565 -0.12399339518559649 0.064663713705640391 -0.06280701971356778 0.051341965870087193 -0.0025154362787327407 0.15425759641066311 -0.03658945430877155 0.1467378956265851 0.13694265896010141 0.1017289245943692 0.056107956083666033 0.17665302438233457 -0.019920424239564583 -0.057247449829145571 0.047087981439927429 0.052911602613625944 -0.11366389037400636 0.058701357325195706 -0.025346207302449072 0.022356108542559434 0.072935537505773265 0.065477893593418837 0.11059905873678409 -0.073987180395337124
leaf_weight=4.9097096472978583 161.25590386986732 3.8539461940526953 83.739163219928741 101.55586007237434 9.9254631698131508 69.700853750109673 5.7702797949314109 4.0902587324380866 99.626741006970406 105.77046312391758 8.2836039215326291 5.5211869180202475 10.94165098667145 7.7064165472984305 8.9702355265617353 26.10869787633419 6.5582118928432447 4.9582447558641434 40.178247570991516 13.340323239564896 19.707903280854225 3.5736456662416449 13.822980493307117 5.8610493689775458 8.184520423412323 9.6736348420381546 22.24163781106472 4.769789069890976 10.506183534860611 5.4874648749828339
leaf_count=23 1198 16 426 477 67 308 38 23 717 464 36 23 46 31 36 107 27 20 217 74 98 17 97 34 54 53 92 20 44 23
internal_value=-0.000854947 0.0314894 0.0483834 0.00425356 -0.0150784 0.0260552 -0.0450571 -0.0350372 -0.0784309 0.0631043 0.0650088 0.0675566 0.0653199 0.0789779 0.0737842 0.0675973 0.0539846 0.108007 0.00262401 0.0220718 0.0089081 -0.0448952 -0.0541434 -0.0169561 -0.0808188 -0.0237871 0.042452 0.0210672 0.0514504 -0.00913366
internal_weight=886.594 625.712 386.174 239.538 137.982 153.44 51.2282 45.4579 260.883 232.733 227.824 219.54 214.019 108.249 100.542 91.5719 65.4632 11.5165 86.7541 46.5758 42.7219 41.3677 37.794 15.7865 22.0075 23.014 53.9467 31.7051 20.7634 10.2573
internal_count=4906 2991 1726 1265 788 734 330 292 1915 992 969 933 910 446 415 379 272 47 458 241 225 269 252 101 151 127 225 133 87 43
is_linear=0
shrinkage=0.1


Tree=7
num_leaves=31
num_cat=0
split_feature=14 13 16 11 16 58 0 6 93 68 53 1 7 47 26 11 132 0 11 139 95 1 1 11 7 0 16 54 42 167
split_gain=187.783 22.9259 10.1357 9.84286 6.21538 5.00313 8.16467 7.01127 3.946 4.97156 6.83536 4.52945 4.07681 4.07184 7.80878 4.66294 3.88864 5.34037 3.78631 3.74664 3.7674 3.61737 3.56311 4.44832 3.54706 3.51083 3.32807 4.41853 3.74798 3.28711
threshold=1.0000000180025095e-35 1.0000000180025095e-35 1.0000000180025095e-35 1.0000000180025095e-35 1.0000000180025095e-35 1.0000000180025095e-35 3.9917863607406621 1.0000000180025095e-35 1.0000000180025095e-35 1.0000000180025095e-35 1.0000000180025095e-35 -0.45531979203224177 1.0000000180025095e-35 1.0000000180025095e-35 1.0000000180025095e-35 1.0000000180025095e-35 1.0000000180025095e-35 3.9219712018966679 1.0000000180025095e-35 1.0000000180025095e-35 1.0000000180025095e-35 0.93231424689292919 -0.46444596350193018 1.0000000180025095e-35 1.0000000180025095e-35 15.585215568542482 1.0000000180025095e-35 1.0000000180025095e-35 1.0000000180025095e-35 1.0000000180025095e-35
decision_type=2 2 2 2 2 2 2 2 2 2 2 2 2 2 2 2 2 2 2 2 2 2 2 2 2 2 2 2 2 2
left_child=1 2 29 4 -3 7 -7 16 9 10 11 -8 -11 15 -15 -13 17 -4 -2 20 -6 -20 -19 24 -24 -12 -5 -28 -29 -1
right_child=18 3 5 26 19 6 8 -9 -10 12 25 13 -14 14 -16 -17 -18 22 21 -21 -22 -23 23 -25 -26 -27 27 28 -30 -31
leaf_value=0.053547584461318881 -0.084528090564658653 0.0023273158762546989 0.094587099903705785 0.040881707144321905 -0.043200424840368117 -0.090730875915766299 0.086580921141073033 0.085644970704571943 0.10074628676396707 -0.084117053407674183 0.05136698507844939 -0.063813582109936984 0.019394814633229646 0.11775559964250562 -0.023530818290255887 0.018033022734488098 0.083276308069799673 -0.092408710176040881 -0.063087751425126487 -0.12123551523601579 0.047085715376761969 0.036138980871215157 -0.09001352398391492 0.048740934535648685 0.022221098218872963 0.16809449488262748 0.036548180010232072 -0.0614377707426269 0.037781779362211894 0.10896904328540101
leaf_weight=223.77931624650955 151.73338317871094 86.55793197453022 5.3347191214561454 64.913172170519829 39.087671920657158 7.6688703745603553 6.4993608295917431 25.200333669781685 5.2846189290285102 8.7698458284139615 6.7478328645229322 15.003056645393379 6.7207196503877631 6.8843688368797276 9.0598760396242142 12.985533908009529 7.4619435518980017 4.8634278923273113 91.663964688777924 5.3337896168231955 5.2414207309484473 3.8273777514696112 6.4604609906673431 10.62648218870163 4.9914911389350891 4.1684296280145645 19.56108246743679 12.788991242647173 5.4209482073783866 11.2393462061882
leaf_count=946 1198 458 25 292 267 37 31 116 25 43 33 76 32 33 43 58 36 22 690 38 25 27 33 46 25 20 90 70 25 46
internal_value=-0.000874793 0.0281618 0.043113 0.00377039 -0.0138525 0.0232385 0.00794653 0.0443831 0.0171612 0.0114126 0.0241943 0.00866464 -0.0392075 -0.00286218 0.0374735 -0.0258402 0.0182168 0.00317582 -0.0747105 -0.0420526 -0.0325251 -0.0591107 -0.0149244 0.00214382 -0.0410945 0.09594 0.027149 0.0035479 -0.0319009 0.056198
internal_weight=875.88 628.655 389.75 238.905 136.221 154.731 89.7925 64.9389 82.1236 76.839 61.3485 50.4322 15.4906 43.9328 15.9442 27.9886 39.7385 32.2766 247.225 49.6629 44.3291 95.4913 26.9419 22.0784 11.452 10.9163 102.684 37.771 18.2099 235.019
internal_count=4906 2991 1726 1265 788 734 431 303 394 369 294 241 75 210 76 134 187 151 1915 330 292 717 126 104 58 53 477 185 95 992
is_linear=0
shrinkage=0.1


Tree=8
num_leaves=31
num_cat=0
split_feature=14 13 16 11 16 44 56 0 6 93 68 99 53 61 11 139 99 1 11 99 6 138 1 15 25 81 12 73 67 0
split_gain=158.522 18.2359 8.12324 7.94909 5.24529 4.14442 6.06395 7.01698 4.92561 4.5714 4.16258 3.91073 8.31058 4.10902 3.63233 3.4876 3.73007 3.4022 3.29171 4.04965 3.30822 3.15852 3.1188 3.07356 7.0281 4.26158 3.47592 3.38946 3.07062 3.07061
threshold=1.0000000180025095e-35 1.0000000180025095e-35 1.0000000180025095e-35 1.0000000180025095e-35 1.0000000180025095e-35 1.0000000180025095e-35 1.0000000180025095e-35 3.9917863607406621 1.0000000180025095e-35 1.0000000180025095e-35 1.0000000180025095e-35 1.0000000180025095e-35 1.0000000180025095e-35 1.0000000180025095e-35 1.0000000180025095e-35 1.0000000180025095e-35 1.0000000180025095e-35 -0.45531979203224177 1.0000000180025095e-35 1.0000000180025095e-35 1.0000000180025095e-35 1.0000000180025095e-35 0.93231424689292919 1.0000000180025095e-35 1.0000000180025095e-35 1.0000000180025095e-35 1.0000000180025095e-35 1.0000000180025095e-35 1.0000000180025095e-35 3.2950034141540532
decision_type=2 2 2 2 2 2 2 2 2 2 2 2 2 2 2 2 2 2 2 2 2 2 2 2 2 2 2 2 2 2
left_child=1 2 18 4 23 -4 8 -8 -7 10 11 12 17 -13 -2 16 -6 -9 19 -1 -21 29 -16 24 -3 -26 -25 28 -27 -5
right_child=14 3 5 21 15 6 7 9 -10 -11 -12 13 -14 -15 22 -17 -18 -19 -20 20 -22 -23 -24 26 25 27 -28 -29 -30 -31
leaf_value=0.030136872240084451 -0.081064416490565394 0.14713046437626867 0.10228364832122371 0.084883999091996704 -0.039540196929813545 0.01876031612584075 -0.096011985502919422 0.075311012475068162 0.076044132236214035 0.094819577763923232 -0.045770367516963111 -0.088142556148177453 0.13325471550933221 0.022399612002809311 -0.059457127214874908 -0.11884352691843723 0.06007117262845979 -0.0028845918086151255 0.061956114214669157 0.11108373697982737 0.027497109539785486 0.098711306896437187 0.031724608796666803 -0.03842096379769884 -0.021939191959379128 0.085720202305837045 0.025105660889325782 0.10798090738934825 -0.014172544115087983 0.015286222740086661
leaf_weight=99.621640101075172 142.85991956293583 3.9483401477336875 5.9834909141063681 6.8125629574060431 39.199048548936844 38.774712666869164 6.9701934605836859 6.7123816460370938 24.491833701729774 5.7115830332040778 14.645427182316778 6.8155028223991376 6.4161301106214514 6.6374861150979996 87.743791490793228 4.918333373963832 4.1579885631799689 32.525549009442337 117.55304938554764 12.4683083742857 7.6342114806175223 5.3954263329505912 3.9187520295381537 27.231480076909065 22.755568936467171 4.4085570126771936 12.597601622343062 5.5205210149288169 10.189768806099892 91.229004770517349
leaf_count=430 1198 16 28 31 269 182 35 31 110 26 72 32 30 32 690 38 23 156 479 51 32 23 27 148 127 22 69 26 50 423
internal_value=-0.000892308 0.0251866 0.0384233 0.00336473 -0.0126245 0.0206735 0.0174115 0.000192463 0.0409361 0.00863104 0.00195638 0.013782 0.027745 -0.0336028 -0.0710957 -0.0390401 -0.0299874 0.0104922 0.0500695 0.0383985 0.0793406 0.0242216 -0.0555589 0.00209219 0.0194623 0.00770528 -0.018328 0.0412349 0.0159941 0.0201223
internal_weight=865.848 631.326 392.962 238.364 134.927 155.684 149.701 86.4343 63.2665 79.4641 73.7525 59.107 45.6541 13.453 234.522 48.2754 43.357 39.2379 237.277 119.724 20.1025 103.437 91.6625 86.6518 46.8228 42.8744 39.8291 20.1188 14.5983 98.0416
internal_count=4906 2991 1726 1265 788 734 706 414 292 379 353 281 217 64 1915 330 292 187 992 513 83 477 717 458 241 225 217 98 72 454
is_linear=0
shrinkage=0.1


Tree=9
num_leaves=31
num_cat=0
split_feature=14 13 100 16 16 11 11 65 139 15 81 0 63 139 79 168 132 0 12 101 11 8 26 0 99 81 99 61 1 0
split_gain=133.881 14.5902 6.93212 6.55568 6.22277 3.48963 3.47335 3.36839 3.47561 5.69158 7.35757 3.54416 3.38395 3.24775 3.31592 3.19353 3.1409 3.49683 4.88449 3.97268 3.37144 3.85548 5.89373 3.27748 2.98331 3.91476 2.76197 3.44476 2.68663 2.57349
threshold=1.0000000180025095e-35 1.0000000180025095e-35 1.0000000180025095e-35 1.0000000180025095e-35 1.0000000180025095e-35 1.0000000180025095e-35 1.0000000180025095e-35 1.0000000180025095e-35 1.0000000180025095e-35 1.0000000180025095e-35 1.0000000180025095e-35 16.661190986633304 1.0000000180025095e-35 1.0000000180025095e-35 1.0000000180025095e-35 1.0000000180025095e-35 1.0000000180025095e-35 17.100615501403812 1.0000000180025095e-35 1.0000000180025095e-35 1.0000000180025095e-35 1.0000000180025095e-35 1.0000000180025095e-35 5.3483915328979501 1.0000000180025095e-35 1.0000000180025095e-35 1.0000000180025095e-35 1.0000000180025095e-35 0.93231424689292919 6.4298424720764169
decision_type=2 2 2 2 2 2 2 2 2 2 2 2 2 2 2 2 2 2 2 2 2 2 2 2 2 2 2 2 2 2
left_child=1 3 4 16 7 15 -2 8 11 10 -10 12 -3 14 -6 -5 17 19 -19 20 24 -22 26 -18 -1 -26 27 -23 -8 -7
right_child=6 2 -4 5 13 29 28 -9 9 -11 -12 -13 -14 -15 -16 -17 23 18 -20 -21 21 22 -24 -25 25 -27 -28 -29 -30 -31
leaf_value=0.027964269720890774 -0.077671900293232163 0.0092164229442208961 0.097261766726325832 -8.0741173664490671e-05 -0.010006199060366552 0.060067271525021004 -0.05594180548074177 -0.065865879856291928 0.026116426803360938 -0.030571686252161629 0.20110698078176314 0.076628848025377935 -0.075440965536274232 -0.091154101798874121 -0.084494589795256703 0.082466893478536821 -0.021250967551550315 -0.057138536568438571 0.069925023832682356 0.13064087458161761 0.081843027672209565 0.056419474674891681 0.076769695528629181 0.042051534174011307 0.043593336160525187 0.14967786323423868 -0.062781689158319789 -0.043940684711707478 0.027943605447774612 0.020521353955629495
leaf_weight=75.092305943369865 134.62202614545822 115.62862229347229 7.5530005544424048 80.04708443582058 69.66301941126585 25.682321131229401 84.124761968851089 5.3283637762069693 5.3154632151126844 4.5275192707777014 4.3847650140523911 7.4953629225492469 4.922664836049079 6.2910312712192527 6.5370242297649375 4.9781026542186728 13.659266784787176 6.994337320327757 5.3314580619335175 6.3349292427301398 51.463988482952118 10.31477326154709 22.236726984381676 20.385437354445457 11.924512162804605 4.911268785595893 4.9380887895822516 5.116589978337287 3.999512404203414 45.805313214659691
leaf_count=320 1198 564 40 401 412 109 690 28 27 23 19 37 27 47 41 25 59 29 22 26 208 42 90 86 49 20 20 21 27 199
internal_value=-0.000892378 0.0225754 0.00299473 0.0343494 -9.9652e-05 0.018444 -0.0675687 0.0121944 0.0151179 0.0620066 0.105217 0.00990789 0.00575947 -0.0220976 -0.0163964 0.0047523 0.0447783 0.0494568 -0.00217786 0.0527658 0.0501135 0.0634227 0.0411727 0.0166536 0.0364942 0.0745399 0.00231258 0.023143 -0.0521347 0.0347284
internal_weight=855.61 632.863 237.647 395.217 230.094 156.513 222.746 147.603 142.274 14.2277 9.70023 128.047 120.551 82.4911 76.2 85.0252 238.704 204.659 12.3258 192.333 185.998 94.0702 42.6062 34.0447 91.9281 16.8358 20.3695 15.4314 88.1243 71.4876
internal_count=4906 2991 1265 1726 1225 734 1915 725 697 69 46 628 591 500 453 426 992 847 51 796 770 381 173 145 389 69 83 63 717 308
is_linear=0
shrinkage=0.1


Tree=10
num_leaves=31
num_cat=0
split_feature=14 11 13 176 76 16 91 13 8 63 15 0 0 0 7 0 0 61 51 16 11 0 139 95 167 0 54 6 10 10
split_gain=113.063 12.1265 8.11381 4.15337 3.82916 4.11792 3.76106 4.44684 4.49041 4.54641 3.86074 6.70463 4.04365 8.44205 3.72446 6.42973 9.51631 4.07121 4.03861 3.6613 3.30783 3.22897 3.04129 3.1963 3.00555 4.24206 4.04899 6.45172 4.92623 4.63635
threshold=1.0000000180025095e-35 1.0000000180025095e-35 1.0000000180025095e-35 1.0000000180025095e-35 1.0000000180025095e-35 1.0000000180025095e-35 1.0000000180025095e-35 1.0000000180025095e-35 1.0000000180025095e-35 1.0000000180025095e-35 1.0000000180025095e-35 14.800821304321291 12.34633779525757 8.5516767501831072 1.0000000180025095e-35 6.5010266304016122 8.7460646629333514 1.0000000180025095e-35 1.0000000180025095e-35 1.0000000180025095e-35 1.0000000180025095e-35 3.3497605323791508 1.0000000180025095e-35 1.0000000180025095e-35 1.0000000180025095e-35 9.3497605323791522 1.0000000180025095e-35 1.0000000180025095e-35 1.0000000180025095e-35 1.0000000180025095e-35
decision_type=2 2 2 2 2 2 2 2 2 2 2 2 2 2 2 2 2 2 2 2 2 2 2 2 2 2 2 2 2 2
left_child=1 2 4 6 5 24 7 8 9 -3 11 21 13 -12 -7 -16 -17 18 -18 -4 -2 -10 23 -21 25 26 -1 29 -29 -28
right_child=20 3 19 -5 -6 14 -8 -9 10 -11 12 -13 -14 -15 15 16 17 -19 -20 22 -22 -23 -24 -25 -26 -27 27 28 -30 -31
leaf_value=0.034204288242779261 -0.07433541908001344 0.058779378908280347 0.00025693879242779684 0.11328104518971688 -0.067458061475322698 -0.01320135223369916 0.10184923432171711 0.014184757747458802 0.085256895519552955 -0.036520197584410143 -0.045799186744241591 0.11471145893291337 -0.055589810428035485 0.10902567350742005 -0.025214543628889887 0.20094405705051394 0.014567405673288032 -0.031282248688573495 0.13983444629847239 -0.036810761472636531 -0.04883553784776317 0.0091524017059452321 -0.11531591494619385 0.046607495516202968 0.10671527129651691 0.048584881018482011 0.096912902100188089 -0.14032018080186917 -0.0078134427671234762 -0.026111277565788418
leaf_weight=30.189402759075165 126.99862019717693 100.20541097223759 86.782116815447807 6.6431273370981208 4.9101355373859397 48.153578460216522 7.7881852239370337 97.721462026238441 6.6023826152086249 5.2691827714443198 7.6668986827135104 9.3087205588817579 10.943712204694746 6.5140781551599503 13.012505069375036 4.0986229181289699 5.8476841598749179 6.462685599923133 4.5969022959470749 36.903994359076023 84.863450154662132 35.82613405585289 4.2360572516918173 5.2462836503982535 5.3949042260646811 60.123418241739273 5.5215252339839935 5.7768303602933884 5.455114871263504 6.8808198124170303
leaf_count=131 1198 413 458 29 23 244 34 447 27 22 32 39 45 27 64 20 29 32 22 267 717 149 38 25 22 249 24 25 24 30
internal_value=-0.000874942 0.0202572 0.00737909 0.0351076 0.0197943 0.0219203 0.0333035 0.0313973 0.0406221 0.0540185 0.0222388 0.0378569 -0.00992231 0.0253201 0.00469285 0.0300224 0.0642399 0.0311004 0.0697003 -0.0118657 -0.0641212 0.0209952 -0.0345454 -0.026428 0.0337821 0.030329 0.00993648 -0.0210622 -0.0759645 0.0286591
internal_weight=845.944 634.082 339.593 294.489 206.424 201.514 287.846 280.058 182.337 105.475 76.8619 51.7372 25.1247 14.181 82.172 34.0184 21.0059 16.9073 10.4446 133.168 211.862 42.4285 46.3863 42.1503 119.342 113.947 53.8237 23.6343 11.2319 12.4023
internal_count=4906 2991 1727 1264 939 916 1235 1201 754 435 319 215 104 59 411 167 103 83 51 788 1915 176 330 292 505 483 234 103 49 54
is_linear=0
shrinkage=0.1


Tree=11
num_leaves=31
num_cat=0
split_feature=14 11 13 99 176 15 1 0 56 26 16 81 10 0 13 8 96 11 76 168 0 69 39 0 35 10 81 5 6 1
split_gain=95.3848 9.73235 6.55869 3.75126 4.87054 3.68119 5.14002 3.849 5.01329 4.40165 5.62364 4.16359 3.30064 5.2433 3.15719 3.3843 3.23397 3.14196 3.14189 3.55266 4.92648 4.761 4.19408 7.0281 5.61586 4.78018 4.67717 4.18493 4.14942 3.91878
threshold=1.0000000180025095e-35 1.0000000180025095e-35 1.0000000180025095e-35 1.0000000180025095e-35 1.0000000180025095e-35 1.0000000180025095e-35 0.825994372367859 15.368925571441652 1.0000000180025095e-35 1.0000000180025095e-35 1.0000000180025095e-35 1.0000000180025095e-35 1.0000000180025095e-35 3.7686516046524052 1.0000000180025095e-35 1.0000000180025095e-35 1.0000000180025095e-35 1.0000000180025095e-35 1.0000000180025095e-35 1.0000000180025095e-35 6.9705681800842294 1.0000000180025095e-35 1.0000000180025095e-35 10.380561351776125 1.0000000180025095e-35 1.0000000180025095e-35 1.0000000180025095e-35 1.0000000180025095e-35 1.0000000180025095e-35 0.73214691877365123
decision_type=2 2 2 2 2 2 2 2 2 2 2 2 2 2 2 2 2 2 2 2 2 2 2 2 2 2 2 2 2 2
left_child=1 2 18 4 14 6 7 8 12 10 11 -10 13 -4 15 -3 -16 -2 19 20 -1 22 23 25 -24 -22 28 29 -25 -23
right_child=17 3 5 -5 -6 -7 -8 -9 9 -11 -12 -13 -14 -15 16 -17 -18 -19 -20 -21 21 27 24 26 -26 -27 -28 -29 -30 -31
leaf_value=-0.0057253676633163145 -0.071044649193055545 0.054785586943676426 0.02992459451380787 0.0052385656969242177 0.1285874399621422 -0.030495365121185669 0.092782888023358212 -0.10063059255711418 -0.015299532055953319 0.057630152503853074 -0.074949224264171097 0.10151782046963263 0.0072786150123592078 -0.10100004180221817 0.024165618449721152 0.025202142926053418 -0.049766853694753262 -0.045636268955870057 -0.062323379997648878 0.07611622405140224 -0.054980221965860103 -0.0030689035384365089 0.13667227099985504 -0.019581377061996596 0.04332890438054679 0.030523093534330744 0.11097972944417223 -0.035859875447315413 0.077277858210243938 0.084287065970678088
leaf_weight=65.54231384396553 119.96337954699993 92.904598608613014 4.2957307472825059 46.138110786676407 5.58766946196556 55.215405821800232 5.9310429543256751 3.9052184075117102 7.4066734910011309 19.68289403617382 7.8656704798340789 5.1883409768342972 11.917682811617851 10.623821571469305 78.571459084749222 66.241622820496559 6.3983174413442603 81.890974178910255 4.789668232202529 10.550519019365309 13.225126907229424 14.024226084351541 9.1237331628799456 9.1080553233623505 21.956080690026283 12.932180017232895 10.789126992225649 18.157033070921898 8.5981388688087463 8.1020482778549177
leaf_count=304 1198 381 25 201 24 334 35 25 40 113 56 23 69 68 353 274 31 717 23 47 60 65 41 41 97 58 48 82 37 36
internal_value=-0.000859137 0.0181816 0.00661318 0.0314349 0.0362753 -0.0108005 0.00335594 -0.00412643 0.00150011 0.0238691 -0.00860848 0.0328218 -0.0319599 -0.0633034 0.0341623 0.042472 0.0185984 -0.0607366 0.0177258 0.0196228 0.0165113 0.0280769 0.0414006 0.0247213 0.0707306 -0.0127074 0.0590789 -0.000279274 0.0274535 0.0289185
internal_weight=836.627 634.773 338.931 295.842 249.704 132.032 76.8171 70.886 66.9808 40.1436 20.4607 12.595 26.8372 14.9196 244.116 159.146 84.9698 201.854 206.898 202.109 191.558 126.016 85.7324 54.6526 31.0798 26.1573 28.4953 40.2833 17.7062 22.1263
internal_count=4906 2991 1727 1264 1063 788 454 419 394 232 119 63 162 93 1039 655 384 1915 939 916 869 565 382 244 138 118 126 183 78 101
is_linear=0
shrinkage=0.1


Tree=12
num_leaves=31
num_cat=0
split_feature=14 16 32 176 86 0 83 13 26 40 13 68 8 73 167 68 47 1 168 53 56 0 79 67 5 6 81 132 67 108
split_gain=80.3907 8.66719 4.62552 5.11457 5.12027 5.06985 5.04647 4.44385 4.43371 3.98776 3.73945 3.72447 5.2821 4.32478 3.41783 3.13011 3.96938 4.84377 3.12153 3.99312 3.37561 5.55483 3.11153 3.07627 3.55529 3.90045 3.58447 3.06738 5.06349 3.81726
threshold=1.0000000180025095e-35 1.0000000180025095e-35 1.0000000180025095e-35 1.0000000180025095e-35 1.0000000180025095e-35 13.030800819396974 1.0000000180025095e-35 1.0000000180025095e-35 1.0000000180025095e-35 1.0000000180025095e-35 1.0000000180025095e-35 1.0000000180025095e-35 1.0000000180025095e-35 1.0000000180025095e-35 1.0000000180025095e-35 1.0000000180025095e-35 1.0000000180025095e-35 0.73792684078216564 1.0000000180025095e-35 1.0000000180025095e-35 1.0000000180025095e-35 3.9917863607406621 1.0000000180025095e-35 1.0000000180025095e-35 1.0000000180025095e-35 1.0000000180025095e-35 1.0000000180025095e-35 1.0000000180025095e-35 1.0000000180025095e-35 1.0000000180025095e-35
decision_type=2 2 2 2 2 2 2 2 2 2 2 2 2 2 2 2 2 2 2 2 2 2 2 2 2 2 2 2 2 2
left_child=1 2 3 4 9 -6 -4 15 -7 10 14 -12 13 -13 27 18 17 -17 19 20 23 -22 -9 -3 25 26 -25 29 -29 -1
right_child=-2 7 6 -5 5 8 -8 22 -10 -11 11 12 -14 -15 -16 16 -18 -19 -20 -21 21 -23 -24 24 -26 -27 -28 28 -30 -31
leaf_value=0.032855108773119639 -0.057425713955287394 -0.014406628584104617 0.055443615554038199 0.10135238981259982 0.089490911754004296 0.070669006163807752 -0.021290333891165057 -0.011622107663165038 -0.054684574134446509 -0.051560980638501508 -0.0075464942698165258 0.0084191503637500147 -0.031233730262895016 0.13561341791541756 0.084098838436570747 -0.022156512878128146 -0.082509166802006526 0.096645005428198552 0.086316773800048152 0.056218290340556809 -0.094899728482204987 0.0014977586049170926 -0.083106261771992762 -0.028788196584684369 0.0051865000964280315 0.12063811111180929 0.082356577156574698 0.062169496055997635 -0.041787772537078965 -0.030433248824845334
leaf_weight=117.95281574130058 192.65489110350609 13.79691046476364 73.227731555700302 7.5178929865360251 18.481194525957111 5.3463185429573041 9.7067076712846738 76.420642428100109 5.974950760602951 9.091520741581915 86.030622079968452 4.4720194935798663 6.1193461269140235 6.6457212418317795 9.3265424966812116 15.973103642463689 7.3182829916477194 4.3710990399122229 6.3043775707483283 19.153187796473503 6.7950659096240988 49.700148612260818 6.616290681064128 5.3510958105325699 15.490539252758024 8.4562217891216278 6.3390550017356873 6.5686803460121181 16.341320142149925 10.367950662970541
leaf_count=488 1915 62 318 32 81 23 42 471 28 39 423 23 33 33 38 77 34 20 29 85 35 232 44 24 71 36 29 28 70 43
internal_value=-0.000841473 0.0163189 0.0254844 0.0198764 0.017853 0.0572094 0.0464626 0.00143313 0.00451198 0.0135552 0.0157992 0.000954219 0.0433814 0.0844506 0.0253472 0.0112227 -0.0193507 0.00336885 0.0176597 0.0141993 0.00660179 -0.0100966 -0.0173179 0.0256855 0.0412072 0.0689036 0.0314807 0.0217239 -0.0119815 0.0277416
internal_weight=827.912 635.257 393.171 310.237 302.719 29.8025 82.9344 242.086 11.3213 272.917 263.825 103.268 17.2371 11.1177 160.557 159.049 27.6625 20.3442 131.387 125.082 105.929 56.4952 83.0369 49.4338 35.6369 20.1464 11.6902 151.231 22.91 128.321
internal_count=4906 2991 1742 1382 1350 132 360 1249 51 1218 1179 512 89 56 667 734 131 97 603 574 489 267 515 222 160 89 53 629 98 531
is_linear=0
shrinkage=0.1


Tree=13
num_leaves=31
num_cat=0
split_feature=14 11 13 104 100 16 113 59 0 45 69 99 62 8 26 0 0 50 67 13 11 15 23 139 53 6 12 9 0 8
split_gain=67.67 7.55982 4.55003 3.20717 4.27089 3.7825 7.30797 3.8999 3.75604 3.47241 3.3682 5.98592 3.62925 4.02943 3.30392 3.21913 6.86754 4.42499 3.60184 3.47825 3.13437 3.13337 4.50227 3.1114 2.79236 2.68071 2.67545 3.79647 3.05656 2.64961
threshold=1.0000000180025095e-35 1.0000000180025095e-35 1.0000000180025095e-35 1.0000000180025095e-35 1.0000000180025095e-35 1.0000000180025095e-35 1.0000000180025095e-35 1.0000000180025095e-35 17.166323661804203 1.0000000180025095e-35 1.0000000180025095e-35 1.0000000180025095e-35 1.0000000180025095e-35 1.0000000180025095e-35 1.0000000180025095e-35 9.7960300445556658 12.34633779525757 1.0000000180025095e-35 1.0000000180025095e-35 1.0000000180025095e-35 1.0000000180025095e-35 1.0000000180025095e-35 1.0000000180025095e-35 1.0000000180025095e-35 1.0000000180025095e-35 1.0000000180025095e-35 1.0000000180025095e-35 1.0000000180025095e-35 12.746064186096193 1.0000000180025095e-35
decision_type=2 2 2 2 2 2 2 2 2 2 2 2 2 2 2 2 2 2 2 2 2 2 2 2 2 2 2 2 2 2
left_child=1 2 -1 4 5 8 7 -7 9 10 11 23 -12 25 -13 19 18 24 -17 29 -2 22 -4 -3 -18 -14 -23 28 -28 -9
right_child=20 3 21 -5 -6 6 -8 15 -10 -11 12 14 13 -15 -16 16 17 -19 -20 -21 -22 26 -24 -25 -26 -27 27 -29 -30 -31
leaf_value=0.013642337176627599 -0.065078036034126083 0.024629224605726887 0.07851232931443608 -0.03184835148512237 0.11798015471706054 0.02913128552829751 0.13418798225879039 0.01636232797559516 -0.034380671403893885 0.060684956730955919 -0.0055295662239357906 -0.10243638135755746 0.074199269119001307 0.0247076785904356 -0.001351370366758517 0.12457947457919626 0.064600173643445682 -0.099915562521608992 0.012996919851915853 -0.095989101977058955 -0.038574173771415476 -0.04342284715977509 -0.004892131730721571 0.096806133764651109 -0.023497821210709046 0.16520418956170832 0.072093698513646609 -0.062048503041269853 -0.041867268248680554 -0.067496113111488121
leaf_weight=208.06395681202412 108.43167120218277 72.039326459169388 7.138817533850669 9.1867591142654401 5.1996659785509101 41.884657874703407 4.6402714252471915 10.589649379253393 7.3840032219886771 49.759344637393951 6.5344524085521725 5.3589503020048115 7.4115642011165619 8.2221457809209824 8.1519342958927155 6.070569843053816 5.0576613098382994 5.6388390809297553 5.5265217572450638 7.4119844138622275 75.821099549531937 37.44753573089838 69.312803849577904 6.5124800056219092 12.464699998497963 5.7464661002159119 7.8993469476699847 5.6973057314753524 3.3523330837488174 5.8488160222768775
leaf_count=939 1198 302 37 39 22 176 20 45 31 204 27 23 31 34 34 27 23 26 26 39 717 233 417 27 58 24 47 34 20 26
internal_value=-0.000812096 0.0146573 0.00445375 0.0263149 0.0281737 0.0265193 0.0114937 0.00582828 0.0354381 0.0384754 0.0292642 0.020038 0.0596924 0.0796262 -0.0414457 -0.0108252 0.00858848 -0.0228648 0.0714055 -0.0391175 -0.0541715 -0.0101572 0.00289592 0.0306132 0.00193082 0.113944 -0.0285027 0.00446226 0.0381401 -0.0134746
internal_weight=819.806 635.553 338.912 296.641 287.454 282.254 105.134 100.493 177.121 169.737 119.977 92.0627 27.9146 21.3802 13.5109 58.6087 34.7583 23.1612 11.5971 23.8504 184.253 130.848 76.4516 78.5518 17.5224 13.158 54.3965 16.949 11.2517 16.4385
internal_count=4906 2991 1727 1264 1225 1203 466 446 737 706 502 386 116 89 57 270 160 107 53 110 1915 788 454 329 81 55 334 101 67 71
is_linear=0
shrinkage=0.1


Tree=14
num_leaves=31
num_cat=0
split_feature=14 16 156 176 214 32 86 0 83 26 0 0 10 73 0 26 68 0 108 25 63 67 12 5 0 54 9 13 11 139
split_gain=56.919 6.47172 3.60123 4.00909 3.57115 3.46865 4.23593 4.68189 4.13727 3.62164 3.44801 6.60551 6.46325 5.62393 5.30224 5.12286 6.55377 3.77806 3.52903 5.64333 4.74027 3.34248 3.54009 7.73446 3.31673 6.21484 3.31284 3.11858 2.9199 2.74797
threshold=1.0000000180025095e-35 1.0000000180025095e-35 1.0000000180025095e-35 1.0000000180025095e-35 1.0000000180025095e-35 1.0000000180025095e-35 1.0000000180025095e-35 13.030800819396974 1.0000000180025095e-35 1.0000000180025095e-35 7.9493498802185067 8.2737851142883319 1.0000000180025095e-35 1.0000000180025095e-35 16.041068077087406 1.0000000180025095e-35 1.0000000180025095e-35 7.1540040969848642 1.0000000180025095e-35 1.0000000180025095e-35 1.0000000180025095e-35 1.0000000180025095e-35 1.0000000180025095e-35 1.0000000180025095e-35 13.813826084136965 1.0000000180025095e-35 1.0000000180025095e-35 1.0000000180025095e-35 1.0000000180025095e-35 1.0000000180025095e-35
decision_type=2 2 2 2 2 2 2 2 2 2 2 2 2 2 2 2 2 2 2 2 2 2 2 2 2 2 2 2 2 2
left_child=1 2 3 4 5 6 10 26 -7 -9 17 -12 13 14 24 16 -15 21 19 -14 -21 22 23 -1 -13 -26 -8 -3 -2 -29
right_child=28 27 -4 -5 -6 8 7 9 -10 -11 11 12 18 15 -16 -17 -18 -19 -20 20 -22 -23 -24 -25 25 -27 -28 29 -30 -31
leaf_value=-0.042456513285034789 -0.061894442171166464 0.0084246510945709657 -0.038939880433960322 0.090248026096507644 -0.048327501263022044 0.048686070985819896 0.047439792285083812 0.062135285851814187 -0.022634396337494742 -0.051464577183211402 -0.10004670473561615 -0.045979841771010416 0.11837793707959053 -0.0657749259060217 -0.12509685745327967 0.056545810237910978 0.054436134293620722 0.089015919991108583 -0.043593517858826807 0.036227943337222172 -0.066221824790197878 0.0081757539019099712 0.086580740142896601 0.086218174258754901 -0.064737746754122721 0.067707665220360133 0.13382922624582169 -0.010674613485183233 -0.035810771594514838 -0.084075123534617768
leaf_weight=9.7163527011871338 102.90066809952259 159.82198993861675 9.74960048496723 8.5659179985523206 7.2737162113189688 72.208213999867439 10.27448876202107 5.3557545542716962 9.1661477833986265 5.8957557082176208 5.9237436205148688 22.816378429532051 7.6508552730083457 11.519744902849199 5.7619171589612952 17.496780067682266 7.480159491300582 8.9840395897626859 5.7886316031217566 47.088247418403625 4.9953985959291449 64.964565142989159 13.508886396884916 8.9967832416296005 5.8966785892844173 8.8755041807889938 7.8155058175325385 76.458094708621502 73.623499274253845 5.4650872871279708
leaf_count=43 1198 734 45 36 32 311 45 23 40 28 27 103 32 54 26 77 34 38 25 205 24 291 59 40 28 42 34 468 717 47
internal_value=-0.000781271 0.0131721 0.021079 0.0226028 0.0210594 0.0224302 0.0172601 0.0532598 0.0406524 0.00260932 0.0131575 0.0034632 0.00768116 -0.0114198 -0.035771 0.0175043 -0.0184485 0.026972 0.0309578 0.0381823 0.0264019 0.0212365 0.0475691 0.0194069 -0.0220783 0.0148388 0.084763 0.000292895 -0.0510156 -0.0155712
internal_weight=812.039 635.515 393.77 384.02 375.454 368.181 286.806 29.3415 81.3744 11.2515 257.465 151.294 145.37 79.8472 43.3505 36.4967 18.9999 106.171 65.5231 59.7345 52.0836 97.1866 32.222 18.7131 37.5886 14.7722 18.09 241.745 176.524 81.9232
internal_count=4906 2991 1742 1697 1661 1629 1278 130 351 51 1148 677 650 364 199 165 88 471 286 261 229 433 142 83 173 70 79 1249 1915 515
is_linear=0
shrinkage=0.1


Tree=15
num_leaves=31
num_cat=0
split_feature=14 11 13 91 178 0 0 15 7 81 61 11 0 44 15 1 0 56 26 16 5 10 0 1 76 16 7 0 0 61
split_gain=47.8108 6.12181 3.37809 2.74913 2.82805 2.80664 5.3497 4.45336 4.10264 3.88048 6.11744 2.7033 2.75055 2.65277 2.55599 3.74443 3.30669 4.08561 3.64869 3.93243 3.01379 2.69602 4.57198 2.70935 2.51791 2.60451 3.01537 4.4275 6.30632 3.34446
threshold=1.0000000180025095e-35 1.0000000180025095e-35 1.0000000180025095e-35 1.0000000180025095e-35 1.0000000180025095e-35 16.119096755981449 15.63039016723633 1.0000000180025095e-35 1.0000000180025095e-35 1.0000000180025095e-35 1.0000000180025095e-35 1.0000000180025095e-35 17.622176170349125 1.0000000180025095e-35 1.0000000180025095e-35 0.825994372367859 15.368925571441652 1.0000000180025095e-35 1.0000000180025095e-35 1.0000000180025095e-35 1.0000000180025095e-35 1.0000000180025095e-35 3.7686516046524052 -0.51950716972351063 1.0000000180025095e-35 1.0000000180025095e-35 1.0000000180025095e-35 6.5010266304016122 8.7460646629333514 1.0000000180025095e-35
decision_type=2 2 2 2 2 2 2 2 2 2 2 2 2 2 2 2 2 2 2 2 2 2 2 2 2 2 2 2 2 2
left_child=1 2 24 4 5 6 -3 9 -9 10 -7 -2 13 -13 15 16 17 21 19 20 -19 22 -4 -23 25 -1 -27 -28 -29 -30
right_child=11 3 14 -5 -6 7 -8 8 -10 -11 -12 12 -14 -15 -16 -17 -18 18 -20 -21 -22 23 -24 -25 -26 26 27 28 29 -31
leaf_value=0.021616019993513584 -0.0587498161034848 0.023184631736184999 0.025743554733983903 0.080297071374289042 -0.035404455534474626 0.11303597110695968 0.10506797097730665 -0.11370851822862781 0.0063280755865364018 -0.050584829714987983 -0.029113342168801321 0.071683977897868692 0.065346659955965378 -0.040619200963276023 -0.026738457781252598 0.076320737572990502 -0.097101828840394311 -0.026184618226128987 0.05039270575893904 -0.068463646905921896 0.071104154907164194 -0.059215141602821722 -0.097057478966253441 0.040284167356149821 -0.061502557604536767 -0.017352267235237889 -0.025239599195067609 0.15338883636858161 0.055101237612323606 -0.035235606003910618
leaf_weight=120.52506214380264 97.836100295186043 242.64631168544292 4.3593527451157579 7.9635897278785697 8.7020275294780713 7.3339211940765399 8.2500966042280179 5.8877975493669528 5.5137556195259094 4.9084728658199301 5.1558153927326202 2.1718296557664862 2.7255394756793967 66.723371475934982 53.609224826097488 6.1882117688655844 3.6797465458512297 6.2193327546119708 20.135183371603489 7.2898476272821418 6.5243912935256958 4.2585128396749496 9.9556483402848226 7.6580043584108353 4.7431006431579581 48.945368096232414 12.973873913288115 4.5415521711111095 10.892308056354524 6.5703066885471335
leaf_count=505 1198 1030 25 34 39 31 36 26 23 21 24 22 21 674 334 35 25 31 113 56 32 26 68 43 23 244 64 20 51 32
internal_value=-0.000747818 0.0118383 0.00266187 0.022337 0.0207366 0.0224833 0.0258772 -0.00708345 -0.0556592 0.0247497 0.0543561 -0.0479433 -0.0331812 -0.037079 -0.0100058 0.00175563 -0.00482862 0.000284943 0.0203302 -0.00988486 0.0236242 -0.0304106 -0.0596608 0.00472688 0.0105266 0.0121977 -0.00132828 0.0210943 0.0484133 0.021112
internal_weight=804.888 635.431 339.069 296.362 288.398 279.696 250.896 28.7998 11.4016 17.3982 12.4897 169.457 71.6207 68.8952 129.877 76.2682 70.08 66.4003 40.1688 20.0336 12.7437 26.2315 14.315 11.9165 209.192 204.448 83.9234 34.978 22.0042 17.4626
internal_count=4906 2991 1727 1264 1230 1191 1066 125 49 76 55 1915 717 696 788 454 419 394 232 119 63 162 93 69 939 916 411 167 103 83
is_linear=0
shrinkage=0.1


Tree=16
num_leaves=31
num_cat=0
split_feature=14 11 10 0 100 12 84 0 56 53 69 26 82 0 0 1 78 0 67 133 129 0 0 0 62 132 74 80 8 7
split_gain=40.1137 4.94605 3.01649 7.32362 7.31872 5.24515 4.60531 5.67682 5.59926 4.99855 4.80806 6.02606 4.32342 4.92627 3.89623 8.24518 5.25567 3.72789 3.71662 4.33738 6.27337 5.53573 3.46312 8.55818 5.42109 4.53145 3.30181 3.2913 3.16181 2.91845
threshold=1.0000000180025095e-35 1.0000000180025095e-35 1.0000000180025095e-35 7.7043120861053476 1.0000000180025095e-35 1.0000000180025095e-35 1.0000000180025095e-35 7.2210814952850351 1.0000000180025095e-35 1.0000000180025095e-35 1.0000000180025095e-35 1.0000000180025095e-35 1.0000000180025095e-35 5.6454484462738046 3.5414099693298344 -0.67100161314010609 1.0000000180025095e-35 3.0266940593719487 1.0000000180025095e-35 1.0000000180025095e-35 1.0000000180025095e-35 4.8911705017089853 3.3497605323791508 4.0561258792877206 1.0000000180025095e-35 1.0000000180025095e-35 1.0000000180025095e-35 1.0000000180025095e-35 1.0000000180025095e-35 1.0000000180025095e-35
decision_type=2 2 2 2 2 2 2 2 2 2 2 2 2 2 2 2 2 2 2 2 2 2 2 2 2 2 2 2 2 2
left_child=1 2 5 18 27 6 7 12 -9 29 -11 -12 13 17 15 -7 -16 -1 19 21 -21 -4 -20 -24 25 -25 -26 -5 -19 -10
right_child=-2 -3 3 4 -6 14 -8 8 9 10 11 -13 -14 -15 16 -17 -18 28 22 20 -22 -23 23 24 26 -27 -28 -29 -30 -31
leaf_value=0.052027500826369859 -0.044975786899089765 0.020054996735788172 0.039174278557856143 0.029255445206196315 0.14270855495964094 -0.015616986705750451 -0.099789595649438068 -0.090707382053091951 -0.079315349674074428 0.08629956232717996 -0.095741507875638399 0.074150148591952972 0.1188794441282207 0.072465495412550582 0.012344317505500033 0.17484169261319027 -0.082507929902304059 -0.088040173853458761 -0.080204747533888968 0.14994695171637851 -0.018003072567182525 -0.1053099134779366 0.091877349451685464 -0.051178587414847633 -0.13028668663366469 0.06309264871340052 -0.034482080472011428 -0.037342224684570317 0.0013060794071042747 -0.011758495832749703
leaf_weight=5.2365810200572076 162.99125649034977 296.91462662816048 6.4938891530036926 81.413718990981579 5.4338210672140113 4.8639827445149422 7.1543393656611434 13.914565794169901 12.493037492036819 7.3047359138727161 4.9539393037557602 3.6086404547095299 3.6822078377008429 7.6644102931022635 67.643904149532318 4.2670291438698751 6.3937644436955443 8.2748748883604986 10.371525242924688 4.9115942791104317 4.0644726157188416 4.4819521084427834 6.2219632789492598 6.8241823390126228 6.9401864781975746 7.0609220117330551 7.468457892537117 8.1650154516100866 7.5972573682665816 13.09970561414957
leaf_count=29 1915 1264 34 397 25 26 38 80 71 35 28 19 19 40 339 21 35 48 57 23 22 22 31 33 35 34 38 39 41 68
internal_value=-0.00072243 0.0106379 0.00236566 0.0123387 0.0300207 -0.00658288 -0.0226388 -0.0163544 -0.0358178 -0.0173961 0.0267014 -0.0241418 0.0168537 0.00379704 0.0117541 0.0733866 0.00415304 -0.0211359 -0.0135718 0.022339 0.0738971 -0.0198254 -0.0295338 -0.0143078 -0.0376586 0.00693119 -0.0806281 0.0231851 -0.0452742 -0.0447362
internal_weight=797.911 634.919 338.005 159.852 95.0126 178.153 94.9843 87.83 55.3746 41.4601 15.8673 8.56258 32.4553 28.7731 83.1687 9.13101 74.0377 21.1087 64.8391 19.9519 8.97607 10.9758 44.8872 34.5157 28.2937 13.8851 14.4086 89.5787 15.8721 25.5927
internal_count=4906 2991 1727 790 461 937 516 478 301 221 82 47 177 158 421 47 374 118 329 101 45 56 228 171 140 67 73 436 89 139
is_linear=0
shrinkage=0.1


Tree=17
num_leaves=31
num_cat=0
split_feature=14 16 76 32 81 1 176 83 0 0 5 62 10 1 73 15 9 8 68 58 54 128 81 178 88 12 0 87 168 0
split_gain=33.5422 4.47978 2.7992 3.16551 3.88137 3.52563 3.23151 3.20163 4.34429 7.53624 5.00092 4.08059 3.37157 3.98681 5.14805 3.48526 2.96742 2.89909 3.02414 2.87827 5.83914 2.8955 4.35591 2.81436 2.95435 2.79289 2.76018 2.73709 3.43434 6.28376
threshold=1.0000000180025095e-35 1.0000000180025095e-35 1.0000000180025095e-35 1.0000000180025095e-35 1.0000000180025095e-35 0.82082289457321178 1.0000000180025095e-35 1.0000000180025095e-35 9.8631072044372576 7.9493498802185067 1.0000000180025095e-35 1.0000000180025095e-35 1.0000000180025095e-35 0.77275836467742931 1.0000000180025095e-35 1.0000000180025095e-35 1.0000000180025095e-35 1.0000000180025095e-35 1.0000000180025095e-35 1.0000000180025095e-35 1.0000000180025095e-35 1.0000000180025095e-35 1.0000000180025095e-35 1.0000000180025095e-35 1.0000000180025095e-35 1.0000000180025095e-35 13.661875724792482 1.0000000180025095e-35 1.0000000180025095e-35 8.1492128372192401
decision_type=2 2 2 2 2 2 2 2 2 2 2 2 2 2 2 2 2 2 2 2 2 2 2 2 2 2 2 2 2 2
left_child=1 2 3 6 5 -5 7 12 9 11 16 -9 13 23 -15 19 -10 18 -17 21 -21 22 -14 24 -1 -19 -12 28 -3 -30
right_child=-2 27 -4 4 -6 -7 -8 8 10 -11 26 -13 15 14 -16 17 -18 25 -20 20 -22 -23 -24 -25 -26 -27 -28 -29 29 -31
leaf_value=0.0073521703893997814 -0.042068317715653072 -0.0021059403649916846 -0.043907495858346503 0.065430017830209242 0.0064624396489682398 0.0019045609633206164 0.077092963714940829 -0.0058609702172602923 0.066535946599494508 -0.087224923708367874 0.17768001376866521 0.090707393848213955 0.042328628328018633 -0.13666422196742387 0.0016645290535977357 0.0010449013509873928 -0.02694519944950783 -0.0029767008769936037 0.082926241586087912 -0.070871747577253494 0.034077193818199521 0.0059244097231658868 0.14265828724979776 -0.068033613662330614 -0.071853770914463433 -0.09226099863139639 0.067398528604240879 -0.061222098819769359 0.11808910613452279 -0.028318480108290158
leaf_weight=117.35617515444756 157.14444068074226 222.06696760654449 7.6201332658529273 40.062943935394287 30.376010119915009 11.173089310526846 7.5774385780096045 9.4144435971975362 8.3275584429502469 6.4665095359086981 4.6296129822731018 8.1758074164390564 10.971016362309461 4.9990555644035322 5.8256972953677177 25.419799402356151 5.7337452620267877 8.815540283918379 5.4835969507694236 6.2824283838272086 33.950746327638626 6.9364124983549109 7.145913451910018 5.6470941156148902 4.9060615599155417 5.8142356723546973 4.4518993049860001 7.3640139251947394 6.6031780838966352 5.2720833122730255
leaf_count=531 1915 1147 36 173 131 48 32 41 36 28 20 35 50 23 26 112 26 42 24 27 145 31 30 26 23 26 20 40 33 29
internal_value=-0.000704389 0.00953412 0.0161117 0.0172967 0.0347853 0.051577 0.0126068 0.0109602 0.0348438 0.00508745 0.0657753 0.0390232 0.00644289 -0.00394556 -0.062218 0.0194481 0.0284174 -0.00178712 0.0155742 0.0342583 0.0176894 0.0608664 0.0819019 0.000985943 0.00417384 -0.0384605 0.123618 -0.00119365 0.000695925 0.0530907
internal_weight=792.014 634.869 393.563 385.943 81.612 51.236 304.331 296.753 47.1996 24.0568 23.1428 17.5903 249.554 138.734 10.8248 110.82 14.0613 45.5332 30.9034 65.2865 40.2332 25.0533 18.1169 127.909 122.262 14.6298 9.08151 241.306 233.942 11.8753
internal_count=4906 2991 1742 1706 352 221 1354 1322 206 104 102 76 1116 629 49 487 62 204 136 283 172 111 80 580 554 68 40 1249 1209 62
is_linear=0
shrinkage=0.1


Tree=18
num_leaves=31
num_cat=0
split_feature=14 13 237 100 92 93 69 19 12 0 0 7 11 26 0 0 134 0 6 118 190 16 44 8 51 132 11 0 168 26
split_gain=28.0329 3.9753 5.04302 4.56936 4.29937 4.09446 9.15015 3.22712 3.15554 4.83841 3.95969 4.15063 4.40444 4.90645 4.14533 3.41815 3.28599 3.71623 4.81606 2.98957 3.55999 3.28189 3.08143 2.92801 2.82052 2.81756 2.69745 3.09427 2.65798 2.61398
threshold=1.0000000180025095e-35 1.0000000180025095e-35 1.0000000180025095e-35 1.0000000180025095e-35 1.0000000180025095e-35 1.0000000180025095e-35 1.0000000180025095e-35 1.0000000180025095e-35 1.0000000180025095e-35 4.0561258792877206 7.0266940593719491 1.0000000180025095e-35 1.0000000180025095e-35 1.0000000180025095e-35 10.380561351776125 12.34633779525757 1.0000000180025095e-35 5.405886411666871 1.0000000180025095e-35 1.0000000180025095e-35 1.0000000180025095e-35 1.0000000180025095e-35 1.0000000180025095e-35 1.0000000180025095e-35 1.0000000180025095e-35 1.0000000180025095e-35 1.0000000180025095e-35 17.746748924255375 1.0000000180025095e-35 1.0000000180025095e-35
decision_type=2 2 2 2 2 2 2 2 2 2 2 2 2 2 2 2 2 2 2 2 2 2 2 2 2 2 2 2 2 2
left_child=1 4 3 8 5 7 -7 19 16 -10 -11 12 -12 24 -13 -16 -3 -18 -19 20 21 25 -23 -8 -14 29 -2 -28 -24 -1
right_child=26 2 -4 -5 -6 6 23 -9 9 10 11 14 13 -15 15 -17 17 18 -20 -21 -22 22 28 -25 -26 -27 27 -29 -30 -31
leaf_value=0.01052454077749055 -0.050821823622267615 -0.017520145448354608 -0.10590195150009037 0.074814141820415431 -0.078278858187092029 0.15519220658912869 -0.036523431290821744 0.062035204333711375 0.069707664448548826 -0.038250420284631666 0.0016968901004965457 -0.093209718048546872 -0.016469091903600585 0.13288566474579894 0.090959148911406731 -0.025146178554634309 -0.041918737288665527 0.1107318549243108 -0.019790134402854067 -0.061397571841425906 0.094317495431066198 0.076695991950173403 -0.0063970147748548482 0.063328426517031508 0.088014106004106751 -0.0073211901629831877 -0.02755373693718155 0.1057760089597615 0.057783880718941527 0.034909898603919937
leaf_weight=77.037930980324745 86.659906387329102 120.49519113451242 4.5572505891323081 7.9517066180706015 4.9169783741235724 6.6893260180950174 6.4571244716644287 13.242365926504133 12.699678570032118 17.754307620227337 19.197866581380367 5.7834261059761074 6.2168681919574755 7.423376038670539 3.6263108700513831 8.4305710121989232 5.1077167615294483 7.2806907445192319 4.6214243844151497 5.49875484406948 5.2912608087062827 5.0149836838245383 127.27342157065868 5.3864840269088745 4.4209723174571991 33.082834720611572 63.369735553860664 1.7897835373878468 6.7972977459430686 102.37443536520004
leaf_count=319 1198 661 24 40 21 29 28 58 68 94 113 30 28 33 17 46 29 38 24 23 22 22 588 24 20 139 703 14 30 423
internal_value=-0.000662854 0.0085714 -0.00172981 0.000325247 0.0146522 0.0158115 0.0616962 0.0135475 -0.00233017 0.0127487 0.00281972 0.0160535 0.0350454 0.0704926 -0.0236107 0.00977446 -0.011712 0.0294322 0.060052 0.0117756 0.0129031 0.0116778 -0.000264345 0.00888929 0.026953 0.0194944 -0.0392636 -0.0238915 -0.00314309 0.0244391
internal_weight=786.45 634.631 235.567 231.01 399.063 394.146 18.5329 375.613 223.058 85.5534 72.8537 55.0994 37.2591 18.0612 17.8403 12.0569 137.505 17.0098 11.9021 362.371 356.872 351.581 139.086 11.8436 10.6378 212.495 151.819 65.1595 134.071 179.412
internal_count=4906 2991 1265 1241 1726 1705 81 1624 1201 449 381 287 194 81 93 63 752 91 62 1566 1543 1521 640 52 48 881 1915 717 618 742
is_linear=0
shrinkage=0.1


Tree=19
num_leaves=31
num_cat=0
split_feature=14 11 37 140 61 0 1 67 10 81 67 42 0 5 76 99 176 61 0 0 12 135 139 5 6 8 0 39 67 8
split_gain=23.4105 3.7406 3.38183 2.75307 4.25133 9.83232 5.42644 6.0039 5.57354 5.05554 4.0662 6.64458 6.35899 5.98472 3.02686 2.64015 2.99669 2.71402 2.41073 4.84569 3.16114 3.13667 2.576 3.53494 4.98542 3.39815 7.45877 2.87496 2.33274 2.1192
threshold=1.0000000180025095e-35 1.0000000180025095e-35 1.0000000180025095e-35 1.0000000180025095e-35 1.0000000180025095e-35 8.4175219535827654 -0.39508707821369166 1.0000000180025095e-35 1.0000000180025095e-35 1.0000000180025095e-35 1.0000000180025095e-35 1.0000000180025095e-35 16.041068077087406 1.0000000180025095e-35 1.0000000180025095e-35 1.0000000180025095e-35 1.0000000180025095e-35 1.0000000180025095e-35 3.2950034141540532 3.5961669683456425 1.0000000180025095e-35 1.0000000180025095e-35 1.0000000180025095e-35 1.0000000180025095e-35 1.0000000180025095e-35 1.0000000180025095e-35 11.824777603149416 1.0000000180025095e-35 1.0000000180025095e-35 1.0000000180025095e-35
decision_type=2 2 2 2 2 2 2 2 2 2 2 2 2 2 2 2 2 2 2 2 2 2 2 2 2 2 2 2 2 2
left_child=1 2 -1 4 14 6 7 -6 9 -8 11 -7 -12 -13 -2 16 18 -17 20 -20 21 -3 23 -21 -25 26 -26 28 -24 -19
right_child=3 15 -4 -5 5 10 8 -9 -10 -11 12 13 -14 -15 -16 17 -18 29 19 22 -22 -23 27 24 25 -27 -28 -29 -30 -31
leaf_value=0.094083035697423711 -0.047749768423557819 0.051816722245386408 -0.00057258566286075567 -0.083440409577191427 -0.1093757636935794 -0.047750873647700615 0.32914378045039999 0.079954839860006566 0.015077345215500276 0.097075407981491169 -0.095276162684000354 0.19965687130099929 0.098557573939031362 -0.022127240139493937 0.070419378867229626 -0.034337686828545592 0.09227858074548162 0.036667909370462458 -0.077692228094563054 0.0036589963239157517 0.097534023051436242 -0.042732688123822103 0.042715229396005007 0.050450237609338644 -0.02595747886274935 -0.044464177921995862 0.11471833652765739 -0.008855692580677442 0.13307547501591768 -0.02165229753796246
leaf_weight=3.8177136257290831 89.219483435153961 11.182705938816072 333.38812733441591 11.559211023151873 2.7726500034332275 9.6187491714954394 1.8249859660863859 4.2304681241512299 2.4153136163949966 1.9329919964075089 14.32106299698353 2.5898970365524283 1.9193338528275479 2.2947332113981247 2.221598654985427 19.579915732145309 5.5986308157443991 16.568013370037079 5.5034191459417334 122.3623735755682 8.4458552896976489 5.1130291372537604 6.4975410401821154 48.404155910015106 10.048781365156175 11.456358581781389 6.0311314910650244 4.9085225313901892 5.099118635058403 9.9861048460006732
leaf_count=19 1165 47 1708 151 36 121 24 56 32 24 188 34 25 30 29 85 24 73 24 520 35 21 27 206 42 48 26 21 22 43
internal_value=-0.000629752 0.00770521 0.000499069 -0.0365968 -0.0325966 -0.00702522 0.0652477 0.00499573 0.133599 0.209775 -0.0380005 0.000483401 -0.0723684 0.0954657 -0.0448788 0.0158928 0.0199392 -0.00609174 0.0182865 0.0149626 0.0478836 0.0221504 0.0173365 0.0141771 0.031125 -0.0028456 0.0268061 0.0552943 0.0824472 0.0147357
internal_weight=780.912 633.991 337.206 146.92 135.361 43.9202 13.1764 7.00312 6.17329 3.75798 30.7438 14.5034 16.2404 4.88463 91.4411 296.786 250.652 46.134 245.053 220.311 24.7416 16.2957 214.808 198.303 75.9404 27.5363 16.0799 16.5052 11.5967 26.5541
internal_count=4906 2991 1727 1915 1764 570 172 92 80 48 398 185 213 64 1194 1264 1063 201 1039 936 103 68 912 842 322 116 68 70 49 116
is_linear=0
shrinkage=0.1


Tree=20
num_leaves=31
num_cat=0
split_feature=14 267 13 100 237 0 92 93 69 8 0 0 23 0 176 58 0 21 99 0 13 53 0 68 0 41 0 13 10 8
split_gain=19.6697 3.31855 3.51917 3.95319 3.69698 3.66558 3.59706 3.17312 7.08998 2.81813 2.61121 3.97471 3.71264 3.16314 2.63394 2.59955 5.23572 6.5028 3.6862 2.9661 2.93236 4.23885 4.47077 4.39904 3.40919 2.8424 5.22336 2.6172 5.02575 3.70981
threshold=1.0000000180025095e-35 1.0000000180025095e-35 1.0000000180025095e-35 1.0000000180025095e-35 1.0000000180025095e-35 17.746748924255375 1.0000000180025095e-35 1.0000000180025095e-35 1.0000000180025095e-35 1.0000000180025095e-35 14.351813793182375 14.109513759613039 1.0000000180025095e-35 17.698836326599125 1.0000000180025095e-35 1.0000000180025095e-35 9.1197810173034686 1.0000000180025095e-35 1.0000000180025095e-35 11.824777603149416 1.0000000180025095e-35 1.0000000180025095e-35 15.132101058959963 1.0000000180025095e-35 17.006159782409672 1.0000000180025095e-35 11.880903720855715 1.0000000180025095e-35 1.0000000180025095e-35 1.0000000180025095e-35
decision_type=2 2 2 2 2 2 2 2 2 2 2 2 2 2 2 2 2 2 2 2 2 2 2 2 2 2 2 2 2 2
left_child=1 2 5 4 10 6 7 -1 -9 -10 11 14 -12 -14 -4 25 17 18 27 -18 21 22 23 -21 -24 -2 -27 -17 29 -29
right_child=15 -3 3 -5 -6 -7 -8 8 9 -11 12 -13 13 -15 -16 16 19 -19 -20 20 -22 -23 24 -25 -26 26 -28 28 -30 -31
leaf_value=0.012176802876297887 -0.057837230375306296 0.086843623608149512 -0.0030239933413002697 0.064905313343450663 -0.098724399620014294 -0.073646435822041653 -0.072437363653005071 0.14182886197133451 -0.034872878166577019 0.063869103225255561 0.03799254845185307 0.10250052026548995 -0.052816939964276527 0.039101271329451584 0.079835317937141936 -0.041615681034371604 -0.075382810879662157 0.14528140378059201 0.11845597827493881 0.025477165393078 -0.063800840597876815 -0.037011698890108836 -0.10912278909478149 0.22773771697455639 0.066681515482618955 0.11235969860552822 -0.10882346617279265 0.12037862675345251 -0.079039293307450062 -0.029590108982323261
leaf_weight=368.08683440089226 50.877329759299755 5.1543167605996123 172.32532669603825 8.1597821339964849 4.2147716283798209 4.9328508377075186 4.8553200662136069 6.1920565217733392 6.4362892061471939 5.2464549690485001 7.2233299612998954 3.7768056094646445 29.23510580509901 4.2936690151691428 3.9237465485930434 16.232938393950469 18.051892414689064 3.1413559690117827 2.1945284679532042 2.2305228039622307 13.185208611190317 15.151000812649727 2.1816486269235611 2.0762606039643288 2.2310707047581673 2.7127324864268294 1.7606603875756262 4.7881926968693715 3.3614320829510689 2.5163570493459702
leaf_count=1593 690 25 923 40 23 21 21 27 28 23 37 18 172 22 18 213 252 41 29 30 176 199 29 27 25 37 24 63 46 34
internal_value=-0.000618212 0.0069309 0.00627596 -0.00346987 -0.00594962 0.0120176 0.0130989 0.0141749 0.0553207 0.0094699 -0.0041785 0.000995787 -0.0270364 -0.041046 -0.00117934 -0.0341627 -0.0234179 0.00859451 -0.00616421 -0.0421434 -0.0259506 -0.00504348 0.0505045 0.122985 -0.0202361 -0.0511177 0.0253053 -0.0163313 0.02215 0.0687156
internal_weight=776.75 634.057 628.902 233.153 224.993 395.75 390.817 385.962 17.8748 11.6827 220.778 180.026 40.7521 33.5288 176.249 142.693 87.3424 32.2348 29.0934 55.1076 37.0557 23.8705 8.7195 4.30678 4.41272 55.3507 4.47339 26.8989 10.666 7.30455
internal_count=4906 2991 2966 1253 1213 1713 1692 1671 78 51 1190 959 231 194 941 1915 1164 426 385 738 486 310 111 57 54 751 61 356 143 97
is_linear=0
shrinkage=0.1


end of trees

feature_importances:
Column_0=93
Column_11=47
Column_16=35
Column_13=24
Column_1=23
Column_14=21
Column_8=18
Column_10=17
Column_81=14
Column_99=14
Column_26=13
Column_5=12
Column_6=12
Column_15=12
Column_7=11
Column_53=10
Column_139=10
Column_12=9
Column_67=9
Column_176=9
Column_42=8
Column_69=8
Column_23=7
Column_54=7
Column_61=7
Column_68=7
Column_95=7
Column_56=6
Column_73=6
Column_93=6
Column_76=5
Column_82=5
Column_83=5
Column_86=5
Column_100=5
Column_128=5
Column_132=5
Column_168=5
Column_9=4
Column_39=4
Column_41=4
Column_57=4
Column_59=4
Column_62=4
Column_167=4
Column_25=3
Column_32=3
Column_33=3
Column_44=3
Column_51=3
Column_58=3
Column_63=3
Column_94=3
Column_104=3
Column_138=3
Column_35=2
Column_47=2
Column_50=2
Column_60=2
Column_79=2
Column_91=2
Column_92=2
Column_98=2
Column_108=2
Column_113=2
Column_134=2
Column_178=2
Column_237=2
Column_19=1
Column_21=1
Column_37=1
Column_40=1
Column_45=1
Column_65=1
Column_74=1
Column_78=1
Column_80=1
Column_84=1
Column_87=1
Column_88=1
Column_96=1
Column_101=1
Column_118=1
Column_127=1
Column_129=1
Column_133=1
Column_135=1
Column_140=1
Column_156=1
Column_190=1
Column_214=1
Column_267=1

parameters:
[boosting: gbdt]
[objective: binary]
[metric: binary_logloss]
[tree_learner: serial]
[device_type: cpu]
[data_sample_strategy: bagging]
[data: ]
[valid: ]
[num_iterations: 300]
[learning_rate: 0.1]
[num_leaves: 31]
[num_threads: 0]
[seed: 0]
[deterministic: 0]
[force_col_wise: 0]
[force_row_wise: 0]
[histogram_pool_size: -1]
[max_depth: -1]
[min_data_in_leaf: 20]
[min_sum_hessian_in_leaf: 0.001]
[bagging_fraction: 1]
[pos_bagging_fraction: 1]
[neg_bagging_fraction: 1]
[bagging_freq: 0]
[bagging_seed: 7719]
[bagging_by_query: 0]
[feature_fraction: 1]
[feature_fraction_bynode: 1]
[feature_fraction_seed: 2437]
[extra_trees: 0]
[extra_seed: 11797]
[early_stopping_round: 0]
[early_stopping_min_delta: 0]
[first_metric_only: 0]
[max_delta_step: 0]
[lambda_l1: 0]
[lambda_l2: 0]
[linear_lambda: 0]
[min_gain_to_split: 0]
[drop_rate: 0.1]
[max_drop: 50]
[skip_drop: 0.5]
[xgboost_dart_mode: 0]
[uniform_drop: 0]
[drop_seed: 21238]
[top_rate: 0.2]
[other_rate: 0.1]
[min_data_per_group: 100]
[max_cat_threshold: 32]
[cat_l2: 10]
[cat_smooth: 10]
[max_cat_to_onehot: 4]
[top_k: 20]
[monotone_constraints: ]
[monotone_constraints_method: basic]
[monotone_penalty: 0]
[feature_contri: ]
[forcedsplits_filename: ]
[refit_decay_rate: 0.9]
[cegb_tradeoff: 1]
[cegb_penalty_split: 0]
[cegb_penalty_feature_lazy: ]
[cegb_penalty_feature_coupled: ]
[path_smooth: 0]
[interaction_constraints: ]
[verbosity: -1]
[saved_feature_importance_type: 0]
[use_quantized_grad: 0]
[num_grad_quant_bins: 4]
[quant_train_renew_leaf: 0]
[stochastic_rounding: 1]
[linear_tree: 0]
[max_bin: 255]
[max_bin_by_feature: ]
[min_data_in_bin: 3]
[bin_construct_sample_cnt: 200000]
[data_random_seed: 38]
[is_enable_sparse: 1]
[enable_bundle: 1]
[use_missing: 1]
[zero_as_missing: 0]
[feature_pre_filter: 1]
[pre_partition: 0]
[two_round: 0]
[header: 0]
[label_column: ]
[weight_column: ]
[group_column: ]
[ignore_column: ]
[categorical_feature: ]
[forcedbins_filename: ]
[precise_float_parser: 0]
[parser_config_file: ]
[objective_seed: 8855]
[num_class: 1]
[is_unbalance: 0]
[scale_pos_weight: 1]
[sigmoid: 1]
[boost_from_average: 1]
[reg_sqrt: 0]
[alpha: 0.9]
[fair_c: 1]
[poisson_max_delta_step: 0.7]
[tweedie_variance_power: 1.5]
[lambdarank_truncation_level: 30]
[lambdarank_norm: 1]
[label_gain: ]
[lambdarank_position_bias_regularization: 0]
[eval_at: ]
[multi_error_top_k: 1]
[auc_mu_weights: ]
[num_machines: 1]
[local_listen_port: 12400]
[time_out: 120]
[machine_list_filename: ]
[machines: ]
[gpu_platform_id: -1]
[gpu_device_id: -1]
[gpu_device_id_list: ]
[gpu_use_dp: 0]
[num_gpu: 1]

end of parameters

pandas_categorical:null
