tree
version=v4
num_class=1
num_tree_per_iteration=1
label_index=0
max_feature_idx=567
objective=binary sigmoid:1
feature_names=Column_0 Column_1 Column_2 Column_3 Column_4 Column_5 Column_6 Column_7 Column_8 Column_9 Column_10 Column_11 Column_12 Column_13 Column_14 Column_15 Column_16 Column_17 Column_18 Column_19 Column_20 Column_21 Column_22 Column_23 Column_24 Column_25 Column_26 Column_27 Column_28 Column_29 Column_30 Column_31 Column_32 Column_33 Column_34 Column_35 Column_36 Column_37 Column_38 Column_39 Column_40 Column_41 Column_42 Column_43 Column_44 Column_45 Column_46 Column_47 Column_48 Column_49 Column_50 Column_51 Column_52 Column_53 Column_54 Column_55 Column_56 Column_57 Column_58 Column_59 Column_60 Column_61 Column_62 Column_63 Column_64 Column_65 Column_66 Column_67 Column_68 Column_69 Column_70 Column_71 Column_72 Column_73 Column_74 Column_75 Column_76 Column_77 Column_78 Column_79 Column_80 Column_81 Column_82 Column_83 Column_84 Column_85 Column_86 Column_87 Column_88 Column_89 Column_90 Column_91 Column_92 Column_93 Column_94 Column_95 Column_96 Column_97 Column_98 Column_99 Column_100 Column_101 Column_102 Column_103 Column_104 Column_105 Column_106 Column_107 Column_108 Column_109 Column_110 Column_111 Column_112 Column_113 Column_114 Column_115 Column_116 Column_117 Column_118 Column_119 Column_120 Column_121 Column_122 Column_123 Column_124 Column_125 Column_126 Column_127 Column_128 Column_129 Column_130 Column_131 Column_132 Column_133 Column_134 Column_135 Column_136 Column_137 Column_138 Column_139 Column_140 Column_141 Column_142 Column_143 Column_144 Column_145 Column_146 Column_147 Column_148 Column_149 Column_150 Column_151 Column_152 Column_153 Column_154 Column_155 Column_156 Column_157 Column_158 Column_159 Column_160 Column_161 Column_162 Column_163 Column_164 Column_165 Column_166 Column_167 Column_168 Column_169 Column_170 Column_171 Column_172 Column_173 Column_174 Column_175 Column_176 Column_177 Column_178 Column_179 Column_180 Column_181 Column_182 Column_183 Column_184 Column_185 Column_186 Column_187 Column_188 Column_189 Column_190 Column_191 Column_192 Column_193 Column_194 Column_195 Column_196 Column_197 Column_198 Column_199 Column_200 Column_201 Column_202 Column_203 Column_204 Column_205 Column_206 Column_207 Column_208 Column_209 Column_210 Column_211 Column_212 Column_213 Column_214 Column_215 Column_216 Column_217 Column_218 Column_219 Column_220 Column_221 Column_222 Column_223 Column_224 Column_225 Column_226 Column_227 Column_228 Column_229 Column_230 Column_231 Column_232 Column_233 Column_234 Column_235 Column_236 Column_237 Column_238 Column_239 Column_240 Column_241 Column_242 Column_243 Column_244 Column_245 Column_246 Column_247 Column_248 Column_249 Column_250 Column_251 Column_252 Column_253 Column_254 Column_255 Column_256 Column_257 Column_258 Column_259 Column_260 Column_261 Column_262 Column_263 Column_264 Column_265 Column_266 Column_267 Column_268 Column_269 Column_270 Column_271 Column_272 Column_273 Column_274 Column_275 Column_276 Column_277 Column_278 Column_279 Column_280 Column_281 Column_282 Column_283 Column_284 Column_285 Column_286 Column_287 Column_288 Column_289 Column_290 Column_291 Column_292 Column_293 Column_294 Column_295 Column_296 Column_297 Column_298 Column_299 Column_300 Column_301 Column_302 Column_303 Column_304 Column_305 Column_306 Column_307 Column_308 Column_309 Column_310 Column_311 Column_312 Column_313 Column_314 Column_315 Column_316 Column_317 Column_318 Column_319 Column_320 Column_321 Column_322 Column_323 Column_324 Column_325 Column_326 Column_327 Column_328 Column_329 Column_330 Column_331 Column_332 Column_333 Column_334 Column_335 Column_336 Column_337 Column_338 Column_339 Column_340 Column_341 Column_342 Column_343 Column_344 Column_345 Column_346 Column_347 Column_348 Column_349 Column_350 Column_351 Column_352 Column_353 Column_354 Column_355 Column_356 Column_357 Column_358 Column_359 Column_360 Column_361 Column_362 Column_363 Column_364 Column_365 Column_366 Column_367 Column_368 Column_369 Column_370 Column_371 Column_372 Column_373 Column_374 Column_375 Column_376 Column_377 Column_378 Column_379 Column_380 Column_381 Column_382 Column_383 Column_384 Column_385 Column_386 Column_387 Column_388 Column_389 Column_390 Column_391 Column_392 Column_393 Column_394 Column_395 Column_396 Column_397 Column_398 Column_399 Column_400 Column_401 Column_402 Column_403 Column_404 Column_405 Column_406 Column_407 Column_408 Column_409 Column_410 Column_411 Column_412 Column_413 Column_414 Column_415 Column_416 Column_417 Column_418 Column_419 Column_420 Column_421 Column_422 Column_423 Column_424 Column_425 Column_426 Column_427 Column_428 Column_429 Column_430 Column_431 Column_432 Column_433 Column_434 Column_435 Column_436 Column_437 Column_438 Column_439 Column_440 Column_441 Column_442 Column_443 Column_444 Column_445 Column_446 Column_447 Column_448 Column_449 Column_450 Column_451 Column_452 Column_453 Column_454 Column_455 Column_456 Column_457 Column_458 Column_459 Column_460 Column_461 Column_462 Column_463 Column_464 Column_465 Column_466 Column_467 Column_468 Column_469 Column_470 Column_471 Column_472 Column_473 Column_474 Column_475 Column_476 Column_477 Column_478 Column_479 Column_480 Column_481 Column_482 Column_483 Column_484 Column_485 Column_486 Column_487 Column_488 Column_489 Column_490 Column_491 Column_492 Column_493 Column_494 Column_495 Column_496 Column_497 Column_498 Column_499 Column_500 Column_501 Column_502 Column_503 Column_504 Column_505 Column_506 Column_507 Column_508 Column_509 Column_510 Column_511 Column_512 Column_513 Column_514 Column_515 Column_516 Column_517 Column_518 Column_519 Column_520 Column_521 Column_522 Column_523 Column_524 Column_525 Column_526 Column_527 Column_528 Column_529 Column_530 Column_531 Column_532 Column_533 Column_534 Column_535 Column_536 Column_537 Column_538 Column_539 Column_540 Column_541 Column_542 Column_543 Column_544 Column_545 Column_546 Column_547 Column_548 Column_549 Column_550 Column_551 Column_552 Column_553 Column_554 Column_555 Column_556 Column_557 Column_558 Column_559 Column_560 Column_561 Column_562 Column_563 Column_564 Column_565 Column_566 Column_567
feature_infos=[2.0013689994812012:17.993154525756836] [-0.7776256799697876:0.99923950433731079] none none none [0:1] [0:1] [0:1] [0:1] [0:1] [0:1] [0:1] [0:1] [0:1] [0:1] [0:1] [0:1] [0:1] [0:1] [0:1] [0:1] [0:1] [0:1] [0:1] [0:1] [0:1] [0:1] [0:1] [0:1] [0:1] [0:1] [0:1] [0:1] [0:1] [0:1] [0:1] [0:1] [0:1] [0:1] [0:1] [0:1] [0:1] [0:1] [0:1] [0:1] [0:1] [0:1] [0:1] [0:1] [0:1] [0:1] [0:1] [0:1] [0:1] [0:1] [0:1] [0:1] [0:1] [0:1] [0:1] [0:1] [0:1] [0:1] [0:1] [0:1] [0:1] [0:1] [0:1] [0:1] [0:1] [0:1] [0:1] [0:1] [0:1] [0:1] [0:1] [0:1] [0:1] [0:1] [0:1] [0:1] [0:1] [0:1] [0:1] [0:1] [0:1] [0:1] [0:1] [0:1] [0:1] [0:1] [0:1] [0:1] [0:1] [0:1] [0:1] [0:1] [0:1] [0:1] [0:1] [0:1] [0:1] [0:1] [0:1] [0:1] [0:1] [0:1] [0:1] [0:1] none none none none [0:1] [0:1] none [0:1] none [0:1] none none [0:1] none none none none [0:1] [0:1] [0:1] [0:1] [0:1] none [0:1] [0:1] [0:1] [0:1] none [0:1] [0:1] [0:1] [0:1] [0:1] [0:1] [0:1] [0:1] [0:1] [0:1] [0:1] [0:1] [0:1] [0:1] [0:1] [0:1] [0:1] [0:1] [0:1] [0:1] none none none none none none none none none none [0:1] [0:1] none none none none none [0:1] [0:1] [0:1] [0:1] [0:1] [0:1] [0:1] [0:1] [0:1] [0:1] [0:1] [0:1] [0:1] [0:1] [0:1] [0:1] [0:1] [0:1] [0:1] [0:1] [0:1] [0:1] [0:1] [0:1] [0:1] [0:1] [0:1] [0:1] none none [0:1] [0:1] [0:1] none [0:1] [0:1] [0:1] [0:1] [0:1] none [0:1] none none [0:1] none [0:1] [0:1] [0:1] [0:1] [0:1] [0:1] [0:1] [0:1] [0:1] [0:1] [0:1] [0:1] [0:1] [0:1] [0:1] [0:1] [0:1] [0:1] [0:1] [0:1] [0:1] [0:1] [0:1] [0:1] [0:1] none none none none none none none none none none none none none none none none none [0:1] [0:1] [0:1] [0:1] [0:1] [0:1] [0:1] [0:1] [0:1] [0:1] none [0:1] [0:1] [0:1] [0:1] none [0:1] [0:1] none none none [0:1] [0:1] none none none none none [0:1] [0:1] [0:1] [0:1] [0:1] [0:1] [0:1] none none none [0:1] none [0:1] [0:1] [0:1] none [0:1] [0:1] [0:1] [0:1] none none [0:1] [0:1] none none none none [0:1] [0:1] none none none [0:1] none none [0:1] [0:1] none none [0:1] [0:1] none none none none none none none none none none none none none none none none none none none none none none none none none none none none none none none none none none none none none none none none none none none none none none none none none none none none none none none none none none none none none none none none none none none none none none none none none none none none none none none none none none none none none none none none none none none none none none none none none none none none none none none none none none none none none none none none none none none none none none none none none none none none none none none none none none none none none none none none none none none none none none none none none none none none none none none none none none none none none none none none none none none none none none none none none none none none none none none none none none none none none none none none none none none none none none none none none none none none none none none none none none none none none none none none none none none none none none none none none none none none none none none none none none none none none none none none none none none none none
tree_sizes=3405 3484 3476 3480 3462 3524 3498 3513 3479 3501 3483 3468 3472 3488 3517 3479 3516

Tree=0
num_leaves=31
num_cat=0
split_feature=8 6 0 99 9 139 0 5 6 9 0 0 1 80 68 14 13 49 134 34 9 15 16 101 22 138 16 14 137 127
split_gain=55.8409 19.5763 9.452 8.26547 8.19714 7.08049 7.00245 9.98917 6.38092 6.2011 7.71301 6.66189 6.51994 6.16714 5.9805 5.95368 5.86557 5.68042 5.10001 11.0917 8.81301 6.48612 7.6848 5.78902 4.93503 8.46035 5.71666 4.92616 4.91448 4.91178
threshold=1.0000000180025095e-35 1.0000000180025095e-35 15.63039016723633 1.0000000180025095e-35 1.0000000180025095e-35 1.0000000180025095e-35 14.680356025695803 1.0000000180025095e-35 1.0000000180025095e-35 1.0000000180025095e-35 2.7748117446899419 4.5790553092956552 -0.53988897800445546 1.0000000180025095e-35 1.0000000180025095e-35 1.0000000180025095e-35 1.0000000180025095e-35 1.0000000180025095e-35 1.0000000180025095e-35 1.0000000180025095e-35 1.0000000180025095e-35 1.0000000180025095e-35 1.0000000180025095e-35 1.0000000180025095e-35 1.0000000180025095e-35 1.0000000180025095e-35 1.0000000180025095e-35 1.0000000180025095e-35 1.0000000180025095e-35 1.0000000180025095e-35
decision_type=2 2 2 2 2 2 2 2 2 2 2 2 2 2 2 2 2 2 2 2 2 2 2 2 2 2 2 2 2 2
left_child=1 5 6 -4 24 9 14 -8 -6 10 -1 12 -11 16 18 -16 17 -10 19 23 -20 -21 -23 -3 25 -2 -27 -7 -13 -22
right_child=4 2 3 -5 8 27 7 -9 13 11 -12 28 -14 -15 15 -17 -18 -19 20 21 29 22 -24 -25 -26 26 -28 -29 -30 -31
leaf_value=-1.1605245711717109 -1.1020653392851332 -1.0200273618705185 -1.1043475499758637 -0.98213439751062293 -1.0880203352820899 -1.066096497635697 -0.87274377563338335 -1.0604016769315616 -1.0308324155831659 -1.0124567102415067 -1.0610018838815585 -1.0425099030718257 -0.87274377563338335 -1.1534170817657743 -1.1097567897007357 -0.99068326588699407 -1.0780038500170712 -0.92839865343057537 -1.0958648785891325 -0.99426827520611749 -1.066096497635697 -0.80835993480014667 -0.96593465113354982 -0.89769251395626248 -1.1508488292913603 -1.0780038500170712 -0.90891944620155818 -1.1440218290429178 -1.1409427126043348 -0.93511562144058136
leaf_weight=8.2073049992322904 221.02463230490685 110.7031837105751 21.568034067749981 7.4438347667455664 88.944282084703445 17.559815347194672 8.0164374411106092 4.389953836798667 19.85022604465485 20.041093602776531 152.12144382297993 99.632865339517593 4.0082187205553046 4.5808213949203482 12.597258836030962 6.2986294180154792 16.796345114707947 7.4438347667455664 16.796345114707947 11.833788603544235 4.5808213949203509 5.9168943017721176 6.4894969761371613 4.0082187205553046 19.468490928411484 4.1990862786769849 3.8173511624336243 15.078537091612814 5.3442916274070731 7.6347023248672485
leaf_count=43 1158 580 113 39 466 92 42 23 104 105 797 522 21 24 66 33 88 39 88 62 24 31 34 21 102 22 20 79 28 40
internal_value=-1.06252 -1.04206 -1.01966 -1.07299 -1.09167 -1.05794 -1.0119 -0.939146 -1.07209 -1.05296 -1.0661 -1.03665 -0.989171 -1.04298 -1.01673 -1.07007 -1.03151 -1.0029 -1.01073 -1.00277 -1.04886 -0.941304 -0.890784 -1.01575 -1.10251 -1.09841 -0.997487 -1.1021 -1.04752 -0.984233
internal_weight=936.396 550.271 228.278 29.0119 386.125 321.994 199.266 12.4064 137.616 289.355 160.329 129.026 24.0493 48.6712 186.859 18.8959 44.0904 27.2941 167.963 138.952 29.0119 24.2402 12.4064 114.711 248.51 229.041 8.01644 32.6384 104.977 12.2155
internal_count=4906 2883 1196 152 2023 1687 1044 65 721 1516 840 676 126 255 979 99 231 143 880 728 152 127 65 601 1302 1200 42 171 550 64
is_linear=0
shrinkage=1


Tree=1
num_leaves=31
num_cat=0
split_feature=8 6 29 0 54 95 9 0 5 9 63 19 81 0 12 15 5 67 23 105 178 22 138 84 34 134 7 0 86 174
split_gain=45.3881 15.2596 7.92814 7.34085 6.86874 6.04377 5.67852 5.06688 6.94635 5.0151 6.29862 6.87783 6.89434 5.09413 4.94951 11.0624 5.94049 5.37552 4.71825 5.8245 5.39183 4.66938 7.53139 4.55983 5.80332 9.58492 5.64426 10.1968 5.72699 4.41314
threshold=1.0000000180025095e-35 1.0000000180025095e-35 1.0000000180025095e-35 15.63039016723633 1.0000000180025095e-35 1.0000000180025095e-35 1.0000000180025095e-35 14.680356025695803 1.0000000180025095e-35 1.0000000180025095e-35 1.0000000180025095e-35 1.0000000180025095e-35 1.0000000180025095e-35 2.7310061454772954 1.0000000180025095e-35 1.0000000180025095e-35 1.0000000180025095e-35 1.0000000180025095e-35 1.0000000180025095e-35 1.0000000180025095e-35 1.0000000180025095e-35 1.0000000180025095e-35 1.0000000180025095e-35 1.0000000180025095e-35 1.0000000180025095e-35 1.0000000180025095e-35 1.0000000180025095e-35 8.4175219535827654 1.0000000180025095e-35 1.0000000180025095e-35
decision_type=2 2 2 2 2 2 2 2 2 2 2 2 2 2 2 2 2 2 2 2 2 2 2 2 2 2 2 2 2 2
left_child=1 5 -2 7 -5 9 21 18 -9 10 11 12 -1 -11 -8 16 -16 -18 -3 20 23 22 -4 24 26 -26 -20 -28 -29 -15
right_child=2 3 6 4 -6 -7 14 8 -10 13 -12 -13 -14 29 15 -17 17 -19 19 -21 -22 -23 -24 -25 25 -27 27 28 -30 -31
leaf_value=-0.031339252914017311 0.083362558940345818 -0.039135919762475518 -0.037398212480510888 -0.085598861762279613 0.021750494771618611 -0.040612995384879634 -0.02535076033983142 0.1560603309560025 0.0019034777726496641 0.10524123944164349 0.080666270858067823 0.10111551726607003 0.01269891667573857 0.022217224035419286 -0.045455808472626001 0.09676172652076645 -0.037948163878243429 0.11153462699921615 0.047272464342114691 0.14268447371077431 0.14210109370928556 -0.086924629536198825 0.060997668368970484 -0.030534694681019849 0.11062044858009777 -0.017381748384512941 0.04785442077672266 -0.07805417577586081 0.033439548663025086 -0.060932669145986329
leaf_weight=83.570468410849571 6.4372784048318854 7.21181996166706 213.94232591986656 8.4132870286703128 20.444358199834824 27.66883610188961 90.922283962368965 8.7294988632202131 4.3944730311632147 7.0371878743171683 8.3713241219520551 5.520063415169715 61.866677239537239 121.90593725442886 21.334000155329704 12.128231406211851 4.1645951271057147 5.6959437131881714 84.583443775773048 5.7158660888671866 5.0386805832386008 17.892212957143784 8.0724669098854047 9.4090471118688566 24.012654304504398 7.7341681569814673 25.040003105998039 15.657984152436258 6.5277494192123404 6.7356745302677146
leaf_count=440 34 37 1143 45 107 145 479 42 23 36 44 29 325 633 112 64 22 30 435 29 26 98 41 48 119 41 129 81 34 35
internal_value=-6.87231e-05 0.0181553 -0.0266723 0.0376619 -0.00954662 0.00407507 -0.0285655 0.0443381 0.104442 0.00826638 -0.00376548 -0.00844764 -0.0126061 0.0223955 -0.0120965 0.0157204 -0.015788 0.0484006 0.0402068 0.0433213 0.0401307 -0.037781 -0.0338205 0.0371602 0.0410545 0.0794365 0.0318101 0.00411616 -0.0452492 0.0178635
internal_weight=936.179 555.589 380.589 232.913 28.8576 322.676 374.152 204.055 13.124 295.007 159.329 150.957 145.437 135.679 134.245 43.3228 31.1945 9.86054 190.931 183.72 178.004 239.907 222.015 172.965 163.556 31.7468 131.809 47.2257 22.1857 128.642
internal_count=4906 2883 2023 1196 152 1687 1989 1044 65 1542 838 794 765 704 707 228 164 52 979 942 913 1282 1184 887 839 160 679 244 115 668
is_linear=0
shrinkage=0.1


Tree=2
num_leaves=31
num_cat=0
split_feature=8 6 29 0 99 139 24 61 9 9 65 0 14 9 7 9 0 16 19 14 12 0 67 174 0 68 1 14 91 105
split_gain=36.9305 11.9805 6.32875 5.74626 6.09092 5.68604 5.00616 5.36008 4.60388 4.3993 5.56582 4.2933 4.19293 3.9782 4.60086 3.96837 6.57209 5.07768 5.5152 5.42315 4.7574 5.19271 7.80303 4.44367 3.91435 6.08399 8.53452 4.86327 4.69915 4.35395
threshold=1.0000000180025095e-35 1.0000000180025095e-35 1.0000000180025095e-35 15.63039016723633 1.0000000180025095e-35 1.0000000180025095e-35 1.0000000180025095e-35 1.0000000180025095e-35 1.0000000180025095e-35 1.0000000180025095e-35 1.0000000180025095e-35 15.51813840866089 1.0000000180025095e-35 1.0000000180025095e-35 1.0000000180025095e-35 1.0000000180025095e-35 2.7748117446899419 1.0000000180025095e-35 1.0000000180025095e-35 1.0000000180025095e-35 1.0000000180025095e-35 4.850102663040162 1.0000000180025095e-35 1.0000000180025095e-35 15.260780334472658 1.0000000180025095e-35 0.57973989844322216 1.0000000180025095e-35 1.0000000180025095e-35 1.0000000180025095e-35
decision_type=2 2 2 2 2 2 2 2 2 2 2 2 2 2 2 2 2 2 2 2 2 2 2 2 2 2 2 2 2 2
left_child=1 5 -2 24 8 15 -4 -8 -5 10 -9 -11 13 -7 -15 16 -1 18 19 20 -17 -22 -23 -18 25 26 28 -27 29 -3
right_child=2 3 6 4 -6 12 7 9 -10 11 -12 -13 -14 14 -16 17 23 -19 -20 -21 21 22 -24 -25 -26 27 -28 -29 -30 -31
leaf_value=-0.092336834718601546 0.071947468642093906 0.032909759918213086 -0.074114383183028404 -0.075831271207105311 0.066666743394996786 -0.056959392107160702 -0.032161682495205374 -0.027893756511068946 0.019659315122412244 0.031270992206348283 0.085804218432065635 -0.062317782575086481 -0.076311511655247397 -0.030942821367997843 0.10624686719942833 -0.045121984331851217 -0.0014267913576943569 0.045999834027143534 -0.11052795429547944 0.040497357981284648 0.11310814121846575 0.078766177095405024 -0.062727666860750292 0.087292116619024432 0.1151543161704109 -0.046495666393557206 0.16988873822581654 0.048553040668429165 0.13300509038112596 0.1157523071581662
leaf_weight=7.7614066302776328 6.6975961476564398 161.3916991353035 20.538764581084251 12.368712157011036 7.8071121722459784 7.7730706334114084 230.72189170122147 69.166496828198433 8.5316193103790283 38.075523808598518 4.5912988483905783 5.6259281933307639 14.435821548104288 4.8031167089939117 4.9781513214111328 21.896687045693398 145.85194844007492 49.929567694664001 3.8991823196411124 35.081238880753517 4.7796636372804668 6.5427912175655374 9.6400959342718124 5.8729210495948783 6.5420352369546881 14.67892687022686 5.1336494237184516 8.5004837661981583 5.1650114953517905 6.6037877500057212
leaf_count=43 34 811 111 67 39 41 1245 377 46 201 25 30 79 25 26 112 766 256 20 180 24 34 50 31 31 77 25 42 26 32
internal_value=-0.000121643 0.0161478 -0.024389 0.0332402 -0.0086993 0.00363051 -0.0261389 -0.0233088 -0.0368515 -0.00591947 -0.0208162 0.0192228 -0.0363886 -0.003558 0.0388795 0.00802602 -0.00258395 0.0208678 0.00553492 0.0113413 -0.0125236 0.0215274 -0.00552127 0.00200731 0.0390281 0.0365562 0.0428219 -0.0116389 0.0390547 0.0361662
internal_weight=935.386 559.969 375.418 236.723 28.7074 323.246 368.72 348.181 20.9003 117.459 73.7578 43.7015 31.9902 17.5543 9.78127 291.256 159.486 131.769 81.8397 77.9405 42.8592 20.9626 16.1829 151.725 208.016 201.474 178.294 23.1794 173.16 167.995
internal_count=4906 2883 2023 1196 152 1687 1989 1878 113 633 402 231 171 92 51 1516 840 676 420 400 220 108 84 797 1044 1013 894 119 869 843
is_linear=0
shrinkage=0.1


Tree=3
num_leaves=31
num_cat=0
split_feature=8 6 9 6 80 9 70 134 0 99 0 95 0 10 12 13 129 73 26 10 13 22 138 16 0 85 81 57 62 64
split_gain=30.0328 9.48025 5.42663 5.16323 5.09684 4.95378 6.65265 5.3401 6.60609 7.36013 5.04159 4.87381 4.75634 5.88212 4.42462 4.32333 4.998 7.06434 4.78899 4.08615 7.36539 3.97979 5.60897 4.17894 3.96427 3.92 4.91325 6.92653 8.38821 5.86418
threshold=1.0000000180025095e-35 1.0000000180025095e-35 1.0000000180025095e-35 1.0000000180025095e-35 1.0000000180025095e-35 1.0000000180025095e-35 1.0000000180025095e-35 1.0000000180025095e-35 15.683778285980226 1.0000000180025095e-35 5.6960985660552987 1.0000000180025095e-35 14.800821304321291 1.0000000180025095e-35 1.0000000180025095e-35 1.0000000180025095e-35 1.0000000180025095e-35 1.0000000180025095e-35 1.0000000180025095e-35 1.0000000180025095e-35 1.0000000180025095e-35 1.0000000180025095e-35 1.0000000180025095e-35 1.0000000180025095e-35 11.880903720855715 1.0000000180025095e-35 1.0000000180025095e-35 1.0000000180025095e-35 1.0000000180025095e-35 1.0000000180025095e-35
decision_type=2 2 2 2 2 2 2 2 2 2 2 2 2 2 2 2 2 2 2 2 2 2 2 2 2 2 2 2 2 2
left_child=1 11 21 -4 15 7 24 8 -3 -10 -9 25 -8 -14 -12 16 17 18 -5 20 -13 22 -2 -24 -7 26 -1 28 -28 -29
right_child=2 5 3 4 -6 6 12 10 9 -11 14 19 13 -15 -16 -17 -18 -19 -20 -21 -22 -23 23 -25 -26 -27 27 29 -30 -31
leaf_value=-0.0023499083859896464 -0.030951095285213226 0.033552401137360605 -0.020924357959887244 0.18898382092844132 -0.084122610672286907 0.054220706672620078 -0.043948631645932781 -0.089224846875925773 -0.077947323620883691 0.07010114824699841 0.09882948383878154 0.074096820338123134 -0.0090519874898494848 0.12595243441567 -0.046759031117059979 -0.010852899162029575 -0.019759911641135511 0.0070865032507821937 0.065460243593581921 -0.085816933941989734 -0.061798791548549108 -0.077227545450674867 -0.017350263902178656 0.12385004240696243 0.13180171992238807 -0.078120583019715209 0.035405836350186758 -0.012594475975263293 0.16288728258122298 0.090549248522596437
leaf_weight=171.82213373482227 209.58064702153206 108.26700340211391 86.625104010105133 6.1235921680927312 4.2998110651969901 65.749189302325249 11.779466584324839 8.5555248409509677 11.522850140929224 4.7390137910842887 3.845554053783415 6.745129421353341 8.4039203375577909 5.2392941862344733 4.566079169511795 16.377183511853218 6.9237391501665106 8.3709844648838043 6.4389760792255402 10.602385684847834 9.7580003440380096 17.561580628156662 4.2396841496229154 4.1454443782567978 7.3197165578603736 5.322731524705886 57.128589704632759 50.401310861110687 5.6741440445184699 6.1890200376510611
leaf_count=898 1158 534 466 31 24 322 60 44 65 23 20 36 42 26 24 88 36 43 33 57 52 102 22 20 36 28 294 261 29 32
internal_value=-0.00015875 0.014381 -0.0222665 -0.0062945 0.0198172 0.0294419 0.0466624 0.0174552 0.024626 -0.0348032 -0.0351748 0.00321304 0.00260154 0.0427927 0.0197998 0.0299207 0.0538913 0.0782513 0.125671 -0.0373763 -0.00625578 -0.0314322 -0.0277424 0.0524564 0.0619924 0.00692317 0.00847757 0.0240597 0.0469236 -0.00131413
internal_weight=934.318 563.631 370.687 135.159 48.5343 239.988 98.4916 141.496 124.529 16.2619 16.9672 323.643 25.4227 13.6432 8.41163 44.2345 27.8573 20.9336 12.5626 27.1055 16.5031 235.527 217.966 8.38513 73.0689 296.538 291.215 119.393 62.8027 56.5903
internal_count=4906 2883 2023 721 255 1196 486 710 622 88 88 1687 128 68 44 231 143 107 64 145 88 1302 1200 42 358 1542 1514 616 323 293
is_linear=0
shrinkage=0.1


Tree=4
num_leaves=31
num_cat=0
split_feature=8 6 29 139 24 61 0 1 19 174 0 14 177 9 70 7 0 134 0 12 39 80 0 26 105 1 7 0 50 0
split_gain=24.4541 7.51637 4.7248 4.44082 4.31367 4.53089 3.92814 6.09094 3.88309 4.25337 3.80467 3.61659 3.28578 3.81676 4.8933 6.06963 3.97261 3.72641 4.26905 4.06508 3.9137 6.84601 4.42436 4.9418 3.49006 3.68481 3.89387 3.6563 5.29368 4.06394
threshold=1.0000000180025095e-35 1.0000000180025095e-35 1.0000000180025095e-35 1.0000000180025095e-35 1.0000000180025095e-35 1.0000000180025095e-35 16.425735473632816 0.91649556159973156 1.0000000180025095e-35 1.0000000180025095e-35 3.7193702459335332 1.0000000180025095e-35 1.0000000180025095e-35 1.0000000180025095e-35 1.0000000180025095e-35 1.0000000180025095e-35 11.880903720855715 1.0000000180025095e-35 5.6960985660552987 1.0000000180025095e-35 1.0000000180025095e-35 1.0000000180025095e-35 3.3497605323791508 1.0000000180025095e-35 1.0000000180025095e-35 -0.065480265766382204 1.0000000180025095e-35 4.8090348243713388 1.0000000180025095e-35 4.2108144760131845
decision_type=2 2 2 2 2 2 2 2 2 2 2 2 2 2 2 2 2 2 2 2 2 2 2 2 2 2 2 2 2 2
left_child=1 3 -2 -1 -4 8 12 -8 9 -6 -7 -5 13 17 16 -16 24 20 -19 -20 21 22 23 -3 25 27 -27 29 -29 -15
right_child=2 6 4 11 5 10 7 -9 -10 -11 -12 -13 -14 14 15 -17 -18 18 19 -21 -22 -23 -24 -25 -26 26 -28 28 -30 -31
leaf_value=0.0066787847180985937 0.061501181948484598 0.15983647552549715 -0.067709006582137174 -0.0027353331339832251 -0.027536603198314635 0.071861816430647707 -0.072006833849055624 0.041803164712964587 -0.10094039298144256 0.059465059569166506 -0.0075965854107813416 -0.07123911177920994 0.099605605833266109 0.052480688585550252 -0.045258537738629263 0.079400513353640512 0.13271517755188295 -0.081447537528511402 0.097495500037149324 -0.043128321030000423 0.055807069003678447 -0.082119007679801126 0.0091946539886501033 0.033460359572566697 0.13629073511291898 0.039388724521174673 -0.060275126418766103 0.12218093073722827 0.02572320305319209 -0.048400509472557189
leaf_weight=292.78556381165981 6.9216199964284888 4.3209815770387623 19.452906593680382 17.458106756210327 211.34191465377808 6.3777970969676963 9.8578700721263903 8.9916949570178968 6.9912368208169928 5.7727348357439032 109.28297553956509 13.797524183988573 6.5488813966512671 15.491979092359545 11.711472213268282 5.860278755426406 6.0536846518516532 7.7995644211769131 3.8124025017023069 4.4611013978719711 27.606885731220245 7.0205418169498435 62.282782480120659 10.899042680859566 4.195215329527854 10.441821679472925 6.2766037434339514 14.314849197864532 9.4427885860204697 5.3800213485956183
leaf_count=1516 34 21 111 92 1173 35 54 47 40 32 598 79 31 75 59 29 28 42 19 24 132 35 308 53 19 50 31 68 45 26
internal_value=-0.000190907 0.0128213 -0.0203347 0.00285388 -0.0219115 -0.0192895 0.0261254 -0.0177167 -0.0275854 -0.0252234 -0.00321507 -0.0329757 0.0298161 0.0277135 0.0436022 -0.00368404 0.0552075 0.0166625 -0.0283681 0.0216707 0.0231173 0.0124402 0.0210058 0.0693387 0.0480487 0.0420144 0.00197189 0.0570145 0.0838425 0.0264773
internal_weight=932.953 566.812 366.141 324.041 359.22 339.767 242.77 18.8496 224.106 217.115 115.661 31.2556 223.921 217.372 89.1687 17.5718 71.597 128.203 16.0731 8.2735 112.13 84.5233 77.5028 15.22 65.5433 61.3481 16.7184 44.6296 23.7576 20.872
internal_count=4906 2883 2023 1687 1989 1878 1196 101 1245 1205 633 171 1095 1064 430 88 342 634 85 43 549 417 382 74 314 295 81 214 113 101
is_linear=0
shrinkage=0.1


Tree=5
num_leaves=31
num_cat=0
split_feature=8 6 9 12 15 10 14 95 6 10 13 23 140 73 13 65 64 22 138 176 220 9 81 19 63 11 68 174 40 133
split_gain=19.8946 5.95629 4.53555 5.04798 7.48984 4.78663 4.58285 3.96577 3.94939 3.54633 5.966 3.52131 4.17988 5.33237 5.3103 4.09319 3.54661 3.46842 4.59567 3.77213 3.42515 4.05114 4.51143 5.87423 4.71455 4.40224 5.1603 3.90687 3.68534 4.30539
threshold=1.0000000180025095e-35 1.0000000180025095e-35 1.0000000180025095e-35 1.0000000180025095e-35 1.0000000180025095e-35 1.0000000180025095e-35 1.0000000180025095e-35 1.0000000180025095e-35 1.0000000180025095e-35 1.0000000180025095e-35 1.0000000180025095e-35 1.0000000180025095e-35 1.0000000180025095e-35 1.0000000180025095e-35 1.0000000180025095e-35 1.0000000180025095e-35 1.0000000180025095e-35 1.0000000180025095e-35 1.0000000180025095e-35 1.0000000180025095e-35 1.0000000180025095e-35 1.0000000180025095e-35 1.0000000180025095e-35 1.0000000180025095e-35 1.0000000180025095e-35 1.0000000180025095e-35 1.0000000180025095e-35 1.0000000180025095e-35 1.0000000180025095e-35 1.0000000180025095e-35
decision_type=2 2 2 2 2 2 2 2 2 2 2 2 2 2 2 2 2 2 2 2 2 2 2 2 2 2 2 2 2 2
left_child=1 7 17 6 5 8 -4 20 -5 10 -9 -3 15 -14 -15 16 -13 18 19 -2 21 22 23 24 25 28 -27 -23 29 -1
right_child=2 11 3 4 -6 -7 -8 9 -10 -11 -12 12 13 14 -16 -17 -18 -19 -20 -21 -22 27 -24 -25 -26 26 -28 -29 -30 -31
leaf_value=-0.022471708486241991 -0.024817692725466946 -0.025458948838016023 -0.00092148988679209185 -0.012993048772752544 0.089630440214772164 -0.064659601821801985 -0.048494313143051311 0.064296357204055243 0.070832928357848796 -0.080981540816138411 -0.057557755471191352 0.028634896774262831 0.13762726182942411 -0.063354171762362091 0.094137819382487914 -0.044836555115824073 -0.026616843110698524 -0.071214330170968745 0.048486624692777758 -0.12817886663236613 0.089001901875236863 0.020592663743247558 0.013051875870699284 0.10086772586627633 0.062859488824479615 0.010863342359350877 -0.081102659667102006 -0.064044763534210347 -0.1195837289277551 -0.10616260254547988
leaf_weight=27.088891848921776 200.29096412658691 14.011784523725508 57.727484598755836 13.473484873771667 12.407798826694487 8.8071867227554339 31.190726831555367 6.9872043132781991 9.6431067287921906 10.134744748473169 9.4548979848623276 193.88537055253983 7.4112671762704858 3.9520825296640396 4.6716791987419128 8.6645556986331922 12.35823233425617 16.515919759869576 8.4813394695520383 3.5941504389047614 4.8740492463111869 130.84582951664925 67.231041431427002 3.7722254693508139 5.5054486691951743 29.906646132469177 7.6650152504444113 5.6910697966814032 7.295996665954589 7.9511316567659369
leaf_count=145 1137 71 314 74 64 48 171 36 50 57 52 940 35 20 23 45 62 102 42 21 25 662 348 19 28 161 41 30 39 44
internal_value=-0.000208625 0.0114465 -0.0185334 -0.00386592 0.0236995 -0.00192588 -0.0176091 0.00255873 0.021975 -0.034454 -0.00577487 0.023217 0.0261703 0.075422 0.0219627 0.0224955 0.0253242 -0.0270724 -0.0236394 -0.0266398 0.00586159 0.00447833 -0.00650852 -0.0212538 -0.0266473 -0.0328141 -0.00789869 0.0170648 -0.0549255 -0.0414625
internal_weight=931.491 569.359 362.132 133.25 44.3316 31.9238 88.9182 324.404 23.1166 26.5768 16.4421 244.955 230.943 16.035 8.62376 214.908 206.244 228.882 212.366 203.885 297.827 292.953 156.416 89.1854 85.4131 79.9077 37.5717 136.537 42.336 35.04
internal_count=4906 2883 2023 721 236 172 485 1687 124 145 88 1196 1125 78 43 1047 1002 1302 1200 1158 1542 1517 825 477 458 430 202 692 228 189
is_linear=0
shrinkage=0.1


Tree=6
num_leaves=31
num_cat=0
split_feature=8 214 6 84 14 10 6 27 108 85 78 9 22 15 12 134 42 95 81 0 0 83 105 13 42 0 10 5 13 14
split_gain=16.1998 5.17294 5.26876 4.12398 4.45074 5.63852 6.48688 4.46621 3.71484 3.63044 3.62346 3.48806 4.88729 3.9002 5.72096 5.16324 4.11033 3.2188 3.63184 6.53786 7.12154 6.98047 6.7837 5.34414 4.63946 4.56635 5.17454 7.80682 6.28639 4.92917
threshold=1.0000000180025095e-35 1.0000000180025095e-35 1.0000000180025095e-35 1.0000000180025095e-35 1.0000000180025095e-35 1.0000000180025095e-35 1.0000000180025095e-35 1.0000000180025095e-35 1.0000000180025095e-35 1.0000000180025095e-35 1.0000000180025095e-35 1.0000000180025095e-35 1.0000000180025095e-35 1.0000000180025095e-35 1.0000000180025095e-35 1.0000000180025095e-35 1.0000000180025095e-35 1.0000000180025095e-35 1.0000000180025095e-35 10.709103107452394 17.100615501403812 1.0000000180025095e-35 1.0000000180025095e-35 1.0000000180025095e-35 1.0000000180025095e-35 7.4620122909545907 1.0000000180025095e-35 1.0000000180025095e-35 1.0000000180025095e-35 1.0000000180025095e-35
decision_type=2 2 2 2 2 2 2 2 2 2 2 2 2 2 2 2 2 2 2 2 2 2 2 2 2 2 2 2 2 2
left_child=1 2 9 4 7 6 8 -2 -6 17 -7 12 -9 15 16 -13 -15 18 23 22 21 -21 25 -1 -23 26 28 -28 -20 -27
right_child=3 -3 -4 -5 5 10 -8 11 -10 -11 -12 13 -14 14 -16 -17 -18 -19 19 20 -22 24 -24 -25 -26 29 27 -29 -30 -31
leaf_value=0.0129575230619507 0.091186695636723936 -0.076968516072320275 0.022335962913888261 -0.055621805481434118 -0.041947131204718768 -0.069170462365318194 0.024698993218885711 -0.012277841202566956 0.062575265162230706 -0.087199672975242504 0.035482835351396985 -0.020467447234795804 -0.089540243521186544 -0.012975860889255383 0.10752408510015961 0.069901394280216606 0.10226794957926058 -0.0299227700953483 0.0095233423430933998 0.10756263105297491 -0.068851212174513163 0.079988498064724703 -0.11417178897890368 -0.022745929174451146 -0.022049104139691585 -0.070531514346436036 -0.056233611538606121 0.066808551062790142 0.10288267761828696 0.024687426879076917
leaf_weight=98.484974533319473 4.7035454064607611 6.7245397567749015 243.9826542288065 25.542185828089714 49.040157437324524 36.707655042409897 28.238668262958527 118.60833811759949 3.6536745876073828 4.4164973944425574 3.636114463210105 43.70120395720005 8.7941657602787 15.932480067014696 8.4967648535966891 7.391851380467414 3.8409641534090033 25.56721356511116 14.821884572505951 19.58073878288269 4.3605535030364981 7.7803103029727945 4.6294516474008551 72.99722845852375 10.429032802581787 12.013962477445602 13.580247774720192 8.3133363425731659 14.048798963427544 9.9302671700716019
leaf_count=515 23 35 1180 145 280 211 158 679 21 24 21 238 57 87 42 40 21 142 74 99 22 39 24 383 53 61 69 42 70 51
internal_value=-0.000227139 0.0102218 0.0112596 -0.0168988 -0.0139263 -0.0291983 -0.0139746 -0.00516794 -0.0346998 0.00283962 -0.0597382 -0.00735983 -0.017611 0.00909647 0.0388988 -0.0073934 0.00941009 0.00409589 0.00708507 0.020469 0.0521537 0.0661163 0.0032003 -0.00224086 0.0215485 0.0106735 0.0271503 -0.00951258 0.054953 -0.0274428
internal_weight=929.949 571.662 564.937 358.288 332.746 121.276 80.9325 211.469 52.6938 320.954 40.3438 206.766 127.403 79.3633 28.2702 51.0931 19.7734 316.538 290.971 119.489 42.1506 37.7901 77.3379 171.482 18.2093 72.7085 50.7643 21.8936 28.8707 21.9442
internal_count=4906 2883 2848 2023 1878 691 459 1187 301 1668 232 1164 736 428 150 278 108 1644 1502 604 213 191 391 898 92 367 255 111 144 112
is_linear=0
shrinkage=0.1


Tree=7
num_leaves=31
num_cat=0
split_feature=8 9 133 13 81 0 0 65 11 0 101 174 9 174 12 15 10 0 0 30 178 11 174 105 78 63 94 10 39 83
split_gain=13.2031 5.2012 4.8831 5.11084 5.39777 4.81724 4.92256 4.326 3.98437 3.88824 3.68062 3.53017 3.50316 3.85454 3.65344 6.01101 4.5322 4.00355 4.84665 3.48258 3.50785 3.47348 3.44955 3.68299 3.32543 3.3803 3.48976 3.37085 3.2071 4.96956
threshold=1.0000000180025095e-35 1.0000000180025095e-35 1.0000000180025095e-35 1.0000000180025095e-35 1.0000000180025095e-35 3.3497605323791508 3.5414099693298344 1.0000000180025095e-35 1.0000000180025095e-35 5.7987680435180673 1.0000000180025095e-35 1.0000000180025095e-35 1.0000000180025095e-35 1.0000000180025095e-35 1.0000000180025095e-35 1.0000000180025095e-35 1.0000000180025095e-35 13.474332809448244 8.0082135200500506 1.0000000180025095e-35 1.0000000180025095e-35 1.0000000180025095e-35 1.0000000180025095e-35 1.0000000180025095e-35 1.0000000180025095e-35 1.0000000180025095e-35 1.0000000180025095e-35 1.0000000180025095e-35 1.0000000180025095e-35 1.0000000180025095e-35
decision_type=2 2 2 2 2 2 2 2 2 2 2 2 2 2 2 2 2 2 2 2 2 2 2 2 2 2 2 2 2 2
left_child=1 2 5 9 8 21 -7 11 -5 -4 12 24 -2 14 28 16 17 18 -16 -8 22 -1 23 -21 25 26 -3 -28 29 -14
right_child=10 7 3 4 -6 6 19 -9 -10 -11 -12 -13 13 -15 15 -17 -18 -19 -20 20 -22 -23 -24 -25 -26 -27 27 -29 -30 -31
leaf_value=0.099691993990377037 -0.021386377643198871 0.034596109422245634 -0.077961034388409053 -0.088930585890359723 0.057122385661599898 -0.11091162049726473 -0.069805724629943652 -0.038834764490314734 0.029782645516659673 0.0048845798548804832 -0.072738978190290335 -0.035981778964435267 -0.042798551898479614 0.080829011553576205 -0.0085885848580738739 0.076884382138732263 -0.073810176916158418 -0.067270140713439217 0.098096449887130177 0.0043518793696031175 0.087136840345592548 3.6631530776834677e-05 0.060729437572090678 -0.068354798206884393 -0.018450971897861473 -0.03579609343561798 0.018715815171809782 -0.080665621295055556 0.01491131340720846 0.033829002323605757
leaf_weight=9.1331450492143613 215.63825406134129 192.42670491337776 20.977396592497829 6.8519298881292343 11.256389304995537 3.7481316775083533 6.1450822055339804 11.975559666752813 4.8132815510034561 7.7611855566501609 10.857136040925978 9.821191340684889 47.577525064349174 5.5722649544477454 9.4814777970314115 12.800803765654562 7.2584717869758597 4.4304164499044409 7.7299083173274985 221.00933489203453 5.2675481587648383 5.6681843698024741 10.481913372874258 7.1938865780830374 16.209730088710785 7.8742953091859809 9.9992345124483091 5.1814990043640128 23.093090996146202 10.294781208038328
leaf_count=45 1261 937 111 38 57 19 33 60 25 40 64 51 265 30 50 62 42 24 41 1126 27 28 53 37 79 40 50 27 127 57
internal_value=-0.000246969 0.00912892 0.000659216 -0.0274972 0.00772188 0.00607363 0.00284013 0.0198312 -0.0399473 -0.0555876 -0.0154128 0.0227402 -0.0136029 -0.000514633 -0.00420976 0.0198374 -0.00543039 0.0175036 0.0393254 0.00454489 0.00641775 0.0615289 0.00463636 0.00205987 0.0252294 0.0285153 0.0309545 -0.0152051 -0.0165952 -0.0291674
internal_weight=928.53 573.796 320.307 51.6602 22.9216 268.647 253.846 253.488 11.6652 28.7386 354.734 241.513 343.877 128.239 122.666 41.7011 28.9003 21.6418 17.2114 250.098 243.953 14.8013 238.685 228.203 231.691 215.482 207.607 15.1807 80.9654 57.8723
internal_count=4906 2883 1639 271 120 1368 1295 1244 63 151 2023 1184 1959 698 668 219 157 115 91 1276 1243 73 1216 1163 1133 1054 1014 77 449 322
is_linear=0
shrinkage=0.1


Tree=8
num_leaves=31
num_cat=0
split_feature=8 214 6 6 27 138 16 22 0 7 99 133 0 5 0 11 16 61 68 11 67 14 55 84 7 10 0 0 49 0
split_gain=10.7498 4.19957 4.22969 3.47544 4.98549 4.79043 4.48619 3.81805 3.74253 3.93311 8.6265 4.81764 9.12669 8.46744 4.42142 4.0642 5.74657 6.31785 3.89497 3.82292 3.58736 3.25094 8.18698 6.17706 4.37228 5.448 3.35735 12.3976 6.30629 3.7697
threshold=1.0000000180025095e-35 1.0000000180025095e-35 1.0000000180025095e-35 1.0000000180025095e-35 1.0000000180025095e-35 1.0000000180025095e-35 1.0000000180025095e-35 1.0000000180025095e-35 2.5407255887985234 1.0000000180025095e-35 1.0000000180025095e-35 1.0000000180025095e-35 11.824777603149416 1.0000000180025095e-35 9.9780974388122576 1.0000000180025095e-35 1.0000000180025095e-35 1.0000000180025095e-35 1.0000000180025095e-35 1.0000000180025095e-35 1.0000000180025095e-35 1.0000000180025095e-35 1.0000000180025095e-35 1.0000000180025095e-35 1.0000000180025095e-35 1.0000000180025095e-35 12.699520587921144 10.584530830383303 1.0000000180025095e-35 8.0082135200500506
decision_type=2 2 2 2 2 2 2 2 2 2 2 2 2 2 2 2 2 2 2 2 2 2 2 2 2 2 2 2 2 2
left_child=1 2 -1 5 -5 7 -7 21 -6 15 11 12 14 20 19 16 -10 -18 -17 -11 -14 23 -23 24 -2 -26 27 29 -29 -24
right_child=3 -3 -4 4 8 6 -8 -9 9 10 -12 -13 13 -15 -16 18 17 -19 -20 -21 -22 22 26 -25 25 -27 -28 28 -30 -31
leaf_value=0.0015248328069657076 0.011154964661212964 -0.071979884337229835 0.018919165422913858 0.11045317502446393 -0.08892335344030583 -0.014017720332231396 0.10842080091302329 -0.085419053536442149 -0.0234539646225842 -0.027585865932986911 -0.06965290057258075 0.10974666424458233 0.21996669218197581 -0.040235338126715522 -0.1091597477856715 -0.062698380157708788 0.001150906241222966 0.12169554509174374 0.021056515775492134 0.086942473479962978 0.087663815160018949 -0.092992472825902769 0.0014391748135026124 -0.092924358997907644 -0.00035996667298006488 -0.072630423011391249 -0.050857126906630717 0.18500140153847128 0.019448315132222463 -0.073561840352367999
leaf_weight=322.36872853338718 64.498980611562729 6.4658849090337744 246.83621409535408 3.8646344840526572 5.0820882320404044 6.915135979652403 5.2755749821662903 10.128233611583708 30.653701812028885 9.7757783234119469 8.4649613797664625 8.2195109426975232 3.7081045210361463 3.4164429008960715 4.327717810869216 23.804402992129329 11.37520691752434 7.0378493070602408 7.2415461987256995 4.1525733321905127 4.5817466974258423 20.230769529938698 13.864743962883951 8.7007474154233915 25.454210296273232 17.672789856791496 20.861756592988968 4.4623579680919629 4.7502752989530563 12.971053898334501
leaf_count=1668 368 35 1180 18 30 40 28 65 173 56 49 45 21 20 24 137 65 38 41 24 26 120 81 52 145 102 124 26 28 77
internal_value=-0.000256223 0.00815758 0.0090679 -0.0140362 -0.00149735 -0.0219218 0.038968 -0.0255677 -0.00477892 -0.00140538 0.021679 0.0419273 0.0233226 0.0922453 -0.0208726 -0.0148466 0.00306961 0.0472255 -0.0431623 0.0065594 0.146844 -0.0224345 -0.0383528 -0.0118784 -0.00532642 -0.0299753 -0.0189292 -0.000451989 0.0996379 -0.0348125
internal_weight=927.164 575.671 569.205 351.493 135.706 215.787 12.1907 203.596 131.842 126.76 46.6468 38.1819 29.9624 11.7063 18.2561 80.1127 49.0668 18.4131 31.0459 13.9284 8.28985 193.468 77.141 116.327 107.626 43.127 56.9102 36.0484 9.21263 26.8358
internal_count=4906 2883 2848 2023 767 1256 68 1188 749 719 265 216 171 67 104 454 276 103 178 80 47 1123 456 667 615 247 336 212 54 158
is_linear=0
shrinkage=0.1


Tree=9
num_leaves=31
num_cat=0
split_feature=289 9 85 278 6 76 129 16 0 132 10 312 8 133 0 0 100 139 11 5 86 12 0 81 73 14 81 42 70 0
split_gain=9.34249 8.39448 6.32647 5.46645 4.89879 4.96269 4.17741 7.6154 6.7907 5.11505 5.08874 4.16445 4.01902 6.01614 4.03011 3.94655 3.48464 3.18082 3.65318 6.23103 6.03224 4.62388 4.02359 3.82034 4.21132 3.34301 4.89171 3.22169 3.12805 7.02727
threshold=1.0000000180025095e-35 1.0000000180025095e-35 1.0000000180025095e-35 1.0000000180025095e-35 1.0000000180025095e-35 1.0000000180025095e-35 1.0000000180025095e-35 1.0000000180025095e-35 6.1615331172943124 1.0000000180025095e-35 1.0000000180025095e-35 1.0000000180025095e-35 1.0000000180025095e-35 1.0000000180025095e-35 3.3497605323791508 3.5414099693298344 1.0000000180025095e-35 1.0000000180025095e-35 1.0000000180025095e-35 1.0000000180025095e-35 1.0000000180025095e-35 1.0000000180025095e-35 16.880219459533695 1.0000000180025095e-35 1.0000000180025095e-35 1.0000000180025095e-35 1.0000000180025095e-35 1.0000000180025095e-35 1.0000000180025095e-35 11.741273403167726
decision_type=2 2 2 2 2 2 2 2 2 2 2 2 2 2 2 2 2 2 2 2 2 2 2 2 2 2 2 2 2 2
left_child=1 2 3 11 5 6 8 9 -3 -8 -11 12 13 14 -1 -16 17 18 19 22 -20 -21 23 24 -10 26 -19 -25 29 -6
right_child=-2 4 -4 -5 28 -7 7 -9 16 10 -12 -13 -14 -15 15 -17 -18 25 20 21 -22 -23 -24 27 -26 -27 -28 -29 -30 -31
leaf_value=0.057112755835673226 0.12701568583222231 -0.096130151737894659 -0.08896322855759628 0.11434672566894216 0.023558660584803826 -0.096342096948597702 -0.022674323740879923 0.076691729564064504 -0.021655082980604944 0.12328517832039321 -0.02047185608489856 -0.096358677382924848 -0.01835579680825877 -0.032673088667574852 -0.10455888091983692 0.0041648875664230768 -0.067353414697127301 0.057094164155779129 -0.023898050678153128 0.015038247436948536 0.071410354128693315 -0.064962558216932365 0.14026325538825588 0.046106710353608145 0.062168500462210931 -0.09640817484929759 -0.085651477156156369 0.14180729435781789 -0.00025435978953938803 0.10185167911614686
leaf_weight=14.391534596681593 5.7300004512071601 7.7437540292739859 9.757295146584509 3.6446464210748664 101.09487710893154 5.120484694838523 27.076318353414536 19.824422389268875 15.872793152928352 5.6776064932346326 4.3481403440237045 5.3456447124481192 208.53602293133736 48.553330078721046 3.385509029030799 241.12919330596924 7.3917790055274954 5.7139997184276599 50.359072178602219 20.698285639286041 7.6494460999965659 11.098593786358835 3.986657425761222 14.780267164111139 9.6298006325960159 6.2425645738840094 4.1401112228631973 4.6163514405488959 39.376292452216148 12.93042506277561
leaf_count=69 31 41 57 20 483 27 141 99 84 28 23 29 1247 257 18 1222 39 30 266 110 39 57 21 77 51 37 22 23 199 59
internal_value=-0.000277695 -0.00107041 -0.00917896 -0.00769611 0.010181 0.00101244 0.00320993 0.0266551 -0.0046445 -8.05072e-05 0.0609381 -0.0085493 -0.0076396 -0.000371288 0.00568635 0.00265952 -0.00027624 0.00292698 0.00781063 0.0215721 -0.01133 -0.0128858 0.0439846 0.0354359 0.00999677 -0.0391512 -0.00287906 0.0688832 0.0240456 0.0324371
internal_weight=925.845 920.115 534.743 524.986 385.372 231.97 226.85 56.9265 169.923 37.1021 10.0257 521.341 515.996 307.46 258.906 244.515 162.18 154.788 138.691 80.6827 58.0085 31.7969 48.8859 44.8992 25.5026 16.0967 9.85411 19.3966 153.402 114.025
internal_count=4906 4875 2919 2862 1956 1215 1188 291 897 192 51 2842 2813 1566 1309 1240 856 817 728 423 305 167 256 235 135 89 52 100 741 542
is_linear=0
shrinkage=0.1


Tree=10
num_leaves=31
num_cat=0
split_feature=8 9 65 13 133 13 81 113 108 0 11 0 174 0 0 97 168 34 61 26 15 15 14 10 0 174 87 12 54 61
split_gain=7.80477 3.5148 3.46872 3.22989 3.22287 4.21851 4.22311 3.50734 4.3924 3.92346 3.44429 3.42795 3.20306 5.82392 3.70382 5.7006 5.63235 3.46762 4.18619 3.83496 6.48351 3.29586 3.04416 5.26408 2.99812 2.76219 2.73891 4.15641 4.03138 3.02286
threshold=1.0000000180025095e-35 1.0000000180025095e-35 1.0000000180025095e-35 1.0000000180025095e-35 1.0000000180025095e-35 1.0000000180025095e-35 1.0000000180025095e-35 1.0000000180025095e-35 1.0000000180025095e-35 9.2908968925476092 1.0000000180025095e-35 5.7987680435180673 1.0000000180025095e-35 15.368925571441652 9.0704994201660174 1.0000000180025095e-35 1.0000000180025095e-35 1.0000000180025095e-35 1.0000000180025095e-35 1.0000000180025095e-35 1.0000000180025095e-35 1.0000000180025095e-35 1.0000000180025095e-35 1.0000000180025095e-35 11.560575008392336 1.0000000180025095e-35 1.0000000180025095e-35 1.0000000180025095e-35 1.0000000180025095e-35 1.0000000180025095e-35
decision_type=2 2 2 2 2 2 2 2 2 2 2 2 2 2 2 2 2 2 2 2 2 2 2 2 2 2 2 2 2 2
left_child=1 4 25 -4 7 11 10 8 12 -9 -7 -6 14 -14 15 17 26 18 -1 -20 -21 -19 -10 -24 -11 -3 28 -28 -16 -30
right_child=-2 2 3 -5 5 6 -8 9 22 24 -12 -13 13 -15 16 -17 -18 21 19 20 -22 -23 23 -25 -26 -27 27 -29 29 -31
leaf_value=0.0052489418497114028 -0.01215262099032818 0.020250820580781533 -0.081121509845569748 0.024864835045008901 -0.071560143816374003 -0.08282420661680108 0.051148306565688528 -0.11884940720715903 -0.067283776148687441 0.042771313713022764 0.028861718942649481 0.0070888487831031665 0.12285774245501922 -0.019236720664179932 -0.035428932565503155 -0.088437774203219022 0.087816027150716347 0.025306964032161591 0.0072973215328799926 0.16115191495807707 0.0080704129769139689 0.1198924587111075 0.06533967855362223 -0.084243946947540504 -0.062029753486212397 -0.034249456244616977 0.092420330881955032 -0.031164279390789959 0.029073223946037813 -0.013367156106975734
leaf_weight=50.000226154923439 346.56690026074648 235.4381884559989 6.9520004540681821 4.9033314436674118 19.911988541483883 6.4473486393690109 11.490610554814339 4.6483951956033698 12.774368867278099 5.5095733404159528 4.8296323269605637 7.6789150387048712 6.7237236946821195 5.051499992609024 43.775779321789742 4.2761027961969367 6.5980315506458274 7.1622789502143842 8.098690539598465 6.6356300115585327 4.7452391237020493 7.5858887732028961 5.9972590506076813 3.8712742179632187 5.4101875126361847 9.681836009025572 6.4541389942169172 4.7054097652435303 27.535055220127106 42.977304801344872
leaf_count=247 2023 1133 35 25 111 38 57 23 66 28 25 40 32 26 224 23 33 35 40 33 24 37 32 21 29 51 32 24 141 218
internal_value=-0.000287749 0.00682799 0.0155431 -0.0372859 -0.000151117 -0.0233794 0.00848224 0.00417267 0.0069862 -0.041906 -0.0349921 -0.0496711 0.0110838 0.0619001 0.00837067 0.0241996 -0.00223873 0.029918 0.0205698 0.0598956 0.0973248 0.0739581 -0.0350565 0.00666032 -0.0091523 0.0180981 -0.00697524 0.040311 -0.0115925 0.0032058
internal_weight=924.437 577.87 256.975 11.8553 320.895 50.3585 22.7676 270.536 254.968 15.5682 11.277 27.5909 232.325 11.7752 220.55 88.5041 132.046 84.228 69.4798 19.4796 11.3809 14.7482 22.6429 9.86853 10.9198 245.12 125.448 11.1595 114.288 70.5124
internal_count=4906 2883 1244 60 1639 271 120 1368 1288 80 63 151 1169 58 1111 439 672 416 344 97 57 72 119 53 57 1184 639 56 583 359
is_linear=0
shrinkage=0.1


Tree=11
num_leaves=31
num_cat=0
split_feature=289 278 6 237 140 13 5 105 0 9 9 0 26 53 79 1 11 0 70 0 12 0 0 26 5 0 86 68 10 1
split_gain=7.07996 6.22887 6.63466 5.45108 4.65231 4.20356 3.89054 3.81979 4.31567 3.67221 3.66879 3.69629 4.97608 4.81119 3.91408 14.6955 3.4583 4.73246 3.35 4.41543 3.29146 3.21652 4.05625 3.14141 3.08592 5.28006 4.81454 4.59872 4.37942 2.92378
threshold=1.0000000180025095e-35 1.0000000180025095e-35 1.0000000180025095e-35 1.0000000180025095e-35 1.0000000180025095e-35 1.0000000180025095e-35 1.0000000180025095e-35 1.0000000180025095e-35 11.741273403167726 1.0000000180025095e-35 1.0000000180025095e-35 3.3497605323791508 1.0000000180025095e-35 1.0000000180025095e-35 1.0000000180025095e-35 -0.11521788686513899 1.0000000180025095e-35 2.960985660552979 1.0000000180025095e-35 14.867898464202883 1.0000000180025095e-35 16.954140663146976 6.9089665412902841 1.0000000180025095e-35 1.0000000180025095e-35 17.229294776916507 1.0000000180025095e-35 1.0000000180025095e-35 1.0000000180025095e-35 0.90113317966461193
decision_type=2 2 2 2 2 2 2 2 2 2 2 2 2 2 2 2 2 2 2 2 2 2 2 2 2 2 2 2 2 2
left_child=1 2 3 4 7 6 9 29 -9 -6 11 12 -4 14 21 -16 17 -14 19 -15 -8 22 -13 -17 25 26 -20 -26 -29 -1
right_child=-2 -3 10 -5 5 -7 20 8 -10 -11 -12 13 16 18 15 23 -18 -19 24 -21 -22 -23 -24 -25 27 -27 -28 28 -30 -31
leaf_value=-0.0015405485750270131 0.10730474942329203 0.10193541695158169 0.10695802173940655 -0.093772682539602817 -0.036465087658709004 -0.089340761021471343 -0.11303585312425349 -0.081552095624350826 0.018230227336681476 0.077035519728462981 0.020237049621563849 -0.038350881907970424 -0.084638576539812257 -0.1131312963410584 0.15337279699237361 0.011370719608771715 0.059722781960491113 0.055530268533425665 0.0030337781082858083 0.026196790323889215 -0.0042183094437099116 -0.094602127196691296 -0.0019947960824903315 -0.11214585029017371 0.058234338110181839 0.16231172127394841 0.10735029016425011 -0.098453241780976433 0.036622591255368153 -0.037939837504890606
leaf_weight=442.21389921009541 6.0756468176841727 5.8410800695419303 7.176795274019244 7.4670035094022742 5.3662683367729187 12.524220257997511 5.6210548728704453 13.073554933071138 6.4844227135181418 6.080557182431221 154.76132982969284 48.170037232339382 6.1724100857973117 3.9031573235988599 6.1605088263750067 4.0893630385398847 7.4807970374822608 3.9502450525760651 13.69372664391995 5.4512369632720947 5.4989103972911835 5.3042234033346167 84.558598056435585 4.1473912298679352 8.232203796505928 4.0125731825828543 6.5361196994781485 5.8348330855369568 4.0777400732040405 23.226921662688255
leaf_count=2414 31 30 36 42 31 73 32 79 35 32 740 259 34 20 32 22 38 19 75 29 31 30 439 22 44 21 34 32 22 128
internal_value=-0.000288568 -0.00100135 -0.00166116 -0.00893819 -0.00772021 -0.0428817 -0.0170977 -0.00517618 -0.0484694 0.0238265 0.00834384 0.000304566 0.0367762 -0.00412199 -0.0130656 0.0365514 0.00816364 -0.0299394 0.0222258 -0.0319384 -0.0592247 -0.0182408 -0.0151892 -0.0508227 0.0341792 0.0575225 0.0367377 0.00299128 -0.042887 -0.00335698
internal_weight=923.187 917.111 911.27 527.557 520.09 35.091 22.5668 484.999 19.558 11.4468 383.713 228.952 24.7802 204.172 152.43 14.3973 17.6035 10.1227 51.7416 9.35439 11.12 138.033 132.729 8.23675 42.3872 24.2424 20.2298 18.1448 9.91257 465.441
internal_count=4906 4875 4845 2897 2855 199 126 2656 114 63 1948 1208 127 1081 804 76 91 53 277 49 63 728 698 44 228 130 109 98 54 2542
is_linear=0
shrinkage=0.1


Tree=12
num_leaves=31
num_cat=0
split_feature=8 289 214 9 133 193 44 65 7 13 12 63 0 0 10 0 0 16 55 6 6 7 99 73 54 61 67 0 34 67
split_gain=6.1276 8.60753 4.32009 2.8589 4.69677 3.26435 4.81045 3.03153 2.98177 2.73825 4.26229 7.36521 4.06915 5.59947 8.56118 3.95323 5.06609 5.32558 3.67593 4.64463 3.6668 4.19557 4.11065 4.02066 5.78662 5.33386 4.53664 3.39262 3.31485 13.618
threshold=1.0000000180025095e-35 1.0000000180025095e-35 1.0000000180025095e-35 1.0000000180025095e-35 1.0000000180025095e-35 1.0000000180025095e-35 1.0000000180025095e-35 1.0000000180025095e-35 1.0000000180025095e-35 1.0000000180025095e-35 1.0000000180025095e-35 1.0000000180025095e-35 9.5838465690612811 7.7043120861053476 1.0000000180025095e-35 16.954140663146976 15.260780334472658 1.0000000180025095e-35 1.0000000180025095e-35 1.0000000180025095e-35 1.0000000180025095e-35 1.0000000180025095e-35 1.0000000180025095e-35 1.0000000180025095e-35 1.0000000180025095e-35 1.0000000180025095e-35 1.0000000180025095e-35 16.223134994506839 1.0000000180025095e-35 1.0000000180025095e-35
decision_type=2 2 2 2 2 2 2 2 2 2 2 2 2 2 2 2 2 2 2 2 2 2 2 2 2 2 2 2 2 2
left_child=1 2 3 4 5 6 -1 -5 -9 10 11 12 13 18 -15 16 -12 -18 -8 -20 23 22 -22 28 -25 -26 -27 -14 -11 -30
right_child=-2 -3 -4 7 -6 -7 9 8 -10 20 15 -13 27 14 -16 -17 17 -19 19 -21 21 -23 -24 24 25 26 -28 -29 29 -31
leaf_value=0.084476171956244142 -0.010872754885678688 0.15299922663769555 -0.0801483877185966 0.016097333513321894 -0.029689955213196357 -0.084799696171752981 0.067180045219624035 -0.078628475029242556 0.023490090025726721 -0.061466954073610795 -0.0094382865659812694 0.16258480815990659 -0.011840256806002465 0.21976542496200149 0.019839888739722887 -0.084445121505330761 0.15609394254996312 -0.0073320561563143018 -0.080926167560919499 0.039590004861252533 0.013382948206838805 -0.028118082314412037 0.096363395271809593 -0.090767404665173038 0.095415769105603732 -0.068999855335692181 0.053000977822617479 0.07090303100926125 0.133173235753237 -0.11071946834591018
leaf_weight=7.579721435904502 343.64062345772982 3.9553971737623206 5.9008662030100814 243.7979939058423 47.002594769001007 4.0226452052593222 10.468623995780945 6.8344603031873685 4.9160689860582352 28.592221364378929 52.02038300037384 3.9207872897386542 33.682892993092537 4.1858372986316663 4.3864109218120575 5.810221090912818 4.0754258036613455 3.9042320400476456 5.6229507774114609 7.4147894233465195 25.595742136240005 17.149601086974144 7.7856585234403601 4.8622170090675381 7.8063560277223596 6.3475861549377441 5.8634362518787384 5.8100511878728858 4.447975426912306 4.7174003124237061
leaf_count=39 2023 18 34 1167 258 22 51 35 25 152 260 19 170 21 22 31 21 21 30 34 121 82 36 27 41 35 31 31 23 26
internal_value=-0.000296221 0.00598666 0.00497454 0.00585789 -0.000548277 0.00459968 0.00597202 0.0137062 -0.0359051 0.00363368 0.012917 0.029133 0.0218223 0.0482789 0.117464 -0.0056846 0.00194233 0.076134 0.0230487 -0.0123865 -0.00795758 0.0120834 0.0327368 -0.0241251 0.00708629 0.0308549 -0.010418 0.00033262 -0.0446912 0.00764216
internal_weight=922.121 578.481 574.525 568.624 313.076 266.073 262.051 255.549 11.7505 254.471 141.303 75.4923 71.5716 32.0786 8.57225 65.8103 60 7.97966 23.5064 13.0377 113.168 50.531 33.3814 62.6372 24.8796 20.0174 12.211 39.4929 37.7576 9.16538
internal_count=4906 2883 2865 2831 1604 1346 1324 1227 60 1285 711 378 359 158 43 333 302 42 115 64 574 239 157 335 134 107 66 201 201 49
is_linear=0
shrinkage=0.1


Tree=13
num_leaves=31
num_cat=0
split_feature=24 289 278 9 44 12 61 102 85 0 0 15 12 54 10 49 129 65 97 0 11 6 0 8 81 94 67 1 81 14
split_gain=5.28567 6.22456 4.66637 4.73286 4.67582 4.12473 7.37977 5.65878 3.83521 3.71979 5.90227 3.4617 5.65474 4.76111 8.68768 5.11838 5.00755 3.9926 3.88351 3.92827 7.86074 5.45153 4.67571 3.63971 3.61697 3.50587 3.27781 3.20859 3.17965 3.10935
threshold=1.0000000180025095e-35 1.0000000180025095e-35 1.0000000180025095e-35 1.0000000180025095e-35 1.0000000180025095e-35 1.0000000180025095e-35 1.0000000180025095e-35 1.0000000180025095e-35 1.0000000180025095e-35 13.550992488861086 16.223134994506839 1.0000000180025095e-35 1.0000000180025095e-35 1.0000000180025095e-35 1.0000000180025095e-35 1.0000000180025095e-35 1.0000000180025095e-35 1.0000000180025095e-35 1.0000000180025095e-35 11.377138614654543 1.0000000180025095e-35 1.0000000180025095e-35 3.2429842948913579 1.0000000180025095e-35 1.0000000180025095e-35 1.0000000180025095e-35 1.0000000180025095e-35 -0.69168758392333973 1.0000000180025095e-35 1.0000000180025095e-35
decision_type=2 2 2 2 2 2 2 2 2 2 2 2 2 2 2 2 2 2 2 2 2 2 2 2 2 2 2 2 2 2
left_child=5 2 3 8 -5 7 9 -1 -2 -7 -11 17 18 14 16 24 -14 25 19 22 -21 -22 27 28 -15 -6 -25 -13 -24 -30
right_child=1 -3 -4 4 11 6 -8 -9 -10 10 -12 12 13 15 -16 -17 -18 -19 -20 20 21 -23 23 26 -26 -27 -28 -29 29 -31
leaf_value=-0.070839929145813316 -0.004951355284797886 0.10814629456978238 0.08815582800691521 0.086088874379704014 0.006072315362589455 -0.018096105195056746 -0.066035852100915088 0.053184711582205946 -0.076054709920634789 0.16603393159970975 0.0065378751946558525 0.0076551322860787504 0.014138263152562322 0.0879816592213193 -0.082160251809099583 0.18172283303781589 0.12749433001472407 -0.062636403966060239 -0.062257345657854429 0.083691145481545118 -0.0791354060530709 0.066593346401212131 0.032007163268255472 0.0038830580156309982 -0.015324734564524087 -0.044954704203843163 -0.10379426725148691 0.12543030102247441 -0.06549951585982966 0.035896200192896889
leaf_weight=27.185094207525257 482.37205027043819 5.4524311274290076 6.0940689891576758 7.7014312446117392 199.42501224577427 5.848288208246232 10.085792556405067 4.2545465528964987 7.7071303427219382 4.4951166212558729 4.7952412217855453 5.2973029911518097 10.659515678882604 12.061745494604116 6.2945106476545325 4.2578753381967536 6.1428225487470618 9.8034745752811414 7.7223747819662085 17.379666775465012 6.8441888242959994 4.1076410114765167 15.124276548624039 4.4319516569375974 4.7135886549949637 14.439589872956274 7.8069971352815628 4.1062202602624875 9.7295954972505552 4.3884276896715173
leaf_count=152 2669 26 30 37 1008 31 56 24 48 22 25 26 51 58 30 20 28 53 40 88 35 19 71 25 23 79 45 20 46 21
internal_value=-0.000302596 0.00163769 0.000961328 0.000338034 0.00900219 -0.0298898 0.00023142 -0.0540564 -0.00606955 0.0443805 0.0837096 0.00732862 0.0202332 0.0493871 0.0180424 0.083807 0.0555805 -0.000233428 0.00543472 0.0120337 0.0418774 -0.0244777 -0.00458264 -0.0190154 0.0589543 0.0026271 -0.0648023 0.0590838 0.000148048 -0.0339818
internal_weight=920.728 864.064 858.611 852.517 362.438 56.6641 25.2244 31.4396 490.079 15.1386 9.29036 354.737 131.069 44.1301 23.0968 21.0332 16.8023 223.668 86.9386 79.2163 28.3315 10.9518 50.8848 41.4812 16.7753 213.865 12.2389 9.40352 29.2423 14.118
internal_count=4906 4596 4570 4540 1823 310 134 176 2717 78 47 1786 646 210 109 101 79 1140 436 396 142 54 254 208 81 1087 70 46 138 67
is_linear=0
shrinkage=0.1


Tree=14
num_leaves=31
num_cat=0
split_feature=8 289 214 19 34 31 24 174 0 1 0 16 11 57 100 78 0 138 10 13 65 0 6 11 14 67 53 15 39 135
split_gain=4.68929 5.73996 3.49586 2.54938 2.53258 14.3034 3.95014 4.35835 3.13654 7.4518 2.83389 4.26406 2.74636 2.76227 2.51773 3.2372 6.37266 5.81574 3.48301 4.50636 4.93191 4.32501 6.52192 6.30375 4.11442 3.69403 5.54932 3.50792 3.41744 3.96513
threshold=1.0000000180025095e-35 1.0000000180025095e-35 1.0000000180025095e-35 1.0000000180025095e-35 1.0000000180025095e-35 1.0000000180025095e-35 1.0000000180025095e-35 1.0000000180025095e-35 17.548254966735843 0.90873831510543834 13.419575691223146 1.0000000180025095e-35 1.0000000180025095e-35 1.0000000180025095e-35 1.0000000180025095e-35 1.0000000180025095e-35 8.5516767501831072 1.0000000180025095e-35 1.0000000180025095e-35 1.0000000180025095e-35 1.0000000180025095e-35 9.5838465690612811 1.0000000180025095e-35 1.0000000180025095e-35 1.0000000180025095e-35 1.0000000180025095e-35 1.0000000180025095e-35 1.0000000180025095e-35 1.0000000180025095e-35 1.0000000180025095e-35
decision_type=2 2 2 2 2 2 2 2 2 2 2 2 2 2 2 2 2 2 2 2 2 2 2 2 2 2 2 2 2 2
left_child=1 2 -1 4 5 6 10 8 9 14 -2 -12 13 -6 15 18 17 -17 19 20 28 22 -21 -24 25 26 27 -20 29 -8
right_child=3 -3 -4 -5 12 -7 7 -9 -10 -11 11 -13 -14 -15 -16 16 -18 -19 24 21 -22 -23 23 -25 -26 -27 -28 -29 -30 -31
leaf_value=0.0050928651738653113 -0.098434752075429982 0.12144390708353969 -0.074428772054736594 -0.06099573515319047 -0.032127825447340913 0.18198316397486669 -0.0041065443930950931 0.070906416183276644 -0.071392472468381235 0.12055335943973576 -0.068754369178445518 0.060247594713514166 -0.05004907140504148 0.020510893813393855 -0.062611808818368392 -0.074123507944812345 0.14796415274282365 0.053912773112943083 0.10523121422162829 -0.034176159258589793 0.13477572506805355 -0.055121803718065035 0.12519676624341611 -0.041678574402072718 -0.06050413558107879 -0.031454525248662456 -0.056392278969729273 -0.0045329487578236573 0.091218643281220563 0.064708713611208044
leaf_weight=569.07361945509911 7.5423185378313091 4.2149697244167319 5.582421362400054 9.3902262672781927 22.611292704939842 4.0829032212495795 59.618749752640724 7.6726790368556967 7.0465534478425971 4.7300021648406974 6.5793792456388456 4.1966754645109177 27.124225825071335 17.830262899398804 7.6638604104518881 5.7097487300634393 3.9606733769178382 9.3686726838350296 7.7195422053337115 16.215999260544777 3.3825523257255545 21.855396926403046 6.6367984861135501 3.4354376047849655 23.17017038166523 28.156201630830765 5.5624278485774985 4.6747627556324005 4.9926032274961463 9.7412327229976636
leaf_count=2831 49 18 34 62 134 22 349 41 42 26 40 25 164 103 46 35 23 49 46 99 19 130 38 20 146 170 33 26 29 57
internal_value=-0.000305102 0.00517318 0.00432036 -0.00961384 -0.00815741 -0.00373173 -0.00665223 -0.0032538 -0.00568919 -0.00364597 -0.0514209 -0.0185153 -0.0254312 -0.00891996 -0.00629382 -0.00427882 0.0350806 0.00542925 -0.00811855 0.00179246 0.0166825 -0.0222498 0.00507912 0.0682789 -0.0261256 -0.00885156 0.0265899 0.0638314 0.0113101 0.00555818
internal_weight=919.542 578.871 574.656 340.671 331.281 263.715 259.632 241.314 233.641 226.595 18.3184 10.7761 67.5658 40.4416 221.865 214.201 19.0391 15.0784 195.162 125.879 77.7351 48.1436 26.2882 10.0722 69.2831 46.1129 17.9567 12.3943 74.3526 69.36
internal_count=4906 2883 2865 2023 1961 1560 1538 1424 1383 1341 114 65 401 237 1315 1269 107 84 1162 741 454 287 157 58 421 275 105 72 435 406
is_linear=0
shrinkage=0.1


Tree=15
num_leaves=31
num_cat=0
split_feature=6 237 140 61 0 0 1 0 29 278 65 7 228 105 289 0 13 0 1 5 1 0 15 26 12 63 0 236 5 70
split_gain=4.04024 5.1373 4.62164 4.02671 7.91981 5.56098 10.1287 6.72894 4.37939 3.91799 3.86842 3.7571 3.70414 3.53951 4.24323 3.86051 3.48315 3.45354 3.39434 3.34327 3.11684 4.6163 5.25982 4.98122 3.08561 2.77663 7.91117 3.98031 3.80848 3.33588
threshold=1.0000000180025095e-35 1.0000000180025095e-35 1.0000000180025095e-35 1.0000000180025095e-35 3.2429842948913579 5.4524297714233407 1.0000000180025095e-35 11.377138614654543 1.0000000180025095e-35 1.0000000180025095e-35 1.0000000180025095e-35 1.0000000180025095e-35 1.0000000180025095e-35 1.0000000180025095e-35 1.0000000180025095e-35 11.741273403167726 1.0000000180025095e-35 4.5790553092956552 -0.059852460399270051 1.0000000180025095e-35 0.90113317966461193 15.63039016723633 1.0000000180025095e-35 1.0000000180025095e-35 1.0000000180025095e-35 1.0000000180025095e-35 14.800821304321291 1.0000000180025095e-35 1.0000000180025095e-35 1.0000000180025095e-35
decision_type=2 2 2 2 2 2 2 2 2 2 2 2 2 2 2 2 2 2 2 2 2 2 2 2 2 2 2 2 2 2
left_child=1 2 9 8 -5 11 18 -8 -2 13 12 17 -10 14 25 -15 19 -6 -7 -4 21 22 -9 -24 -21 27 28 29 -27 -1
right_child=3 -3 16 4 5 6 7 20 10 -11 -12 -13 -14 15 -16 -17 -18 -19 -20 24 -22 -23 23 -25 -26 26 -28 -29 -30 -31
leaf_value=0.0022184295159966361 0.085884368766742769 -0.089842349173055891 0.020207329189860936 0.16371606602236727 -0.016431029788267933 0.062089648649555573 -0.035326204623812189 0.0029424121973032459 0.0021168410589971188 0.088840611535942804 -0.066111680139052137 0.027740338953141937 -0.093383175173333069 -0.077945282809704863 0.09702161439999793 0.017180688555257822 -0.084430499578368623 -0.12056651882031325 0.153059947654828 -0.11008381947007667 0.083404600812061316 -0.04165431554058343 0.023422736786786715 0.13464252950474179 -0.0039011882433178276 0.0388225308046335 -0.027460807110230225 -0.10419551128271914 0.1637452469500483 -0.01731747609930644
leaf_weight=317.03729375451803 5.8062420934438697 7.2051703482866278 11.566267147660255 3.8033450692892066 7.0478301793336886 22.438524812459949 24.513762250542641 23.408764243125916 234.25052616000175 4.6677157878875724 9.0602816641330701 6.9571516066789618 4.1331078261137 12.521090358495714 4.3315744698047629 6.4711378365755072 11.760818652808664 5.8100877404212952 5.0190771967172614 5.46332698315382 8.4162339717149717 10.401871919631956 8.3340275287628192 7.7918250262737265 5.4836782217025757 5.1254073977470416 10.233026638627051 3.9347764402627936 4.6586409211158752 120.67648155242205
leaf_count=1744 27 43 63 18 34 109 124 119 1194 22 51 34 21 81 20 35 73 31 25 33 42 55 41 38 31 27 55 23 25 668
internal_value=-0.00031433 -0.00597757 -0.00482425 0.00745429 0.0214769 0.0173199 0.0260805 0.00863904 3.78416e-05 -0.00233941 -0.00197654 -0.0314564 0.000461057 -0.00321696 -0.00149231 -0.0455334 -0.0403239 -0.0634866 0.0787184 -0.0172828 0.0271087 0.0176206 0.0332163 0.0771629 -0.0568938 -0.00241662 0.0340112 -0.00406765 0.0983041 -0.00316757
internal_weight=918.329 531.136 523.931 387.193 133.943 130.139 110.324 82.8665 253.25 489.657 247.444 19.8151 238.384 484.989 465.997 18.9922 34.2741 12.8579 27.4576 22.5133 58.3527 49.9365 39.5346 16.1259 10.947 461.666 20.0171 441.649 9.78405 437.714
internal_count=4906 2943 2900 1963 670 652 553 419 1293 2700 1266 99 1215 2678 2562 116 200 65 134 127 295 253 198 79 64 2542 107 2435 52 2412
is_linear=0
shrinkage=0.1


Tree=16
num_leaves=31
num_cat=0
split_feature=24 291 8 34 31 214 12 61 102 108 174 44 10 73 0 70 50 0 1 243 0 101 12 5 87 26 1 14 100 53
split_gain=3.93764 3.62085 3.71112 3.52106 10.9686 3.43013 3.41294 5.9329 4.78151 3.32962 2.94015 2.78681 4.93207 2.76052 2.70634 4.96532 2.6797 2.61374 5.16794 2.33873 2.15877 2.20886 2.476 7.27372 4.75975 3.83291 7.14666 6.87209 3.75842 3.33539
threshold=1.0000000180025095e-35 1.0000000180025095e-35 1.0000000180025095e-35 1.0000000180025095e-35 1.0000000180025095e-35 1.0000000180025095e-35 1.0000000180025095e-35 1.0000000180025095e-35 1.0000000180025095e-35 1.0000000180025095e-35 1.0000000180025095e-35 1.0000000180025095e-35 1.0000000180025095e-35 1.0000000180025095e-35 13.550992488861086 1.0000000180025095e-35 1.0000000180025095e-35 17.548254966735843 0.90873831510543834 1.0000000180025095e-35 15.924708843231203 1.0000000180025095e-35 1.0000000180025095e-35 1.0000000180025095e-35 1.0000000180025095e-35 1.0000000180025095e-35 -0.045250589028000825 1.0000000180025095e-35 1.0000000180025095e-35 1.0000000180025095e-35
decision_type=2 2 2 2 2 2 2 2 2 2 2 2 2 2 2 2 2 2 2 2 2 2 2 2 2 2 2 2 2 2
left_child=6 2 5 4 10 11 8 14 16 -5 17 12 -2 -9 -8 -16 -1 18 20 -13 21 22 28 24 -24 26 -25 -27 29 -4
right_child=1 -3 3 9 -6 -7 7 13 -10 -11 -12 19 -14 -15 15 -17 -18 -19 -20 -21 -22 -23 23 25 -26 27 -28 -29 -30 -31
leaf_value=-0.08157760662534258 0.1172571466007417 0.099833799711747787 -0.0011497605305083407 -0.034118399931672615 0.15490837545907213 -0.081180579643673978 -0.014603112586743506 -0.1126793777434181 0.04856497793930286 0.057885166480819775 0.056000655927499414 0.0063025611122488889 -0.024485631490356465 -0.0053068275589027818 0.14699887853143362 0.0027670440918090128 -0.0019496978618369345 -0.067818289769624104 0.093413466583462557 -0.063040354454366107 -0.079293108837869511 -0.062893998394053227 -0.019520063327062898 -0.088146566754163741 0.10209483817752436 0.045814190235962865 0.083517501823860932 0.19718092841975579 -0.10327130495164186 -0.039768138439035677
leaf_weight=20.501080617308624 5.9351735264062864 3.7162821888923636 102.91913883388042 61.754619069397449 4.3616864681243888 4.4831213057041159 5.7057165503501901 4.9257791936397552 4.3145012930035582 4.2011526226997367 7.6367805153131476 523.0933543741703 4.1864223480224609 4.6593879088759422 4.6165928393602353 4.9418787062168121 5.3237328529357901 6.8703166842460623 5.1918897926807395 4.9094519466161719 4.1116424500942221 6.6573468744754782 49.513511449098587 4.5535093694925308 3.4418899714946738 12.36003538221121 5.1886179000139254 3.9604145288467398 4.4219694882631293 28.57352651655674
leaf_count=122 28 20 618 375 22 29 31 29 24 24 40 2592 21 27 21 26 30 43 27 24 25 45 291 26 20 71 31 23 28 173
internal_value=-0.000315816 0.00133919 0.000912736 -0.00770752 -0.00228064 0.00592846 -0.0262608 0.00117616 -0.0488822 -0.0282581 -0.00507448 0.00665416 0.0586305 -0.0604852 0.0398965 0.0724288 -0.0651625 -0.00703616 -0.00522757 0.0056578 -0.00749664 -0.00616444 -0.00440729 0.00966919 -0.0116156 0.0529168 0.00328103 0.0825457 -0.0125911 -0.00954158
internal_weight=917.031 862.042 858.326 315.718 249.762 542.608 54.9887 24.8494 30.1393 65.9558 245.401 538.124 10.1216 9.58517 15.2642 9.55847 25.8248 237.764 230.893 528.003 225.702 221.59 214.933 79.018 52.9554 26.0626 9.74213 16.3204 135.915 131.493
internal_count=4906 4596 4576 1882 1483 2694 310 134 176 399 1461 2665 49 56 78 47 152 1421 1378 2616 1351 1326 1281 462 311 151 57 94 819 791
is_linear=0
shrinkage=0.1


end of trees

feature_importances:
Column_0=78
Column_9=23
Column_6=20
Column_10=16
Column_12=16
Column_8=15
Column_14=15
Column_13=14
Column_1=13
Column_5=11
Column_11=11
Column_174=11
Column_15=10
Column_81=10
Column_7=9
Column_16=9
Column_61=9
Column_65=8
Column_26=7
Column_67=7
Column_105=7
Column_22=6
Column_34=6
Column_70=6
Column_133=6
Column_138=6
Column_289=6
Column_19=5
Column_24=5
Column_63=5
Column_68=5
Column_73=5
Column_99=5
Column_134=5
Column_214=5
Column_29=4
Column_54=4
Column_85=4
Column_95=4
Column_139=4
Column_278=4
Column_39=3
Column_42=3
Column_44=3
Column_49=3
Column_53=3
Column_78=3
Column_80=3
Column_84=3
Column_86=3
Column_100=3
Column_101=3
Column_108=3
Column_129=3
Column_140=3
Column_23=2
Column_27=2
Column_31=2
Column_50=2
Column_55=2
Column_57=2
Column_64=2
Column_83=2
Column_87=2
Column_94=2
Column_97=2
Column_102=2
Column_178=2
Column_237=2
Column_30=1
Column_40=1
Column_62=1
Column_76=1
Column_79=1
Column_91=1
Column_113=1
Column_127=1
Column_132=1
Column_135=1
Column_137=1
Column_168=1
Column_176=1
Column_177=1
Column_193=1
Column_220=1
Column_228=1
Column_236=1
Column_243=1
Column_291=1
Column_312=1

parameters:
[boosting: gbdt]
[objective: binary]
[metric: binary_logloss]
[tree_learner: serial]
[device_type: cpu]
[data_sample_strategy: bagging]
[data: ]
[valid: ]
[num_iterations: 300]
[learning_rate: 0.1]
[num_leaves: 31]
[num_threads: 0]
[seed: 0]
[deterministic: 0]
[force_col_wise: 0]
[force_row_wise: 0]
[histogram_pool_size: -1]
[max_depth: -1]
[min_data_in_leaf: 20]
[min_sum_hessian_in_leaf: 0.001]
[bagging_fraction: 1]
[pos_bagging_fraction: 1]
[neg_bagging_fraction: 1]
[bagging_freq: 0]
[bagging_seed: 7719]
[bagging_by_query: 0]
[feature_fraction: 1]
[feature_fraction_bynode: 1]
[feature_fraction_seed: 2437]
[extra_trees: 0]
[extra_seed: 11797]
[early_stopping_round: 0]
[early_stopping_min_delta: 0]
[first_metric_only: 0]
[max_delta_step: 0]
[lambda_l1: 0]
[lambda_l2: 0]
[linear_lambda: 0]
[min_gain_to_split: 0]
[drop_rate: 0.1]
[max_drop: 50]
[skip_drop: 0.5]
[xgboost_dart_mode: 0]
[uniform_drop: 0]
[drop_seed: 21238]
[top_rate: 0.2]
[other_rate: 0.1]
[min_data_per_group: 100]
[max_cat_threshold: 32]
[cat_l2: 10]
[cat_smooth: 10]
[max_cat_to_onehot: 4]
[top_k: 20]
[monotone_constraints: ]
[monotone_constraints_method: basic]
[monotone_penalty: 0]
[feature_contri: ]
[forcedsplits_filename: ]
[refit_decay_rate: 0.9]
[cegb_tradeoff: 1]
[cegb_penalty_split: 0]
[cegb_penalty_feature_lazy: ]
[cegb_penalty_feature_coupled: ]
[path_smooth: 0]
[interaction_constraints: ]
[verbosity: -1]
[saved_feature_importance_type: 0]
[use_quantized_grad: 0]
[num_grad_quant_bins: 4]
[quant_train_renew_leaf: 0]
[stochastic_rounding: 1]
[linear_tree: 0]
[max_bin: 255]
[max_bin_by_feature: ]
[min_data_in_bin: 3]
[bin_construct_sample_cnt: 200000]
[data_random_seed: 38]
[is_enable_sparse: 1]
[enable_bundle: 1]
[use_missing: 1]
[zero_as_missing: 0]
[feature_pre_filter: 1]
[pre_partition: 0]
[two_round: 0]
[header: 0]
[label_column: ]
[weight_column: ]
[group_column: ]
[ignore_column: ]
[categorical_feature: ]
[forcedbins_filename: ]
[precise_float_parser: 0]
[parser_config_file: ]
[objective_seed: 8855]
[num_class: 1]
[is_unbalance: 0]
[scale_pos_weight: 1]
[sigmoid: 1]
[boost_from_average: 1]
[reg_sqrt: 0]
[alpha: 0.9]
[fair_c: 1]
[poisson_max_delta_step: 0.7]
[tweedie_variance_power: 1.5]
[lambdarank_truncation_level: 30]
[lambdarank_norm: 1]
[label_gain: ]
[lambdarank_position_bias_regularization: 0]
[eval_at: ]
[multi_error_top_k: 1]
[auc_mu_weights: ]
[num_machines: 1]
[local_listen_port: 12400]
[time_out: 120]
[machine_list_filename: ]
[machines: ]
[gpu_platform_id: -1]
[gpu_device_id: -1]
[gpu_device_id_list: ]
[gpu_use_dp: 0]
[num_gpu: 1]

end of parameters

pandas_categorical:null
