tree
version=v4
num_class=1
num_tree_per_iteration=1
label_index=0
max_feature_idx=567
objective=binary sigmoid:1
feature_names=Column_0 Column_1 Column_2 Column_3 Column_4 Column_5 Column_6 Column_7 Column_8 Column_9 Column_10 Column_11 Column_12 Column_13 Column_14 Column_15 Column_16 Column_17 Column_18 Column_19 Column_20 Column_21 Column_22 Column_23 Column_24 Column_25 Column_26 Column_27 Column_28 Column_29 Column_30 Column_31 Column_32 Column_33 Column_34 Column_35 Column_36 Column_37 Column_38 Column_39 Column_40 Column_41 Column_42 Column_43 Column_44 Column_45 Column_46 Column_47 Column_48 Column_49 Column_50 Column_51 Column_52 Column_53 Column_54 Column_55 Column_56 Column_57 Column_58 Column_59 Column_60 Column_61 Column_62 Column_63 Column_64 Column_65 Column_66 Column_67 Column_68 Column_69 Column_70 Column_71 Column_72 Column_73 Column_74 Column_75 Column_76 Column_77 Column_78 Column_79 Column_80 Column_81 Column_82 Column_83 Column_84 Column_85 Column_86 Column_87 Column_88 Column_89 Column_90 Column_91 Column_92 Column_93 Column_94 Column_95 Column_96 Column_97 Column_98 Column_99 Column_100 Column_101 Column_102 Column_103 Column_104 Column_105 Column_106 Column_107 Column_108 Column_109 Column_110 Column_111 Column_112 Column_113 Column_114 Column_115 Column_116 Column_117 Column_118 Column_119 Column_120 Column_121 Column_122 Column_123 Column_124 Column_125 Column_126 Column_127 Column_128 Column_129 Column_130 Column_131 Column_132 Column_133 Column_134 Column_135 Column_136 Column_137 Column_138 Column_139 Column_140 Column_141 Column_142 Column_143 Column_144 Column_145 Column_146 Column_147 Column_148 Column_149 Column_150 Column_151 Column_152 Column_153 Column_154 Column_155 Column_156 Column_157 Column_158 Column_159 Column_160 Column_161 Column_162 Column_163 Column_164 Column_165 Column_166 Column_167 Column_168 Column_169 Column_170 Column_171 Column_172 Column_173 Column_174 Column_175 Column_176 Column_177 Column_178 Column_179 Column_180 Column_181 Column_182 Column_183 Column_184 Column_185 Column_186 Column_187 Column_188 Column_189 Column_190 Column_191 Column_192 Column_193 Column_194 Column_195 Column_196 Column_197 Column_198 Column_199 Column_200 Column_201 Column_202 Column_203 Column_204 Column_205 Column_206 Column_207 Column_208 Column_209 Column_210 Column_211 Column_212 Column_213 Column_214 Column_215 Column_216 Column_217 Column_218 Column_219 Column_220 Column_221 Column_222 Column_223 Column_224 Column_225 Column_226 Column_227 Column_228 Column_229 Column_230 Column_231 Column_232 Column_233 Column_234 Column_235 Column_236 Column_237 Column_238 Column_239 Column_240 Column_241 Column_242 Column_243 Column_244 Column_245 Column_246 Column_247 Column_248 Column_249 Column_250 Column_251 Column_252 Column_253 Column_254 Column_255 Column_256 Column_257 Column_258 Column_259 Column_260 Column_261 Column_262 Column_263 Column_264 Column_265 Column_266 Column_267 Column_268 Column_269 Column_270 Column_271 Column_272 Column_273 Column_274 Column_275 Column_276 Column_277 Column_278 Column_279 Column_280 Column_281 Column_282 Column_283 Column_284 Column_285 Column_286 Column_287 Column_288 Column_289 Column_290 Column_291 Column_292 Column_293 Column_294 Column_295 Column_296 Column_297 Column_298 Column_299 Column_300 Column_301 Column_302 Column_303 Column_304 Column_305 Column_306 Column_307 Column_308 Column_309 Column_310 Column_311 Column_312 Column_313 Column_314 Column_315 Column_316 Column_317 Column_318 Column_319 Column_320 Column_321 Column_322 Column_323 Column_324 Column_325 Column_326 Column_327 Column_328 Column_329 Column_330 Column_331 Column_332 Column_333 Column_334 Column_335 Column_336 Column_337 Column_338 Column_339 Column_340 Column_341 Column_342 Column_343 Column_344 Column_345 Column_346 Column_347 Column_348 Column_349 Column_350 Column_351 Column_352 Column_353 Column_354 Column_355 Column_356 Column_357 Column_358 Column_359 Column_360 Column_361 Column_362 Column_363 Column_364 Column_365 Column_366 Column_367 Column_368 Column_369 Column_370 Column_371 Column_372 Column_373 Column_374 Column_375 Column_376 Column_377 Column_378 Column_379 Column_380 Column_381 Column_382 Column_383 Column_384 Column_385 Column_386 Column_387 Column_388 Column_389 Column_390 Column_391 Column_392 Column_393 Column_394 Column_395 Column_396 Column_397 Column_398 Column_399 Column_400 Column_401 Column_402 Column_403 Column_404 Column_405 Column_406 Column_407 Column_408 Column_409 Column_410 Column_411 Column_412 Column_413 Column_414 Column_415 Column_416 Column_417 Column_418 Column_419 Column_420 Column_421 Column_422 Column_423 Column_424 Column_425 Column_426 Column_427 Column_428 Column_429 Column_430 Column_431 Column_432 Column_433 Column_434 Column_435 Column_436 Column_437 Column_438 Column_439 Column_440 Column_441 Column_442 Column_443 Column_444 Column_445 Column_446 Column_447 Column_448 Column_449 Column_450 Column_451 Column_452 Column_453 Column_454 Column_455 Column_456 Column_457 Column_458 Column_459 Column_460 Column_461 Column_462 Column_463 Column_464 Column_465 Column_466 Column_467 Column_468 Column_469 Column_470 Column_471 Column_472 Column_473 Column_474 Column_475 Column_476 Column_477 Column_478 Column_479 Column_480 Column_481 Column_482 Column_483 Column_484 Column_485 Column_486 Column_487 Column_488 Column_489 Column_490 Column_491 Column_492 Column_493 Column_494 Column_495 Column_496 Column_497 Column_498 Column_499 Column_500 Column_501 Column_502 Column_503 Column_504 Column_505 Column_506 Column_507 Column_508 Column_509 Column_510 Column_511 Column_512 Column_513 Column_514 Column_515 Column_516 Column_517 Column_518 Column_519 Column_520 Column_521 Column_522 Column_523 Column_524 Column_525 Column_526 Column_527 Column_528 Column_529 Column_530 Column_531 Column_532 Column_533 Column_534 Column_535 Column_536 Column_537 Column_538 Column_539 Column_540 Column_541 Column_542 Column_543 Column_544 Column_545 Column_546 Column_547 Column_548 Column_549 Column_550 Column_551 Column_552 Column_553 Column_554 Column_555 Column_556 Column_557 Column_558 Column_559 Column_560 Column_561 Column_562 Column_563 Column_564 Column_565 Column_566 Column_567
feature_infos=[2.0013689994812012:17.993154525756836] [-0.7776256799697876:0.99923950433731079] none none none [0:1] [0:1] [0:1] [0:1] [0:1] [0:1] [0:1] [0:1] [0:1] [0:1] [0:1] [0:1] [0:1] [0:1] [0:1] [0:1] [0:1] [0:1] [0:1] [0:1] [0:1] [0:1] [0:1] [0:1] [0:1] [0:1] [0:1] [0:1] [0:1] [0:1] [0:1] [0:1] [0:1] [0:1] [0:1] [0:1] [0:1] [0:1] [0:1] [0:1] [0:1] [0:1] [0:1] [0:1] [0:1] [0:1] [0:1] [0:1] [0:1] [0:1] [0:1] [0:1] [0:1] [0:1] [0:1] [0:1] [0:1] [0:1] [0:1] [0:1] [0:1] [0:1] [0:1] [0:1] [0:1] [0:1] [0:1] [0:1] [0:1] [0:1] [0:1] [0:1] [0:1] [0:1] [0:1] [0:1] [0:1] [0:1] [0:1] [0:1] [0:1] [0:1] [0:1] [0:1] [0:1] [0:1] [0:1] [0:1] [0:1] [0:1] [0:1] [0:1] [0:1] [0:1] [0:1] [0:1] [0:1] [0:1] [0:1] [0:1] [0:1] [0:1] [0:1] [0:1] none none none none [0:1] [0:1] none [0:1] none [0:1] none none [0:1] none none none none [0:1] [0:1] [0:1] [0:1] [0:1] none [0:1] [0:1] [0:1] [0:1] none [0:1] [0:1] [0:1] [0:1] [0:1] [0:1] [0:1] [0:1] [0:1] [0:1] [0:1] [0:1] [0:1] [0:1] [0:1] [0:1] [0:1] [0:1] [0:1] [0:1] none none none none none none none none none none [0:1] [0:1] none none none none none [0:1] [0:1] [0:1] [0:1] [0:1] [0:1] [0:1] [0:1] [0:1] [0:1] [0:1] [0:1] [0:1] [0:1] [0:1] [0:1] [0:1] [0:1] [0:1] [0:1] [0:1] [0:1] [0:1] [0:1] [0:1] [0:1] [0:1] [0:1] none none [0:1] [0:1] [0:1] none [0:1] [0:1] [0:1] [0:1] [0:1] none [0:1] none none [0:1] none [0:1] [0:1] [0:1] [0:1] [0:1] [0:1] [0:1] [0:1] [0:1] [0:1] [0:1] [0:1] [0:1] [0:1] [0:1] [0:1] [0:1] [0:1] [0:1] [0:1] [0:1] [0:1] [0:1] [0:1] [0:1] none none none none none none none none none none none none none none none none none [0:1] [0:1] [0:1] [0:1] [0:1] [0:1] [0:1] [0:1] [0:1] [0:1] none [0:1] [0:1] [0:1] [0:1] none [0:1] [0:1] none none none [0:1] [0:1] none none none none none [0:1] [0:1] [0:1] [0:1] [0:1] [0:1] [0:1] none none none [0:1] none [0:1] [0:1] [0:1] none [0:1] [0:1] [0:1] [0:1] none none [0:1] [0:1] none none none none [0:1] [0:1] none none none [0:1] none none [0:1] [0:1] none none [0:1] [0:1] none none none none none none none none none none none none none none none none none none none none none none none none none none none none none none none none none none none none none none none none none none none none none none none none none none none none none none none none none none none none none none none none none none none none none none none none none none none none none none none none none none none none none none none none none none none none none none none none none none none none none none none none none none none none none none none none none none none none none none none none none none none none none none none none none none none none none none none none none none none none none none none none none none none none none none none none none none none none none none none none none none none none none none none none none none none none none none none none none none none none none none none none none none none none none none none none none none none none none none none none none none none none none none none none none none none none none none none none none none none none none none none none none none none none none none none none none none none none none
tree_sizes=3375 3467 3464 3438 3485 3460 3481 3450 3497 3501 3465

Tree=0
num_leaves=31
num_cat=0
split_feature=1 0 0 8 19 79 168 8 9 10 32 168 73 5 9 60 138 12 0 133 0 0 70 26 0 74 12 0 0 0
split_gain=197.892 34.9524 9.74987 16.2187 9.11127 8.44707 6.81736 6.4158 7.36047 8.99637 5.4067 7.26892 5.60736 5.5137 6.05694 7.76646 4.96269 4.65762 6.57797 10.0951 6.36236 8.8171 4.41314 7.91516 7.62247 4.38421 8.98194 6.45324 4.82396 9.21961
threshold=-0.16024032235145566 13.726214885711672 3.3497605323791508 1.0000000180025095e-35 1.0000000180025095e-35 1.0000000180025095e-35 1.0000000180025095e-35 1.0000000180025095e-35 1.0000000180025095e-35 1.0000000180025095e-35 1.0000000180025095e-35 1.0000000180025095e-35 1.0000000180025095e-35 1.0000000180025095e-35 1.0000000180025095e-35 1.0000000180025095e-35 1.0000000180025095e-35 1.0000000180025095e-35 2.3791923522949223 1.0000000180025095e-35 2.2026009559631352 2.6105407476425175 1.0000000180025095e-35 1.0000000180025095e-35 16.379192352294925 1.0000000180025095e-35 1.0000000180025095e-35 11.560575008392336 7.8836412429809579 8.0862421989440936
decision_type=2 2 2 2 2 2 2 2 2 2 2 2 2 2 2 2 2 2 2 2 2 2 2 2 2 2 2 2 2 2
left_child=2 25 5 4 6 7 -4 17 9 -9 11 12 -5 14 15 -12 -14 20 -19 -20 -1 -22 23 -3 -25 26 -2 -27 -28 -30
right_child=1 22 3 10 -6 -7 -8 8 -10 -11 13 -13 16 -15 -16 -17 -18 18 19 -21 21 -23 -24 24 -26 27 28 -29 29 -31
leaf_value=-0.92266592628975153 -1.1396984336918159 -1.1632300318980109 -1.0250601169533569 -1.1040002856678504 -0.88844974664584209 -0.87424680415214395 -1.1227982977918627 -0.9949718153485787 -1.0459627072521838 -0.86156560549705619 -1.0214724275624303 -1.2088353532825344 -1.06617845947239 -1.0961677806161785 -1.0790969362727911 -0.84888440684196853 -0.95236298786748408 -1.1627440735553889 -1.1019570234804577 -0.92204516831362826 -1.1434154723794889 -1.0018513656189638 -1.1691869406140221 -1.0029609705012839 -1.1654071252729572 -1.0841559350570886 -1.1809012443569917 -1.1272521821975519 -0.93638467756207355 -1.0972444861623651
leaf_weight=6.1958993822336224 117.15882468223572 25.722370162606239 143.44445842504501 44.685577362775803 4.6938631683588019 4.5061086416244498 7.5101810693740836 14.08158950507641 11.453026130795477 7.8856901228427878 7.6979355961084384 4.881617695093154 20.840752467513088 11.265271604061128 7.3224265426397315 3.9428450614213943 4.6938631683588019 6.0081448554992702 8.6367082297801954 4.881617695093154 5.8203903287649181 18.024434566497803 186.25249052047729 7.5101810693740827 4.6938631683588028 97.82010842859745 6.1958993822336188 53.885549172759056 3.7550905346870413 69.656929418444633
leaf_count=33 624 137 764 238 25 24 40 75 61 42 41 26 111 60 39 21 25 32 46 26 31 96 992 40 25 521 33 287 20 371
internal_value=-1.0959 -1.13205 -1.03648 -1.04616 -1.02566 -1.00759 -1.02992 -1.01483 -0.980968 -0.947082 -1.07647 -1.09084 -1.08264 -1.04076 -1.00784 -0.963015 -1.04526 -1.03766 -1.07568 -1.03699 -1.01295 -1.03641 -1.16286 -1.13176 -1.06544 -1.11224 -1.12209 -1.09946 -1.09617 -1.08902
internal_weight=921.124 572.651 348.472 260.979 155.649 87.4936 150.955 82.9875 33.4203 21.9673 105.33 75.1018 70.2202 30.2285 18.9632 11.6408 25.5346 49.5672 19.5265 13.5183 30.0407 23.8448 224.179 37.9264 12.204 348.472 196.767 151.706 79.6079 73.412
internal_count=4906 3050 1856 1390 829 466 804 442 178 117 561 400 374 161 101 62 136 264 104 72 160 127 1194 202 65 1856 1048 808 424 391
is_linear=0
shrinkage=1


Tree=1
num_leaves=31
num_cat=0
split_feature=1 0 0 8 19 0 79 128 15 12 168 128 228 17 153 1 70 26 10 113 0 32 168 83 73 54 13 1 1 0
split_gain=158.175 30.2273 7.11826 10.3875 6.49361 5.81465 6.13304 5.71579 6.10682 4.6175 4.41944 4.4187 4.37378 5.73162 4.91834 4.22651 5.79144 7.57005 4.15609 4.12518 5.34018 4.77497 8.14717 5.11162 5.09682 4.60793 3.89041 3.91369 12.5815 4.15455
threshold=-0.16024032235145566 13.726214885711672 3.1772758960723881 1.0000000180025095e-35 1.0000000180025095e-35 3.1252566576004033 1.0000000180025095e-35 1.0000000180025095e-35 1.0000000180025095e-35 1.0000000180025095e-35 1.0000000180025095e-35 1.0000000180025095e-35 1.0000000180025095e-35 1.0000000180025095e-35 1.0000000180025095e-35 0.80591678619384777 1.0000000180025095e-35 1.0000000180025095e-35 1.0000000180025095e-35 1.0000000180025095e-35 3.4811772108078007 1.0000000180025095e-35 1.0000000180025095e-35 1.0000000180025095e-35 1.0000000180025095e-35 1.0000000180025095e-35 1.0000000180025095e-35 -0.33318121731281275 -0.35675716400146479 4.850102663040162
decision_type=2 2 2 2 2 2 2 2 2 2 2 2 2 2 2 2 2 2 2 2 2 2 2 2 2 2 2 2 2 2
left_child=2 12 5 4 10 6 7 -1 9 -9 11 26 13 -2 -15 16 17 18 -3 20 -5 22 24 25 -22 -23 -4 28 29 -28
right_child=1 15 3 19 -6 -7 -8 8 -10 -11 -12 -13 -14 14 -16 -17 -18 -19 -20 -21 21 23 -24 -25 -26 -27 27 -29 -30 -31
leaf_value=-0.037844497575119103 -0.096209255891472167 -0.09366074372894341 0.080681783136715687 0.11251580008605321 0.1664399763818834 0.19728990526067641 0.17923206168918901 0.12439612472065936 0.034421144988232753 0.054731650214917729 -0.017165550254974897 0.013542298435416987 -0.11123466701215719 -0.0098475147205088071 -0.10021279442870018 -0.080028836711124429 -0.060371084850438045 0.077768580403659054 0.02082775091824993 -0.081869935094692245 -0.0084533291973782777 0.0060932180100617258 -0.12985447434086408 0.14426716946219503 0.048639303865070399 0.10114927983674493 0.069065663761472232 0.0050259345629903446 0.21405309703026176 -7.9261863037191095e-05
leaf_weight=5.0685056149959555 8.1867749541997892 7.9815279245376605 78.501980468630791 6.4296509921550742 5.5368348211050025 3.897114008665084 4.9852051734924308 24.116165071725845 25.747069522738457 15.714069187641142 7.792669102549552 18.068816989660263 4.6457818001508704 326.63480423390865 6.1361899375915518 84.16315133869648 111.75420275330544 7.4610245525836936 5.2605524957180023 3.7996851056814185 41.699781909584999 17.686447799205787 4.249197006225585 5.005412131547927 25.017481327056885 7.1659609824419013 22.932381495833397 16.323237419128418 4.8581063747405997 13.991346359252928
leaf_count=26 44 44 404 33 27 20 24 123 132 81 42 93 25 1754 33 465 618 38 29 20 223 92 24 26 130 37 118 84 25 72
internal_value=-0.000117916 -0.0332178 0.0517789 0.0442575 0.0599435 0.0781712 0.0720333 0.0644687 0.0723765 0.0969117 0.0563141 0.0600161 -0.0148606 -0.0135475 -0.0115138 -0.0625054 -0.0513711 -0.00278978 -0.048179 0.0205273 0.0241549 0.01852 0.00440424 0.0520706 0.0129551 0.0335017 0.0661631 0.0465478 0.0627695 0.0428649
internal_weight=920.811 562.224 358.587 279.059 168.005 79.5281 75.631 70.6458 65.5773 39.8302 162.469 154.676 345.604 340.958 332.771 216.62 132.457 20.7031 13.2421 111.054 107.254 100.824 70.9665 29.8578 66.7173 24.8524 136.607 58.1051 41.7818 36.9237
internal_count=4906 3050 1856 1450 865 406 386 362 336 204 838 796 1856 1831 1787 1194 729 111 73 585 565 532 377 155 353 129 703 299 215 190
is_linear=0
shrinkage=0.1


Tree=2
num_leaves=31
num_cat=0
split_feature=1 0 0 8 19 11 0 228 17 153 1 70 26 0 0 0 0 13 9 11 14 82 0 137 10 151 26 105 8 5
split_gain=126.987 26.1298 5.31562 7.92792 4.68431 4.24369 5.98088 3.83802 4.97486 4.27139 3.81417 4.97067 6.07302 3.68798 8.70888 3.64843 3.97454 5.64332 5.85381 5.62067 6.62482 5.2969 3.83246 3.63922 3.60954 3.58039 4.89685 4.04328 10.3678 3.53769
threshold=-0.16024032235145566 13.726214885711672 3.1772758960723881 1.0000000180025095e-35 1.0000000180025095e-35 1.0000000180025095e-35 3.0266940593719487 1.0000000180025095e-35 1.0000000180025095e-35 1.0000000180025095e-35 0.80591678619384777 1.0000000180025095e-35 1.0000000180025095e-35 7.0266940593719491 7.2840518951416025 4.2108144760131845 5.1663243770599374 1.0000000180025095e-35 1.0000000180025095e-35 1.0000000180025095e-35 1.0000000180025095e-35 1.0000000180025095e-35 5.3018479347229013 1.0000000180025095e-35 1.0000000180025095e-35 1.0000000180025095e-35 1.0000000180025095e-35 1.0000000180025095e-35 1.0000000180025095e-35 1.0000000180025095e-35
decision_type=2 2 2 2 2 2 2 2 2 2 2 2 2 2 2 2 2 2 2 2 2 2 2 2 2 2 2 2 2 2
left_child=2 7 5 4 13 6 -1 8 -2 23 11 12 24 15 -15 -4 17 19 -19 20 -17 22 -18 25 -3 27 -27 -10 -29 -5
right_child=1 10 3 29 -6 -7 -8 -9 9 -11 -12 -13 -14 14 -16 16 21 18 -20 -21 -22 -23 -24 -25 -26 26 -28 28 -30 -31
leaf_value=0.070797777215531432 -0.091305093724070183 -0.088914997919040673 0.030302784210956599 0.032064128205161233 0.13989907565673956 0.039898432705638823 0.16435122912745673 -0.10648744646027303 -0.0071678962725074402 -0.095326768053806965 -0.07538081626243659 -0.056222916159294693 0.067462214573433169 -0.065832723060223239 0.083841808364008896 0.2163082840570395 -0.027749979146502891 0.098983451510749054 -0.016567252282098394 0.066145656764657709 0.072898555618135727 -0.023254275946901593 0.068056787848467665 -0.084376061177697442 0.018531813261190654 0.0015877132584768982 -0.10795324326775813 -0.031848506238649758 0.16735304774553603 -0.0045847122788904432
leaf_weight=41.292173102498055 7.7849629372358313 7.5874960422515887 45.256305977702141 69.72413469851017 5.9061308354139319 32.804648369550705 8.1887083202600461 4.3813714683055869 291.81188544631004 5.8220969289541236 80.60595828294754 108.19063711166382 7.725448101758956 8.4451162666082364 7.2032849192619315 8.4495076686143857 4.5567755103111258 9.3054478168487549 8.2900622487068176 11.236005619168282 5.205786645412446 8.8814001232385618 49.871285200119019 6.2667689174413672 5.3178413212299347 8.182707667350769 8.1412912756204605 5.9458947181701642 4.660863921046257 42.329392954707146
leaf_count=204 44 44 228 362 27 162 40 25 1575 33 465 618 38 43 36 42 23 47 42 56 26 46 249 34 29 44 44 32 25 223
internal_value=-0.000197298 -0.0304872 0.0454032 0.0389321 0.0523783 0.0677892 0.0862802 -0.013493 -0.0122897 -0.0104304 -0.0583202 -0.0476451 -0.0026619 0.0492775 0.00306558 0.0540649 0.0642295 0.0878896 0.0445421 0.118532 0.161636 0.0483514 0.0600357 -0.00890955 -0.0446399 -0.00742581 -0.0530438 -0.00496344 0.0556854 0.0182196
internal_weight=919.371 552.425 366.946 284.661 172.607 82.2855 49.4809 342.998 338.616 330.832 209.427 128.821 20.6308 166.701 15.6484 151.053 105.796 42.4868 17.5955 24.8913 13.6553 63.3095 54.4281 325.009 12.9053 318.743 16.324 302.419 10.6068 112.054
internal_count=4906 3050 1856 1450 865 406 244 1856 1831 1787 1194 729 111 838 79 759 531 213 89 124 68 318 272 1754 73 1720 88 1632 57 585
is_linear=0
shrinkage=0.1


Tree=3
num_leaves=31
num_cat=0
split_feature=1 0 113 55 108 12 73 10 0 1 0 128 15 1 0 78 55 0 0 0 53 70 14 74 12 99 36 26 16 0
split_gain=102.331 22.5247 4.8449 5.15862 5.34178 5.17461 5.83162 4.43452 7.51834 8.46443 7.02161 5.43444 4.65299 6.82773 4.71172 4.34091 4.18065 4.72821 3.72961 5.25558 4.5881 3.68653 5.70954 3.57553 7.73775 5.49545 4.53915 5.71563 6.67702 4.50503
threshold=-0.16024032235145566 13.726214885711672 1.0000000180025095e-35 1.0000000180025095e-35 1.0000000180025095e-35 1.0000000180025095e-35 1.0000000180025095e-35 1.0000000180025095e-35 6.635181427001954 -0.21636626124382016 4.0835044384002694 1.0000000180025095e-35 1.0000000180025095e-35 -0.69655486941337574 2.3121149539947514 1.0000000180025095e-35 1.0000000180025095e-35 4.5790553092956552 13.882272243499758 15.51813840866089 1.0000000180025095e-35 1.0000000180025095e-35 1.0000000180025095e-35 1.0000000180025095e-35 1.0000000180025095e-35 1.0000000180025095e-35 1.0000000180025095e-35 1.0000000180025095e-35 1.0000000180025095e-35 11.108829498291017
decision_type=2 2 2 2 2 2 2 2 2 2 2 2 2 2 2 2 2 2 2 2 2 2 2 2 2 2 2 2 2 2
left_child=2 23 3 7 -5 6 -6 -1 10 -10 11 -9 13 14 -13 -12 17 -4 -3 20 -20 22 -22 24 26 -25 -2 28 -28 -29
right_child=1 18 16 4 5 -7 -8 8 9 -11 15 12 -14 -15 -16 -17 -18 -19 19 -21 21 -23 -24 25 -26 -27 27 29 -30 -31
leaf_value=0.040912768109362271 -0.051234875056121058 -0.1286857687488063 -0.13763341555534545 0.025291646630858606 0.035651698328873348 0.0052136562648954221 0.1815833463547131 0.18705985101787687 0.23468747949838914 0.042942275196920857 0.003958225966323412 0.09595275022611785 0.026025474498093715 0.042678743482653908 0.22779560254125661 0.11295055008424115 0.046281242770474629 0.0085129724201929054 -0.074380196707882582 -0.065979250474788531 -0.021757371154139109 -0.0300370363422372 0.13531121511267449 0.013853398294401676 0.0028276990940955954 -0.025991001968673662 0.093265503110987955 0.025005348439616132 -0.059843686225946137 -0.073281655956148661
leaf_weight=99.725545704364777 78.91764298081398 6.5359078496694556 4.1384838968515378 167.62882336974144 4.5837839692831057 5.570677086710929 6.8017012476921082 4.8839845210313788 5.6213393658399582 3.8991204500198346 22.399176016449932 5.7840094268321955 12.540418565273283 9.8008829504251516 5.1012295484542847 4.3665255904197684 6.449027106165885 4.75971919298172 20.177586331963539 112.69673152267933 6.2581662982702237 53.275182396173477 3.6723964661359787 94.927023306488991 78.306645795702934 54.482506349682808 8.9033944904804212 7.0474498122930553 4.1880565583705893 13.785625070333479
leaf_count=495 437 38 21 834 23 28 33 24 28 20 112 27 61 48 24 22 32 24 117 672 34 314 19 513 424 295 49 39 23 76
internal_value=-0.000254828 -0.0279729 0.0399953 0.0423494 0.0307021 0.08419 0.122831 0.0546966 0.0731732 0.156158 0.0609954 0.0885657 0.074088 0.103225 0.157739 0.0217391 -0.0150259 -0.0594586 -0.0543739 -0.0518968 -0.0328637 -0.0196101 0.0363278 -0.0122656 -0.0213246 -0.000675948 -0.038085 -0.00749483 0.0442847 -0.040033
internal_weight=917.229 543.174 374.054 358.707 184.585 16.9562 11.3855 174.122 74.3967 9.52046 64.8762 38.1105 33.2265 20.6861 10.8852 26.7657 15.3472 8.8982 202.616 196.08 83.3833 63.2057 9.93056 340.558 191.149 149.41 112.842 33.9245 13.0915 20.8331
internal_count=4906 3050 1856 1779 918 84 56 861 366 48 318 184 160 99 51 134 77 45 1194 1156 484 367 53 1856 1048 808 624 187 72 115
is_linear=0
shrinkage=0.1


Tree=4
num_leaves=31
num_cat=0
split_feature=1 0 45 17 104 0 8 151 11 14 139 5 0 7 135 8 229 102 50 105 70 69 73 8 55 19 168 128 12 26
split_gain=82.6074 19.4375 4.84431 4.61815 4.08868 4.17614 8.65642 4.46512 4.41713 4.08098 4.01768 4.58119 3.83235 10.3042 5.69356 4.94326 3.6279 3.41247 6.56084 4.90086 3.39516 6.53574 3.80507 3.32108 3.30366 3.14007 3.64505 3.09588 3.73417 3.29824
threshold=-0.16024032235145566 12.992471218109133 1.0000000180025095e-35 1.0000000180025095e-35 1.0000000180025095e-35 3.4195755720138554 1.0000000180025095e-35 1.0000000180025095e-35 1.0000000180025095e-35 1.0000000180025095e-35 1.0000000180025095e-35 1.0000000180025095e-35 2.8350445032119755 1.0000000180025095e-35 1.0000000180025095e-35 1.0000000180025095e-35 1.0000000180025095e-35 1.0000000180025095e-35 1.0000000180025095e-35 1.0000000180025095e-35 1.0000000180025095e-35 1.0000000180025095e-35 1.0000000180025095e-35 1.0000000180025095e-35 1.0000000180025095e-35 1.0000000180025095e-35 1.0000000180025095e-35 1.0000000180025095e-35 1.0000000180025095e-35 1.0000000180025095e-35
decision_type=2 2 2 2 2 2 2 2 2 2 2 2 2 2 2 2 2 2 2 2 2 2 2 2 2 2 2 2 2 2
left_child=4 3 16 -2 5 8 25 10 12 -6 -8 -12 14 15 24 -14 20 -5 19 23 21 -3 -23 -19 -1 26 -7 -10 29 -29
right_child=1 2 -4 17 9 6 7 -9 27 -11 11 -13 13 -15 -16 -17 -18 18 -20 -21 -22 22 -24 -25 -26 -27 -28 28 -30 -31
leaf_value=0.036012652136843175 -0.094285967435678589 -0.045222457195145539 -0.073807894741701741 -0.009471832136451341 0.032731378546150533 0.045594422584605387 -0.0022467845969997504 0.11199185095949926 -0.05064274035173924 -0.096577963787293414 0.13646257229120234 -0.0047315472358130384 0.10950451238706443 0.02364162652080426 0.086388502110126178 0.22613834600310528 -0.10268857185168861 0.089920968748435873 -0.07912536225320882 0.16892317471286078 -0.042316791156689466 0.1113251342383605 -0.00228661418461658 -0.027015702865049257 -0.06219561742216452 0.11706237537840798 -0.025993062240994236 0.0028211821285265884 -0.0073265960197452908 0.085641482903704158
leaf_weight=10.955165281891821 6.1557222306728354 16.470541313290596 52.345178708434105 273.50414289534092 5.1580101400613767 150.85324774682522 92.090594083070755 3.9826734811067572 4.4127724319696418 4.6327494233846664 4.6762385815381986 4.5183677226305008 10.268342539668081 10.64444462954998 18.964986175298691 5.6241271793842325 8.6254888474941236 4.9543719142675418 3.8152907788753501 3.6189434826374045 148.58296737074852 5.6699227839708346 6.1405358463525772 4.7642504870891571 4.9834582209587088 5.8115370571613303 7.4645640701055518 6.7858792543411282 11.912546023726462 16.501416459679604
leaf_count=51 37 95 325 1494 25 727 471 20 22 23 23 23 49 50 89 26 53 27 21 19 889 30 34 26 24 25 40 32 58 78
internal_value=-0.000300733 -0.0256416 -0.0469421 -0.0085736 0.0353304 0.0370162 0.0305134 0.00813042 0.054352 -0.0284547 0.00404644 0.0670777 0.0711394 0.0997822 0.0493626 0.15078 -0.0393606 -0.00675833 0.0365088 0.0695866 -0.0362721 -0.0045145 0.0522557 0.0325964 0.00530631 0.0448692 0.0422191 0.0283141 0.0382124 0.0615078
internal_weight=914.888 534.647 237.835 296.813 380.241 370.45 269.397 105.268 101.053 9.79076 101.285 9.19461 61.4405 26.5369 34.9036 15.8925 185.489 290.657 17.1529 13.3376 176.864 28.281 11.8105 9.71862 15.9386 164.129 158.318 39.6126 35.1998 23.2873
internal_count=4906 3050 1426 1624 1856 1808 1329 537 479 48 517 46 289 125 164 75 1101 1587 93 72 1048 159 64 53 75 792 767 190 168 110
is_linear=0
shrinkage=0.1


Tree=5
num_leaves=31
num_cat=0
split_feature=1 0 113 5 0 9 81 135 13 1 0 56 5 83 102 138 108 15 12 0 31 22 138 0 0 53 10 9 5 8
split_gain=66.815 16.9676 3.68598 3.84415 3.6464 6.47965 8.04977 6.23712 7.24484 9.32035 6.78105 6.07594 5.89132 11.3273 5.63025 5.15425 7.01599 5.07725 5.62419 4.32075 4.0923 3.89048 3.78567 3.60265 4.33634 4.11546 3.62967 3.51412 3.29145 3.17288
threshold=-0.16024032235145566 13.726214885711672 1.0000000180025095e-35 1.0000000180025095e-35 5.1663243770599374 1.0000000180025095e-35 1.0000000180025095e-35 1.0000000180025095e-35 1.0000000180025095e-35 -0.43676325678825373 2.2026009559631352 1.0000000180025095e-35 1.0000000180025095e-35 1.0000000180025095e-35 1.0000000180025095e-35 1.0000000180025095e-35 1.0000000180025095e-35 1.0000000180025095e-35 1.0000000180025095e-35 5.9671459197998056 1.0000000180025095e-35 1.0000000180025095e-35 1.0000000180025095e-35 13.882272243499758 15.51813840866089 1.0000000180025095e-35 1.0000000180025095e-35 1.0000000180025095e-35 1.0000000180025095e-35 1.0000000180025095e-35
decision_type=2 2 2 2 2 2 2 2 2 2 2 2 2 2 2 2 2 2 2 2 2 2 2 2 2 2 2 2 2 2
left_child=2 -2 4 -4 7 12 11 14 9 -9 -10 -7 13 21 15 16 -1 18 -17 -13 22 -6 -8 -3 25 26 -25 -12 -22 -14
right_child=1 23 3 -5 5 6 20 8 10 -11 27 19 29 -15 -16 17 -18 -19 -20 -21 28 -23 -24 24 -26 -27 -28 -29 -30 -31
leaf_value=0.022342919070248855 -0.0099527996356862727 -0.12413539895448207 -0.05573499808361259 0.04728107202374783 0.054366132008299761 0.092723003726065428 -0.098876427986413135 0.0804036101239997 0.11458677109278373 0.23730057520189374 0.037150553272601979 0.069644741124273699 0.033687306029354193 0.17132499935984327 -0.056607343327374361 0.099770126797710426 0.11700736886152963 0.13172420966509693 -0.014943985394563878 -0.042646903726919282 0.031086677783166101 -0.027661448773681083 0.013986588792691332 -0.10072192473635869 -0.058231461547057085 -0.014699257151239232 -0.0094824467563113402 -0.058165507718263745 -0.065601625184530374 -0.02469350265563737
leaf_weight=130.29767186939716 335.96535484492779 5.9126080721616736 9.5453512221574766 5.8376730233430854 33.523831814527512 11.088416770100594 12.772378444671633 25.464737579226497 6.4121449589729336 4.4474612623453131 8.2289523035287839 5.1882693022489557 22.002863094210625 7.8700767159461966 6.8597463965415946 8.5430945605039597 8.3296670168638212 10.129668593406679 8.5525805801153183 10.091720730066298 10.443489596247671 6.9871867895126334 3.8731575906276694 12.166456565260889 104.74990721046925 61.13724248111248 6.7954739779233924 7.2987053990364066 5.3113994747400275 16.136356890201569
leaf_count=625 1856 38 48 29 162 54 65 118 29 21 39 25 105 37 33 40 39 48 41 49 51 34 19 76 672 367 41 36 26 83
internal_value=-0.000328822 -0.0234771 0.0313214 -0.0166416 0.0333163 0.0209719 -0.00465198 0.041303 0.0717189 0.103732 0.0280734 0.0363733 0.0383769 0.0615452 0.0321715 0.0358434 0.028031 0.0756229 0.0423812 -0.00451865 -0.0380396 0.0402183 -0.072615 -0.0472959 -0.0448381 -0.0273229 -0.068024 -0.00765233 -0.00150957 0.00898692
internal_weight=911.964 526.727 385.237 15.383 369.854 145.289 58.7688 224.564 51.852 29.9122 21.9398 26.3684 86.5203 48.3811 172.712 165.853 138.627 27.2253 17.0957 15.28 32.4004 40.511 16.6455 190.762 184.849 80.0992 18.9619 15.5277 15.7549 38.1392
internal_count=4906 3050 1856 77 1779 710 289 1069 243 139 104 128 421 233 826 793 664 129 81 74 161 196 84 1194 1156 484 117 75 77 188
is_linear=0
shrinkage=0.1


Tree=6
num_leaves=31
num_cat=0
split_feature=1 0 0 0 63 261 70 139 10 21 9 16 1 144 104 14 6 14 54 0 26 15 67 74 16 0 0 19 140 0
split_gain=54.0113 14.5246 3.57641 3.70879 3.32324 3.3174 3.96812 4.11524 3.48126 3.36236 3.38221 7.61239 3.20128 3.25774 3.74088 4.59957 3.14638 3.82516 4.30885 4.41251 5.59368 4.15844 3.39823 3.01477 7.35091 4.83997 4.49168 4.21477 4.07116 4.2971
threshold=-0.16024032235145566 13.726214885711672 17.746748924255375 13.882272243499758 1.0000000180025095e-35 1.0000000180025095e-35 1.0000000180025095e-35 1.0000000180025095e-35 1.0000000180025095e-35 1.0000000180025095e-35 1.0000000180025095e-35 1.0000000180025095e-35 -0.77260628342628468 1.0000000180025095e-35 1.0000000180025095e-35 1.0000000180025095e-35 1.0000000180025095e-35 1.0000000180025095e-35 1.0000000180025095e-35 15.683778285980226 1.0000000180025095e-35 1.0000000180025095e-35 1.0000000180025095e-35 1.0000000180025095e-35 1.0000000180025095e-35 11.560575008392336 13.419575691223146 1.0000000180025095e-35 1.0000000180025095e-35 11.377138614654543
decision_type=2 2 2 2 2 2 2 2 2 2 2 2 2 2 2 2 2 2 2 2 2 2 2 2 2 2 2 2 2 2
left_child=12 23 3 -3 5 6 7 -5 16 10 -10 -12 -1 14 -14 -16 17 18 22 20 -20 -21 -8 24 26 28 27 -2 29 -25
right_child=1 2 -4 4 -6 -7 8 -9 9 -11 11 -13 13 -15 15 -17 -18 -19 19 21 -22 -23 -24 25 -26 -27 -28 -29 -30 -31
leaf_value=0.11166822688289196 -0.0019672936506617755 -0.12132834247627794 -0.096968772042848775 -0.0093801275578658354 -0.074055682719771171 -0.12206211634522673 -0.12305546407179163 0.11022347717268621 -0.049119174671794975 0.056616090884770889 0.062494387654708466 -0.076823495636925823 0.027440725689886609 0.11415770873132734 0.026448459729025958 -0.11329682258490198 -0.078576981867685775 -0.067439345450773056 0.16431903821577407 -0.097685922460830132 -0.010762808308719687 0.051913875648849264 0.0037358552903871967 0.0020168287955681131 -0.042282655048153817 -0.023153323267110542 0.091059519656697674 -0.10557219251168909 0.069758287548856948 0.10568019819194557
leaf_weight=4.498842552304267 104.83077083528042 5.4673153012990943 11.889601677656172 21.701523631811146 21.802667871117592 3.996121570467948 4.5549360513687134 3.3164024651050559 25.426702156662941 5.549050658941268 10.202797666192057 6.3710602372884741 371.193797275424 4.2241262644529334 5.26913073658943 4.2590626329183578 26.725651249289513 19.578756138682365 3.8060042858123779 4.0391534566879272 3.5055428147315979 3.441053107380867 3.9443206340074539 80.241550460457802 72.751913696527481 51.24422462284565 5.0026310682296744 4.0793669670820227 11.856786310672758 4.2084754705429068
leaf_count=20 586 38 80 130 140 27 30 19 164 36 66 41 1769 20 25 22 174 127 24 27 22 23 26 434 410 287 29 23 64 23
internal_value=-0.000352862 -0.0214577 -0.0439119 -0.0402746 -0.0376362 -0.0322035 -0.0296776 0.00647465 -0.0373984 -0.0165428 -0.0262084 0.00894001 0.0278017 0.0268216 0.0258526 -0.0360171 -0.0516476 -0.0348594 -0.00747219 0.0251315 0.0803755 -0.0288669 -0.0642144 -0.00900702 -0.0174511 0.00167549 -0.00159213 -0.00584795 0.0148867 0.00718278
internal_weight=908.979 519.534 185.319 173.429 167.962 146.159 142.163 25.0179 117.145 47.5496 42.0006 16.5739 389.445 384.946 380.722 9.52819 69.5954 42.8698 23.291 14.7918 7.31155 7.48021 8.49926 334.216 186.665 147.551 113.913 108.91 96.3068 84.45
internal_count=4906 3050 1194 1114 1076 936 909 149 760 307 271 107 1856 1836 1816 47 453 279 152 96 46 50 56 1856 1048 808 638 609 521 457
is_linear=0
shrinkage=0.1


Tree=7
num_leaves=31
num_cat=0
split_feature=0 1 0 135 82 39 81 13 0 9 102 113 57 5 6 138 108 0 1 12 0 67 74 61 16 0 26 85 0 7
split_gain=44.3064 10.101 4.6703 5.60418 5.48654 6.01869 5.33277 5.5884 7.05983 4.55306 4.17567 4.29918 4.27515 4.16187 6.1048 3.96116 5.22777 3.89242 3.71398 4.40686 4.02122 11.549 5.49471 6.68786 5.54039 4.57919 4.01151 3.9135 3.66906 3.9031
threshold=8.9486651420593279 0.69503384828567516 5.1663243770599374 1.0000000180025095e-35 1.0000000180025095e-35 1.0000000180025095e-35 1.0000000180025095e-35 1.0000000180025095e-35 2.3791923522949223 1.0000000180025095e-35 1.0000000180025095e-35 1.0000000180025095e-35 1.0000000180025095e-35 1.0000000180025095e-35 1.0000000180025095e-35 1.0000000180025095e-35 1.0000000180025095e-35 2.2026009559631352 0.050117878243327148 1.0000000180025095e-35 11.560575008392336 1.0000000180025095e-35 1.0000000180025095e-35 1.0000000180025095e-35 1.0000000180025095e-35 10.843257904052736 1.0000000180025095e-35 1.0000000180025095e-35 8.5516767501831072 1.0000000180025095e-35
decision_type=2 2 2 2 2 2 2 2 2 2 2 2 2 2 2 2 2 2 2 2 2 2 2 2 2 2 2 2 2 2
left_child=2 18 3 10 28 -6 7 8 -5 -8 11 15 -13 14 -7 16 -1 -9 19 -2 21 -20 -23 24 -24 26 -25 -22 -4 -30
right_child=1 -3 4 6 5 13 9 17 -10 -11 -12 12 -14 -15 -16 -17 -18 -19 20 -21 27 22 23 25 -26 -27 -28 -29 29 -31
leaf_value=0.017009348817815542 -0.085164952866110255 -0.049482960996461656 0.013660941111054073 0.0019143202146993316 -0.053487777921023383 -0.0066949722478269677 0.13521891751964094 0.059117967815226873 0.12711401996791682 0.046499146020023606 -0.054621564304737219 -0.1131361680279023 0.030136324737524669 -0.043257284771400673 0.15225165405557103 0.062979100835038868 0.09680466124055058 -0.053538435016729405 0.043194848669306854 -0.0014995597337951075 -0.018308810063767687 -0.047079794809221295 0.00568037724663948 0.066197922702294534 0.14251746502908255 -0.11215109113915173 -0.047558924008823958 -0.12771561271156562 0.024085285057857946 0.12577635454499608
leaf_weight=132.81260693073273 15.293394938111305 109.94013272225857 172.83770233392715 8.4511709213256854 24.64138762652874 5.3053081184625608 12.761342614889145 4.6068816781044033 9.6428720206022245 10.580290630459785 6.7835854887962332 4.3630860894918424 3.9848301261663437 5.4761343151330939 4.437572568655014 28.209095790982246 8.7513439953327161 9.1752242445945722 44.574527591466904 10.700552225112915 185.85934311151505 38.633202731609344 6.4976230114698428 5.5382339656353015 5.4330426305532455 4.8150177597999564 7.0410308986902237 3.3280076831579199 9.6274655461311323 6.2082646638154975
leaf_count=625 85 747 854 38 132 27 57 20 43 48 33 23 19 29 22 129 39 45 245 58 1104 219 35 30 29 26 38 20 53 34
internal_value=-0.000373664 -0.0232537 0.0209928 0.0307316 0.0107602 -0.0229498 0.0586875 0.0320944 0.0686371 0.095004 0.0223831 0.0253158 -0.0447459 0.0264949 0.0657002 0.0287608 0.0219422 -0.0158813 -0.0144544 -0.0507236 -0.0113297 0.00363899 -0.0223061 0.0103311 0.0679939 -0.0292196 0.00252445 -0.0202334 0.017882 0.0639524
internal_weight=906.31 437.654 468.656 240.122 228.534 39.8604 55.2178 31.8761 18.094 23.3416 184.905 178.121 8.34792 15.219 9.74288 169.773 141.564 13.7821 327.714 25.9939 301.72 112.533 67.9582 29.3249 11.9307 17.3943 12.5793 189.187 188.673 15.8357
internal_count=4906 2636 2270 1119 1151 210 251 146 81 105 868 835 42 78 49 793 664 65 1889 143 1746 622 377 158 64 94 68 1124 941 87
is_linear=0
shrinkage=0.1


Tree=8
num_leaves=31
num_cat=0
split_feature=1 0 17 45 229 153 151 14 0 26 12 0 0 67 5 84 9 26 13 1 1 8 5 26 83 61 26 8 81 62
split_gain=36.4084 10.8066 4.06867 3.81256 3.56913 3.12799 3.04021 3.81832 5.00505 8.66961 7.21739 4.30349 7.06478 8.9058 4.19317 3.85078 3.66368 4.13968 3.50072 3.37655 3.66144 3.68485 5.34772 4.91237 3.43924 4.78938 3.77044 3.30471 2.99986 5.64307
threshold=-0.16024032235145566 12.992471218109133 1.0000000180025095e-35 1.0000000180025095e-35 1.0000000180025095e-35 1.0000000180025095e-35 1.0000000180025095e-35 1.0000000180025095e-35 12.057495117187502 1.0000000180025095e-35 1.0000000180025095e-35 11.560575008392336 10.843257904052736 1.0000000180025095e-35 1.0000000180025095e-35 1.0000000180025095e-35 1.0000000180025095e-35 1.0000000180025095e-35 1.0000000180025095e-35 -0.14092326164245603 1.0000000180025095e-35 1.0000000180025095e-35 1.0000000180025095e-35 1.0000000180025095e-35 1.0000000180025095e-35 1.0000000180025095e-35 1.0000000180025095e-35 1.0000000180025095e-35 1.0000000180025095e-35 1.0000000180025095e-35
decision_type=2 2 2 2 2 2 2 2 2 2 2 2 2 2 2 2 2 2 2 2 2 2 2 2 2 2 2 2 2 2
left_child=-1 2 -2 4 28 6 7 8 11 -10 14 12 15 18 -11 19 17 -8 -14 -4 21 23 -23 -21 25 -22 -27 -17 -3 -30
right_child=1 3 5 -5 -6 -7 16 -9 9 10 -12 -13 13 -15 -16 27 -18 -19 -20 20 24 22 -24 -25 -26 26 -28 -29 29 -31
leaf_value=0.022331359933477679 -0.088970738435265151 -0.015544204160808676 -0.090002950207202531 -0.060862947091069909 -0.095127345815106484 -0.084295786462788 0.055687024825354529 -0.014628862536501487 -0.0095105049490460097 -0.006563121660386831 0.19451973025915928 -0.046039385926206766 0.18073326720169736 -0.0054187805200380914 0.12368466199870376 -0.00074889166076005931 -0.1117655531946298 -0.080206796375986822 0.059880299041722755 -0.0097085560229986934 -0.069367866308864809 -0.061945128991532178 0.051780227745007616 0.092615292951402056 0.045624448326285809 0.0453592985314695 -0.0442967919012889 0.13197229415324879 0.007115215273708563 -0.064730264107941485
leaf_weight=396.10840338468552 5.7352907955646506 108.74451895058155 4.8719334155321112 45.366167396306992 7.6202555149793616 4.7593202441930762 4.7849877476692182 107.94862650334835 14.127971515059471 5.7246579974889737 5.2238245904445657 16.733874201774597 5.7089135646820068 9.5903066545724869 4.3498903959989548 3.7555801421403876 5.4660558253526679 4.2173965126276016 4.1314128339290619 8.1327095478773117 19.518026798963547 9.9267788678407687 7.086563989520072 11.089089453220367 6.1953881233930579 9.5627456456422806 9.2065914571285248 3.7487669438123703 15.247035741806028 38.633280918002129
leaf_count=1856 37 696 27 325 53 29 26 598 80 33 29 95 30 54 25 20 31 25 22 44 109 54 39 60 34 52 51 20 100 252
internal_value=-0.000386483 -0.0181282 -0.00557667 -0.0351031 -0.0282387 -0.00390352 -0.00254241 -0.000119852 0.00975019 0.0469721 0.0991334 0.00127646 0.00831293 0.0631587 0.049674 -0.00313449 -0.0471868 -0.0079759 0.129994 -0.00915674 -0.00427706 0.0193208 -0.0145751 0.0493223 -0.0234996 -0.0346847 0.00138188 0.0655515 -0.0251044 -0.0443995
internal_weight=903.316 507.208 291.597 215.611 170.245 285.861 281.102 266.634 158.685 29.4263 15.2984 129.259 112.525 19.4306 10.0745 93.0942 14.4684 9.00238 9.84033 85.5898 80.7179 36.2351 17.0133 19.2218 44.4828 38.2874 18.7693 7.50435 162.625 53.8803
internal_count=4906 3050 1624 1426 1101 1587 1558 1476 878 167 87 711 616 106 58 510 82 51 52 470 443 197 93 104 246 212 103 40 1048 352
is_linear=0
shrinkage=0.1


Tree=9
num_leaves=31
num_cat=0
split_feature=0 1 151 137 55 144 229 174 17 153 0 0 1 14 91 68 53 26 61 5 9 39 16 74 11 0 11 40 7 13
split_gain=29.888 8.81819 3.89187 3.69155 3.5783 3.45665 2.9432 3.42693 5.42315 4.21294 3.90096 3.46099 4.3848 3.80228 4.04861 3.35487 4.66246 4.30909 3.21995 5.58426 7.13794 9.82222 5.50307 6.18994 4.64705 4.49583 3.38653 5.43399 5.90702 9.02072
threshold=7.8234086036682138 0.69503384828567516 1.0000000180025095e-35 1.0000000180025095e-35 1.0000000180025095e-35 1.0000000180025095e-35 1.0000000180025095e-35 1.0000000180025095e-35 1.0000000180025095e-35 1.0000000180025095e-35 14.29021215438843 13.726214885711672 0.61076888442039501 1.0000000180025095e-35 1.0000000180025095e-35 1.0000000180025095e-35 1.0000000180025095e-35 1.0000000180025095e-35 1.0000000180025095e-35 1.0000000180025095e-35 1.0000000180025095e-35 1.0000000180025095e-35 1.0000000180025095e-35 1.0000000180025095e-35 1.0000000180025095e-35 10.186173915863039 1.0000000180025095e-35 1.0000000180025095e-35 1.0000000180025095e-35 1.0000000180025095e-35
decision_type=2 2 2 2 2 2 2 2 2 2 2 2 2 2 2 2 2 2 2 2 2 2 2 2 2 2 2 2 2 2
left_child=5 2 3 6 -3 -1 7 8 -2 11 -9 13 -13 14 18 -14 -17 -18 22 -20 21 25 26 -24 -22 -21 27 28 -10 -30
right_child=1 4 -4 -5 -6 -7 -8 10 9 -11 -12 12 15 -15 -16 16 17 -19 19 20 24 -23 23 -25 -26 -27 -28 -29 29 -31
leaf_value=0.018366515958813018 -0.10432244696753637 -0.072509426787561504 -0.057039796586418515 -0.081931368448028008 -0.031351002478369472 0.10517893173488924 -0.094760429285157141 0.10823103075195684 -0.043562490670020111 -0.090579883476110332 -0.00081523610739055597 -0.056306974912174138 -0.046284122697570353 -0.014381885458093517 0.084491286931992302 -0.068545797486372212 -0.0075066745224718987 0.11452528943274554 -0.0024101989095741032 -0.001931992116962775 0.054214370842041892 0.23145666434830342 -0.063143980340611972 0.021790807549883114 -0.065331703978354499 0.11413364699224132 -0.014046810269396137 0.10271104868289752 0.16222052627591987 -0.037737105571765781
leaf_weight=409.63229203224182 5.7120802327990523 29.56520352512598 16.960198506712914 6.6383191496133795 73.976287208497524 4.6385483443737021 3.7534993737936011 5.5250602737069121 10.255650475621223 5.7958262264728537 8.0754867494106275 26.887364223599434 8.9872652590274811 112.62883217632771 6.8846247792243949 3.6245488226413718 5.1410786509513855 6.6190854758024216 40.14296618103981 6.8531861454248446 6.9687664359807986 4.1046973764896384 25.777858808636665 12.861803844571112 6.0961889177560806 6.5052889585494995 22.061362743377686 8.9370167851448077 4.75229711830616 4.2953276783227921
leaf_count=1920 39 216 102 40 531 21 26 34 57 37 52 180 58 631 37 24 33 41 221 37 38 22 149 69 34 36 122 49 26 24
internal_value=-0.000400094 -0.0172121 -0.0102097 -0.00803899 -0.0431034 0.0193385 -0.00667358 -0.00574351 -0.00770177 -0.00606008 0.0434835 -0.00457738 -0.0284612 -0.000191297 0.00940809 0.00225854 0.0306156 0.0611777 0.0061695 0.0221034 0.0543376 0.0961619 -0.00649129 -0.0348721 -0.00156657 0.0545895 0.0153097 0.0382431 0.00839574 0.0672914
internal_weight=900.658 486.387 382.846 365.885 103.541 414.271 359.247 355.494 341.893 336.181 13.6005 330.385 51.2593 279.126 166.497 24.372 15.3847 11.7602 159.612 70.6711 30.5281 17.4632 88.9413 38.6397 13.065 13.3585 50.3017 28.2403 19.3033 9.04762
internal_count=4906 2965 2218 2116 747 1941 2076 2050 1964 1925 86 1888 336 1552 921 156 98 74 884 388 167 95 496 218 72 73 278 156 107 50
is_linear=0
shrinkage=0.1


Tree=10
num_leaves=31
num_cat=0
split_feature=0 106 1 0 104 1 12 44 0 289 82 95 56 7 16 14 73 0 0 12 13 0 73 8 85 63 8 0 12 130
split_gain=24.577 6.60693 6.38553 4.15427 4.88727 4.49163 4.45806 3.66439 3.08238 3.57165 3.62934 3.30865 6.25157 5.14727 5.07403 4.07868 3.16884 3.20773 3.00604 4.16843 9.77438 3.08683 5.30475 3.65169 3.04226 2.96839 2.87048 4.27589 4.21433 2.76421
threshold=8.9486651420593279 1.0000000180025095e-35 0.97748878598213207 12.992471218109133 1.0000000180025095e-35 0.050117878243327148 1.0000000180025095e-35 1.0000000180025095e-35 3.5961669683456425 1.0000000180025095e-35 1.0000000180025095e-35 1.0000000180025095e-35 1.0000000180025095e-35 1.0000000180025095e-35 1.0000000180025095e-35 1.0000000180025095e-35 1.0000000180025095e-35 7.0266940593719491 8.5516767501831072 1.0000000180025095e-35 1.0000000180025095e-35 8.1492128372192401 1.0000000180025095e-35 1.0000000180025095e-35 1.0000000180025095e-35 1.0000000180025095e-35 1.0000000180025095e-35 4.2108144760131845 1.0000000180025095e-35 1.0000000180025095e-35
decision_type=2 2 2 2 2 2 2 2 2 2 2 2 2 2 2 2 2 2 2 2 2 2 2 2 2 2 2 2 2 2
left_child=8 2 3 4 5 6 -2 -7 -1 10 18 12 13 14 -12 16 -14 -18 21 20 -20 24 23 -23 26 -5 27 28 -10 -15
right_child=1 -3 -4 25 -6 7 -8 -9 9 -11 11 -13 15 29 -16 -17 17 -19 19 -21 -22 22 -24 -25 -26 -27 -28 -29 -30 -31
leaf_value=0.028832642653689573 -0.083179963340718255 0.1263894631021184 -0.10559716354275535 -0.023067857084939445 -0.081724445347554311 -0.076397545425778327 0.0042768590933925802 0.0035085615560126165 -0.046926309115350152 -0.070281508647677779 0.033987275017542534 0.065949658493666019 -0.078429214087608612 0.02018542476080171 -0.077486677847128996 -0.12153024533412218 0.07464657759456754 -0.052645554457181137 -0.075299748665575317 0.1184014799736211 0.12967438942234311 -0.13039028275628667 0.040819468883231971 -0.011480479553529989 0.084013921666846306 -0.059587300352057559 0.0013738673186294678 0.030968469932731502 0.029507002246111483 0.12376918642584989
leaf_weight=121.9888076633215 13.491887867450714 3.1438035517930976 8.3682400211691839 171.49338384717703 8.5458863973617536 5.935017690062522 10.261517018079758 173.82788655161858 15.59968975186348 5.4021677225828162 8.053912490606308 4.9171567261219016 7.0725520104169863 5.6377098262310046 8.2822862267494202 7.1513833850622168 4.130145862698555 3.8021336793899536 5.270096883177759 6.6846511811017981 4.1650696694850922 5.3221300691366213 6.841834381222724 5.0172833204269409 6.4645871073007575 25.57675725966692 100.48117281496525 126.8849765509367 13.419289156794548 4.7441905289888382
leaf_count=547 80 19 66 1173 51 37 56 976 71 26 41 26 38 29 43 38 20 21 29 35 22 30 36 28 30 178 492 585 61 22
internal_value=-0.000412622 -0.0180358 -0.0191233 -0.0173546 -0.00764073 -0.00452987 -0.0453984 0.000870397 0.0151176 0.0104093 0.0116549 -0.0122405 -0.0201071 0.0124615 -0.0225289 -0.0593815 -0.029761 0.0136324 0.0159952 0.0579869 0.0151842 0.013578 -0.0274878 -0.0726883 0.0162622 -0.0278075 0.0145539 0.0230486 -0.0115811 0.0675198
internal_weight=897.978 420.644 417.501 409.132 212.062 203.516 23.7534 179.763 477.333 355.344 349.942 53.7915 48.8743 26.7181 16.3362 22.1562 15.0048 7.93228 296.151 16.1198 9.43517 280.031 17.1812 10.3394 262.85 197.07 256.385 155.904 29.019 10.3819
internal_count=4906 2636 2617 2551 1200 1149 136 1013 2270 1723 1697 278 252 135 84 117 79 41 1419 86 51 1333 94 58 1239 1351 1209 717 132 51
is_linear=0
shrinkage=0.1


end of trees

feature_importances:
Column_0=68
Column_1=24
Column_8=13
Column_26=13
Column_12=12
Column_5=10
Column_9=9
Column_14=8
Column_13=7
Column_10=6
Column_16=6
Column_70=6
Column_73=6
Column_11=5
Column_17=5
Column_19=5
Column_74=5
Column_168=5
Column_7=4
Column_15=4
Column_55=4
Column_113=4
Column_128=4
Column_138=4
Column_151=4
Column_153=4
Column_53=3
Column_61=3
Column_67=3
Column_81=3
Column_82=3
Column_83=3
Column_102=3
Column_104=3
Column_108=3
Column_135=3
Column_229=3
Column_6=2
Column_32=2
Column_39=2
Column_45=2
Column_54=2
Column_56=2
Column_63=2
Column_79=2
Column_85=2
Column_105=2
Column_137=2
Column_139=2
Column_144=2
Column_228=2
Column_21=1
Column_22=1
Column_31=1
Column_36=1
Column_40=1
Column_44=1
Column_50=1
Column_57=1
Column_60=1
Column_62=1
Column_68=1
Column_69=1
Column_78=1
Column_84=1
Column_91=1
Column_95=1
Column_99=1
Column_106=1
Column_130=1
Column_133=1
Column_140=1
Column_174=1
Column_261=1
Column_289=1

parameters:
[boosting: gbdt]
[objective: binary]
[metric: binary_logloss]
[tree_learner: serial]
[device_type: cpu]
[data_sample_strategy: bagging]
[data: ]
[valid: ]
[num_iterations: 300]
[learning_rate: 0.1]
[num_leaves: 31]
[num_threads: 0]
[seed: 0]
[deterministic: 0]
[force_col_wise: 0]
[force_row_wise: 0]
[histogram_pool_size: -1]
[max_depth: -1]
[min_data_in_leaf: 20]
[min_sum_hessian_in_leaf: 0.001]
[bagging_fraction: 1]
[pos_bagging_fraction: 1]
[neg_bagging_fraction: 1]
[bagging_freq: 0]
[bagging_seed: 7719]
[bagging_by_query: 0]
[feature_fraction: 1]
[feature_fraction_bynode: 1]
[feature_fraction_seed: 2437]
[extra_trees: 0]
[extra_seed: 11797]
[early_stopping_round: 0]
[early_stopping_min_delta: 0]
[first_metric_only: 0]
[max_delta_step: 0]
[lambda_l1: 0]
[lambda_l2: 0]
[linear_lambda: 0]
[min_gain_to_split: 0]
[drop_rate: 0.1]
[max_drop: 50]
[skip_drop: 0.5]
[xgboost_dart_mode: 0]
[uniform_drop: 0]
[drop_seed: 21238]
[top_rate: 0.2]
[other_rate: 0.1]
[min_data_per_group: 100]
[max_cat_threshold: 32]
[cat_l2: 10]
[cat_smooth: 10]
[max_cat_to_onehot: 4]
[top_k: 20]
[monotone_constraints: ]
[monotone_constraints_method: basic]
[monotone_penalty: 0]
[feature_contri: ]
[forcedsplits_filename: ]
[refit_decay_rate: 0.9]
[cegb_tradeoff: 1]
[cegb_penalty_split: 0]
[cegb_penalty_feature_lazy: ]
[cegb_penalty_feature_coupled: ]
[path_smooth: 0]
[interaction_constraints: ]
[verbosity: -1]
[saved_feature_importance_type: 0]
[use_quantized_grad: 0]
[num_grad_quant_bins: 4]
[quant_train_renew_leaf: 0]
[stochastic_rounding: 1]
[linear_tree: 0]
[max_bin: 255]
[max_bin_by_feature: ]
[min_data_in_bin: 3]
[bin_construct_sample_cnt: 200000]
[data_random_seed: 38]
[is_enable_sparse: 1]
[enable_bundle: 1]
[use_missing: 1]
[zero_as_missing: 0]
[feature_pre_filter: 1]
[pre_partition: 0]
[two_round: 0]
[header: 0]
[label_column: ]
[weight_column: ]
[group_column: ]
[ignore_column: ]
[categorical_feature: ]
[forcedbins_filename: ]
[precise_float_parser: 0]
[parser_config_file: ]
[objective_seed: 8855]
[num_class: 1]
[is_unbalance: 0]
[scale_pos_weight: 1]
[sigmoid: 1]
[boost_from_average: 1]
[reg_sqrt: 0]
[alpha: 0.9]
[fair_c: 1]
[poisson_max_delta_step: 0.7]
[tweedie_variance_power: 1.5]
[lambdarank_truncation_level: 30]
[lambdarank_norm: 1]
[label_gain: ]
[lambdarank_position_bias_regularization: 0]
[eval_at: ]
[multi_error_top_k: 1]
[auc_mu_weights: ]
[num_machines: 1]
[local_listen_port: 12400]
[time_out: 120]
[machine_list_filename: ]
[machines: ]
[gpu_platform_id: -1]
[gpu_device_id: -1]
[gpu_device_id_list: ]
[gpu_use_dp: 0]
[num_gpu: 1]

end of parameters

pandas_categorical:null
