tree
version=v4
num_class=1
num_tree_per_iteration=1
label_index=0
max_feature_idx=567
objective=binary sigmoid:1
feature_names=Column_0 Column_1 Column_2 Column_3 Column_4 Column_5 Column_6 Column_7 Column_8 Column_9 Column_10 Column_11 Column_12 Column_13 Column_14 Column_15 Column_16 Column_17 Column_18 Column_19 Column_20 Column_21 Column_22 Column_23 Column_24 Column_25 Column_26 Column_27 Column_28 Column_29 Column_30 Column_31 Column_32 Column_33 Column_34 Column_35 Column_36 Column_37 Column_38 Column_39 Column_40 Column_41 Column_42 Column_43 Column_44 Column_45 Column_46 Column_47 Column_48 Column_49 Column_50 Column_51 Column_52 Column_53 Column_54 Column_55 Column_56 Column_57 Column_58 Column_59 Column_60 Column_61 Column_62 Column_63 Column_64 Column_65 Column_66 Column_67 Column_68 Column_69 Column_70 Column_71 Column_72 Column_73 Column_74 Column_75 Column_76 Column_77 Column_78 Column_79 Column_80 Column_81 Column_82 Column_83 Column_84 Column_85 Column_86 Column_87 Column_88 Column_89 Column_90 Column_91 Column_92 Column_93 Column_94 Column_95 Column_96 Column_97 Column_98 Column_99 Column_100 Column_101 Column_102 Column_103 Column_104 Column_105 Column_106 Column_107 Column_108 Column_109 Column_110 Column_111 Column_112 Column_113 Column_114 Column_115 Column_116 Column_117 Column_118 Column_119 Column_120 Column_121 Column_122 Column_123 Column_124 Column_125 Column_126 Column_127 Column_128 Column_129 Column_130 Column_131 Column_132 Column_133 Column_134 Column_135 Column_136 Column_137 Column_138 Column_139 Column_140 Column_141 Column_142 Column_143 Column_144 Column_145 Column_146 Column_147 Column_148 Column_149 Column_150 Column_151 Column_152 Column_153 Column_154 Column_155 Column_156 Column_157 Column_158 Column_159 Column_160 Column_161 Column_162 Column_163 Column_164 Column_165 Column_166 Column_167 Column_168 Column_169 Column_170 Column_171 Column_172 Column_173 Column_174 Column_175 Column_176 Column_177 Column_178 Column_179 Column_180 Column_181 Column_182 Column_183 Column_184 Column_185 Column_186 Column_187 Column_188 Column_189 Column_190 Column_191 Column_192 Column_193 Column_194 Column_195 Column_196 Column_197 Column_198 Column_199 Column_200 Column_201 Column_202 Column_203 Column_204 Column_205 Column_206 Column_207 Column_208 Column_209 Column_210 Column_211 Column_212 Column_213 Column_214 Column_215 Column_216 Column_217 Column_218 Column_219 Column_220 Column_221 Column_222 Column_223 Column_224 Column_225 Column_226 Column_227 Column_228 Column_229 Column_230 Column_231 Column_232 Column_233 Column_234 Column_235 Column_236 Column_237 Column_238 Column_239 Column_240 Column_241 Column_242 Column_243 Column_244 Column_245 Column_246 Column_247 Column_248 Column_249 Column_250 Column_251 Column_252 Column_253 Column_254 Column_255 Column_256 Column_257 Column_258 Column_259 Column_260 Column_261 Column_262 Column_263 Column_264 Column_265 Column_266 Column_267 Column_268 Column_269 Column_270 Column_271 Column_272 Column_273 Column_274 Column_275 Column_276 Column_277 Column_278 Column_279 Column_280 Column_281 Column_282 Column_283 Column_284 Column_285 Column_286 Column_287 Column_288 Column_289 Column_290 Column_291 Column_292 Column_293 Column_294 Column_295 Column_296 Column_297 Column_298 Column_299 Column_300 Column_301 Column_302 Column_303 Column_304 Column_305 Column_306 Column_307 Column_308 Column_309 Column_310 Column_311 Column_312 Column_313 Column_314 Column_315 Column_316 Column_317 Column_318 Column_319 Column_320 Column_321 Column_322 Column_323 Column_324 Column_325 Column_326 Column_327 Column_328 Column_329 Column_330 Column_331 Column_332 Column_333 Column_334 Column_335 Column_336 Column_337 Column_338 Column_339 Column_340 Column_341 Column_342 Column_343 Column_344 Column_345 Column_346 Column_347 Column_348 Column_349 Column_350 Column_351 Column_352 Column_353 Column_354 Column_355 Column_356 Column_357 Column_358 Column_359 Column_360 Column_361 Column_362 Column_363 Column_364 Column_365 Column_366 Column_367 Column_368 Column_369 Column_370 Column_371 Column_372 Column_373 Column_374 Column_375 Column_376 Column_377 Column_378 Column_379 Column_380 Column_381 Column_382 Column_383 Column_384 Column_385 Column_386 Column_387 Column_388 Column_389 Column_390 Column_391 Column_392 Column_393 Column_394 Column_395 Column_396 Column_397 Column_398 Column_399 Column_400 Column_401 Column_402 Column_403 Column_404 Column_405 Column_406 Column_407 Column_408 Column_409 Column_410 Column_411 Column_412 Column_413 Column_414 Column_415 Column_416 Column_417 Column_418 Column_419 Column_420 Column_421 Column_422 Column_423 Column_424 Column_425 Column_426 Column_427 Column_428 Column_429 Column_430 Column_431 Column_432 Column_433 Column_434 Column_435 Column_436 Column_437 Column_438 Column_439 Column_440 Column_441 Column_442 Column_443 Column_444 Column_445 Column_446 Column_447 Column_448 Column_449 Column_450 Column_451 Column_452 Column_453 Column_454 Column_455 Column_456 Column_457 Column_458 Column_459 Column_460 Column_461 Column_462 Column_463 Column_464 Column_465 Column_466 Column_467 Column_468 Column_469 Column_470 Column_471 Column_472 Column_473 Column_474 Column_475 Column_476 Column_477 Column_478 Column_479 Column_480 Column_481 Column_482 Column_483 Column_484 Column_485 Column_486 Column_487 Column_488 Column_489 Column_490 Column_491 Column_492 Column_493 Column_494 Column_495 Column_496 Column_497 Column_498 Column_499 Column_500 Column_501 Column_502 Column_503 Column_504 Column_505 Column_506 Column_507 Column_508 Column_509 Column_510 Column_511 Column_512 Column_513 Column_514 Column_515 Column_516 Column_517 Column_518 Column_519 Column_520 Column_521 Column_522 Column_523 Column_524 Column_525 Column_526 Column_527 Column_528 Column_529 Column_530 Column_531 Column_532 Column_533 Column_534 Column_535 Column_536 Column_537 Column_538 Column_539 Column_540 Column_541 Column_542 Column_543 Column_544 Column_545 Column_546 Column_547 Column_548 Column_549 Column_550 Column_551 Column_552 Column_553 Column_554 Column_555 Column_556 Column_557 Column_558 Column_559 Column_560 Column_561 Column_562 Column_563 Column_564 Column_565 Column_566 Column_567
feature_infos=[2.0013689994812012:17.993154525756836] [-0.7776256799697876:0.99923950433731079] none none none [0:1] [0:1] [0:1] [0:1] [0:1] [0:1] [0:1] [0:1] [0:1] [0:1] [0:1] [0:1] [0:1] [0:1] [0:1] [0:1] [0:1] [0:1] [0:1] [0:1] [0:1] [0:1] [0:1] [0:1] [0:1] [0:1] [0:1] [0:1] [0:1] [0:1] [0:1] [0:1] [0:1] [0:1] [0:1] [0:1] [0:1] [0:1] [0:1] [0:1] [0:1] [0:1] [0:1] [0:1] [0:1] [0:1] [0:1] [0:1] [0:1] [0:1] [0:1] [0:1] [0:1] [0:1] [0:1] [0:1] [0:1] [0:1] [0:1] [0:1] [0:1] [0:1] [0:1] [0:1] [0:1] [0:1] [0:1] [0:1] [0:1] [0:1] [0:1] [0:1] [0:1] [0:1] [0:1] [0:1] [0:1] [0:1] [0:1] [0:1] [0:1] [0:1] [0:1] [0:1] [0:1] [0:1] [0:1] [0:1] [0:1] [0:1] [0:1] [0:1] [0:1] [0:1] [0:1] [0:1] [0:1] [0:1] [0:1] [0:1] [0:1] [0:1] [0:1] [0:1] none none none none [0:1] [0:1] none [0:1] none [0:1] none none [0:1] none none none none [0:1] [0:1] [0:1] [0:1] [0:1] none [0:1] [0:1] [0:1] [0:1] none [0:1] [0:1] [0:1] [0:1] [0:1] [0:1] [0:1] [0:1] [0:1] [0:1] [0:1] [0:1] [0:1] [0:1] [0:1] [0:1] [0:1] [0:1] [0:1] [0:1] none none none none none none none none none none [0:1] [0:1] none none none none none [0:1] [0:1] [0:1] [0:1] [0:1] [0:1] [0:1] [0:1] [0:1] [0:1] [0:1] [0:1] [0:1] [0:1] [0:1] [0:1] [0:1] [0:1] [0:1] [0:1] [0:1] [0:1] [0:1] [0:1] [0:1] [0:1] [0:1] [0:1] none none [0:1] [0:1] [0:1] none [0:1] [0:1] [0:1] [0:1] [0:1] none [0:1] none none [0:1] none [0:1] [0:1] [0:1] [0:1] [0:1] [0:1] [0:1] [0:1] [0:1] [0:1] [0:1] [0:1] [0:1] [0:1] [0:1] [0:1] [0:1] [0:1] [0:1] [0:1] [0:1] [0:1] [0:1] [0:1] [0:1] none none none none none none none none none none none none none none none none none [0:1] [0:1] [0:1] [0:1] [0:1] [0:1] [0:1] [0:1] [0:1] [0:1] none [0:1] [0:1] [0:1] [0:1] none [0:1] [0:1] none none none [0:1] [0:1] none none none none none [0:1] [0:1] [0:1] [0:1] [0:1] [0:1] [0:1] none none none [0:1] none [0:1] [0:1] [0:1] none [0:1] [0:1] [0:1] [0:1] none none [0:1] [0:1] none none none none [0:1] [0:1] none none none [0:1] none none [0:1] [0:1] none none [0:1] [0:1] none none none none none none none none none none none none none none none none none none none none none none none none none none none none none none none none none none none none none none none none none none none none none none none none none none none none none none none none none none none none none none none none none none none none none none none none none none none none none none none none none none none none none none none none none none none none none none none none none none none none none none none none none none none none none none none none none none none none none none none none none none none none none none none none none none none none none none none none none none none none none none none none none none none none none none none none none none none none none none none none none none none none none none none none none none none none none none none none none none none none none none none none none none none none none none none none none none none none none none none none none none none none none none none none none none none none none none none none none none none none none none none none none none none none none none none none none none none none none
tree_sizes=3411 3479 3477 3453 3483 3465 3481 3475 3475 3480 3481 3482 3466 3476 3479 3495 3492 3476 3422 3493 3506

Tree=0
num_leaves=31
num_cat=0
split_feature=7 14 77 14 16 9 134 65 167 15 55 61 26 78 12 0 1 1 81 1 9 6 53 84 53 83 1 54 47 0
split_gain=161.981 16.1333 7.44298 7.59467 6.66203 9.56495 10.7765 8.70996 5.7514 5.57134 10.5989 5.93783 5.17343 5.09543 10.8648 11.4623 4.80434 6.89775 6.40568 6.61146 5.52749 5.50295 9.32948 6.21603 5.75788 5.78697 6.36277 5.19419 8.3032 7.70344
threshold=1.0000000180025095e-35 1.0000000180025095e-35 1.0000000180025095e-35 1.0000000180025095e-35 1.0000000180025095e-35 1.0000000180025095e-35 1.0000000180025095e-35 1.0000000180025095e-35 1.0000000180025095e-35 1.0000000180025095e-35 1.0000000180025095e-35 1.0000000180025095e-35 1.0000000180025095e-35 1.0000000180025095e-35 1.0000000180025095e-35 4.7049965858459482 0.57973989844322216 0.95330443978309642 1.0000000180025095e-35 0.74416303634643566 1.0000000180025095e-35 1.0000000180025095e-35 1.0000000180025095e-35 1.0000000180025095e-35 1.0000000180025095e-35 1.0000000180025095e-35 0.13636017590761187 1.0000000180025095e-35 1.0000000180025095e-35 8.5516767501831072
decision_type=2 2 2 2 2 2 2 2 2 2 2 2 2 2 2 2 2 2 2 2 2 2 2 2 2 2 2 2 2 2
left_child=1 4 3 -2 -1 7 8 9 -7 11 -11 12 -6 16 15 -15 21 18 19 20 -18 24 23 27 25 26 -3 29 -29 -23
right_child=2 13 -4 -5 5 6 -8 -9 -10 10 -12 -13 -14 14 -16 -17 17 -19 -20 -21 -22 22 -24 -25 -26 -27 -28 28 -30 -31
leaf_value=-1.0286563915526328 -1.1001903073247947 -1.0149596077766891 -0.98468435599303628 -1.070493626217482 -0.97182804804140122 -0.96205492706459272 -1.0752413048890264 -0.90449709937629175 -0.83524868239050198 -1.0759815944513893 -0.96378426178289156 -1.102088086426547 -1.0570810765623113 -1.1222144402151488 -0.82106527168256915 -0.91284028214566404 -0.92515640909092789 -1.0583245316865928 -1.004124517151737 -0.96337887202450523 -0.79968586583605272 -0.97326987697055656 -1.0828028339903046 -0.84230246418642574 -0.95263084612267024 -0.96322443783083411 -1.0862803286572027 -0.96805527822611648 -1.1047334858412261 -0.861112548975556
leaf_weight=192.54662221670151 230.05068317055702 52.389693394303322 6.959516465663909 137.64377009868622 11.019234403967859 47.750015750527382 8.3127557784318906 5.9929169565439215 3.8663980364799491 12.565793618559836 25.51822704076767 15.852231949567793 20.10526978969574 4.0597179383039492 5.9929169565439215 7.3461562693119049 8.1194358766078967 6.186236858367919 13.145753324031828 16.818831458687782 6.186236858367919 20.685229495167736 6.7661965638399115 4.2530378401279441 15.078952342271803 14.885632440447806 16.432191655039787 17.205471262335781 5.9929169565439215 8.6993955820798856
leaf_count=996 1190 271 36 712 57 247 43 31 20 65 132 82 104 21 31 38 42 32 68 87 32 107 35 22 78 77 85 89 31 45
internal_value=-1.03599 -1.0026 -1.08713 -1.08907 -1.01632 -1.0006 -0.969574 -1.02102 -0.952556 -1.02923 -1.0008 -1.05227 -1.0269 -0.982115 -0.930083 -0.987363 -0.986368 -0.959415 -0.945594 -0.920873 -0.870899 -0.994743 -0.9718 -0.958586 -1.00951 -1.01976 -1.03199 -0.967991 -1.00336 -0.940065
internal_weight=948.427 573.773 374.654 367.694 343.529 150.983 59.9292 91.0537 51.6164 85.0608 38.084 46.9767 31.1245 230.244 17.3988 11.4059 212.845 50.4565 44.2703 31.1245 14.3057 162.389 63.6022 56.8361 98.7865 83.7075 68.8219 52.583 23.1984 29.3846
internal_count=4906 2968 1938 1902 1777 781 310 471 267 440 197 243 161 1191 90 59 1101 261 229 161 74 840 329 294 511 433 356 272 120 152
is_linear=0
shrinkage=1


Tree=1
num_leaves=31
num_cat=0
split_feature=7 14 14 76 16 9 134 65 102 15 55 61 99 94 61 0 140 78 9 0 0 82 26 12 10 8 5 84 101 0
split_gain=132.301 12.3393 6.19492 5.81153 5.19217 7.3188 8.27789 6.54483 5.39755 4.45425 8.31162 4.99448 4.38203 5.40591 5.79229 4.37723 4.18795 6.38021 10.6437 5.35999 4.50583 4.18584 4.08192 4.13536 3.93441 3.91695 5.67395 3.89116 6.12087 3.86818
threshold=1.0000000180025095e-35 1.0000000180025095e-35 1.0000000180025095e-35 1.0000000180025095e-35 1.0000000180025095e-35 1.0000000180025095e-35 1.0000000180025095e-35 1.0000000180025095e-35 1.0000000180025095e-35 1.0000000180025095e-35 1.0000000180025095e-35 1.0000000180025095e-35 1.0000000180025095e-35 1.0000000180025095e-35 1.0000000180025095e-35 15.924708843231203 1.0000000180025095e-35 1.0000000180025095e-35 1.0000000180025095e-35 13.550992488861086 4.7049965858459482 1.0000000180025095e-35 1.0000000180025095e-35 1.0000000180025095e-35 1.0000000180025095e-35 1.0000000180025095e-35 1.0000000180025095e-35 1.0000000180025095e-35 1.0000000180025095e-35 10.120465755462648
decision_type=2 2 2 2 2 2 2 2 2 2 2 2 2 2 2 2 2 2 2 2 2 2 2 2 2 2 2 2 2 2
left_child=1 4 3 -2 12 7 8 9 21 11 -11 22 13 24 -15 29 17 -3 20 -18 -19 -7 23 -6 -1 26 -24 -4 -29 -14
right_child=2 16 27 -5 5 6 -8 -9 -10 10 -12 -13 15 14 -16 -17 19 18 -20 -21 -22 -23 25 -25 -26 -27 -28 28 -30 -31
leaf_value=0.02334982005902389 -0.059721325050330114 0.046180512602737707 -0.03514972798514928 0.052038934322131962 0.11321902558030153 0.067637716897639963 -0.036039392750803777 0.1111607857029005 -0.039314729042612566 -0.036733214502072564 0.062735183827939453 -0.061548349184018906 0.0099302058630011247 0.0092298265138530382 0.14693344370926073 0.070442981629396537 -0.030347774732444099 -0.034195997353432955 0.21921629227384987 0.0836971152227034 0.099853604036256441 0.14368351164607254 -0.066589115683949637 -0.0076607994641431608 -0.0089463284669796077 -0.068039280389525933 0.080417777018589653 0.10846953223089349 -0.050396300979904579 -0.071313798638177869
leaf_weight=78.567672818899155 222.94891744852066 199.32958672940731 128.04168121516705 4.75198209285736 5.9747126698493975 40.806727766990662 8.1564281731843931 6.3584076464176169 4.0226098895072928 12.325000911951063 26.383930385112762 15.348268598318098 8.9237356781959587 6.2078161239624006 6.0138218700885773 3.8798850774765006 14.018817141652109 3.8939438909292239 5.8523065298795691 5.8369828462600699 7.0426417291164398 8.7989708483219129 4.4015544503927231 5.3772414028644562 72.553850948810577 8.9944808334112167 6.5066457092761993 4.9432868957519513 4.7610333114862442 17.071494340896606
leaf_count=405 1190 1008 673 24 30 204 43 31 20 65 132 82 46 32 31 20 71 20 29 29 34 43 23 27 374 47 34 26 25 88
internal_value=-9.43972e-05 0.0294902 -0.0472624 -0.057389 0.0174838 0.0312162 0.0578175 0.0132872 0.0720924 0.00599257 0.0310642 -0.0148323 0.00657739 0.0130179 0.0769887 -0.0286361 0.047129 0.051167 0.11037 0.00317785 0.0521256 0.0811266 0.00810867 0.0559602 0.00784435 -0.0191845 0.0210992 -0.0305226 0.0305284 -0.0434241
internal_weight=948.094 582.648 365.447 227.701 346.673 153.455 61.7847 91.6702 53.6283 85.3118 38.7089 46.6029 193.218 163.343 12.2216 29.8751 235.974 216.118 16.7889 19.8558 10.9366 49.6057 31.2546 11.352 151.122 19.9027 10.9082 137.746 9.70432 25.9952
internal_count=4906 2968 1938 1214 1777 781 310 471 267 440 197 243 996 842 63 154 1191 1091 83 100 54 247 161 57 779 104 57 724 51 134
is_linear=0
shrinkage=0.1


Tree=2
num_leaves=31
num_cat=0
split_feature=7 14 77 14 16 9 134 65 129 58 81 0 15 0 12 133 67 64 0 174 0 51 0 9 138 84 101 168 15 55
split_gain=108.254 9.58055 5.4263 5.78017 4.0843 5.6659 6.42853 5.01322 4.09374 5.82808 6.76033 6.51278 8.87396 5.42418 4.7086 4.03974 3.91652 9.92196 10.2679 5.35758 4.65174 3.91256 5.84227 3.70104 5.27385 3.64667 4.38485 4.02492 3.58555 6.56233
threshold=1.0000000180025095e-35 1.0000000180025095e-35 1.0000000180025095e-35 1.0000000180025095e-35 1.0000000180025095e-35 1.0000000180025095e-35 1.0000000180025095e-35 1.0000000180025095e-35 1.0000000180025095e-35 1.0000000180025095e-35 1.0000000180025095e-35 4.507871389389039 1.0000000180025095e-35 6.0766596794128427 1.0000000180025095e-35 1.0000000180025095e-35 1.0000000180025095e-35 1.0000000180025095e-35 12.881587982177736 1.0000000180025095e-35 6.7118411064147958 1.0000000180025095e-35 10.925393581390383 1.0000000180025095e-35 1.0000000180025095e-35 1.0000000180025095e-35 1.0000000180025095e-35 1.0000000180025095e-35 1.0000000180025095e-35 1.0000000180025095e-35
decision_type=2 2 2 2 2 2 2 2 2 2 2 2 2 2 2 2 2 2 2 2 2 2 2 2 2 2 2 2 2 2
left_child=1 4 3 -2 8 7 21 28 13 11 14 15 -13 -1 -11 -10 17 18 -15 20 -18 22 -7 -3 -25 27 -27 -5 -6 -30
right_child=2 23 -4 25 5 6 -8 -9 9 10 -12 12 -14 16 -16 -17 19 -19 -20 -21 -22 -23 -24 24 -26 26 -28 -29 29 -31
leaf_value=-0.078786375952144896 -0.055509444994556567 0.031429370175898093 0.042292235423683884 -0.038045326403075043 -0.013584688416083965 0.063431116446126576 -0.033055406909049276 0.095442459938710075 -0.075310238587389139 -0.033953069800168774 0.15733385282934462 -0.011851885706677188 0.18158647965999777 0.0056682692097634315 0.088972257439532035 0.016827799287087303 0.10979274162001273 0.098661847691292173 -0.080197780510604222 0.12218260161644852 0.0043066271202899806 0.026239284685884341 0.1684885597309918 0.050156746058178471 0.14027759624646688 0.092516139501133979 -0.042706081536242363 0.040483958249476322 -0.033704592620273498 0.054856422870837467
leaf_weight=8.7496764957904798 216.23919695615768 145.3713247179985 7.1997210532426825 116.77516624331474 46.211721628904343 29.701560810208321 8.0113514959812147 6.6479477435350409 9.9079460203647649 5.861002132296564 6.4649640768766394 5.6404255330562574 4.0920954197645187 34.596072673797607 6.6535090655088425 9.1559640616178513 4.4754807651042929 6.8156200200319281 23.309532895684242 4.6528078764677039 63.419621184468269 19.142257630825043 6.4412577599287024 88.502427384257317 7.0076277554035178 5.2009291350841504 4.4497407674789429 6.9130898416042319 12.101414948701857 27.114030003547668
leaf_count=45 1190 721 36 625 243 143 43 31 51 30 33 29 21 178 34 47 23 35 120 24 326 93 31 437 33 26 24 37 65 132
internal_value=-0.000157993 0.0261351 -0.0436422 -0.045412 0.0155514 0.0276304 0.0506623 0.0117972 0.00586738 0.0312765 0.074298 0.00292135 0.0694804 -0.00244622 0.0314018 -0.0310584 0.00241978 -0.0154637 -0.0288966 0.018374 0.01126 0.0627938 0.0821541 0.0414766 0.056769 -0.0290368 0.0301677 -0.0336562 0.00528794 0.0275276
internal_weight=946.825 590.048 356.778 349.578 349.166 155.372 63.2964 92.0751 193.795 47.7759 18.9795 28.7964 9.73252 146.019 12.5145 19.0639 137.269 64.7212 57.9056 72.5479 67.8951 55.2851 36.1428 240.881 95.5101 133.339 9.65067 123.688 85.4272 39.2154
internal_count=4906 2968 1938 1902 1777 781 310 471 996 245 97 148 50 751 64 98 706 333 298 373 349 267 174 1191 470 712 50 662 440 197
is_linear=0
shrinkage=0.1


Tree=3
num_leaves=31
num_cat=0
split_feature=7 14 14 76 312 12 138 0 11 56 50 11 73 61 40 0 1 6 17 16 8 11 0 26 0 0 15 26 5 0
split_gain=88.6347 7.50978 4.69142 4.11562 3.93692 4.1605 5.12737 4.49129 10.2914 10.0657 3.51743 6.80953 3.85536 6.79717 4.39125 3.50611 4.01824 6.3141 3.49852 3.33256 4.60893 9.56029 6.78539 6.36 3.4105 9.50533 7.29288 8.79454 8.34058 7.92297
threshold=1.0000000180025095e-35 1.0000000180025095e-35 1.0000000180025095e-35 1.0000000180025095e-35 1.0000000180025095e-35 1.0000000180025095e-35 1.0000000180025095e-35 5.0171115398406991 1.0000000180025095e-35 1.0000000180025095e-35 1.0000000180025095e-35 1.0000000180025095e-35 1.0000000180025095e-35 1.0000000180025095e-35 1.0000000180025095e-35 15.464749813079836 0.61715719103813182 1.0000000180025095e-35 1.0000000180025095e-35 1.0000000180025095e-35 1.0000000180025095e-35 1.0000000180025095e-35 13.151266574859621 1.0000000180025095e-35 8.8720054626464862 8.2737851142883319 1.0000000180025095e-35 1.0000000180025095e-35 1.0000000180025095e-35 5.5947980880737314
decision_type=2 2 2 2 2 2 2 2 2 2 2 2 2 2 2 2 2 2 2 2 2 2 2 2 2 2 2 2 2 2
left_child=1 4 3 10 5 6 19 8 9 -7 15 -12 13 14 -13 16 -2 -18 -9 24 -21 -22 23 -23 25 26 28 -28 -1 -29
right_child=2 -3 -4 -5 -6 7 -8 18 -10 -11 11 12 -14 -15 -16 -17 17 -19 -20 20 21 22 -24 -25 -26 -27 27 29 -30 -31
leaf_value=-0.1080394017142077 -0.059105427704436324 0.036641509151484251 -0.025559016103899209 0.040692699866468021 0.10213482835705326 -0.072705033898896682 -0.04445217857431584 0.080919119405462925 0.092371869265218801 0.065018412704131098 -0.059566643470154737 0.059284779970534877 -0.048682813484743598 0.15375642424390368 -0.060951858195570689 -0.10131701529419189 -0.064877952503035394 0.085345923218360778 -0.01295142803246108 0.060063532090191545 -0.030399093290705198 0.12357971469209922 0.17286603088885319 -0.037383954726754834 -0.0026842880298742992 0.17950643967050769 0.1597690512209588 -0.058587702856169356 0.026481588843757051 0.11631182126868229
leaf_weight=7.1760007888078698 124.72878421843052 245.1156859844923 133.73177729547024 4.9520266056060782 4.9776225239038459 12.481135308742523 10.869791328907011 4.117801532149314 15.577252611517904 9.23204205930233 32.814079016447067 6.3511120676994377 7.4096307456493369 3.8812351524829856 5.8218527287244797 17.641977965831757 6.174692288041113 5.1161736100912094 110.85600128769875 50.327908575534821 20.959623381495476 4.1422451436519605 4.7592988461256018 6.0254041105508804 55.515777334570885 4.1133590042591086 6.4192980378866205 6.4278383702039719 12.885130152106285 4.338066965341568
leaf_count=37 707 1191 724 24 25 64 56 21 78 45 186 36 42 22 33 100 35 29 564 248 104 20 23 31 286 21 33 33 66 22
internal_value=-0.000208747 0.0232087 -0.0402641 -0.0494153 0.0138334 0.0125639 0.0222766 0.000191619 0.0303486 -0.0141476 -0.0515408 -0.0301523 0.0109835 0.0385218 0.0017803 -0.0593742 -0.0539342 0.00319224 -0.00958944 0.0262382 0.0405394 0.0131584 0.0743196 0.0281918 0.0135108 0.0352489 0.0193176 0.0671264 -0.0216375 0.0118872
internal_weight=944.941 596.317 348.623 214.892 351.202 346.224 193.96 152.264 37.2904 21.7132 209.94 56.2779 23.4638 16.0542 12.173 153.662 136.02 11.2909 114.974 183.09 86.2145 35.8866 14.9269 10.1676 96.8755 41.3597 37.2463 17.1852 20.0611 10.7659
internal_count=4906 2968 1938 1214 1777 1752 980 772 187 109 1190 319 133 91 69 871 771 64 585 924 426 178 74 51 498 212 191 88 103 55
is_linear=0
shrinkage=0.1


Tree=4
num_leaves=31
num_cat=0
split_feature=7 14 14 76 128 11 133 9 15 81 77 178 5 140 67 13 55 8 155 68 11 81 0 0 41 104 32 10 8 12
split_gain=72.6326 5.92758 4.09948 3.4539 3.32165 5.79901 5.53028 4.83498 5.93784 4.12504 3.24956 3.60023 3.82283 5.49123 4.67763 4.35811 6.18938 4.82505 4.18359 4.02329 5.25484 5.27805 4.79281 3.98466 3.68886 4.06577 4.44122 7.67022 3.74394 3.14744
threshold=1.0000000180025095e-35 1.0000000180025095e-35 1.0000000180025095e-35 1.0000000180025095e-35 1.0000000180025095e-35 1.0000000180025095e-35 1.0000000180025095e-35 1.0000000180025095e-35 1.0000000180025095e-35 1.0000000180025095e-35 1.0000000180025095e-35 1.0000000180025095e-35 1.0000000180025095e-35 1.0000000180025095e-35 1.0000000180025095e-35 1.0000000180025095e-35 1.0000000180025095e-35 1.0000000180025095e-35 1.0000000180025095e-35 1.0000000180025095e-35 1.0000000180025095e-35 1.0000000180025095e-35 9.2908968925476092 13.661875724792482 1.0000000180025095e-35 1.0000000180025095e-35 1.0000000180025095e-35 1.0000000180025095e-35 1.0000000180025095e-35 1.0000000180025095e-35
decision_type=2 2 2 2 2 2 2 2 2 2 2 2 2 2 2 2 2 2 2 2 2 2 2 2 2 2 2 2 2 2
left_child=1 -1 3 -2 7 6 -6 -4 29 -10 11 12 13 18 15 16 -14 -18 24 20 -16 22 -22 -17 25 26 -3 28 -28 -9
right_child=2 10 4 -5 5 -7 -8 8 9 -11 -12 -13 14 -15 19 23 17 -19 -20 -21 21 -23 -24 -25 -26 -27 27 -29 -30 -31
leaf_value=0.012306591469502831 -0.047853095163661409 0.028699568727010672 -0.043137188548606757 0.035984469442274826 0.16637127084698347 -0.065456843232246209 0.0013412616033522829 -0.0027408499950732439 0.0093145576057809473 0.13810236752075614 0.10018610158509134 0.10403248224644879 -0.038190560099636867 -0.047053483557233926 0.027532639188330588 -0.070839981504787861 0.033407934020928766 0.14859316743112494 -0.064041461985828649 0.11992044383483064 0.21631434954904899 0.025718931787086643 0.069840355486707931 0.048447067608894362 -0.026680087746917103 -0.057410361216795297 0.087589218992446677 0.17596645936940028 -0.033951562192897057 -0.073870570641176733
leaf_weight=353.08514727652073 204.04501977562904 93.706042230129242 78.061519369482994 5.0352333784103385 3.6815536320209485 4.5438612550497046 4.5280695855617523 22.46687251329422 5.6676291674375516 4.4316835552453995 6.8881532251834861 6.4852892011404029 6.6961732804775247 11.810684472322462 32.930485963821411 8.4728182852268201 9.6348768472671491 5.841651678085328 5.1684096157550803 9.8771515190601331 4.7539697587490064 5.9027503728866568 4.2142277508974075 4.1827077567577353 11.329152286052702 4.7535245567560187 5.6488389670848864 5.9290223568677893 4.5969776213169098 8.6030766963958758
leaf_count=1777 1190 447 429 24 20 25 25 123 31 24 32 31 32 58 158 41 46 28 25 47 23 28 20 20 55 23 27 28 22 47
internal_value=-0.000254247 0.0206372 -0.0371234 -0.0458341 -0.0233246 0.0251815 0.0753479 -0.028513 -0.00078396 0.065828 0.0324586 0.0305304 0.0285058 0.0182552 0.0443452 0.0154072 0.042132 0.0768849 0.0241373 0.0618188 0.0498134 0.0991522 0.147485 -0.0314151 0.0277554 0.0331352 0.0370523 0.0854421 0.0330577 -0.0224362
internal_weight=942.973 601.908 341.065 209.08 131.984 12.7535 8.20962 119.231 41.1693 10.0993 248.823 241.935 235.449 142.943 92.5068 34.8282 22.1727 15.4765 131.132 57.6786 47.8014 14.8709 8.9682 12.6555 125.964 114.634 109.881 16.1748 10.2458 31.0699
internal_count=4906 2968 1938 1214 724 70 45 654 225 55 1191 1159 1128 685 443 167 106 74 627 276 229 71 43 61 602 547 524 77 49 170
is_linear=0
shrinkage=0.1


Tree=5
num_leaves=31
num_cat=0
split_feature=7 14 5 9 55 133 0 81 65 0 0 140 10 168 67 11 0 34 0 61 26 6 30 13 61 32 67 16 1 0
split_gain=59.5372 4.64849 3.94186 3.47706 6.98634 4.68188 5.81245 3.7241 3.25679 3.20355 8.73613 4.91684 4.19579 3.13111 4.50931 5.48501 3.41157 6.96557 4.42219 7.04203 4.71632 4.35059 3.77275 3.51289 3.00487 8.28116 5.22643 3.56517 2.90254 3.91023
threshold=1.0000000180025095e-35 1.0000000180025095e-35 1.0000000180025095e-35 1.0000000180025095e-35 1.0000000180025095e-35 1.0000000180025095e-35 8.0082135200500506 1.0000000180025095e-35 1.0000000180025095e-35 8.4175219535827654 9.0047912597656268 1.0000000180025095e-35 1.0000000180025095e-35 1.0000000180025095e-35 1.0000000180025095e-35 1.0000000180025095e-35 16.661190986633304 1.0000000180025095e-35 15.683778285980226 1.0000000180025095e-35 1.0000000180025095e-35 1.0000000180025095e-35 1.0000000180025095e-35 1.0000000180025095e-35 1.0000000180025095e-35 1.0000000180025095e-35 1.0000000180025095e-35 1.0000000180025095e-35 0.97049206495285045 16.954140663146976
decision_type=2 2 2 2 2 2 2 2 2 2 2 2 2 2 2 2 2 2 2 2 2 2 2 2 2 2 2 2 2 2
left_child=1 13 3 8 5 6 -5 -8 -2 -6 -11 12 -12 16 -15 -16 18 21 22 20 -20 23 -1 -18 -4 26 -26 -28 29 -3
right_child=2 28 24 4 9 -7 7 -9 -10 10 11 -13 -14 14 15 -17 17 -19 19 -21 -22 -23 -24 -25 25 -27 27 -29 -30 -31
leaf_value=0.10461784519984907 -0.049188724115617873 0.027855291221134504 -0.031509090868647643 0.11212184610092757 -0.078588700194337308 -0.049675844763430982 0.041761444586689789 -0.078479903758294819 -0.1274242088937444 0.11870592588820146 -0.08979203037390486 0.055517703149485377 -0.015264282845598038 0.11860364072813748 0.07189696388793558 -0.072438295769388997 0.0068579238617358686 0.13307916766306446 0.063760475188319191 -0.12318466607441668 -0.063678220033216049 -0.045209270921189718 0.0077127846241300344 0.1265787425646886 -0.054683071496972241 0.096933921170477125 0.059590169792266258 -0.035505390434048538 -0.045264113726215215 0.094341315377380525
leaf_weight=4.0738520175218573 124.69366258382797 237.46243877708912 76.214740708470345 7.4221154153347078 19.651717439293861 7.5822861492633811 7.0491876751184446 4.0589771419763565 5.5580402016639701 3.6281466484069815 17.834399819374084 4.3327232897281638 13.10469886660576 6.4633891880512246 6.4746605902910233 4.437298983335495 6.0936041921377235 6.5540429949760428 6.3367666900157946 6.7047551125288001 5.3607663214206696 7.5321225225925437 290.88277891278267 4.0999273955821991 18.839632302522659 7.5124484002590171 10.065099358558657 6.4808971285819998 5.1858028769493094 9.188177287578581
leaf_count=20 725 1123 444 42 113 44 41 24 33 21 103 25 75 31 31 22 30 32 31 34 27 38 1461 20 109 43 58 38 25 43
internal_value=-0.000279027 0.0183838 -0.034185 -0.0422723 -0.0264957 0.0165193 0.0436052 -0.00217533 -0.0525272 -0.0456793 -0.0290539 -0.0442528 -0.0582247 0.0110124 0.052411 0.0132037 0.00888198 0.0449939 0.00608396 -0.0414759 0.00535764 0.0124244 0.00905121 0.0550107 -0.019593 0.00157761 -0.0186668 0.0223422 0.0287753 0.030332
internal_weight=940.879 606.85 334.029 214.916 84.6643 26.1126 18.5303 11.1082 130.252 58.5517 38.9 35.2718 30.9391 355.014 17.3753 10.912 337.639 24.2797 313.359 18.4023 11.6975 17.7257 294.957 10.1935 119.113 42.8981 35.3856 16.546 251.836 246.651
internal_count=4906 2968 1938 1246 488 151 107 65 758 337 224 203 178 1777 84 53 1693 120 1573 92 58 88 1481 50 692 248 205 96 1191 1166
is_linear=0
shrinkage=0.1


Tree=6
num_leaves=31
num_cat=0
split_feature=7 67 64 0 177 62 139 15 99 95 87 16 0 6 15 44 14 6 26 39 5 9 52 0 42 8 81 95 64 15
split_gain=48.8611 4.15482 9.359 7.51298 6.08721 4.00628 3.88447 6.66207 3.84707 4.32263 3.86504 4.16966 6.02722 8.56593 4.12256 3.764 3.81216 3.73075 3.67134 3.67081 3.64715 5.8334 5.31481 8.59047 5.73706 9.38739 5.72218 3.95909 3.87694 5.33412
threshold=1.0000000180025095e-35 1.0000000180025095e-35 1.0000000180025095e-35 16.286105155944828 1.0000000180025095e-35 1.0000000180025095e-35 1.0000000180025095e-35 1.0000000180025095e-35 1.0000000180025095e-35 1.0000000180025095e-35 1.0000000180025095e-35 1.0000000180025095e-35 11.108829498291017 1.0000000180025095e-35 1.0000000180025095e-35 1.0000000180025095e-35 1.0000000180025095e-35 1.0000000180025095e-35 1.0000000180025095e-35 1.0000000180025095e-35 1.0000000180025095e-35 1.0000000180025095e-35 1.0000000180025095e-35 6.7118411064147958 1.0000000180025095e-35 1.0000000180025095e-35 1.0000000180025095e-35 1.0000000180025095e-35 1.0000000180025095e-35 1.0000000180025095e-35
decision_type=2 2 2 2 2 2 2 2 2 2 2 2 2 2 2 2 2 2 2 2 2 2 2 2 2 2 2 2 2 2
left_child=1 2 6 5 20 -4 8 -8 10 -10 11 12 13 14 -1 -2 -17 -7 -16 -15 28 22 23 -22 26 -26 -24 -23 29 -3
right_child=15 4 3 -5 -6 17 7 -9 9 -11 -12 -13 -14 19 18 16 -18 -19 -20 -21 21 27 24 -25 25 -27 -28 -29 -30 -31
leaf_value=-0.058815316626412179 -0.089808494792489521 0.0020418657419441428 -0.044003629288697374 0.15800963760329018 0.13726893962707978 0.12033820525190297 -0.082381979696682192 0.021857093167072395 -0.0035913396846170157 -0.085291768027379422 0.089637451166940899 0.02680420697029888 -0.037041415759975667 0.08153476436716578 0.053967949458257697 -0.038295324078566284 -0.015829470113586774 0.00084611280527854956 -0.038334111115042251 -0.00042524273919850963 0.040915416801578459 0.049973406971696256 0.06132521013181759 -0.029132916539286926 0.20420191504017013 0.0040461813107708798 -0.075066434655049807 0.14809306107823725 -0.040637814072311568 0.036098610860885873
leaf_weight=14.774682387709616 10.695119157433508 108.62306667864323 4.917033091187478 6.5967920273542395 4.6217305958271018 5.677198737859726 14.030719041824341 10.890046015381813 22.626194193959236 9.0725641548633593 6.0238434970378867 69.006895467638969 37.000621244311333 18.337404012680057 9.7002920508384722 192.7463388890028 124.20159350335598 4.8407911211252213 7.7537800371646872 7.7843523472547522 32.933676332235336 57.912968218326569 9.697309657931326 37.376638397574425 5.4568386077880859 4.1065918356180191 4.5049863606691369 4.4266145378351203 12.692690730094908 79.757223024964333
leaf_count=73 64 531 23 31 22 27 70 52 112 45 29 330 184 89 47 1172 702 23 38 38 161 278 46 182 26 20 22 21 61 387
internal_value=-0.000302593 0.0164017 0.00645915 0.0686856 0.0232394 0.0305093 0.000419704 -0.0368309 0.00501348 -0.026975 0.0109648 0.00808137 -0.0054686 0.014552 -0.019942 -0.0314606 -0.0294917 0.0653433 0.0129638 0.0571105 0.0217652 0.0332172 0.0174968 0.00367805 0.0583794 0.118254 0.0180616 0.0569407 0.0128566 0.016461
internal_weight=938.787 611.144 249.033 22.0318 362.11 15.435 227.001 24.9208 202.081 31.6988 170.382 164.358 95.3511 58.3505 32.2288 327.643 316.948 10.518 17.4541 26.1218 357.489 156.416 94.076 70.3103 23.7657 9.56343 14.2023 62.3396 201.073 188.38
internal_count=4906 2968 1211 104 1757 73 1107 122 985 157 828 799 469 285 158 1938 1874 50 85 127 1735 756 457 343 114 46 68 299 979 918
is_linear=0
shrinkage=0.1


Tree=7
num_leaves=31
num_cat=0
split_feature=7 149 14 77 9 67 55 0 0 73 0 100 0 141 9 138 168 168 80 67 0 36 6 0 61 26 30 6 14 5
split_gain=39.9512 3.87689 3.79988 3.6683 3.54008 6.64781 4.10998 7.15595 3.49126 6.13023 3.56626 3.3876 3.09945 3.24265 3.00023 3.82106 2.59003 2.51454 3.94408 4.2959 3.02096 5.36717 4.75507 3.38056 5.75633 3.75898 3.06739 2.4693 5.86094 4.13635
threshold=1.0000000180025095e-35 1.0000000180025095e-35 1.0000000180025095e-35 1.0000000180025095e-35 1.0000000180025095e-35 1.0000000180025095e-35 1.0000000180025095e-35 8.4175219535827654 9.0047912597656268 1.0000000180025095e-35 13.938398361206056 1.0000000180025095e-35 17.006159782409672 1.0000000180025095e-35 1.0000000180025095e-35 1.0000000180025095e-35 1.0000000180025095e-35 1.0000000180025095e-35 1.0000000180025095e-35 1.0000000180025095e-35 16.661190986633304 1.0000000180025095e-35 1.0000000180025095e-35 15.683778285980226 1.0000000180025095e-35 1.0000000180025095e-35 1.0000000180025095e-35 1.0000000180025095e-35 1.0000000180025095e-35 1.0000000180025095e-35
decision_type=2 2 2 2 2 2 2 2 2 2 2 2 2 2 2 2 2 2 2 2 2 2 2 2 2 2 2 2 2 2
left_child=1 2 17 4 12 11 -7 -8 -9 -10 -11 -6 13 27 16 -16 -4 20 19 -19 23 22 -22 26 25 -25 -1 -2 -29 -30
right_child=3 -3 14 -5 5 6 7 8 9 10 -12 -13 -14 -15 15 -17 -18 18 -20 -21 21 -23 -24 24 -26 -27 -28 28 29 -31
leaf_value=0.089532907651145521 -0.042842233315657563 0.10318220866126127 0.017072757373818741 0.041665703616673717 -0.05423122782427281 0.03403805866486289 -0.064975485949340647 0.10474422765020037 0.046254724761464951 -0.098176222773432173 0.019712316781756192 0.04919435393175757 -0.089584123013745645 -0.126772968870417 0.031029350915757672 0.10473906520349033 -0.048376843587253443 0.084122392217153577 0.12486027482183469 -0.031222238714802786 0.05123972102967117 0.098476499672374956 -0.061417569231628139 0.051787766529191086 -0.117784911231329 -0.061520000814680786 0.0039784124904978001 -0.041345015463251478 -0.0069438105964763882 0.080990046126995077
leaf_weight=4.2519805729389182 112.21279244124889 4.9037999659776679 146.36558113992214 7.2079142481088629 42.611593559384346 25.844028830528259 18.04270738363266 3.799525827169421 13.744011163711548 6.8519953787326813 4.1024476587772369 3.4211755245923987 11.294556498527525 3.8221176713705054 94.254552781581879 7.599969044327735 6.3068554103374472 5.5084632039070147 4.4937648326158515 7.8026860356330872 8.640377148985861 9.3922903537750244 6.6149569749832162 6.5777647495269793 6.1644972115755072 5.2765291333198547 290.62113645672798 43.055021196603775 18.145914465188984 7.5856471061706534
leaf_count=20 680 24 686 36 257 152 111 21 81 41 25 21 71 23 436 33 30 25 22 37 41 44 34 31 33 27 1445 270 106 43
internal_value=-0.000319358 0.0146224 0.0139103 -0.0288697 -0.0304861 -0.0168333 0.00206144 -0.0156952 0.0155053 0.00177708 -0.0540269 -0.0465446 -0.0387299 -0.0356221 0.0232369 0.0365293 0.0143691 0.00722986 0.0438565 0.0165101 0.00529784 0.0390048 0.00238972 0.00264262 -0.039406 0.00135273 0.00521208 -0.0336973 -0.0187791 0.018979
internal_weight=936.517 614.775 609.871 321.741 314.534 118.417 72.3847 46.5407 28.498 24.6985 10.9544 46.0328 196.116 184.821 254.527 101.855 152.672 355.344 17.8049 13.3111 337.54 24.6476 15.2553 312.892 18.0188 11.8543 294.873 180.999 68.7866 25.7316
internal_count=4906 2968 2944 1938 1902 709 431 279 168 147 66 278 1193 1122 1185 469 716 1759 84 62 1675 119 75 1556 91 58 1465 1099 419 149
is_linear=0
shrinkage=0.1


Tree=8
num_leaves=31
num_cat=0
split_feature=7 5 67 64 0 26 177 8 140 99 87 146 53 81 61 0 99 16 0 9 1 74 0 80 8 14 13 15 5 1
split_gain=32.7847 3.4494 3.38247 7.25074 5.65351 7.51712 4.64661 4.26289 3.21662 4.8238 3.98058 3.49675 3.05138 5.57777 4.53663 5.27752 4.29191 4.0593 7.82164 7.77089 7.45084 6.14508 5.07375 4.77374 4.80411 4.1681 4.02798 3.77996 9.07422 6.21842
threshold=1.0000000180025095e-35 1.0000000180025095e-35 1.0000000180025095e-35 1.0000000180025095e-35 15.260780334472658 1.0000000180025095e-35 1.0000000180025095e-35 1.0000000180025095e-35 1.0000000180025095e-35 1.0000000180025095e-35 1.0000000180025095e-35 1.0000000180025095e-35 1.0000000180025095e-35 1.0000000180025095e-35 1.0000000180025095e-35 4.0561258792877206 1.0000000180025095e-35 1.0000000180025095e-35 10.120465755462648 1.0000000180025095e-35 -0.20876112580299375 1.0000000180025095e-35 11.690622806549074 1.0000000180025095e-35 1.0000000180025095e-35 1.0000000180025095e-35 1.0000000180025095e-35 1.0000000180025095e-35 1.0000000180025095e-35 -0.13499125093221662
decision_type=2 2 2 2 2 2 2 2 2 2 2 2 2 2 2 2 2 2 2 2 2 2 2 2 2 2 2 2 2 2
left_child=2 -2 3 8 7 -6 12 -5 10 -10 11 -1 14 -14 17 -16 -15 21 20 22 -19 23 -20 27 -25 26 -22 28 29 -4
right_child=1 -3 6 4 5 -7 -8 -9 9 -11 -12 -13 13 16 15 -17 -18 18 19 -21 25 -23 -24 24 -26 -27 -28 -29 -30 -31
leaf_value=-0.0023953716059325423 -0.034351616207922882 -0.012590942741084696 -0.070021682153736983 -0.056371991387705295 0.17511638720426939 0.020342637859579134 0.11625021637677194 0.074332015900265058 -0.01290941997476772 -0.13396822172492059 0.07228949121801824 0.088656374066591062 0.054730207575076961 0.01867888583144417 0.067952056175831457 -0.015900295915227982 -0.085210075375065406 0.042403820747174685 0.1177669109200898 0.19178248990892527 0.062556096308993656 -0.036566120873002934 -0.013143284550717785 0.022722831144512522 0.16951162658597388 -0.090966171670022522 -0.060105879296772614 0.037973977470359938 0.044057661418563369 0.023432900513405741
leaf_weight=197.68466487526894 202.37141627073288 113.81243422627449 20.857945263385773 5.5647184848785418 6.7053539305925351 5.8984169214963913 4.8667258769273749 4.5239396095275879 13.919830307364466 4.3108782768249503 7.8137061446905127 4.3097691535949698 50.211467519402504 17.267393872141842 8.3911275118589383 71.144110828638077 5.166401579976081 49.48552793264389 5.7713894844055194 5.8115131855010977 5.8966858088970202 23.504209131002426 6.0790718644857407 4.8815021812915784 4.1041523963212967 7.2971571385860434 4.9031845033168793 37.335956513881683 23.340130195021629 10.810050264000894
leaf_count=958 1246 692 102 26 30 27 22 21 68 23 37 21 236 83 39 345 25 238 28 26 29 113 29 24 19 34 24 178 111 52
internal_value=-0.000329256 -0.0265187 0.013073 0.00411986 0.0580275 0.102684 0.0191876 0.00223809 -0.00124456 -0.0415353 0.00225639 -0.000452684 0.0178837 0.0362087 0.0132871 -0.0070537 -0.00524627 0.0209881 0.0378097 0.0970631 0.0223245 0.00950121 0.0506124 0.0201869 0.0897679 -0.0325817 0.00686707 0.0134162 -0.00325199 -0.0381204
internal_weight=934.041 316.184 617.857 250.731 22.6924 12.6038 367.126 10.0887 228.039 18.2307 209.808 201.994 362.259 72.6453 289.614 79.5352 22.4338 210.078 85.2445 17.662 67.5826 124.834 11.8505 101.33 8.98565 18.097 10.7999 92.3441 55.0081 31.668
internal_count=4906 1938 2968 1211 104 57 1757 47 1107 91 1016 979 1735 344 1391 384 108 1007 408 83 325 599 57 486 43 87 53 443 265 154
is_linear=0
shrinkage=0.1


Tree=9
num_leaves=31
num_cat=0
split_feature=7 142 14 14 174 98 0 36 54 11 0 15 10 54 0 6 11 15 61 0 26 5 99 81 49 11 134 13 77 12
split_gain=26.772 3.40108 3.23393 3.22735 3.29943 2.99858 4.69414 3.19267 5.69907 6.83336 6.23827 4.34147 4.21745 3.76517 3.62554 3.31411 5.89615 5.08373 6.93312 3.21255 3.10437 2.90309 3.57222 6.60158 3.48893 3.37172 3.09234 2.88575 2.66818 2.66612
threshold=1.0000000180025095e-35 1.0000000180025095e-35 1.0000000180025095e-35 1.0000000180025095e-35 1.0000000180025095e-35 1.0000000180025095e-35 10.120465755462648 1.0000000180025095e-35 1.0000000180025095e-35 1.0000000180025095e-35 8.6844625473022479 1.0000000180025095e-35 1.0000000180025095e-35 1.0000000180025095e-35 5.07460641860962 1.0000000180025095e-35 1.0000000180025095e-35 1.0000000180025095e-35 1.0000000180025095e-35 10.120465755462648 1.0000000180025095e-35 1.0000000180025095e-35 1.0000000180025095e-35 1.0000000180025095e-35 1.0000000180025095e-35 1.0000000180025095e-35 1.0000000180025095e-35 1.0000000180025095e-35 1.0000000180025095e-35 1.0000000180025095e-35
decision_type=2 2 2 2 2 2 2 2 2 2 2 2 2 2 2 2 2 2 2 2 2 2 2 2 2 2 2 2 2 2
left_child=2 3 29 4 21 7 -7 8 9 12 -11 13 14 20 -5 17 19 -10 -19 -17 -9 24 -23 -24 -2 26 -26 -16 -4 -1
right_child=1 -3 28 5 -6 6 -8 11 15 10 -12 -13 -14 -15 27 16 -18 18 -20 -21 -22 22 23 -25 25 -27 -28 -29 -30 -31
leaf_value=0.013099593716027612 -0.050568307150671232 -0.12379359409890099 0.018487094187514846 0.17152039436301048 -0.10584270923195611 0.020210105479239102 -0.089960669204670107 -0.10486756037728173 -0.067069251041693062 -0.086058365633758363 0.056239058090376139 -0.093407352132830274 0.018209362195824162 0.064639733925164575 0.00070076688541911923 0.02873194826947827 0.11572267273287583 -0.078772568150753952 0.089776458788761573 -0.084012746633168767 0.0069539818280573082 -0.02234191207618106 0.10087413861855712 -0.068695568568402754 -0.020299791900989586 0.025575019076870847 -0.12368369882317234 0.11856983484091257 0.080035356118327516 -0.0042165197171114771
leaf_weight=204.42628636956215 78.263575538992882 3.3960279971361151 251.35334700345993 4.963513359427453 5.77291016280651 6.0845024734735516 10.613769203424452 4.2703182846307737 19.817432045936584 7.1314189136028272 5.4241178631782532 8.5445460081100464 10.127870261669159 5.2087961733341226 3.8928231298923475 5.6525004506111127 4.4968873262405387 4.1563995182514208 5.9114933907985687 4.5710928440093994 5.9306759387254715 58.642557337880135 6.6096199899911863 3.5178309231996536 16.376690328121189 13.940084978938101 3.5140272825956336 4.4532460123300552 7.2464682608842841 157.35943922400475
leaf_count=998 514 22 1159 28 38 36 63 25 118 42 32 50 58 31 23 32 26 25 34 27 35 373 41 22 106 88 23 26 32 779
internal_value=-0.000335599 -0.0242666 0.011672 -0.0231688 -0.031421 -0.0104665 -0.0498167 -0.00418189 0.00534468 0.0349469 -0.0245845 -0.0362358 0.0668381 -0.00453483 0.103842 -0.0185417 0.0202962 -0.0376719 0.0201932 -0.0216776 -0.0398565 -0.0290456 -0.0128705 0.0419731 -0.038969 -0.0121355 -0.0385643 0.0635926 0.0202118 0.00556791
internal_weight=931.67 311.285 620.386 307.889 186.637 121.251 16.6983 104.553 80.5988 35.993 12.5555 23.9543 23.4375 15.4098 13.3096 44.6058 14.7205 29.8853 10.0679 10.2236 10.201 180.864 68.77 10.1275 112.094 33.8308 19.8907 8.34607 258.6 361.786
internal_count=4906 1938 2968 1916 1205 711 99 612 471 209 74 141 135 91 77 262 85 177 59 59 60 1167 436 63 731 217 129 49 1191 1777
is_linear=0
shrinkage=0.1


Tree=10
num_leaves=31
num_cat=0
split_feature=7 44 77 84 101 12 262 149 0 1 6 72 35 73 67 9 0 38 135 13 26 55 78 0 151 1 5 16 0 40
split_gain=22.0378 3.20326 3.2508 3.23228 8.62068 10.0395 3.62087 3.06528 3.0222 7.05168 3.8892 3.36876 3.47341 4.84618 3.07372 2.98448 4.86894 4.23077 4.48026 9.07903 6.72076 3.6883 3.37236 4.66741 3.65986 3.48531 3.1528 6.29944 4.92844 5.02358
threshold=1.0000000180025095e-35 1.0000000180025095e-35 1.0000000180025095e-35 1.0000000180025095e-35 1.0000000180025095e-35 1.0000000180025095e-35 1.0000000180025095e-35 1.0000000180025095e-35 15.132101058959963 0.61715719103813182 1.0000000180025095e-35 1.0000000180025095e-35 1.0000000180025095e-35 1.0000000180025095e-35 1.0000000180025095e-35 1.0000000180025095e-35 2.2026009559631352 1.0000000180025095e-35 1.0000000180025095e-35 1.0000000180025095e-35 1.0000000180025095e-35 1.0000000180025095e-35 1.0000000180025095e-35 4.0561258792877206 1.0000000180025095e-35 -1.0000000180025095e-35 1.0000000180025095e-35 1.0000000180025095e-35 16.661190986633304 1.0000000180025095e-35
decision_type=2 2 2 2 2 2 2 2 2 2 2 2 2 2 2 2 2 2 2 2 2 2 2 2 2 2 2 2 2 2
left_child=7 -2 3 6 5 -5 8 15 9 -3 -11 -10 -13 14 -14 -1 -17 -18 22 20 -20 -22 24 -24 26 -26 27 28 29 -19
right_child=1 2 -4 4 -6 -7 -8 -9 11 10 -12 12 13 -15 -16 16 17 18 19 -21 21 -23 23 -25 25 -27 -28 -29 -30 -31
leaf_value=0.0038525959948133119 -0.079752672566227256 -0.022416030258325777 0.046844273517717992 0.18796625588961133 -0.059987296345433427 -0.013697999429956385 -0.12447091914959139 0.087480777033226098 0.03477404913141463 0.0060927967862026144 0.1396535627721914 -0.076356331405053324 0.0073172784213701427 0.094151487658943461 -0.12467201272268669 0.12675483478289637 -0.072002690065827282 -0.0030345779516516343 0.09535146303410523 -0.074079452953399919 0.029631834702871299 -0.084693438080464478 -0.0095223794317025601 0.11123894110239266 0.021674037177838879 -0.091951743502566713 0.038093586990457215 0.040442833193225551 0.086012765368187222 -0.080862353780800714
leaf_weight=355.79424542188644 9.4044696539640409 218.20183596014977 7.004188433289527 4.6580301672220248 7.6942943036556235 5.2520221769809723 3.5954077243804923 5.1241870373487464 4.3950596600770941 4.6180747449398023 4.130063384771347 27.374038010835648 3.7826281487941724 3.1911226063966751 3.3067595362663269 4.0467237830162039 5.3249575197696677 49.075478255748749 8.6458183377981186 14.963222101330755 6.3054083287715912 5.1078586876392365 4.8383231610059729 9.4547911137342435 5.2704366594552994 5.5340963751077634 82.322756186127663 46.071206033229828 5.1282866150140753 9.980249270796774
leaf_count=1713 64 1382 35 26 49 32 23 24 28 30 25 179 24 20 21 19 25 236 41 74 30 25 22 43 24 26 384 209 24 49
internal_value=-0.00034541 -0.0222929 -0.0204747 -0.0220995 0.0194299 0.0810904 -0.0247815 0.0104562 -0.023449 -0.0188866 0.0691479 -0.0480737 -0.0577437 -0.00818373 -0.0542475 0.00981741 0.0179154 0.0162084 0.0180673 -0.0151286 0.0288463 -0.0215329 0.0234082 0.0703604 0.0201086 -0.0365252 0.023286 0.0122298 -0.00802149 -0.0161872
internal_weight=929.596 306.608 297.204 290.199 17.6043 9.91005 272.595 622.988 269 226.95 8.74814 42.0496 37.6545 10.2805 7.08939 617.864 262.07 258.023 252.698 35.0223 20.0591 11.4133 217.676 14.2931 203.383 10.8045 192.578 110.255 64.184 59.0557
internal_count=4906 1938 1874 1839 107 58 1732 2968 1709 1437 55 272 244 65 45 2944 1231 1212 1187 170 96 55 1017 65 952 50 902 518 309 285
is_linear=0
shrinkage=0.1


Tree=11
num_leaves=31
num_cat=0
split_feature=7 142 9 67 11 129 0 26 69 0 55 0 10 100 76 0 14 312 16 137 73 0 129 1 0 10 60 81 5 63
split_gain=18.0681 3.09586 2.71097 5.60612 3.54353 7.14758 6.5192 5.18688 3.34547 6.66674 3.63239 5.27166 3.21151 2.87717 2.85659 2.67564 2.62197 2.57074 2.48938 4.33515 3.6829 3.4634 3.36929 4.61726 4.25525 3.90452 4.48475 5.3496 4.97325 3.13323
threshold=1.0000000180025095e-35 1.0000000180025095e-35 1.0000000180025095e-35 1.0000000180025095e-35 1.0000000180025095e-35 1.0000000180025095e-35 7.0266940593719491 1.0000000180025095e-35 1.0000000180025095e-35 10.035592079162599 1.0000000180025095e-35 8.4175219535827654 1.0000000180025095e-35 1.0000000180025095e-35 1.0000000180025095e-35 17.006159782409672 1.0000000180025095e-35 1.0000000180025095e-35 1.0000000180025095e-35 1.0000000180025095e-35 1.0000000180025095e-35 4.6392881870269784 1.0000000180025095e-35 -0.39082820713520044 5.7535934448242196 1.0000000180025095e-35 1.0000000180025095e-35 1.0000000180025095e-35 1.0000000180025095e-35 1.0000000180025095e-35
decision_type=2 2 2 2 2 2 2 2 2 2 2 2 2 2 2 2 2 2 2 2 2 2 2 2 2 2 2 2 2 2
left_child=16 2 14 13 5 8 -6 -8 9 10 -5 -12 -10 -4 15 -2 17 18 22 29 21 -21 24 25 -1 26 28 -28 -24 -20
right_child=1 -3 3 4 6 -7 7 -9 12 -11 11 -13 -14 -15 -16 -17 -18 -19 19 20 -22 -23 23 -25 -26 -27 27 -29 -30 -31
leaf_value=-0.099404548311154334 -0.025840562958854923 -0.12034530172059194 -0.042848025326566785 0.12502312014979952 0.10880051357863792 -0.067398752479585072 0.082509581383531844 -0.039677354395432546 0.012721769112214508 -0.063775333724937155 -0.062728471614851997 0.077957490045063527 0.13638519157601983 0.053647118365534763 0.055952093004165163 -0.079510844599569197 0.017002459272772472 0.072326951627421296 0.020242244725240346 -0.05635730083926304 -0.11987825340766095 0.064784728421331358 -0.081285030720531823 0.11831725550908274 -0.0089941536642575513 -0.023581830830172429 0.02295323441103192 0.15344033092916387 0.047653526573734305 -0.051087258556116948
leaf_weight=5.4040999263525 170.81530371308327 3.0691690668463698 40.376110270619392 3.9403551667928705 8.9549954980611819 13.510553658008574 5.2501784414052937 10.270615056157112 4.2767039686441404 9.7526817917823774 4.9658321440219879 5.7446214109659195 4.1261490434408188 3.3460458219051352 4.0704637169837943 9.8229642659425718 261.11475148797035 5.4041310846805564 140.68478770554066 5.8758721351623517 4.1693502217531195 3.9441503435373306 5.3136562705039978 4.1806981712579718 141.87510114908218 20.744965359568596 7.7691177874803543 5.2751351594924927 6.8447565138339996 6.4401146918535224
leaf_count=28 1106 22 261 23 56 85 32 63 26 62 33 33 24 21 20 71 1191 25 669 29 20 20 27 20 710 104 37 24 33 31
internal_value=-0.000351123 -0.0204226 -0.0193977 -0.00730904 0.0100793 -0.00618456 0.0408562 0.0016545 0.0190251 0.000286523 0.0429309 0.0127294 0.0734456 -0.0354633 -0.0268923 -0.0287591 0.00935618 0.00387001 0.00283813 0.0120618 -0.0411342 -0.00770137 -0.00468976 0.0177035 -0.0123116 0.00854879 0.0349963 0.0757226 -0.00869718 0.0171199
internal_weight=927.333 302.293 299.224 114.515 70.7927 46.3169 24.4758 15.5208 32.8063 24.4035 14.6508 10.7105 8.40285 43.7222 184.709 180.638 625.041 363.926 358.522 161.114 13.9894 9.82002 197.408 50.1283 147.279 45.9476 25.2027 13.0443 12.1584 147.125
internal_count=4906 1938 1916 719 437 286 151 95 201 151 89 66 50 282 1197 1177 2968 1777 1752 769 69 49 983 245 738 225 121 61 60 700
is_linear=0
shrinkage=0.1


Tree=12
num_leaves=31
num_cat=0
split_feature=7 44 14 11 54 57 0 55 0 97 0 73 67 0 83 0 67 10 0 11 50 0 1 12 0 40 67 9 16 8
split_gain=14.8224 2.72183 2.60455 3.0189 5.75442 7.89303 6.95936 3.68139 3.54599 3.42915 3.75086 4.43656 2.83272 4.94469 2.7064 2.63286 7.1699 2.6243 4.85715 2.53185 6.81874 9.61229 4.43968 3.82041 5.01732 4.12056 3.69039 3.21227 3.38614 2.97364
threshold=1.0000000180025095e-35 1.0000000180025095e-35 1.0000000180025095e-35 1.0000000180025095e-35 1.0000000180025095e-35 1.0000000180025095e-35 3.7686516046524052 1.0000000180025095e-35 8.2737851142883319 1.0000000180025095e-35 14.176591396331789 1.0000000180025095e-35 1.0000000180025095e-35 8.4175219535827654 1.0000000180025095e-35 6.2258727550506601 1.0000000180025095e-35 1.0000000180025095e-35 10.260096073150637 1.0000000180025095e-35 1.0000000180025095e-35 5.4948666095733651 -0.44832307100296015 1.0000000180025095e-35 8.2737851142883319 1.0000000180025095e-35 1.0000000180025095e-35 1.0000000180025095e-35 1.0000000180025095e-35 1.0000000180025095e-35
decision_type=2 2 2 2 2 2 2 2 2 2 2 2 2 2 2 2 2 2 2 2 2 2 2 2 2 2 2 2 2 2
left_child=-1 -2 19 4 5 6 -4 14 -5 10 11 -10 -6 -14 15 -8 -17 18 -15 22 21 27 -3 24 -22 -25 -26 28 -21 -24
right_child=1 2 3 8 12 -7 7 -9 9 -11 -12 -13 13 17 -16 16 -18 -19 -20 20 23 -23 29 25 26 -27 -28 -29 -30 -31
leaf_value=0.0083795193288176469 -0.073842830083810498 -0.073690486619665208 0.11047484980535711 -0.062023922431441697 -0.051535461877664404 0.14623735576237301 0.099295099197813652 -0.086945446002320195 0.11681342283049961 -0.095241316683549973 -0.040195818669258067 -0.0034678613712936339 -0.076290270416217693 0.085257272057980393 -0.069859770825310238 0.11981092179647908 -0.050522692634096367 0.072400540704704933 -0.060137806482132544 -0.054446552800814979 -0.013721057116312121 -0.064029172551010635 -0.0064270071475815253 0.05598342071587669 0.17768940645500717 -0.079648926817440707 0.042130328792890415 0.082945221041856892 0.060978490135444478 -0.045005044098215846
leaf_weight=626.7657967954874 8.6906756609678251 22.807632207870483 6.1325227618217495 17.103062719106674 16.309246927499771 5.4831020683050147 3.9451122879982057 4.8321416229009619 5.2823641598224693 3.4216983765363684 8.1147350370883924 7.3104736357927322 5.9307109415531185 3.6901257336139697 3.3871804326772681 3.6478086560964567 7.6616481840610504 7.8350489139556876 6.0888016819953918 6.0117420256137866 4.4090055525302896 31.180420830845833 44.551115974783897 4.3918692022562027 4.6109816133975965 4.5713463574647903 3.5577559024095535 6.7421178072690955 4.4030867069959641 36.228599444031715
leaf_count=2968 64 157 33 106 103 33 23 29 31 22 50 45 36 21 20 22 45 45 38 42 27 216 300 27 29 30 22 43 31 248
internal_value=-0.000353466 -0.0187006 -0.017046 -0.00545868 0.00649821 0.0360294 0.0156189 -0.00916209 -0.0271914 -0.00250178 0.0128224 0.046987 -0.0195026 0.00268634 0.0110002 0.0289546 0.00441756 0.0292782 -0.00527227 -0.0248065 -0.0100971 -0.0309503 -0.0347292 0.0366968 0.0722479 -0.0131907 0.118649 0.0291661 -0.0056482 -0.0237287
internal_weight=925.098 298.332 289.641 116.176 74.9435 35.0895 29.6064 23.4739 41.2323 24.1293 20.7076 12.5928 39.8539 23.5447 18.6417 15.2546 11.3095 17.614 9.77893 173.466 69.8783 48.3374 103.587 21.541 12.5777 8.96322 8.16874 17.1569 10.4148 80.7797
internal_count=4906 1938 1874 702 448 205 172 139 254 148 126 76 243 140 110 90 67 104 59 1172 467 332 705 135 78 57 51 116 73 548
is_linear=0
shrinkage=0.1


Tree=13
num_leaves=31
num_cat=0
split_feature=7 5 10 13 32 61 6 51 1 49 67 0 6 8 60 67 0 16 67 64 99 39 73 177 139 15 43 0 83 6
split_gain=12.2361 2.79412 2.9746 5.20568 8.66177 5.80475 4.30976 3.29598 8.19923 3.11817 3.50536 3.17505 2.96159 4.29457 4.60063 2.57362 2.82713 3.40838 2.52145 5.74349 5.66997 6.94997 4.70176 3.45069 2.83737 5.26955 3.70839 3.96724 5.23744 5.36762
threshold=1.0000000180025095e-35 1.0000000180025095e-35 1.0000000180025095e-35 1.0000000180025095e-35 1.0000000180025095e-35 1.0000000180025095e-35 1.0000000180025095e-35 1.0000000180025095e-35 -0.14837630838155744 1.0000000180025095e-35 1.0000000180025095e-35 4.8090348243713388 1.0000000180025095e-35 1.0000000180025095e-35 1.0000000180025095e-35 1.0000000180025095e-35 12.123203277587892 1.0000000180025095e-35 1.0000000180025095e-35 1.0000000180025095e-35 1.0000000180025095e-35 1.0000000180025095e-35 1.0000000180025095e-35 1.0000000180025095e-35 1.0000000180025095e-35 1.0000000180025095e-35 1.0000000180025095e-35 10.513347148895265 1.0000000180025095e-35 1.0000000180025095e-35
decision_type=2 2 2 2 2 2 2 2 2 2 2 2 2 2 2 2 2 2 2 2 2 2 2 2 2 2 2 2 2 2
left_child=18 -2 3 4 15 -6 9 8 -8 10 -4 -12 13 14 -5 -3 17 -17 19 24 21 22 -21 -20 26 -26 -1 28 -28 -30
right_child=1 2 6 12 5 -7 7 -9 -10 -11 11 -13 -14 -15 -16 16 -18 -19 23 20 -22 -23 -24 -25 25 -27 27 -29 29 -31
leaf_value=0.078085584842836897 -0.024565528352665761 -0.06974438301436546 -0.080925857157556041 0.079951058420190027 0.01118144051465385 0.17188120640049206 -0.030866519793402693 -0.049671381328563323 0.17325512299118623 -0.092497093802350522 -0.06024263376108855 0.041235159638690774 0.099250213112344887 0.098812439618204573 -0.063146526467646943 0.043500366952459825 -0.071726813127550068 -0.060370809622704281 0.01160477842019448 -0.075992261056696014 0.14018754926258101 0.11651137312836896 0.045429641337747774 0.094371394302523115 -0.078691319601532361 0.014006018299940769 0.00020870081168970715 -0.017851183253629051 0.01807385609814258 0.13392797074548854
leaf_weight=5.7489003092050543 187.0518631786108 13.153093904256819 6.9855237752199182 3.3817845731973666 5.8526980429887754 3.6493304371833801 4.2764005810022354 3.8556150943040848 3.6453239023685438 9.5262628346681613 4.7100155800580987 8.9269739389419538 7.5009907707571974 4.9261612445116034 6.6940083652734756 9.9537424594163912 5.8556387722492209 4.6278132647275916 369.46332016587257 6.8000933527946525 5.1133660823106757 5.3671344667673102 6.0055623352527618 5.106896460056304 13.609692260622978 11.162206098437309 85.815739154815674 97.332327097654343 10.877975255250933 6.323931246995925
leaf_count=27 1246 89 46 21 37 21 28 24 22 62 31 56 47 32 45 62 39 30 1735 31 23 23 27 22 70 52 408 470 51 29
internal_value=-0.000363089 -0.0171815 -0.00433575 0.00896183 -0.0113956 0.0728995 -0.0251404 0.026157 0.0630637 -0.0451793 -0.0233215 0.00618622 0.0479455 0.0222931 -0.015118 -0.035241 -0.013035 0.0105343 0.00751673 -0.000171197 0.0471627 0.0209879 -0.0190481 0.0127332 -0.00494541 -0.0369219 -0.00110201 -0.00337424 0.0103037 0.0606653
internal_weight=923.3 294.573 107.521 65.5953 43.0923 9.50203 41.9261 11.7773 7.92172 30.1488 20.6225 13.637 22.5029 15.002 10.0758 33.5903 20.4372 14.5816 628.727 254.157 23.2862 18.1728 12.8057 374.57 230.871 24.7719 206.099 200.35 103.018 17.2019
internal_count=4906 1938 692 423 278 58 269 74 50 195 133 87 145 98 66 220 131 92 2968 1211 104 81 58 1757 1107 122 985 958 488 80
is_linear=0
shrinkage=0.1


Tree=14
num_leaves=31
num_cat=0
split_feature=7 147 14 17 168 99 8 6 11 128 50 87 16 67 0 0 51 21 67 5 12 0 98 0 9 0 156 38 312 0
split_gain=10.0438 2.62906 2.52716 2.97753 2.74426 2.66248 6.67476 7.1266 3.18365 4.72418 6.01122 3.84362 3.15103 3.0937 2.9933 4.271 4.09342 2.53042 3.0385 2.67416 3.45642 2.97866 2.50427 3.29027 2.44349 4.79187 3.89883 3.73449 2.46674 2.58709
threshold=1.0000000180025095e-35 1.0000000180025095e-35 1.0000000180025095e-35 1.0000000180025095e-35 1.0000000180025095e-35 1.0000000180025095e-35 1.0000000180025095e-35 1.0000000180025095e-35 1.0000000180025095e-35 1.0000000180025095e-35 1.0000000180025095e-35 1.0000000180025095e-35 1.0000000180025095e-35 1.0000000180025095e-35 11.494866847991945 7.5277206897735605 1.0000000180025095e-35 1.0000000180025095e-35 1.0000000180025095e-35 1.0000000180025095e-35 1.0000000180025095e-35 9.0704994201660174 1.0000000180025095e-35 9.7960300445556658 1.0000000180025095e-35 2.1683777570724492 1.0000000180025095e-35 1.0000000180025095e-35 1.0000000180025095e-35 16.880219459533695
decision_type=2 2 2 2 2 2 2 2 2 2 2 2 2 2 2 2 2 2 2 2 2 2 2 2 2 2 2 2 2 2
left_child=24 2 3 -2 22 8 7 12 11 10 17 -5 -7 -9 15 -12 -16 18 -10 20 21 -20 -4 -24 28 -26 27 -27 29 -1
right_child=1 -3 4 5 -6 6 -8 13 9 -11 14 -13 -14 -15 16 -17 -18 -19 19 -21 -22 -23 23 -25 25 26 -28 -29 -30 -31
leaf_value=-0.0017338793272732756 -0.1173722995537746 -0.094671053245018191 -0.00094747463858444586 -0.04269531647048231 0.061081908852410119 0.03344627866747845 -0.054558262597635958 0.063231342953791583 -0.078938167504782344 0.063275411325567049 0.014089721713158646 0.059854620468235836 -0.08808265544217786 0.20404852688894373 -0.097827803806670957 0.15057428578870496 0.043125700917488206 -0.11960710074812908 0.062479507710623411 0.044884175579014307 -0.12055335357369656 -0.064102276228396246 0.021920735284543587 -0.080494901595740645 0.13721965059061542 -0.069216009506526774 -0.072007122248340258 0.016008671336838778 0.071846655387562811 0.033933175365139061
leaf_weight=336.14241842925549 3.2280983328819266 4.1574669107794753 94.486926577985287 81.393891885876656 6.2992848157882682 6.9840474054217356 10.253771647810938 3.178708240389823 9.9196263551712089 8.0772333443164808 6.3761346191167849 3.8266782835125914 3.0719199180603027 3.0640084221959114 3.6337651759386045 3.5801580846309662 4.7581569999456406 4.0749895125627509 3.7677583396434802 5.929793804883956 3.4942939430475235 3.6695150807499886 4.7188967019319525 9.3568416163325292 3.118730977177619 5.2480279505252829 5.3445308357477179 253.60881905257702 4.9018498659133902 21.646080866456032
leaf_count=1606 26 32 576 577 37 47 71 21 74 55 39 26 22 21 23 21 31 30 25 39 25 28 29 63 14 25 25 1176 22 100
internal_value=-0.000363866 -0.0157188 -0.0145756 -0.0222357 -0.00308621 -0.0204191 0.00865381 0.0484216 -0.0258362 -0.00760496 -0.0192405 -0.0380905 -0.00367866 0.132346 0.0260861 0.0631679 -0.0179082 -0.0461935 -0.0350229 -0.00918737 -0.0385183 2.46618e-05 -0.00680953 -0.04616 0.00673587 0.01399 0.0125353 0.0142808 0.00138926 0.000423965
internal_weight=921.312 291.302 287.144 172.283 114.862 169.054 26.5525 16.2987 142.502 57.2814 49.2042 85.2206 10.056 6.24272 18.3482 9.95629 8.39192 30.856 26.781 16.8614 10.9316 7.43727 108.563 14.0757 630.01 267.32 264.201 258.857 362.69 357.788
internal_count=4906 1938 1906 1201 705 1175 182 111 993 390 335 603 69 42 114 60 54 221 191 117 78 53 668 92 2968 1240 1226 1201 1728 1706
is_linear=0
shrinkage=0.1


Tree=15
num_leaves=31
num_cat=0
split_feature=7 141 103 5 61 32 49 0 108 26 0 9 55 133 1 13 65 156 0 1 59 1 0 140 10 73 69 149 67 64
split_gain=8.26923 2.34113 2.26147 2.54338 2.53187 4.3132 5.85785 4.03823 4.24963 4.64718 3.53975 2.43509 5.28331 4.08818 3.49661 3.57424 3.32209 2.82732 2.7065 2.87949 4.84338 3.82682 5.68394 2.89187 3.70006 3.00932 2.3684 2.24424 2.24796 4.23715
threshold=1.0000000180025095e-35 1.0000000180025095e-35 1.0000000180025095e-35 1.0000000180025095e-35 1.0000000180025095e-35 1.0000000180025095e-35 1.0000000180025095e-35 15.260780334472658 1.0000000180025095e-35 1.0000000180025095e-35 9.4346337318420428 1.0000000180025095e-35 1.0000000180025095e-35 1.0000000180025095e-35 -0.19324663281440732 1.0000000180025095e-35 1.0000000180025095e-35 1.0000000180025095e-35 5.0171115398406991 -0.33318121731281275 1.0000000180025095e-35 -0.10076811909675597 8.8720054626464862 1.0000000180025095e-35 1.0000000180025095e-35 1.0000000180025095e-35 1.0000000180025095e-35 1.0000000180025095e-35 1.0000000180025095e-35 1.0000000180025095e-35
decision_type=2 2 2 2 2 2 2 2 2 2 2 2 2 2 2 2 2 2 2 2 2 2 2 2 2 2 2 2 2 2
left_child=27 2 3 11 -5 6 7 8 9 10 -6 16 13 14 -13 -16 17 -2 -14 -20 -21 -22 -23 24 25 -24 -26 28 29 -1
right_child=1 -3 -4 4 5 -7 -8 -9 -10 -11 -12 12 18 -15 15 -17 -18 -19 19 20 21 22 23 -25 26 -27 -28 -29 -30 -31
leaf_value=-0.0059221432750888566 -0.029006957645587986 -0.091400099181848743 -0.093536285753659368 -0.011864718068903804 -0.072167854547977528 0.087395288208358665 -0.12294280300805825 -0.089723870302543723 -0.067453821884293552 0.095341926805360092 0.051018554037381349 0.13575975995083997 -0.087061163904448666 -0.033498219714236228 -0.013664384548457538 0.094076303482676357 -0.11760270724745017 0.058438210570113482 0.079403310770935043 -0.12365806369492811 -0.099684626018717359 0.12090059823490942 -0.010832417257364542 0.062948880095335571 -0.014268109652986017 -0.10632344136734993 0.088877122780011253 0.070527847578996161 0.010421674103806802 0.038811520214630718
leaf_weight=229.34658288955688 97.749499171972275 3.8952183350920668 3.4737321510910979 64.563395984470844 3.9969720765948402 7.719241499900817 3.2611857727169982 3.0363730043172827 3.6025051325559607 10.803733371198177 5.6019238159060478 4.4261042028665587 6.008235588669776 6.5829396173357955 7.1990057975053787 5.3803278058767319 4.0916290655732146 3.8428108841180793 2.9812220260500899 4.2300842776894561 4.2401482686400369 3.5394195616245332 6.1366899162530935 4.1940014362335196 7.2764915302395821 7.1400264576077461 3.2074475884437561 5.3512902557849875 373.34473122656345 23.327774569392204
leaf_count=1101 681 32 24 423 28 43 22 21 25 68 36 24 44 43 47 32 33 26 21 28 29 21 40 26 48 53 20 24 1740 103
internal_value=-0.000363573 -0.0143999 -0.0133449 -0.0123529 0.000191251 0.020663 0.00366372 0.0189324 0.0326761 0.0503562 -0.000276162 -0.0195732 -0.00546469 0.0334131 0.059315 0.0324176 -0.0292574 -0.0256993 -0.024198 -0.0154032 -0.0224755 -0.0104978 0.00150966 -0.0136068 -0.0271196 -0.0621861 0.0172881 0.00604313 0.00549191 -0.00179218
internal_weight=919.551 288.18 284.285 280.811 102.585 38.0219 30.3027 27.0415 24.0051 20.4026 9.5989 178.226 72.5421 23.5884 17.0054 12.5793 105.684 101.592 48.9538 42.9455 39.9643 35.7342 31.4941 27.9547 23.7607 13.2767 10.4839 631.37 626.019 252.674
internal_count=4906 1938 1906 1882 666 243 200 178 157 132 64 1216 476 146 103 79 740 707 330 286 265 237 208 187 161 93 68 2968 2944 1204
is_linear=0
shrinkage=0.1


Tree=16
num_leaves=31
num_cat=0
split_feature=7 44 77 84 101 12 262 151 11 0 0 72 35 10 208 187 58 64 167 26 69 99 0 14 8 5 0 108 0 0
split_gain=6.82051 2.2456 2.27692 2.56276 7.07959 6.46553 3.25103 2.92042 2.24148 2.21692 6.60657 2.81079 2.80151 4.99561 2.21653 2.22684 2.18472 2.09328 2.7374 3.63459 2.61791 2.37867 7.22322 5.11597 5.24614 3.71675 3.02309 7.59743 3.38328 2.35733
threshold=1.0000000180025095e-35 1.0000000180025095e-35 1.0000000180025095e-35 1.0000000180025095e-35 1.0000000180025095e-35 1.0000000180025095e-35 1.0000000180025095e-35 1.0000000180025095e-35 1.0000000180025095e-35 15.132101058959963 14.752909183502199 1.0000000180025095e-35 1.0000000180025095e-35 1.0000000180025095e-35 1.0000000180025095e-35 1.0000000180025095e-35 1.0000000180025095e-35 1.0000000180025095e-35 1.0000000180025095e-35 1.0000000180025095e-35 1.0000000180025095e-35 1.0000000180025095e-35 9.2238192558288592 1.0000000180025095e-35 1.0000000180025095e-35 1.0000000180025095e-35 9.3497605323791522 1.0000000180025095e-35 8.4175219535827654 11.998631000518801
decision_type=2 2 2 2 2 2 2 2 2 2 2 2 2 2 2 2 2 2 2 2 2 2 2 2 2 2 2 2 2 2
left_child=14 -2 3 6 5 -5 7 9 -9 10 17 -11 -13 -14 15 -1 -6 18 20 -20 21 26 -23 24 -24 -25 28 29 -3 -28
right_child=1 2 -4 4 16 -7 -8 8 -10 11 -12 12 13 -15 -16 -17 -18 -19 19 -21 -22 22 23 25 -26 -27 27 -29 -30 -31
leaf_value=0.0043420154032681856 -0.066222402115354032 -0.014066944960050462 0.044495115785122615 0.15962819173107468 -0.11979590649128891 -0.002723459851042059 -0.11898440371547658 -0.10519010576861246 -0.0038142764383862259 0.041785189695339807 0.10228996858162509 -0.063753900182432863 0.055199230927040092 -0.094970350608567733 0.075816215133941683 0.065440754656513042 -0.0061304240618173271 0.038851211234381872 -0.022097538318079295 0.10007406730333296 -0.051767759269579633 -0.098951104979479912 0.17509867297788084 -0.062531120377866609 0.014085013639081753 0.072981695709907188 -0.074618416424740514 0.095821920974745151 0.045718399467934621 -0.014737387905498268
leaf_weight=622.11542841792107 7.7706940472125998 95.939399443566799 7.0233215987682334 4.9675615280866641 2.8372099995613089 4.8457933664321899 3.0105925574898711 6.0875937491655332 3.3987417370080948 4.2317749112844458 5.2691040188074103 23.016061700880527 6.0943416357040388 3.4803431704640388 4.442049726843833 6.0229387283325186 4.1856263875961304 8.032077342271803 4.919333949685095 4.8219897374510765 18.42232720553875 4.1106651499867466 4.6512396484613419 4.8611874431371689 3.5818674117326736 3.4677706435322762 22.764854811131954 3.6039957627654067 10.501720033586023 9.2436388507485372
leaf_count=2919 64 651 35 26 21 32 23 43 24 28 34 173 40 23 21 28 28 55 34 30 128 28 30 32 24 21 156 24 68 63
internal_value=-0.000362302 -0.0132028 -0.0117174 -0.0131777 0.0246029 0.0794596 -0.0156868 -0.0144454 -0.0688694 -0.0123032 -0.00823045 -0.034888 -0.0448437 0.000613447 0.00542565 0.00492786 -0.052051 -0.0111579 -0.0132622 0.0383778 -0.0160391 -0.0119943 0.0196989 0.0491475 0.105049 -0.00611021 -0.0166065 -0.041827 -0.00816839 -0.0573256
internal_weight=917.721 285.141 277.37 270.347 16.8362 9.81335 253.511 250.5 9.48634 241.014 204.191 36.8225 32.5907 9.57468 632.58 628.138 7.02284 198.922 190.89 9.74132 181.149 162.726 20.6727 16.5621 8.23311 8.32896 142.054 35.6125 106.441 32.0085
internal_count=4906 1938 1874 1839 107 58 1732 1709 67 1642 1378 264 236 63 2968 2947 49 1344 1289 64 1225 1097 135 107 54 53 962 243 719 219
is_linear=0
shrinkage=0.1


Tree=17
num_leaves=31
num_cat=0
split_feature=7 12 34 79 51 82 54 5 91 11 10 0 267 139 16 105 8 102 138 42 6 0 68 21 10 11 6 0 0 0
split_gain=5.63551 2.14558 4.41387 4.46462 5.39058 4.18954 8.09501 4.66458 4.51239 4.38747 3.84998 3.36037 2.97143 3.65282 3.65715 6.32703 4.49928 6.33375 4.26487 4.34557 4.16532 3.98254 4.10371 3.68421 5.47417 3.20745 3.9127 3.09603 6.96948 4.30488
threshold=1.0000000180025095e-35 1.0000000180025095e-35 1.0000000180025095e-35 1.0000000180025095e-35 1.0000000180025095e-35 1.0000000180025095e-35 1.0000000180025095e-35 1.0000000180025095e-35 1.0000000180025095e-35 1.0000000180025095e-35 1.0000000180025095e-35 11.296372413635256 1.0000000180025095e-35 1.0000000180025095e-35 1.0000000180025095e-35 1.0000000180025095e-35 1.0000000180025095e-35 1.0000000180025095e-35 1.0000000180025095e-35 1.0000000180025095e-35 1.0000000180025095e-35 12.803559303283693 1.0000000180025095e-35 1.0000000180025095e-35 1.0000000180025095e-35 1.0000000180025095e-35 1.0000000180025095e-35 10.035592079162599 6.566735267639161 3.8535249233245854
decision_type=2 2 2 2 2 2 2 2 2 2 2 2 2 2 2 2 2 2 2 2 2 2 2 2 2 2 2 2 2 2
left_child=1 12 5 4 10 8 7 9 -3 -7 -4 -12 13 14 15 -1 18 21 19 27 -21 23 -23 24 25 26 -18 28 29 -16
right_child=-2 2 3 -5 -6 6 -8 -9 -10 -11 11 -13 -14 -15 16 -17 17 -19 -20 20 -22 22 -24 -25 -26 -27 -28 -29 -30 -31
leaf_value=-0.0012487290418837661 -0.012114205442907896 0.012497544966120476 -0.080704777971844485 0.069195773189713594 0.040686571187629153 0.099942427891921912 -0.094936158905226387 -0.066931031335300262 -0.070832299420090242 -0.024417960755657685 0.019537279137847453 -0.082011021552911012 0.089031233254140404 -0.023243260550465581 0.030981391386858695 0.089317109259307748 -0.063716709929490453 -0.10573628686784207 -0.056622321504246925 -0.040216018194505043 0.057243817434091827 0.013037862790559591 0.11108338620333261 0.068119271513580187 -0.068331863455132341 0.063344164109866916 0.055340456884987767 0.085433608206528289 -0.017690194097163537 0.11530404682600787
leaf_weight=178.90966489911079 282.32030995935202 181.0492654889822 22.063782274723053 4.1885613948106757 7.1307696402072898 6.7879460453987139 11.825276106595995 5.0691799968481055 6.7403146326541892 4.8739365488290787 9.7129807621240598 4.903938263654708 4.6727524846792212 32.454267889261246 12.614511981606485 8.0614203959703428 7.2689223289489746 4.9058068841695777 4.4295663386583319 10.381639271974565 7.5923402756452552 10.804672420024874 7.0573125481605521 5.8103936314582816 13.12654399871826 8.0947219282388687 4.450383722782135 23.441376835107803 13.73781234025955 11.642119422554968
leaf_count=842 1938 853 106 20 32 31 57 24 32 23 47 24 22 154 57 38 34 23 21 46 34 49 31 26 63 38 21 104 63 53
internal_value=-0.000362646 0.00487196 -0.00200649 -0.0294397 -0.0388697 0.00408004 -0.0316056 0.0131556 0.00950659 0.0479676 -0.0543355 -0.0145319 0.00979349 0.00877848 0.0119056 0.0026561 0.0238031 0.00326445 0.0388737 0.0442006 0.000951728 0.0127099 0.0517759 -0.00529725 -0.0182472 0.0149333 -0.018505 0.0568537 0.0392208 0.0714526
internal_weight=916.122 633.802 264.346 48 43.8115 216.346 28.5563 16.7311 187.79 11.6619 36.6807 14.6169 369.456 364.783 332.329 186.971 145.358 61.5188 83.8394 79.4098 17.974 56.613 17.862 38.751 32.9406 19.814 11.7193 61.4358 37.9944 24.2566
internal_count=4906 2968 1249 229 209 1020 135 78 885 54 177 71 1719 1697 1543 880 663 285 378 357 80 262 80 182 156 93 55 277 173 110
is_linear=0
shrinkage=0.1


Tree=18
num_leaves=31
num_cat=0
split_feature=7 14 1 0 0 1 74 69 13 0 16 77 6 84 0 137 11 82 82 5 83 99 0 0 0 0 1 0 0 0
split_gain=4.57101 2.10193 2.77749 2.44377 2.35225 2.7699 4.40208 9.27399 7.06877 4.19423 4.12272 3.50275 3.3222 4.42158 3.751 4.4643 5.00815 6.3152 5.49784 5.10339 4.95954 3.71979 3.64489 4.72144 3.39455 13.2907 6.32917 4.87285 5.55042 7.10637
threshold=1.0000000180025095e-35 1.0000000180025095e-35 0.95330443978309642 16.954140663146976 16.495551109313968 0.57973989844322216 1.0000000180025095e-35 1.0000000180025095e-35 1.0000000180025095e-35 14.017796039581301 1.0000000180025095e-35 1.0000000180025095e-35 1.0000000180025095e-35 1.0000000180025095e-35 12.803559303283693 1.0000000180025095e-35 1.0000000180025095e-35 1.0000000180025095e-35 1.0000000180025095e-35 1.0000000180025095e-35 1.0000000180025095e-35 1.0000000180025095e-35 6.1615331172943124 9.3497605323791522 9.2238192558288592 10.843257904052736 -0.23431439697742459 5.3483915328979501 3.6783025264739995 2.6652977466583256
decision_type=2 2 2 2 2 2 2 2 2 2 2 2 2 2 2 2 2 2 2 2 2 2 2 2 2 2 2 2 2 2
left_child=1 -1 3 4 5 9 8 -8 10 11 -7 12 14 21 15 16 18 19 20 22 -3 24 -18 -24 26 -26 27 28 29 -14
right_child=-2 2 -4 -5 -6 6 7 -9 -10 -11 -12 -13 13 -15 -16 -17 17 -19 -20 -21 -22 -23 23 -25 25 -27 -28 -29 -30 -31
leaf_value=-0.00053504943017107607 -0.010989840340605956 -0.063534392298667461 -0.050869981258498544 0.065417354641512646 -0.051572476976213505 -0.07518552030632536 0.16684956676785009 0.011148080524034652 0.082301632206208203 -0.085964952054752727 0.036728345723810556 0.085767678522002441 -0.044915797343267574 0.11360749193918998 0.045293070713032679 0.046970402581073697 -0.052343422654139771 -0.07448501289764678 0.041136235290555441 0.093336133916676264 0.026000155171454466 -0.043760832416495699 0.10587154252513536 -0.017871808752629056 0.18791557935445596 0.0073863109427913035 -0.056399341297674377 0.090187580509029738 -0.05478877549881405 0.09758221901296063
leaf_weight=368.95507967472076 280.20078498125076 39.210413962602615 7.032752811908721 8.5425798594951612 5.8621491044759741 8.944019287824629 6.7115531563758823 8.8959190845489502 8.286077693104744 4.6482307910919181 5.2085830569267282 5.9397618472576132 5.57571913301945 5.1192499548196784 14.213341698050497 12.314083486795424 7.3650025874376324 6.8787240535020819 7.8347510099411002 9.2653856575489062 7.34574170410633 8.7354905009269697 5.4846519827842695 7.0427510142326355 5.774317845702174 13.882207080721853 10.730363622307776 10.036981225013731 9.015000179409979 9.3993532806634885
leaf_count=1777 1938 181 32 36 26 40 29 39 36 21 23 25 25 22 64 55 34 32 36 41 33 41 25 33 25 63 49 44 40 41
internal_value=-0.000352779 0.00434649 0.0111354 0.0128239 0.0110247 0.0125295 0.0373176 0.0781031 0.00894882 0.00794722 -0.0339979 0.0101172 0.00781552 0.0237619 -0.00285613 -0.00951713 -0.0172094 0.0117027 -0.036365 0.0320356 -0.0494074 0.0174742 0.00348336 0.0363046 0.0257786 0.0604187 0.0105653 0.0316825 0.00720511 0.0445255
internal_weight=914.451 634.25 265.295 258.262 249.72 243.858 38.0462 15.6075 22.4387 205.812 14.1526 201.163 195.224 78.2687 116.955 102.742 90.4274 36.0365 54.3909 29.1578 46.5562 73.1494 19.8924 12.5274 64.4139 19.6565 44.7574 34.0271 23.9901 14.9751
internal_count=4906 2968 1191 1159 1123 1097 167 68 99 930 63 909 884 350 534 470 415 165 250 133 214 328 92 58 287 88 199 150 106 66
is_linear=0
shrinkage=0.1


Tree=19
num_leaves=31
num_cat=0
split_feature=9 187 154 44 16 5 14 151 102 56 137 11 0 15 10 135 78 5 0 135 84 13 15 0 49 81 7 45 10 15
split_gain=3.85143 4.67629 4.54281 3.10534 4.51992 4.4479 3.51192 3.58799 3.35487 4.22047 4.82661 6.52308 8.57838 7.52104 4.58875 4.01001 3.98659 3.6722 5.20987 3.54648 3.30873 3.2753 3.20479 5.55109 7.98792 4.89334 2.87895 2.85999 2.81693 4.01698
threshold=1.0000000180025095e-35 1.0000000180025095e-35 1.0000000180025095e-35 1.0000000180025095e-35 1.0000000180025095e-35 1.0000000180025095e-35 1.0000000180025095e-35 1.0000000180025095e-35 1.0000000180025095e-35 1.0000000180025095e-35 1.0000000180025095e-35 1.0000000180025095e-35 15.305954456329347 1.0000000180025095e-35 1.0000000180025095e-35 1.0000000180025095e-35 1.0000000180025095e-35 1.0000000180025095e-35 16.425735473632816 1.0000000180025095e-35 1.0000000180025095e-35 1.0000000180025095e-35 1.0000000180025095e-35 12.921286582946779 1.0000000180025095e-35 1.0000000180025095e-35 1.0000000180025095e-35 1.0000000180025095e-35 1.0000000180025095e-35 1.0000000180025095e-35
decision_type=2 2 2 2 2 2 2 2 2 2 2 2 2 2 2 2 2 2 2 2 2 2 2 2 2 2 2 2 2 2
left_child=1 2 26 4 5 -2 7 8 9 10 11 19 13 -13 -12 16 17 -11 22 -5 28 -9 23 24 25 -19 -1 -24 -8 -30
right_child=3 -3 -4 6 -6 -7 20 21 -10 15 14 12 -14 -15 -16 -17 -18 18 -20 -21 -22 -23 27 -25 -26 -27 -28 -29 29 -31
leaf_value=-0.0024662680067262422 -0.13456638933832432 0.09284208536030307 0.098657302411779779 0.025977055337254074 0.042967198369373863 0.0026151800585909922 0.0057811120405336699 -0.10516798229418733 -0.046816884120024618 -0.019573693157491894 0.017771719765348859 0.04710083599928018 -0.06643862340721543 0.15952992672703328 -0.11445104061562664 -0.061461949425929689 0.080119758902372343 -0.032994784070044705 0.12704385824387784 -0.043457853322094592 0.076971846048086975 0.0069948094897905634 0.00019964710637291775 -0.054775958677196562 0.15466234551442903 0.095740856467579322 -0.01837288626050345 -0.096901783460098673 0.017554852167740248 0.079161018459341259
leaf_weight=359.35640123486519 5.6369841620326024 4.7628802061080924 4.0620397552847853 29.762349091470242 4.6371750608086577 4.0701123923063278 82.241338305175304 5.8932872936129552 12.175805822014807 58.908117026090622 6.3604285269975644 14.429206073284153 3.8860693648457518 10.12534698843956 4.4688342362642288 11.241858623921869 6.056586191058158 8.3229016661644035 4.0372716560959807 9.7709877789020521 9.9627029448747617 4.6638002097606659 9.608943894505499 5.9344413653016082 5.718887858092784 4.575992912054061 166.50366641581059 4.4325044974684706 35.916196182370186 15.006164640188215
leaf_count=1705 33 30 22 159 24 21 402 34 66 334 34 76 20 49 24 65 29 44 21 55 47 24 48 33 30 24 1184 23 176 70
internal_value=-0.00034115 -0.00580244 -0.00668904 0.00738708 -0.0382493 -0.0770472 0.00918796 0.0012666 0.00412878 0.00726733 0.0252125 0.0350907 0.0716137 0.0934622 -0.0367917 -0.0046324 0.00130529 -0.00339583 0.018959 0.00881565 0.0213846 -0.0556179 0.00765229 0.0294445 0.0562899 0.0126753 -0.0075028 -0.0304526 0.0172258 0.0357094
internal_weight=912.529 534.685 529.922 377.844 14.3443 9.7071 363.5 220.374 209.817 197.641 78.8032 67.974 28.4406 24.5546 10.8293 118.838 107.596 101.539 42.6309 39.5333 143.126 10.5571 38.5937 24.5522 18.6178 12.8989 525.86 14.0414 133.164 50.9224
internal_count=4906 2941 2911 1965 78 54 1887 1192 1134 1068 417 359 145 125 58 651 586 557 223 214 695 58 202 131 98 68 2889 71 648 246
is_linear=0
shrinkage=0.1


Tree=20
num_leaves=31
num_cat=0
split_feature=7 101 84 13 77 151 13 237 8 206 11 16 113 312 67 83 54 93 9 176 0 83 0 71 9 0 81 15 102 98
split_gain=3.28593 2.01623 5.08443 4.41735 2.55791 2.4962 2.05282 1.93301 2.61924 1.94358 1.93229 1.83286 3.97993 2.68993 2.69872 2.90795 4.26133 3.90617 3.00024 2.54115 2.76741 11.3044 5.68027 4.47919 2.755 5.56155 4.91031 3.84282 3.96048 3.77658
threshold=1.0000000180025095e-35 1.0000000180025095e-35 1.0000000180025095e-35 1.0000000180025095e-35 1.0000000180025095e-35 1.0000000180025095e-35 1.0000000180025095e-35 1.0000000180025095e-35 1.0000000180025095e-35 1.0000000180025095e-35 1.0000000180025095e-35 1.0000000180025095e-35 1.0000000180025095e-35 1.0000000180025095e-35 1.0000000180025095e-35 1.0000000180025095e-35 1.0000000180025095e-35 1.0000000180025095e-35 1.0000000180025095e-35 1.0000000180025095e-35 14.176591396331789 1.0000000180025095e-35 14.680356025695803 1.0000000180025095e-35 1.0000000180025095e-35 4.850102663040162 1.0000000180025095e-35 1.0000000180025095e-35 1.0000000180025095e-35 1.0000000180025095e-35
decision_type=2 2 2 2 2 2 2 2 2 2 2 2 2 2 2 2 2 2 2 2 2 2 2 2 2 2 2 2 2 2
left_child=7 2 4 -4 5 -2 -3 9 -9 11 -7 13 19 14 15 17 -17 -1 -18 20 24 22 -22 -24 27 26 -26 28 -13 -29
right_child=1 6 3 -5 -6 10 -8 8 -10 -11 -12 12 -14 -15 -16 16 18 -19 -20 -21 21 -23 23 -25 25 -27 -28 29 -30 -31
leaf_value=-0.013352274721031851 -0.010466510210088355 -0.017145062762240232 0.011609856920119677 0.1459561550884633 0.049692747237991379 -0.10053937730796403 -0.12093691886687691 0.00085924453791916613 -0.10009517879275059 -0.055816524244620927 -0.0056755636342143171 -0.026786006531806558 -0.044775899884493042 0.074884319091497342 0.0062452510030479962 -0.03138769693675382 0.012250267687209167 -0.092994051363791505 0.111636193463443 0.088484942942541611 0.12441681535033924 -0.076982787362953678 0.11743984932771219 0.021291332314733905 0.019356906981507729 0.0060050029286630073 0.12459806785258616 0.0094214232321511524 0.059661518798831206 0.10730043095251351
leaf_weight=110.96409542858601 242.45724277943373 4.7031304314732543 6.8262674361467344 3.8153561353683472 6.8159044533967963 5.5635124146938306 3.2035566344857216 6.6325425058603269 4.1956741362810135 5.3216584771871558 3.4967387467622757 58.922925591468811 12.096820920705794 4.7601802945137015 213.75261142849922 8.5039069056510925 6.2052635848522186 6.5202842056751242 5.9498225599527359 4.4927631169557563 8.4382205307483655 8.2133083492517454 5.6078388392925254 35.629409343004227 9.0909586101770401 53.03734564781189 8.6534528732299805 46.971782401204109 5.8233494311571112 4.3031653910875312
leaf_count=541 1713 34 41 22 34 44 24 31 20 25 26 286 55 21 998 40 30 33 27 20 37 38 24 159 40 240 37 218 28 20
internal_value=-0.000338065 -0.00942682 -0.00796376 0.0597772 -0.0107542 -0.0123923 -0.0591985 0.00363065 -0.0382582 0.00435841 -0.0639274 0.00487663 0.0112396 0.000215178 -0.000794889 -0.0116883 0.0229108 -0.0177723 0.0608989 0.013959 0.0125906 0.0316945 0.0496631 0.0343665 0.00667044 0.0222185 0.0706801 -0.00281507 -0.0190108 0.0176358
internal_weight=910.969 276.882 268.975 10.6416 258.333 251.517 7.90669 634.087 10.8282 623.259 9.06025 617.938 261.281 356.656 351.896 138.143 20.659 117.484 12.1551 249.185 244.692 57.8888 49.6755 41.2372 186.803 70.7818 17.7444 116.021 64.7463 51.2749
internal_count=4906 1938 1880 63 1817 1783 58 2968 51 2917 70 2892 1202 1690 1669 671 97 574 57 1147 1127 258 220 183 869 317 77 552 314 238
is_linear=0
shrinkage=0.1


end of trees

feature_importances:
Column_0=101
Column_14=23
Column_7=21
Column_9=20
Column_67=20
Column_1=19
Column_5=19
Column_11=19
Column_15=17
Column_6=16
Column_16=16
Column_10=14
Column_8=13
Column_26=13
Column_12=11
Column_13=11
Column_61=11
Column_81=11
Column_55=10
Column_77=9
Column_99=9
Column_84=8
Column_64=7
Column_73=7
Column_54=6
Column_83=6
Column_44=5
Column_65=5
Column_101=5
Column_140=5
Column_168=5
Column_32=4
Column_49=4
Column_51=4
Column_69=4
Column_76=4
Column_78=4
Column_82=4
Column_102=4
Column_133=4
Column_134=4
Column_138=4
Column_151=4
Column_312=4
Column_40=3
Column_50=3
Column_53=3
Column_87=3
Column_98=3
Column_129=3
Column_135=3
Column_137=3
Column_139=3
Column_149=3
Column_177=3
Column_17=2
Column_21=2
Column_30=2
Column_34=2
Column_35=2
Column_36=2
Column_38=2
Column_39=2
Column_42=2
Column_56=2
Column_58=2
Column_60=2
Column_68=2
Column_72=2
Column_74=2
Column_80=2
Column_95=2
Column_100=2
Column_108=2
Column_128=2
Column_141=2
Column_142=2
Column_156=2
Column_167=2
Column_174=2
Column_187=2
Column_262=2
Column_41=1
Column_43=1
Column_45=1
Column_47=1
Column_52=1
Column_57=1
Column_59=1
Column_62=1
Column_63=1
Column_71=1
Column_79=1
Column_91=1
Column_93=1
Column_94=1
Column_97=1
Column_103=1
Column_104=1
Column_105=1
Column_113=1
Column_146=1
Column_147=1
Column_154=1
Column_155=1
Column_176=1
Column_178=1
Column_206=1
Column_208=1
Column_237=1
Column_267=1

parameters:
[boosting: gbdt]
[objective: binary]
[metric: binary_logloss]
[tree_learner: serial]
[device_type: cpu]
[data_sample_strategy: bagging]
[data: ]
[valid: ]
[num_iterations: 300]
[learning_rate: 0.1]
[num_leaves: 31]
[num_threads: 0]
[seed: 0]
[deterministic: 0]
[force_col_wise: 0]
[force_row_wise: 0]
[histogram_pool_size: -1]
[max_depth: -1]
[min_data_in_leaf: 20]
[min_sum_hessian_in_leaf: 0.001]
[bagging_fraction: 1]
[pos_bagging_fraction: 1]
[neg_bagging_fraction: 1]
[bagging_freq: 0]
[bagging_seed: 7719]
[bagging_by_query: 0]
[feature_fraction: 1]
[feature_fraction_bynode: 1]
[feature_fraction_seed: 2437]
[extra_trees: 0]
[extra_seed: 11797]
[early_stopping_round: 0]
[early_stopping_min_delta: 0]
[first_metric_only: 0]
[max_delta_step: 0]
[lambda_l1: 0]
[lambda_l2: 0]
[linear_lambda: 0]
[min_gain_to_split: 0]
[drop_rate: 0.1]
[max_drop: 50]
[skip_drop: 0.5]
[xgboost_dart_mode: 0]
[uniform_drop: 0]
[drop_seed: 21238]
[top_rate: 0.2]
[other_rate: 0.1]
[min_data_per_group: 100]
[max_cat_threshold: 32]
[cat_l2: 10]
[cat_smooth: 10]
[max_cat_to_onehot: 4]
[top_k: 20]
[monotone_constraints: ]
[monotone_constraints_method: basic]
[monotone_penalty: 0]
[feature_contri: ]
[forcedsplits_filename: ]
[refit_decay_rate: 0.9]
[cegb_tradeoff: 1]
[cegb_penalty_split: 0]
[cegb_penalty_feature_lazy: ]
[cegb_penalty_feature_coupled: ]
[path_smooth: 0]
[interaction_constraints: ]
[verbosity: -1]
[saved_feature_importance_type: 0]
[use_quantized_grad: 0]
[num_grad_quant_bins: 4]
[quant_train_renew_leaf: 0]
[stochastic_rounding: 1]
[linear_tree: 0]
[max_bin: 255]
[max_bin_by_feature: ]
[min_data_in_bin: 3]
[bin_construct_sample_cnt: 200000]
[data_random_seed: 38]
[is_enable_sparse: 1]
[enable_bundle: 1]
[use_missing: 1]
[zero_as_missing: 0]
[feature_pre_filter: 1]
[pre_partition: 0]
[two_round: 0]
[header: 0]
[label_column: ]
[weight_column: ]
[group_column: ]
[ignore_column: ]
[categorical_feature: ]
[forcedbins_filename: ]
[precise_float_parser: 0]
[parser_config_file: ]
[objective_seed: 8855]
[num_class: 1]
[is_unbalance: 0]
[scale_pos_weight: 1]
[sigmoid: 1]
[boost_from_average: 1]
[reg_sqrt: 0]
[alpha: 0.9]
[fair_c: 1]
[poisson_max_delta_step: 0.7]
[tweedie_variance_power: 1.5]
[lambdarank_truncation_level: 30]
[lambdarank_norm: 1]
[label_gain: ]
[lambdarank_position_bias_regularization: 0]
[eval_at: ]
[multi_error_top_k: 1]
[auc_mu_weights: ]
[num_machines: 1]
[local_listen_port: 12400]
[time_out: 120]
[machine_list_filename: ]
[machines: ]
[gpu_platform_id: -1]
[gpu_device_id: -1]
[gpu_device_id_list: ]
[gpu_use_dp: 0]
[num_gpu: 1]

end of parameters

pandas_categorical:null
