tree
version=v4
num_class=1
num_tree_per_iteration=1
label_index=0
max_feature_idx=567
objective=binary sigmoid:1
feature_names=Column_0 Column_1 Column_2 Column_3 Column_4 Column_5 Column_6 Column_7 Column_8 Column_9 Column_10 Column_11 Column_12 Column_13 Column_14 Column_15 Column_16 Column_17 Column_18 Column_19 Column_20 Column_21 Column_22 Column_23 Column_24 Column_25 Column_26 Column_27 Column_28 Column_29 Column_30 Column_31 Column_32 Column_33 Column_34 Column_35 Column_36 Column_37 Column_38 Column_39 Column_40 Column_41 Column_42 Column_43 Column_44 Column_45 Column_46 Column_47 Column_48 Column_49 Column_50 Column_51 Column_52 Column_53 Column_54 Column_55 Column_56 Column_57 Column_58 Column_59 Column_60 Column_61 Column_62 Column_63 Column_64 Column_65 Column_66 Column_67 Column_68 Column_69 Column_70 Column_71 Column_72 Column_73 Column_74 Column_75 Column_76 Column_77 Column_78 Column_79 Column_80 Column_81 Column_82 Column_83 Column_84 Column_85 Column_86 Column_87 Column_88 Column_89 Column_90 Column_91 Column_92 Column_93 Column_94 Column_95 Column_96 Column_97 Column_98 Column_99 Column_100 Column_101 Column_102 Column_103 Column_104 Column_105 Column_106 Column_107 Column_108 Column_109 Column_110 Column_111 Column_112 Column_113 Column_114 Column_115 Column_116 Column_117 Column_118 Column_119 Column_120 Column_121 Column_122 Column_123 Column_124 Column_125 Column_126 Column_127 Column_128 Column_129 Column_130 Column_131 Column_132 Column_133 Column_134 Column_135 Column_136 Column_137 Column_138 Column_139 Column_140 Column_141 Column_142 Column_143 Column_144 Column_145 Column_146 Column_147 Column_148 Column_149 Column_150 Column_151 Column_152 Column_153 Column_154 Column_155 Column_156 Column_157 Column_158 Column_159 Column_160 Column_161 Column_162 Column_163 Column_164 Column_165 Column_166 Column_167 Column_168 Column_169 Column_170 Column_171 Column_172 Column_173 Column_174 Column_175 Column_176 Column_177 Column_178 Column_179 Column_180 Column_181 Column_182 Column_183 Column_184 Column_185 Column_186 Column_187 Column_188 Column_189 Column_190 Column_191 Column_192 Column_193 Column_194 Column_195 Column_196 Column_197 Column_198 Column_199 Column_200 Column_201 Column_202 Column_203 Column_204 Column_205 Column_206 Column_207 Column_208 Column_209 Column_210 Column_211 Column_212 Column_213 Column_214 Column_215 Column_216 Column_217 Column_218 Column_219 Column_220 Column_221 Column_222 Column_223 Column_224 Column_225 Column_226 Column_227 Column_228 Column_229 Column_230 Column_231 Column_232 Column_233 Column_234 Column_235 Column_236 Column_237 Column_238 Column_239 Column_240 Column_241 Column_242 Column_243 Column_244 Column_245 Column_246 Column_247 Column_248 Column_249 Column_250 Column_251 Column_252 Column_253 Column_254 Column_255 Column_256 Column_257 Column_258 Column_259 Column_260 Column_261 Column_262 Column_263 Column_264 Column_265 Column_266 Column_267 Column_268 Column_269 Column_270 Column_271 Column_272 Column_273 Column_274 Column_275 Column_276 Column_277 Column_278 Column_279 Column_280 Column_281 Column_282 Column_283 Column_284 Column_285 Column_286 Column_287 Column_288 Column_289 Column_290 Column_291 Column_292 Column_293 Column_294 Column_295 Column_296 Column_297 Column_298 Column_299 Column_300 Column_301 Column_302 Column_303 Column_304 Column_305 Column_306 Column_307 Column_308 Column_309 Column_310 Column_311 Column_312 Column_313 Column_314 Column_315 Column_316 Column_317 Column_318 Column_319 Column_320 Column_321 Column_322 Column_323 Column_324 Column_325 Column_326 Column_327 Column_328 Column_329 Column_330 Column_331 Column_332 Column_333 Column_334 Column_335 Column_336 Column_337 Column_338 Column_339 Column_340 Column_341 Column_342 Column_343 Column_344 Column_345 Column_346 Column_347 Column_348 Column_349 Column_350 Column_351 Column_352 Column_353 Column_354 Column_355 Column_356 Column_357 Column_358 Column_359 Column_360 Column_361 Column_362 Column_363 Column_364 Column_365 Column_366 Column_367 Column_368 Column_369 Column_370 Column_371 Column_372 Column_373 Column_374 Column_375 Column_376 Column_377 Column_378 Column_379 Column_380 Column_381 Column_382 Column_383 Column_384 Column_385 Column_386 Column_387 Column_388 Column_389 Column_390 Column_391 Column_392 Column_393 Column_394 Column_395 Column_396 Column_397 Column_398 Column_399 Column_400 Column_401 Column_402 Column_403 Column_404 Column_405 Column_406 Column_407 Column_408 Column_409 Column_410 Column_411 Column_412 Column_413 Column_414 Column_415 Column_416 Column_417 Column_418 Column_419 Column_420 Column_421 Column_422 Column_423 Column_424 Column_425 Column_426 Column_427 Column_428 Column_429 Column_430 Column_431 Column_432 Column_433 Column_434 Column_435 Column_436 Column_437 Column_438 Column_439 Column_440 Column_441 Column_442 Column_443 Column_444 Column_445 Column_446 Column_447 Column_448 Column_449 Column_450 Column_451 Column_452 Column_453 Column_454 Column_455 Column_456 Column_457 Column_458 Column_459 Column_460 Column_461 Column_462 Column_463 Column_464 Column_465 Column_466 Column_467 Column_468 Column_469 Column_470 Column_471 Column_472 Column_473 Column_474 Column_475 Column_476 Column_477 Column_478 Column_479 Column_480 Column_481 Column_482 Column_483 Column_484 Column_485 Column_486 Column_487 Column_488 Column_489 Column_490 Column_491 Column_492 Column_493 Column_494 Column_495 Column_496 Column_497 Column_498 Column_499 Column_500 Column_501 Column_502 Column_503 Column_504 Column_505 Column_506 Column_507 Column_508 Column_509 Column_510 Column_511 Column_512 Column_513 Column_514 Column_515 Column_516 Column_517 Column_518 Column_519 Column_520 Column_521 Column_522 Column_523 Column_524 Column_525 Column_526 Column_527 Column_528 Column_529 Column_530 Column_531 Column_532 Column_533 Column_534 Column_535 Column_536 Column_537 Column_538 Column_539 Column_540 Column_541 Column_542 Column_543 Column_544 Column_545 Column_546 Column_547 Column_548 Column_549 Column_550 Column_551 Column_552 Column_553 Column_554 Column_555 Column_556 Column_557 Column_558 Column_559 Column_560 Column_561 Column_562 Column_563 Column_564 Column_565 Column_566 Column_567
feature_infos=[2.0013689994812012:17.993154525756836] [-0.7776256799697876:0.99923950433731079] none none none [0:1] [0:1] [0:1] [0:1] [0:1] [0:1] [0:1] [0:1] [0:1] [0:1] [0:1] [0:1] [0:1] [0:1] [0:1] [0:1] [0:1] [0:1] [0:1] [0:1] [0:1] [0:1] [0:1] [0:1] [0:1] [0:1] [0:1] [0:1] [0:1] [0:1] [0:1] [0:1] [0:1] [0:1] [0:1] [0:1] [0:1] [0:1] [0:1] [0:1] [0:1] [0:1] [0:1] [0:1] [0:1] [0:1] [0:1] [0:1] [0:1] [0:1] [0:1] [0:1] [0:1] [0:1] [0:1] [0:1] [0:1] [0:1] [0:1] [0:1] [0:1] [0:1] [0:1] [0:1] [0:1] [0:1] [0:1] [0:1] [0:1] [0:1] [0:1] [0:1] [0:1] [0:1] [0:1] [0:1] [0:1] [0:1] [0:1] [0:1] [0:1] [0:1] [0:1] [0:1] [0:1] [0:1] [0:1] [0:1] [0:1] [0:1] [0:1] [0:1] [0:1] [0:1] [0:1] [0:1] [0:1] [0:1] [0:1] [0:1] [0:1] [0:1] [0:1] [0:1] none none none none [0:1] [0:1] none [0:1] none [0:1] none none [0:1] none none none none [0:1] [0:1] [0:1] [0:1] [0:1] none [0:1] [0:1] [0:1] [0:1] none [0:1] [0:1] [0:1] [0:1] [0:1] [0:1] [0:1] [0:1] [0:1] [0:1] [0:1] [0:1] [0:1] [0:1] [0:1] [0:1] [0:1] [0:1] [0:1] [0:1] none none none none none none none none none none [0:1] [0:1] none none none none none [0:1] [0:1] [0:1] [0:1] [0:1] [0:1] [0:1] [0:1] [0:1] [0:1] [0:1] [0:1] [0:1] [0:1] [0:1] [0:1] [0:1] [0:1] [0:1] [0:1] [0:1] [0:1] [0:1] [0:1] [0:1] [0:1] [0:1] [0:1] none none [0:1] [0:1] [0:1] none [0:1] [0:1] [0:1] [0:1] [0:1] none [0:1] none none [0:1] none [0:1] [0:1] [0:1] [0:1] [0:1] [0:1] [0:1] [0:1] [0:1] [0:1] [0:1] [0:1] [0:1] [0:1] [0:1] [0:1] [0:1] [0:1] [0:1] [0:1] [0:1] [0:1] [0:1] [0:1] [0:1] none none none none none none none none none none none none none none none none none [0:1] [0:1] [0:1] [0:1] [0:1] [0:1] [0:1] [0:1] [0:1] [0:1] none [0:1] [0:1] [0:1] [0:1] none [0:1] [0:1] none none none [0:1] [0:1] none none none none none [0:1] [0:1] [0:1] [0:1] [0:1] [0:1] [0:1] none none none [0:1] none [0:1] [0:1] [0:1] none [0:1] [0:1] [0:1] [0:1] none none [0:1] [0:1] none none none none [0:1] [0:1] none none none [0:1] none none [0:1] [0:1] none none [0:1] [0:1] none none none none none none none none none none none none none none none none none none none none none none none none none none none none none none none none none none none none none none none none none none none none none none none none none none none none none none none none none none none none none none none none none none none none none none none none none none none none none none none none none none none none none none none none none none none none none none none none none none none none none none none none none none none none none none none none none none none none none none none none none none none none none none none none none none none none none none none none none none none none none none none none none none none none none none none none none none none none none none none none none none none none none none none none none none none none none none none none none none none none none none none none none none none none none none none none none none none none none none none none none none none none none none none none none none none none none none none none none none none none none none none none none none none none none none none none none none none none none
tree_sizes=3378 3433 3473 3458 3478 3466 3444 3487 3472 3473 3466 3484 3493 3476 3472 3455 3469 3461 3469

Tree=0
num_leaves=31
num_cat=0
split_feature=0 0 139 0 88 12 68 55 8 0 98 81 16 10 44 15 64 0 63 84 65 15 84 0 26 46 14 73 93 71
split_gain=156.151 28.0261 18.5025 9.90533 13.6557 9.64454 7.27998 8.06026 9.34908 8.10296 7.95589 6.2335 6.4733 5.51421 8.80012 5.31204 5.1337 5.08167 5.0523 6.0697 4.83157 4.53098 4.46527 4.8052 4.43935 4.41627 4.39771 4.90142 9.0688 7.64859
threshold=9.3497605323791522 15.034907817840578 1.0000000180025095e-35 5.3018479347229013 1.0000000180025095e-35 1.0000000180025095e-35 1.0000000180025095e-35 1.0000000180025095e-35 1.0000000180025095e-35 17.006159782409672 1.0000000180025095e-35 1.0000000180025095e-35 1.0000000180025095e-35 1.0000000180025095e-35 1.0000000180025095e-35 1.0000000180025095e-35 1.0000000180025095e-35 5.7987680435180673 1.0000000180025095e-35 1.0000000180025095e-35 1.0000000180025095e-35 1.0000000180025095e-35 1.0000000180025095e-35 6.0177960395812997 1.0000000180025095e-35 1.0000000180025095e-35 1.0000000180025095e-35 1.0000000180025095e-35 1.0000000180025095e-35 1.0000000180025095e-35
decision_type=2 2 2 2 2 2 2 2 2 2 2 2 2 2 2 2 2 2 2 2 2 2 2 2 2 2 2 2 2 2
left_child=2 13 3 4 -1 -4 10 8 9 -8 25 16 -13 20 -15 17 -9 -7 19 -16 26 -18 -5 -24 -22 -3 27 28 -2 -29
right_child=1 6 5 22 -6 15 7 11 -10 -11 -12 12 -14 14 18 -17 21 -19 -20 -21 24 -23 23 -25 -26 -27 -28 29 -30 -31
leaf_value=-1.2208692321504411 -1.1529595552925089 -1.0007790779553503 -1.1680445811054068 -1.1806823075076109 -1.0345310239404377 -0.94111045916028446 -0.98221550766355192 -0.99089607691268922 -1.1829871051148855 -1.1521163748103906 -1.1850004136130046 -1.1437204500097233 -1.009618873332397 -0.99249176978936882 -1.12956626514889 -1.1466357016766218 -1.1415610043305393 -1.0879142038148111 -1.0472313360151253 -1.0318378184692982 -0.98221550766355192 -0.99656965158532795 -1.1341796263726012 -1.2572396474484657 -1.1301936822753147 -1.093399863912305 -1.1245793341870636 -1.1446499505411982 -1.035717316826535 -1.22783085921394
leaf_weight=194.31919656693935 47.439428269863129 5.6562395244836798 23.354795455932617 180.63474610447884 4.0141054689884177 4.3790241479873639 7.2983735799789429 29.375953659415245 8.940507635474205 4.5614834874868393 9.1229669749736768 8.5755889564752561 6.2036175429821006 5.8386988639831534 108.3808476626873 5.1088615059852591 4.9264021664857847 5.10886150598526 9.3054263144731504 6.7509955614805213 3.6491867899894697 3.831646129488945 4.0141054689884212 15.144125178456305 4.5614834874868393 57.292232602834702 74.808329194784164 25.179388850927353 7.6632922589778891 19.705608665943146
leaf_count=1065 260 31 128 990 22 24 40 161 49 25 50 47 34 32 594 28 27 28 51 37 20 21 22 83 25 314 410 138 42 108
internal_value=-1.15205 -1.11135 -1.19491 -1.20127 -1.2171 -1.12819 -1.07513 -1.05303 -1.10577 -1.04756 -1.09773 -1.0323 -1.08743 -1.1282 -1.11248 -1.06443 -1.01093 -1.02016 -1.11811 -1.12384 -1.1394 -1.07813 -1.18555 -1.23146 -1.06443 -1.08508 -1.14292 -1.15664 -1.13665 -1.18117
internal_weight=895.146 459.068 436.078 398.126 198.333 37.9515 145.785 73.7136 20.8004 11.8599 72.0714 52.9132 14.7792 313.283 130.276 14.5967 38.134 9.48789 124.437 115.132 183.007 8.75805 199.793 19.1582 8.21067 62.9485 174.796 99.9877 55.1027 44.885
internal_count=4906 2516 2390 2182 1087 208 799 404 114 65 395 290 81 1717 714 80 209 52 682 631 1003 48 1095 105 45 345 958 548 302 246
is_linear=0
shrinkage=1


Tree=1
num_leaves=31
num_cat=0
split_feature=0 0 139 0 88 12 113 98 1 60 330 83 0 70 0 10 0 0 1 14 9 11 51 54 140 7 0 67 73 84
split_gain=126.594 22.3086 15.5107 8.73077 11.1648 7.39107 5.81927 5.29126 5.86129 5.09885 4.84905 4.90111 5.80926 6.02333 5.18112 8.44116 8.34446 7.41619 6.13559 6.10224 4.82315 9.43542 4.27848 4.24191 4.11672 4.07781 4.10143 8.69579 4.03049 3.93541
threshold=9.3497605323791522 13.661875724792482 1.0000000180025095e-35 5.3018479347229013 1.0000000180025095e-35 1.0000000180025095e-35 1.0000000180025095e-35 1.0000000180025095e-35 0.91649556159973156 1.0000000180025095e-35 1.0000000180025095e-35 1.0000000180025095e-35 15.034907817840578 1.0000000180025095e-35 17.006159782409672 1.0000000180025095e-35 17.229294776916507 16.735113143920902 0.93231424689292919 1.0000000180025095e-35 1.0000000180025095e-35 1.0000000180025095e-35 1.0000000180025095e-35 1.0000000180025095e-35 1.0000000180025095e-35 1.0000000180025095e-35 7.2840518951416025 1.0000000180025095e-35 1.0000000180025095e-35 1.0000000180025095e-35
decision_type=2 2 2 2 2 2 2 2 2 2 2 2 2 2 2 2 2 2 2 2 2 2 2 2 2 2 2 2 2 2
left_child=2 -2 3 4 -1 25 7 10 22 -8 11 12 13 -3 17 16 -16 -14 -18 -20 21 23 -9 -13 -7 26 27 -4 -22 -5
right_child=1 6 5 29 -6 24 9 8 -10 -11 -12 20 14 -15 15 -17 18 -19 19 -21 28 -23 -24 -25 -26 -27 -28 -29 -30 -31
leaf_value=-0.064372192207131043 0.014500792253400631 0.13392100905939552 0.17035744578025047 -0.026177457878137453 0.099423393684906824 0.12701136036146746 0.04561649337824436 -0.073977540740951753 0.11308875625897513 0.19322484557232744 -0.043314651357403255 0.028552305075488622 0.087093261508190911 0.030268734737172266 -0.015733732455587866 -0.0007967594986372416 0.23822338341360388 0.18914718423511698 0.036781681333779154 0.1874946564377919 0.023998263020460237 -0.046594379039182579 0.020917515819389287 0.16284627133016411 0.023087174857930819 -0.066077763208360049 -0.052144974107245494 -0.02875164919673219 -0.10911602550112338 -0.074803382772650556
leaf_weight=187.33157694339752 240.39449732005596 6.3610656559467307 3.9806951284408552 177.94028073549271 4.2559948265552512 7.6368028074502927 3.9164496064186078 6.8320017606020018 4.8658383041620246 5.8145341426134109 4.3824694305658332 3.716861739754675 63.131952747702599 47.251458406448364 5.0840280503034618 16.488799065351486 4.0198928266763678 8.0259291231632215 7.0162761807441694 4.353418305516243 5.0759254544973373 5.7815132290124902 15.599777311086655 6.4055419713258743 7.6100119203329086 9.227975070476532 5.0663392543792733 4.8853985667228699 4.1215754449367523 18.36133037507534
leaf_count=1065 1303 34 22 990 22 40 21 37 26 31 23 20 331 255 27 87 21 42 37 23 27 31 84 34 40 51 28 27 22 105
internal_value=-0.000110824 0.0357604 -0.0395451 -0.0455473 -0.0607336 0.0210737 0.0581516 0.0547821 0.013597 0.133817 0.0606616 0.0631005 0.0694812 0.042567 0.0828269 0.0524537 0.09534 0.098604 0.132034 0.0944892 0.0219884 0.0553233 -0.00798448 0.113535 0.0751406 -0.0145192 0.01963 0.0606443 -0.0356528 -0.0307257
internal_weight=894.936 468.64 426.296 387.889 191.588 38.4072 228.245 218.514 27.2976 9.73098 191.217 186.834 161.733 53.6125 108.12 36.9624 20.4736 71.1579 15.3896 11.3697 25.1014 15.9039 22.4318 10.1224 15.2468 23.1604 13.9324 8.86609 9.1975 196.302
internal_count=4906 2516 2390 2182 1087 208 1213 1161 147 52 1014 991 857 289 568 195 108 373 81 60 134 85 121 54 80 128 77 49 49 1095
is_linear=0
shrinkage=0.1


Tree=2
num_leaves=31
num_cat=0
split_feature=0 0 139 0 88 12 83 113 68 53 26 14 9 98 69 118 6 14 10 0 16 52 55 6 1 8 53 70 13 15
split_gain=102.872 17.004 12.9574 7.68741 9.1955 5.76345 4.15705 5.07771 5.92997 4.54777 5.78852 5.75537 5.11573 3.99404 6.42964 4.76545 3.97098 4.29274 6.97861 4.78386 3.86342 3.82474 5.69103 8.41442 4.67349 5.51243 6.91786 5.48145 5.25419 7.0191
threshold=9.3497605323791522 13.661875724792482 1.0000000180025095e-35 5.3018479347229013 1.0000000180025095e-35 1.0000000180025095e-35 1.0000000180025095e-35 1.0000000180025095e-35 1.0000000180025095e-35 1.0000000180025095e-35 1.0000000180025095e-35 1.0000000180025095e-35 1.0000000180025095e-35 1.0000000180025095e-35 1.0000000180025095e-35 1.0000000180025095e-35 1.0000000180025095e-35 1.0000000180025095e-35 1.0000000180025095e-35 4.7556469440460214 1.0000000180025095e-35 1.0000000180025095e-35 1.0000000180025095e-35 1.0000000180025095e-35 0.97049206495285045 1.0000000180025095e-35 1.0000000180025095e-35 1.0000000180025095e-35 1.0000000180025095e-35 1.0000000180025095e-35
decision_type=2 2 2 2 2 2 2 2 2 2 2 2 2 2 2 2 2 2 2 2 2 2 2 2 2 2 2 2 2 2
left_child=2 -2 3 4 16 -4 7 13 -9 -8 11 -11 -12 15 -15 21 -1 18 19 -18 -7 22 23 -3 25 28 -27 -28 -23 -30
right_child=1 6 5 -5 -6 20 9 8 -10 10 12 -13 -14 14 -16 -17 17 -19 -20 -21 -22 24 -24 -25 -26 26 27 -29 29 -31
leaf_value=-0.072478166352286641 0.012949466187543009 0.11447728759991567 -0.013370200211863987 -0.028146796792329305 0.085292517231144671 0.030885755348744454 -0.034625113697726896 0.20207468197676381 0.038278516362220717 0.048324027354268884 0.14980328625383857 -0.10715155173630637 0.0030178123844333948 -0.053008855582426566 0.055408465148796632 0.13945181900680997 -0.012288112332389618 -0.075903232155495742 -0.071298928230405234 0.095835991122477898 0.13660383728421535 0.046626886169675356 0.12624286880140112 -0.059208333883271375 -0.022656191834634121 0.12074203003124047 0.10508386587369954 -0.0033300521953248834 0.063304080476341631 0.15770725896499674
leaf_weight=106.9223852455616 242.17435699701309 5.993925869464876 22.974505245685577 193.07404814660549 4.4534130096435538 10.67901338636875 11.078913748264315 4.9945546537637693 3.9648630023002625 6.5295446813106537 6.6712351590394974 3.7474016696214676 3.6863147914409637 8.9118378907442093 14.163450330495834 6.8706613183021537 24.269684270024303 25.118274629116058 19.517578259110451 4.9218240827321997 5.1113200783729544 45.860658675432205 16.274731978774071 5.2171230167150497 8.8566354364156705 6.6155614405870429 5.3535557389259329 36.189012601971626 21.022956907749176 12.594422817230223
leaf_count=630 1303 31 128 1095 22 54 59 25 20 34 35 20 20 49 74 35 143 148 115 29 26 235 82 27 46 34 27 187 108 65
internal_value=-0.00019247 0.0315369 -0.0364661 -0.0421088 -0.0566641 0.0185963 0.0507246 0.0559875 0.129589 0.0170553 0.0448032 -0.00836883 0.0975614 0.0525871 0.0135369 0.0578613 -0.0601617 -0.0423242 -0.0250081 0.00594211 0.0651066 0.0544427 0.0884763 0.0336517 0.0475893 0.0524636 0.0257659 0.0106412 0.0686405 0.0986713
internal_weight=893.814 476.772 417.042 378.277 185.203 38.7648 234.597 202.884 8.95942 31.7134 20.6345 10.2769 10.3575 193.925 23.0753 170.849 180.75 73.8274 48.7091 29.1915 15.7903 163.979 27.4858 11.211 136.493 127.636 48.1581 41.5426 79.478 33.6174
internal_count=4906 2516 2390 2182 1087 208 1213 1045 45 168 109 54 55 1000 123 877 1065 435 287 172 80 842 140 58 702 656 248 214 408 173
is_linear=0
shrinkage=0.1


Tree=3
num_leaves=31
num_cat=0
split_feature=0 0 139 0 88 68 55 8 7 82 113 12 94 10 44 12 0 0 0 104 0 64 62 41 14 0 15 0 8 7
split_gain=83.724 13.2012 10.8581 6.77378 7.61254 5.05862 4.79798 6.40789 6.24277 4.79795 4.66229 4.63966 4.09735 4.07398 5.92498 4.08551 4.03378 4.89271 6.61762 7.37732 5.22252 5.09537 9.92522 4.68084 5.43958 4.08786 8.64635 8.7503 8.18409 5.55219
threshold=9.3497605323791522 15.034907817840578 1.0000000180025095e-35 5.3018479347229013 1.0000000180025095e-35 1.0000000180025095e-35 1.0000000180025095e-35 1.0000000180025095e-35 1.0000000180025095e-35 1.0000000180025095e-35 1.0000000180025095e-35 1.0000000180025095e-35 1.0000000180025095e-35 1.0000000180025095e-35 1.0000000180025095e-35 1.0000000180025095e-35 14.867898464202883 12.581793308258058 12.262833595275881 1.0000000180025095e-35 9.6605067253112811 1.0000000180025095e-35 1.0000000180025095e-35 1.0000000180025095e-35 1.0000000180025095e-35 11.190965175628664 1.0000000180025095e-35 11.560575008392336 1.0000000180025095e-35 1.0000000180025095e-35
decision_type=2 2 2 2 2 2 2 2 2 2 2 2 2 2 2 2 2 2 2 2 2 2 2 2 2 2 2 2 2 2
left_child=2 13 3 4 -1 10 7 8 -7 11 12 -4 -3 16 -15 -16 17 18 19 20 -2 23 -23 24 -19 29 27 -27 -29 -22
right_child=1 5 9 -5 -6 6 -8 -9 -10 -11 -12 -13 -14 14 15 -17 -18 21 -20 -21 25 22 -24 -25 -26 26 -28 28 -30 -31
leaf_value=-0.0561962285498823 0.074090403747677336 0.033986233358125666 -0.0015507373145530502 -0.025747345669965734 0.073919165602408188 0.13179915392642236 0.08374610604220345 -0.034947015894010003 -0.008605095579611274 -0.065615720007349596 0.13472510236363999 0.073979308582660594 -0.056639377359292857 0.12282213542611771 0.011272074197450424 0.04811667665710654 -0.066296359726626869 0.0049967949752818333 -0.078010307179508673 0.13532769513379914 -0.05964708736158493 0.090430419932708464 -0.068737455237110709 0.11887644167182797 0.070417090639375027 0.17378934719589487 -0.037017938478787579 0.096843661159935437 -0.06538493414526135 0.0094793441742382321
leaf_weight=174.58491338789463 8.2086892873048765 68.513442173600197 18.587947487831116 190.12161168456078 4.6153444051742545 7.7127303630113602 59.223434820771217 9.1471583843231201 5.3727907985448837 6.0132625848054877 4.281071037054061 14.459503933787344 5.380655199289321 6.4782977998256674 81.823272183537483 47.604652762413025 7.2635179907083502 30.227434888482094 10.952065870165823 4.0999560058116904 25.914884328842163 5.7594520300626764 12.25109888613224 7.1324695348739615 21.931437119841576 5.2166756391525295 15.643135160207747 6.5259258002042753 5.9403079599142075 21.062985971570015
leaf_count=1065 44 345 104 1095 22 38 290 49 27 33 20 71 30 32 432 250 38 161 59 22 139 30 65 38 115 28 84 35 32 113
internal_value=-0.000252313 0.0278985 -0.0335927 -0.0388956 -0.0528451 0.0514366 0.0688759 0.0292647 0.0741505 0.0165464 0.0332654 0.0314965 0.0273873 0.0163028 0.0294951 0.0248238 0.00677258 0.00970699 -0.00450271 0.00419006 -0.00188431 0.0287443 -0.0178384 0.0428945 0.0325043 -0.00965047 0.0171372 0.0650453 0.0195398 -0.0286536
internal_weight=892.05 483.668 408.383 369.322 179.2 159.631 81.4561 22.2327 13.0855 39.0607 78.1752 33.0475 73.8941 324.036 135.906 129.428 188.13 180.867 103.565 92.6126 88.5126 77.3019 18.0106 59.2913 52.1589 80.3039 33.326 17.6829 12.4662 46.9779
internal_count=4906 2516 2390 2182 1087 799 404 114 65 208 395 175 375 1717 714 682 1003 965 556 497 475 409 95 314 276 431 179 95 67 252
is_linear=0
shrinkage=0.1


Tree=4
num_leaves=31
num_cat=0
split_feature=0 0 139 0 88 82 0 15 6 14 10 73 12 84 0 83 71 13 56 0 10 32 13 140 44 12 32 81 26 9
split_gain=68.1352 10.9892 9.07706 5.93763 6.31703 3.93674 3.85723 5.88185 4.02907 3.62124 4.98749 5.44266 3.5883 3.56965 4.62059 3.54683 6.39119 7.53175 5.0339 4.80128 4.8887 8.99198 4.7226 13.632 4.62081 5.23783 4.41159 4.92008 4.47562 7.70864
threshold=9.3497605323791522 13.661875724792482 1.0000000180025095e-35 5.3018479347229013 1.0000000180025095e-35 1.0000000180025095e-35 2.2026009559631352 1.0000000180025095e-35 1.0000000180025095e-35 1.0000000180025095e-35 1.0000000180025095e-35 1.0000000180025095e-35 1.0000000180025095e-35 1.0000000180025095e-35 6.0177960395812997 1.0000000180025095e-35 1.0000000180025095e-35 1.0000000180025095e-35 1.0000000180025095e-35 9.7960300445556658 1.0000000180025095e-35 1.0000000180025095e-35 1.0000000180025095e-35 1.0000000180025095e-35 1.0000000180025095e-35 1.0000000180025095e-35 1.0000000180025095e-35 1.0000000180025095e-35 1.0000000180025095e-35 1.0000000180025095e-35
decision_type=2 2 2 2 2 2 2 2 2 2 2 2 2 2 2 2 2 2 2 2 2 2 2 2 2 2 2 2 2 2
left_child=2 15 3 4 6 12 7 -1 -8 10 11 -10 -4 -5 -15 18 -17 -18 19 -2 -21 -22 24 -24 -20 26 27 28 -26 -30
right_child=1 -3 5 13 -6 -7 8 -9 9 -11 -12 -13 -14 14 -16 16 17 -19 22 20 21 -23 23 -25 25 -27 -28 -29 29 -31
leaf_value=-0.057275566304242513 0.1506291842556835 0.039763385182203626 -0.0013968792457360504 -0.019157880438575567 0.064554013321305101 -0.061247494587006839 -0.070093529992530212 0.080021970880915241 -0.020114412493144662 -0.071564027075397718 -0.063865168591173527 0.084588742540404105 0.06447708836527731 0.030400224439430863 -0.094894902553019064 -0.040186034811886345 0.10706851756056482 -0.061228582711725259 0.11774888204099487 0.0080887171402350515 0.018268299614055249 0.16721973127768683 -0.030480279427283555 0.11543827058295622 -0.049259020049581687 0.044327703285552751 -0.055737720595911977 0.085706569852413178 0.095727447618428621 -0.046773250188463567
leaf_weight=7.4335732907056791 3.8472779244184485 243.83618709445 18.572628185153008 170.35128816962242 4.7487182617187491 5.8088518828153601 92.207739621400833 5.377414733171463 19.773088321089748 20.884066626429558 16.533726006746292 6.6291536390781394 14.905627176165579 3.7810962498188045 13.282845571637152 30.93941555917263 7.4393029212951642 4.1384066343307495 4.7045477330684653 27.475058779120445 10.410132691264154 6.6367344111204138 57.288766786456108 7.2078806757926932 13.090522572398186 36.953449219465256 12.902852982282637 7.3008223623037329 8.2810619473457319 7.0093269944190988
leaf_count=47 20 1213 104 990 22 33 586 34 120 133 105 40 71 22 83 164 39 22 24 146 54 35 306 38 70 195 69 39 44 38
internal_value=-0.000300638 0.0247247 -0.0309008 -0.0358685 -0.0491943 0.0147466 -0.0523936 0.000355102 -0.0567246 -0.0374091 -0.0207961 0.00617477 0.0279324 -0.0235258 -0.0671315 0.00979548 -0.0164688 0.0469114 0.0152934 0.0434516 0.03419 0.0762585 0.00649161 -0.014173 0.0212607 0.0159539 -0.00562725 0.0124932 -0.00634054 0.0304031
internal_weight=889.752 489.462 400.29 361.003 173.587 39.2871 168.839 12.811 156.028 63.82 42.936 26.4022 33.4783 187.415 17.0639 245.626 42.5171 11.5777 203.108 48.3692 44.5219 17.0469 154.739 64.4966 90.2426 85.538 48.5846 35.6817 28.3809 15.2904
internal_count=4906 2516 2390 2182 1087 208 1065 81 984 398 265 160 175 1095 105 1303 225 61 1078 255 235 89 823 344 479 455 260 191 152 82
is_linear=0
shrinkage=0.1


Tree=5
num_leaves=31
num_cat=0
split_feature=0 0 139 0 88 7 0 133 94 0 15 6 1 14 10 81 0 55 84 0 96 1 1 83 53 26 113 9 26 83
split_gain=55.5653 8.66262 7.58881 5.20456 5.25672 3.43796 4.38854 3.6429 3.37024 3.34149 4.69945 3.62095 3.32873 3.18757 4.24903 4.27445 9.91616 3.4509 3.10463 4.50481 4.04202 4.12 4.07996 3.05236 3.51397 4.26092 3.28517 3.52393 2.86301 2.86147
threshold=9.3497605323791522 13.661875724792482 1.0000000180025095e-35 5.3018479347229013 1.0000000180025095e-35 1.0000000180025095e-35 4.7556469440460214 1.0000000180025095e-35 1.0000000180025095e-35 2.2026009559631352 1.0000000180025095e-35 1.0000000180025095e-35 -0.081146854907274232 1.0000000180025095e-35 1.0000000180025095e-35 1.0000000180025095e-35 3.8535249233245854 1.0000000180025095e-35 1.0000000180025095e-35 6.0177960395812997 1.0000000180025095e-35 -0.40056277811527247 -0.39082820713520044 1.0000000180025095e-35 1.0000000180025095e-35 1.0000000180025095e-35 1.0000000180025095e-35 1.0000000180025095e-35 1.0000000180025095e-35 1.0000000180025095e-35
decision_type=2 2 2 2 2 2 2 2 2 2 2 2 2 2 2 2 2 2 2 2 2 2 2 2 2 2 2 2 2 2
left_child=2 29 3 4 9 7 -7 -4 18 10 -1 28 -10 14 15 16 -13 -17 20 -20 21 -5 -23 26 -25 -26 -3 -28 -11 -2
right_child=1 23 5 8 -6 6 -8 -9 12 11 -12 13 -14 -15 -16 17 -18 -19 19 -21 -22 22 -24 24 25 -27 27 -29 -30 -31
leaf_value=-0.053498649238600295 0.013576704302754589 0.036806563768670017 0.014651667865042141 0.08580778939120684 0.056706396380471494 0.061602925553651815 -0.062347226108561082 0.1051908210521614 -0.011895767402118902 -0.094683982896326901 0.068496065410577262 -0.035988137165502934 0.099292830524379927 -0.06749695527102953 -0.059922637003075679 0.016436027427023322 0.14161727601956417 -0.08330605967756867 0.026878063560201799 -0.097590211800061444 -0.10822489727677875 -0.10822489727677875 -0.017270429583490895 -0.038343852481455026 -0.015088687665772727 0.073391895662872145 0.15633163313697013 0.036334441475194115 -0.054719162641329512 -0.015037438055424774
leaf_weight=7.1763199120759946 204.51686288416386 205.10710349678993 19.768731296062473 3.7450734674930564 4.8589712381362906 4.0077587068080893 9.9434126764535886 5.7327110767364493 6.9216583222150803 25.010090708732605 5.638792023062706 6.6795314699411392 4.4067303240299207 19.976393148303032 15.893545299768446 7.0237082690000534 5.9384955316781998 6.8534605652093887 3.8452910482883444 11.926236584782599 5.106918364763259 5.106918364763259 143.84486727416515 11.308770045638083 10.595840349793434 11.190854460000992 4.8758710175752622 4.9134277999401093 63.278542757034302 42.15130378305912
leaf_count=47 1078 1000 103 22 22 21 55 29 41 166 34 41 26 133 105 43 35 41 22 79 30 30 845 59 54 55 22 23 420 225
internal_value=-0.000339954 0.0219559 -0.0284258 -0.0330717 -0.0457938 0.0131707 -0.02674 0.0350048 -0.0214902 -0.0488405 0.000180384 -0.0530104 0.0313565 -0.0345644 -0.0190444 0.0054771 0.0475993 -0.0328232 -0.0249392 -0.0672433 -0.0207111 -0.0177843 -0.0203889 0.0351539 0.00688369 0.0303598 0.0395077 0.0961029 -0.0660403 0.00868704
internal_weight=887.344 494.66 392.684 353.232 168.328 39.4526 13.9512 25.5014 184.904 163.469 12.8151 150.654 11.3284 62.3651 42.3887 26.4952 12.618 13.8772 173.575 15.7715 157.804 152.697 148.952 247.992 33.0955 21.7867 214.896 9.7893 88.2886 246.668
internal_count=4906 2516 2390 2182 1087 208 76 132 1095 1065 81 984 67 398 265 160 76 84 1028 101 927 897 875 1213 168 109 1045 45 586 1303
is_linear=0
shrinkage=0.1


Tree=6
num_leaves=31
num_cat=0
split_feature=0 0 139 0 88 68 61 13 0 81 16 12 7 7 0 67 267 152 67 98 14 10 93 44 55 86 5 9 67 12
split_gain=45.4569 7.33485 6.33837 4.54888 4.38236 3.82366 3.64137 5.12821 9.62178 6.3787 5.84192 8.62299 7.34851 4.17934 6.36051 5.47668 3.6096 3.70564 3.50414 3.4123 3.43377 3.15143 4.83325 5.34902 4.45598 4.33313 5.57814 7.96676 7.47369 5.75609
threshold=9.3497605323791522 15.034907817840578 1.0000000180025095e-35 5.3018479347229013 1.0000000180025095e-35 1.0000000180025095e-35 1.0000000180025095e-35 1.0000000180025095e-35 15.924708843231203 1.0000000180025095e-35 1.0000000180025095e-35 1.0000000180025095e-35 1.0000000180025095e-35 1.0000000180025095e-35 16.735113143920902 1.0000000180025095e-35 1.0000000180025095e-35 1.0000000180025095e-35 1.0000000180025095e-35 1.0000000180025095e-35 1.0000000180025095e-35 1.0000000180025095e-35 1.0000000180025095e-35 1.0000000180025095e-35 1.0000000180025095e-35 1.0000000180025095e-35 1.0000000180025095e-35 1.0000000180025095e-35 1.0000000180025095e-35 1.0000000180025095e-35
decision_type=2 2 2 2 2 2 2 2 2 2 2 2 2 2 2 2 2 2 2 2 2 2 2 2 2 2 2 2 2 2
left_child=2 16 3 4 -1 19 7 9 -9 10 12 -12 -7 14 18 -15 17 21 -8 -3 -21 -2 23 -23 -24 26 -25 28 -28 -29
right_child=1 5 -4 -5 -6 6 13 8 -10 -11 11 -13 -14 15 -16 -17 -18 -19 -20 20 -22 22 24 25 -26 -27 27 29 -30 -31
leaf_value=-0.045506332759012579 0.0026099255354751359 0.028399936421793621 0.011726321116814325 -0.019642689707844246 0.05004015150642227 0.14086266698385458 0.047240902316593433 0.18084723204349959 0.030781749058288222 -0.060456173508055044 0.057309922125545643 -0.12247589163646178 0.0039556172379502088 0.05953359435381618 0.1123233938312283 0.18952755857843934 -0.068445354889882834 0.10678909747269583 -0.075615442843755487 0.016794003005095565 -0.10629633520097233 0.12262645415963272 0.057823063763076811 -0.00077669256183581588 -0.057154483384303893 0.082070186772849926 0.069814250464974581 0.062386673117840401 -0.038970052948557932 0.19552818393829277
leaf_weight=158.43034039437771 185.25388480722904 72.492467790842056 39.64047534763813 182.58734823763371 4.9504142403602591 8.3541766852140409 5.0754452943801898 6.134255230426791 14.078632339835165 8.8280487358570081 6.3243401348590851 4.6141014397144318 7.3874271661043176 6.7349219173192996 8.0421187877655012 6.2471539378166199 5.6312215924262992 4.0987883508205405 4.2787779420614243 5.273811921477316 3.9741583913564682 5.9030018746852866 4.5841974467039117 61.030409142374992 12.73312221467495 11.896942421793936 12.110010281205177 10.068734437227247 13.198496624827385 4.7927984297275534
leaf_count=1065 973 345 208 1095 22 39 23 29 66 44 29 22 35 31 37 29 28 21 20 28 22 27 23 313 66 61 62 52 67 24
internal_value=-0.000361038 0.0195618 -0.0261497 -0.0304894 -0.0426113 0.0365931 0.0512997 0.036115 0.076324 0.0132261 0.0376066 -0.0185281 0.0766131 0.0791518 0.0471102 0.122088 0.0109336 0.0123062 -0.00895564 0.0211023 -0.036102 0.0111019 0.0226423 0.0298254 -0.0267179 0.0249817 0.0182705 0.047209 0.0130828 0.105324
internal_weight=884.75 499.141 385.609 345.968 163.381 167.84 86.0994 55.721 20.2129 35.5081 26.68 10.9384 15.7416 30.3784 17.3963 12.9821 331.302 325.67 9.35422 81.7404 9.24797 321.572 136.318 119 17.3173 113.097 101.2 40.17 25.3085 14.8615
internal_count=4906 2516 2390 2182 1087 799 404 264 95 169 125 51 74 140 80 60 1717 1689 43 395 50 1668 695 606 89 579 518 205 129 76
is_linear=0
shrinkage=0.1


Tree=7
num_leaves=31
num_cat=0
split_feature=0 0 139 289 0 88 82 6 26 14 10 73 1 55 10 84 0 8 178 1 0 12 15 0 7 94 7 12 138 9
split_gain=37.0148 5.82635 5.28671 4.29954 4.20787 3.57097 3.03199 3.02634 3.57893 3.26601 4.84082 3.7417 3.09535 3.01251 5.92634 3.0007 3.64421 2.97091 2.91005 3.03515 3.85426 2.72664 3.265 3.65101 2.85964 2.68027 3.38694 2.62379 4.45235 4.13348
threshold=9.3497605323791522 13.661875724792482 1.0000000180025095e-35 1.0000000180025095e-35 5.3018479347229013 1.0000000180025095e-35 1.0000000180025095e-35 1.0000000180025095e-35 1.0000000180025095e-35 1.0000000180025095e-35 1.0000000180025095e-35 1.0000000180025095e-35 -0.52635180950164784 1.0000000180025095e-35 1.0000000180025095e-35 1.0000000180025095e-35 6.0177960395812997 1.0000000180025095e-35 1.0000000180025095e-35 -0.40056277811527247 5.4524297714233407 1.0000000180025095e-35 1.0000000180025095e-35 5.6960985660552987 1.0000000180025095e-35 1.0000000180025095e-35 1.0000000180025095e-35 1.0000000180025095e-35 1.0000000180025095e-35 1.0000000180025095e-35
decision_type=2 2 2 2 2 2 2 2 2 2 2 2 2 2 2 2 2 2 2 2 2 2 2 2 2 2 2 2 2 2
left_child=2 -2 3 4 5 7 21 8 -1 10 11 -9 13 14 -10 18 -17 -16 19 -6 -21 24 23 -23 -4 27 -27 29 -29 -22
right_child=1 -3 6 -5 15 -7 -8 9 12 -11 -12 -13 -14 -15 17 16 -18 -19 -20 20 25 22 -24 -25 -26 26 -28 28 -30 -31
leaf_value=-0.086485323274700515 0.0065502524181560136 0.028082636141680929 0.025666957611910804 -0.12462644847944369 0.07746354324464988 0.044316215524296591 -0.057535801609527586 -0.0047057900329971671 -0.048790856442840189 -0.05760601299943257 -0.05274431635205426 0.081363707367286792 -0.074332224626894663 -0.064426000240412645 0.079612911509697515 0.026049737420803628 -0.086046430204314628 -0.015072306374060871 -0.098488510126240783 -0.12446859930045076 -0.0058181135020833885 0.15244923808776537 -0.011038657427430723 0.031930369627944065 -0.05536012669971109 0.087411731609978907 -0.030436965098666072 -0.0054513761941568321 0.093643539387096769 -0.050006640646186998
leaf_weight=23.847626820206642 248.96634019911289 253.7368811070919 11.935430258512499 4.5439092069864264 3.8659937977790824 5.0264956653118125 5.626585751771926 20.794074907898906 16.605208516120911 20.682242721319199 16.185170948505402 6.6714086532592765 19.489697098731995 14.264198601245878 7.956318750977518 3.8605464100837699 11.658029258251188 5.6791366785764694 3.8104678541421881 3.0008421689271918 50.442692652344704 4.5550049096345884 5.2722109109163275 5.6088193207979202 6.8585485219955435 6.022647023200987 4.0981016159057617 49.460096701979637 4.9916433095931998 36.476579859852791
leaf_count=172 1303 1213 64 29 22 22 33 131 116 147 114 39 138 101 55 22 83 40 24 19 303 20 25 26 40 35 24 297 30 219
internal_value=-0.000375847 0.0174186 -0.0239603 -0.0280059 -0.0266949 -0.0386122 0.0104933 -0.0413515 -0.0534199 -0.0248728 -0.00936338 0.0162006 -0.0410981 -0.0265441 -0.00867555 -0.0161515 -0.0581603 0.0401767 -0.0121315 -0.0100535 -0.0122435 0.0216756 0.052818 0.0859419 -0.00390252 -0.0100205 0.0396923 -0.0135795 0.00363275 -0.0243623
internal_weight=881.993 502.703 379.29 339.433 334.889 157.202 39.8566 152.175 87.8422 64.3329 43.6507 27.4655 63.9946 44.5049 30.2407 177.688 15.5186 13.6355 162.169 158.359 154.493 34.23 15.436 10.1638 18.794 151.492 10.1207 141.371 54.4517 86.9193
internal_count=4906 2516 2390 2182 2153 1075 208 1053 622 431 284 170 450 312 211 1078 105 95 973 949 927 175 71 46 104 908 59 849 327 522
is_linear=0
shrinkage=0.1


Tree=8
num_leaves=31
num_cat=0
split_feature=1 80 139 99 1 84 10 36 54 1 1 11 0 9 0 129 113 73 15 7 0 49 0 15 1 13 81 8 63 61
split_gain=30.3843 4.88921 4.81709 4.80566 4.63993 5.2251 5.67301 7.27296 6.79734 6.30457 5.69373 5.33405 5.05423 4.37413 6.73513 5.66052 4.31802 4.21609 5.04782 4.13998 3.96276 3.90925 3.48682 8.07891 7.09037 5.78524 5.39411 5.26768 5.05079 8.39939
threshold=0.12905924767255786 1.0000000180025095e-35 1.0000000180025095e-35 1.0000000180025095e-35 -0.46931324899196619 1.0000000180025095e-35 1.0000000180025095e-35 1.0000000180025095e-35 1.0000000180025095e-35 -0.23431439697742459 -0.14092326164245603 1.0000000180025095e-35 6.8391511440277108 1.0000000180025095e-35 4.7049965858459482 1.0000000180025095e-35 1.0000000180025095e-35 1.0000000180025095e-35 1.0000000180025095e-35 1.0000000180025095e-35 15.034907817840578 1.0000000180025095e-35 15.683778285980226 1.0000000180025095e-35 0.78462240099906932 1.0000000180025095e-35 1.0000000180025095e-35 1.0000000180025095e-35 1.0000000180025095e-35 1.0000000180025095e-35
decision_type=2 2 2 2 2 2 2 2 2 2 2 2 2 2 2 2 2 2 2 2 2 2 2 2 2 2 2 2 2 2
left_child=1 2 4 13 -1 6 7 8 11 -9 -11 12 -6 15 -15 21 -8 18 -3 -13 -2 -4 23 25 26 -22 -24 -25 -26 -30
right_child=20 17 3 -5 5 -7 16 9 -10 10 -12 19 -14 14 -16 -17 -18 -19 -20 -21 22 -23 24 27 28 -27 -28 -29 29 -31
leaf_value=-0.036286524331436469 0.010148984700319101 -0.064642176461965281 0.1276294137452012 -0.069019973130291831 0.042616147775921404 -0.063144670821064772 -0.022303961756313391 0.016876376612874718 -0.0024274675706287873 -0.095099840335228475 0.02463226994912485 0.062750573909702567 0.14059076770563964 0.091283498654717576 -0.050622948750312417 -0.015930133554824637 -0.12982355838938753 -0.10379154272411834 0.028122936758126018 -0.044018580377857747 -0.027887615047788406 0.011682331886596812 0.011549941764551553 0.15108574682419695 0.040802395163979335 0.075550365986261289 -0.083437389315991622 0.036846931825185322 -0.085419516076808019 0.080274730408742639
leaf_weight=121.04368861019611 291.01714393496513 16.479702398180962 10.099008589982988 5.9236724227666846 11.195959374308588 18.14463497698307 75.916005283594131 16.766545116901398 42.972015425562859 15.899332627654077 5.294194668531417 7.3483954817056638 9.9400975853204709 4.6559068858623531 11.875037729740141 6.9477794319391242 3.9284444898366919 11.840893626213072 9.1077906191349047 7.1802279204130173 12.834941953420639 4.0836995095014563 14.904961377382278 10.510931059718134 94.266023993492126 9.3430856466293335 9.9824521690607071 6.5527478754520407 8.4169222861528379 4.8064035326242438
leaf_count=856 1490 105 51 31 69 123 457 102 257 96 32 44 56 23 64 34 23 70 58 44 61 22 68 47 439 43 48 31 40 22
internal_value=-0.000384795 -0.0199732 -0.0165699 0.0147061 -0.0206315 -0.0118007 -0.00705827 0.00700445 0.024357 -0.0289424 -0.0651905 0.0566293 0.0886927 0.0278751 -0.0106553 0.0580185 -0.0275941 -0.0544541 -0.0316227 0.00998392 0.0172562 0.0942442 0.0293082 0.0554879 0.0215475 0.0156884 -0.0265499 0.107216 0.0326836 -0.0251931
internal_weight=879.279 416.643 379.215 43.5851 335.63 214.586 196.441 116.597 78.6367 37.9601 21.1935 35.6647 21.1361 37.6614 16.5309 21.1305 79.8444 37.4284 25.5875 14.5286 462.636 14.1827 171.618 39.2417 132.377 22.178 24.8874 17.0637 107.489 13.2233
internal_count=4906 2617 2384 225 2159 1303 1180 700 470 230 128 213 125 194 87 107 480 233 163 88 2289 73 799 182 617 104 116 78 501 62
is_linear=0
shrinkage=0.1


Tree=9
num_leaves=31
num_cat=0
split_feature=0 0 100 7 83 0 44 56 14 15 57 61 0 139 113 10 101 0 168 0 67 12 70 73 93 62 0 70 11 68
split_gain=25.0114 4.90636 5.58851 4.69458 4.40409 4.72531 4.94968 7.10886 4.36902 4.57496 4.15174 3.92638 3.91603 4.03046 3.44879 4.91824 3.64764 3.18174 4.73679 4.71063 3.87801 5.99607 3.05728 3.70774 9.19078 2.86839 3.85325 2.86814 2.83354 2.77911
threshold=8.6036963462829608 12.746064186096193 1.0000000180025095e-35 1.0000000180025095e-35 1.0000000180025095e-35 12.203969955444338 1.0000000180025095e-35 1.0000000180025095e-35 1.0000000180025095e-35 1.0000000180025095e-35 1.0000000180025095e-35 1.0000000180025095e-35 2.088980078697205 1.0000000180025095e-35 1.0000000180025095e-35 1.0000000180025095e-35 1.0000000180025095e-35 5.542778968811036 1.0000000180025095e-35 6.7802875041961679 1.0000000180025095e-35 1.0000000180025095e-35 1.0000000180025095e-35 1.0000000180025095e-35 1.0000000180025095e-35 1.0000000180025095e-35 5.845311403274537 1.0000000180025095e-35 1.0000000180025095e-35 1.0000000180025095e-35
decision_type=2 2 2 2 2 2 2 2 2 2 2 2 2 2 2 2 2 2 2 2 2 2 2 2 2 2 2 2 2 2
left_child=3 2 4 12 5 6 -2 -8 10 -10 -6 -4 -1 17 16 -16 29 -14 19 20 21 28 -7 24 -24 26 -22 -9 -19 -3
right_child=1 14 11 -5 8 22 7 27 9 -11 -12 -13 13 -15 15 -17 -18 18 -20 -21 25 -23 23 -25 -26 -27 -28 -29 -30 -31
leaf_value=0.087828499185564179 0.113158292320183 0.0063051841069860703 0.1294025209180249 -0.037089833997381139 0.0030352272192784922 0.041013451015848891 0.048813859671010082 -0.0061909919800473556 -0.031973798739780325 0.078622376314772188 -0.092250071512661985 0.0069605214622703339 -0.031544362000771035 0.026670982533325546 0.018239767673335357 0.13659270799174017 0.093881756172659134 -0.052052269966018389 0.094575701257809286 -0.03156301788847856 0.10931650296938822 0.14470549947013833 -0.090237828068043313 -0.094200479046156804 0.085488503338512017 -0.063966786511676685 -0.015731854315228135 0.083932103873194053 0.070020694358699273 0.025829010612379112
leaf_weight=3.8072402477264395 4.6397450268268576 133.21997304260731 5.6675457060337049 127.64448741078377 6.6346466839313516 4.495131433010104 33.612621665000916 113.09475117921829 10.97996009886265 5.6726990342140189 14.714010328054428 4.8688962161540985 98.081669628620148 21.208869859576225 8.2219108492135984 6.1282398700714102 6.3016659617424002 4.0606229454278964 4.5314951837062827 44.718172207474709 3.3776875883340862 5.1535201370716095 6.6857572942972183 10.079605162143707 5.3643964678049088 6.4657858610153189 9.1111965924501401 3.6450565308332434 3.576022282242775 161.04303835332394
leaf_count=26 22 644 30 849 36 23 177 611 60 31 80 25 691 105 38 27 30 25 28 279 20 31 35 54 27 40 57 19 22 764
internal_value=-0.000398139 0.012778 0.0016801 -0.0220475 -0.00173301 0.00474459 0.01143 0.00829072 -0.032691 0.00570059 -0.0626377 0.072822 -0.0126397 -0.0145495 0.0208889 0.0687825 0.0186022 -0.0194315 -0.00476319 -0.0106504 0.0188087 0.0613576 -0.0341732 -0.0494455 -0.0120093 -0.00990229 0.0180882 -0.00337701 0.005111 0.0169901
internal_weight=876.806 545.07 230.155 331.737 219.618 181.617 154.992 150.352 38.0013 16.6527 21.3487 10.5364 204.092 200.285 314.915 14.3502 300.565 179.076 80.9945 76.463 31.7448 12.7902 26.6249 22.1298 12.0502 18.9547 12.4889 116.74 7.63665 294.263
internal_count=4906 2733 1230 2173 1175 968 829 807 207 91 116 55 1324 1298 1503 65 1438 1193 502 474 195 78 139 116 62 117 77 630 47 1408
is_linear=0
shrinkage=0.1


Tree=10
num_leaves=31
num_cat=0
split_feature=0 0 289 0 13 100 61 7 1 139 0 1 9 129 0 9 130 62 1 1 1 13 143 64 139 101 108 98 1 0
split_gain=20.7472 4.88345 4.17744 3.94114 5.96943 4.62634 6.45546 3.57675 4.44242 3.68212 3.59001 3.52987 3.45017 7.27963 3.32872 3.80918 3.73961 3.25971 6.12615 3.80593 3.54306 3.26728 2.99725 2.79454 5.10642 4.82255 3.72446 3.35275 3.06531 8.68827
threshold=7.6317591667175302 12.643394947052004 1.0000000180025095e-35 12.262833595275881 1.0000000180025095e-35 1.0000000180025095e-35 1.0000000180025095e-35 1.0000000180025095e-35 -0.16723705083131787 1.0000000180025095e-35 2.1683777570724492 -0.17484219372272489 1.0000000180025095e-35 1.0000000180025095e-35 5.542778968811036 1.0000000180025095e-35 1.0000000180025095e-35 1.0000000180025095e-35 -0.32557608187198633 -0.23431439697742459 -0.24967678636312482 1.0000000180025095e-35 1.0000000180025095e-35 1.0000000180025095e-35 1.0000000180025095e-35 1.0000000180025095e-35 1.0000000180025095e-35 1.0000000180025095e-35 0.78462240099906932 15.683778285980226
decision_type=2 2 2 2 2 2 2 2 2 2 2 2 2 2 2 2 2 2 2 2 2 2 2 2 2 2 2 2 2 2
left_child=2 3 7 5 -5 22 -7 8 9 10 -1 -9 13 -11 -12 17 -17 19 -19 21 -20 -16 -2 25 27 26 28 -25 29 -3
right_child=1 23 -4 4 -6 6 -8 11 -10 12 14 -13 -14 -15 15 16 -18 18 20 -21 -22 -23 -24 24 -26 -27 -28 -29 -30 -31
leaf_value=0.061604914818053941 -0.00078531908058015836 0.018240887573301588 -0.12135663562099004 0.0057240095820706256 -0.10039160808746617 0.13445053301697152 -0.017311217549019525 -0.039122714359195204 -0.10594114506448481 0.16819182365573704 -0.029037582740059395 0.069039179571888223 -0.01385556879696277 -0.012942975998630701 0.082741580517812191 -0.045889493113937162 0.065167125444727622 -0.031059592655582363 0.19551167089939123 -0.080000299067555514 0.059428778180451995 -0.020638288316275989 0.080778443421002308 0.020187609864543658 -0.064691462425085389 0.11834514082626602 0.063393714101639298 -0.053334602551353139 0.033729275782564655 -0.056196109110824448
leaf_weight=5.936187505722045 231.9631861448288 131.51342803239822 4.2380676269531241 12.087206616997719 9.4424912333488464 6.2343606650829297 5.0922634452581406 101.36347099393606 4.9346805810928336 4.4342512339353579 92.871834695339203 3.1098100990056983 7.7201968729495993 4.4406974911689758 5.7027003467082995 18.912074580788616 3.61098688840866 4.1626282930374146 3.4160309582948685 4.5191639661788932 4.3490711599588412 6.589873768389225 4.5945895016193381 54.664780527353287 10.152395367622374 5.2365040183067313 19.43508617579937 6.9962768405675879 78.943545863032341 17.802990600466728
leaf_count=39 1283 639 30 64 52 32 27 698 31 21 668 20 38 21 34 119 21 25 21 29 28 40 24 258 49 24 91 36 360 84
internal_value=-0.0004026 0.0101772 -0.0228279 0.000223741 -0.0408162 0.00378821 0.066221 -0.0213153 -0.0124341 -0.00966549 -0.0146082 -0.0359031 0.035032 0.0775586 -0.0177471 0.0027078 -0.0280845 0.0268396 0.0668228 -0.00152796 0.119294 0.0273211 0.000798869 0.0184347 0.00102536 0.0233777 0.02137 0.0118455 0.0177919 0.00936577
internal_weight=874.471 594.159 280.312 269.414 21.5297 247.884 11.3266 276.074 171.6 166.666 150.071 104.473 16.5951 8.87495 144.134 51.2625 22.5231 28.7395 11.9277 16.8117 7.7651 12.2926 236.558 324.745 71.8135 252.932 247.695 61.6611 228.26 149.316
internal_count=4906 3023 1883 1482 116 1366 59 1853 1135 1104 1024 718 80 42 985 317 140 177 74 103 49 74 1307 1541 343 1198 1174 294 1083 723
is_linear=0
shrinkage=0.1


Tree=11
num_leaves=31
num_cat=0
split_feature=1 289 80 73 1 31 0 0 77 11 7 139 99 12 1 0 83 5 86 267 232 25 140 0 67 54 44 31 55 9
split_gain=17.241 4.39829 4.46029 4.03591 4.6924 4.56569 3.18685 5.56466 3.28379 4.39342 3.25792 2.77677 3.97829 3.02207 3.13826 2.82039 2.75819 3.83874 6.24734 5.19318 4.80974 5.88991 3.74456 3.67572 3.76009 3.90636 3.54878 3.82412 5.08736 4.23883
threshold=0.12905924767255786 1.0000000180025095e-35 1.0000000180025095e-35 1.0000000180025095e-35 -0.28800669312477106 1.0000000180025095e-35 2.7748117446899419 2.2026009559631352 1.0000000180025095e-35 1.0000000180025095e-35 1.0000000180025095e-35 1.0000000180025095e-35 1.0000000180025095e-35 1.0000000180025095e-35 -0.14092326164245603 4.9609856605529794 1.0000000180025095e-35 1.0000000180025095e-35 1.0000000180025095e-35 1.0000000180025095e-35 1.0000000180025095e-35 1.0000000180025095e-35 1.0000000180025095e-35 11.880903720855715 1.0000000180025095e-35 1.0000000180025095e-35 1.0000000180025095e-35 1.0000000180025095e-35 1.0000000180025095e-35 1.0000000180025095e-35
decision_type=2 2 2 2 2 2 2 2 2 2 2 2 2 2 2 2 2 2 2 2 2 2 2 2 2 2 2 2 2 2
left_child=1 2 6 4 -4 -6 7 10 11 -10 -1 -8 13 -13 15 -15 17 19 20 -2 21 -19 23 24 -18 -26 -25 28 -28 -30
right_child=16 -3 3 -5 5 -7 8 -9 9 -11 -12 12 -14 14 -16 -17 22 18 -20 -21 -22 -23 -24 26 25 -27 27 -29 29 -31
leaf_value=0.05109546581883484 0.0098943026716713286 -0.11911403663154473 -0.071306037824334298 -0.098686140406514092 -0.023374517363161318 0.10707304391485878 -0.013521317734524883 -0.07002031692913159 -0.0019469714160598945 0.14372312309554189 -0.064278541294079491 0.0012813509711314263 -0.063649190290274979 0.08329246924715232 0.11870126294524669 -0.023910236718025002 0.030466060199556878 0.10504691156204687 -0.016077457352701659 -0.090021610888277648 -0.063133675372710321 0.032986006878903344 -0.092925512416597161 -0.072957228501438751 -0.13200140243687419 -0.010814113567901903 -0.057374401064297434 0.090925425054291992 0.062884043962840377 -0.014972467969354867
leaf_weight=7.9883441776037198 231.6582175642252 4.0623497962951651 11.715368717908857 11.008138984441755 8.7647437304258364 3.866800144314765 278.68076166510582 22.044719226658344 5.625302314758299 3.2763079255819321 3.5286243706941605 20.811035379767418 5.6987809985876074 4.5492860376834852 5.6887336373329154 5.3287379741668701 4.92150907218456 12.534337133169172 27.338049069046974 5.3214127570390692 4.6978068500757209 119.28905658423901 4.6120806187391272 4.2837943881750098 5.6726200580596924 5.0081343948841095 8.6692457497119886 6.8716288805007926 16.580124646425247 12.093424633145334
leaf_count=52 1122 31 82 70 55 24 1839 167 36 19 25 115 31 20 27 24 27 58 141 25 22 569 24 21 31 28 44 34 82 61
internal_value=-0.000404524 -0.0155876 -0.0145325 -0.0484392 -0.0257206 0.0165584 -0.0112321 -0.0405887 -0.00824333 0.0516681 0.0157466 -0.00990599 0.014039 0.0262093 0.0595352 0.0254616 0.0126149 0.0157881 0.0275569 0.00765068 0.0362945 0.0398379 -0.00589641 0.000365407 -0.0418538 -0.0751775 0.0139476 0.0223676 0.00975192 0.0300471
internal_weight=872.189 402.638 398.576 35.3551 24.3469 12.6315 363.221 33.5617 329.659 8.90161 11.517 320.757 42.0766 36.3778 15.5668 9.87802 469.551 400.839 163.859 236.98 136.521 131.823 68.7126 64.1005 15.6023 10.6808 48.4982 44.2144 37.3428 28.6735
internal_count=4906 2617 2586 231 161 79 2355 244 2111 55 77 2056 217 186 71 44 2289 1937 790 1147 649 627 352 328 86 59 242 221 187 143
is_linear=0
shrinkage=0.1


Tree=12
num_leaves=31
num_cat=0
split_feature=0 289 0 242 144 205 80 34 6 88 0 14 10 26 5 13 81 133 0 9 13 5 133 12 135 7 16 26 152 214
split_gain=14.399 3.45728 3.44416 3.34824 3.22545 3.13224 3.05152 4.03412 3.35601 5.279 4.87635 3.03881 4.40865 7.13458 6.56692 5.40482 5.34413 4.94961 5.18533 4.80262 5.33649 4.60055 4.43113 2.99311 3.51561 3.00696 3.22557 3.09636 2.7301 2.57674
threshold=7.6317591667175302 1.0000000180025095e-35 15.034907817840578 1.0000000180025095e-35 1.0000000180025095e-35 1.0000000180025095e-35 1.0000000180025095e-35 1.0000000180025095e-35 1.0000000180025095e-35 1.0000000180025095e-35 7.1540040969848642 1.0000000180025095e-35 1.0000000180025095e-35 1.0000000180025095e-35 1.0000000180025095e-35 1.0000000180025095e-35 1.0000000180025095e-35 1.0000000180025095e-35 3.3497605323791508 1.0000000180025095e-35 1.0000000180025095e-35 1.0000000180025095e-35 1.0000000180025095e-35 1.0000000180025095e-35 1.0000000180025095e-35 1.0000000180025095e-35 1.0000000180025095e-35 1.0000000180025095e-35 1.0000000180025095e-35 1.0000000180025095e-35
decision_type=2 2 2 2 2 2 2 2 2 2 2 2 2 2 2 2 2 2 2 2 2 2 2 2 2 2 2 2 2 2
left_child=1 4 3 5 6 28 8 -8 9 -1 11 12 13 14 -10 16 21 18 -15 20 -19 22 -14 25 -25 26 27 -13 29 -2
right_child=2 -3 -4 -5 -6 -7 7 -9 10 -11 -12 23 15 17 -16 -17 -18 19 -20 -21 -22 -23 -24 24 -26 -27 -28 -29 -30 -31
leaf_value=-0.028040957610724518 0.0051665013729166025 -0.11683936460368993 0.020034156145682713 -0.086254563340834381 -0.12324818305038927 -0.085383319126517476 -0.077523292941625285 0.029702078766342351 0.034670110302614847 0.066160826560229327 -0.10164335444993018 -0.057442880903005172 0.11372890636720363 0.061188668086316844 0.17591254278196863 -0.072889756270780648 0.090396259464320797 -0.09473043563922702 -0.078639569806945323 0.11448919575417144 0.075572250335404489 -0.12014088352481003 -0.059346923643535027 -0.033842418322788677 0.06886058638901911 -0.094888322313558704 -0.080032359040150575 0.069182052073597997 0.075098002370476952 -0.058674987831870251
leaf_weight=135.60337351262569 401.28832150250673 3.5964825078845015 176.09281826019287 4.1265672147274008 2.8882574811577788 3.861115336418151 16.026725061237816 4.4922621026635161 7.3979134112596494 6.2218020334839812 4.5361225232481948 3.0536886900663394 2.9100950658321363 3.7709366679191598 5.9307192713022232 9.9671085551381111 6.5378763899207124 3.486327201128006 8.9384274631738645 6.2077164351940155 3.8963636308908463 3.4048893749713898 3.0085415616631508 6.7371796742081624 6.5962854102253914 7.3954958990216246 4.8450932651758185 5.2532681748270988 5.4985285252332678 6.4233324974775305
leaf_count=957 2120 30 799 22 20 20 117 28 46 32 30 21 20 25 36 70 45 23 59 38 24 25 20 49 42 53 35 38 27 35
internal_value=-0.000402794 -0.0194423 0.00829003 0.00338009 -0.0181407 0.00426695 -0.0170003 -0.0540482 -0.0139064 -0.0239084 -0.000250092 0.00437988 0.0169632 0.037915 0.0975175 -0.0151829 0.0210793 0.00770868 -0.0371518 0.0496609 -0.00484977 -0.0275274 0.0257516 -0.0199306 0.0169665 -0.0438734 -0.0151874 0.0226339 0.00510466 0.0041607
internal_weight=869.994 272.703 597.291 421.198 269.106 417.071 266.218 20.519 245.699 141.825 103.874 99.3379 65.4569 39.6284 13.3286 25.8285 15.8614 26.2998 12.7094 13.5904 7.38269 9.32353 5.91864 33.881 13.3335 20.5475 13.1521 8.30696 413.21 407.712
internal_count=4906 1883 3023 2224 1853 2202 1833 145 1688 989 699 669 431 251 82 180 110 169 84 85 47 65 40 238 91 147 94 59 2182 2155
is_linear=0
shrinkage=0.1


Tree=13
num_leaves=31
num_cat=0
split_feature=0 0 0 13 100 104 80 34 6 88 0 73 1 132 54 56 1 9 9 0 26 78 14 64 139 101 13 54 0 0
split_gain=11.8832 2.84554 3.34078 5.15538 3.44057 5.0352 2.56813 3.6239 3.02177 4.54153 4.05928 2.93384 2.31076 4.68146 3.44609 3.48263 3.40908 3.15431 2.58283 3.68273 5.52363 3.53597 2.44828 2.27021 4.02106 3.70574 3.14743 3.55208 5.67035 3.3475
threshold=7.6317591667175302 12.643394947052004 12.262833595275881 1.0000000180025095e-35 1.0000000180025095e-35 1.0000000180025095e-35 1.0000000180025095e-35 1.0000000180025095e-35 1.0000000180025095e-35 1.0000000180025095e-35 7.1540040969848642 1.0000000180025095e-35 -0.38535249233245844 1.0000000180025095e-35 1.0000000180025095e-35 1.0000000180025095e-35 -0.6200471520423888 1.0000000180025095e-35 1.0000000180025095e-35 2.3791923522949223 1.0000000180025095e-35 1.0000000180025095e-35 1.0000000180025095e-35 1.0000000180025095e-35 1.0000000180025095e-35 1.0000000180025095e-35 1.0000000180025095e-35 1.0000000180025095e-35 15.798768043518068 14.205338954925539
decision_type=2 2 2 2 2 2 2 2 2 2 2 2 2 2 2 2 2 2 2 2 2 2 2 2 2 2 2 2 2 2
left_child=6 2 4 -4 -2 -6 8 -8 9 -1 11 12 14 -14 15 18 -16 22 21 -20 -21 -10 -15 25 26 -3 -25 28 -28 -29
right_child=1 23 3 -5 5 -7 7 -9 10 -11 -12 -13 13 17 16 -17 -18 -19 19 20 -22 -23 -24 24 -26 -27 27 29 -30 -31
leaf_value=-0.028356632475190258 0.0004421071005186744 0.016301526188238605 0.0040246452000025079 -0.095865725377100183 -0.02027998133114085 0.11238232204633969 -0.074939944673686837 0.026247067463396129 -0.055080259529398184 0.057889060030055742 -0.097915295247816114 0.028952757007307362 -0.064733256776666137 0.048050107104398193 0.019235245640279897 0.092916157354283185 -0.10941740783810106 0.10142108161835538 0.10526540036290664 0.10456662147177653 -0.05217567235721024 0.056937533136196178 -0.050841878954693165 -0.011983935817724917 -0.061073622912355144 0.099509093191476272 0.14056220351922974 -0.062639231400345843 -0.0051974110213820193 0.035195531384880539
leaf_weight=137.13715483993292 236.59983721375465 251.62664157152176 12.183194518089294 8.9712897390127182 4.9770525246858579 6.7293547242879868 15.685027658939363 4.5707947462797156 18.620344273746017 6.3900775387883177 4.252702869474887 28.576543308794498 5.2000231593847301 6.7200572937726992 2.8778544515371323 3.1766232848167411 7.2447232231497747 6.0742898359894744 3.5140065103769293 3.036790065467355 8.6589337363839149 3.320473037660121 3.9897798895835876 35.778469398617744 9.9324096292257291 5.4687322676181784 6.1601104885339737 5.1941136270761499 4.709229439496994 10.705654785037039
leaf_count=990 1307 1174 64 52 25 34 121 28 140 32 30 181 36 40 22 21 51 36 25 20 62 23 25 170 49 24 28 26 21 49
internal_value=-0.000408295 0.00743273 -0.000189555 -0.0383373 0.00306045 0.0559801 -0.0178665 -0.0521068 -0.0150787 -0.0245168 -0.00220979 0.00181957 -0.00888499 0.0181721 -0.0206755 -0.00758123 -0.0728414 0.0438577 -0.0161744 0.0154943 -0.0114776 -0.0381277 0.0112095 0.0136647 -0.00196656 0.0180715 0.0074195 0.0333533 0.0774107 0.00323501
internal_weight=868.082 599.036 269.461 21.1545 248.306 11.7064 269.046 20.2558 248.79 143.527 105.263 101.01 72.4339 21.9842 50.4497 40.3272 10.1226 16.7841 37.1505 15.2097 11.6957 21.9408 10.7098 329.575 72.48 257.095 62.5476 26.7691 10.8693 15.8998
internal_count=4906 3023 1482 116 1366 59 1883 149 1734 1022 712 682 501 137 364 291 73 101 270 107 82 163 65 1541 343 1198 294 124 49 75
is_linear=0
shrinkage=0.1


Tree=14
num_leaves=31
num_cat=0
split_feature=0 80 15 58 1 139 99 9 0 0 15 77 11 10 102 1 36 54 1 16 0 1 26 54 1 6 33 7 13 133
split_gain=10.0058 3.03669 3.96988 4.18829 4.57507 2.57202 3.3711 2.86346 5.17491 3.56857 2.98558 2.78254 4.47855 2.5163 3.75023 4.51122 5.51838 5.41563 4.96039 4.6945 4.52452 5.97228 3.96661 3.88719 3.61799 4.14415 3.51301 3.27587 4.29878 3.7062
threshold=10.120465755462648 1.0000000180025095e-35 1.0000000180025095e-35 1.0000000180025095e-35 -0.26367023587226862 1.0000000180025095e-35 1.0000000180025095e-35 1.0000000180025095e-35 4.7049965858459482 8.3682408332824725 1.0000000180025095e-35 1.0000000180025095e-35 1.0000000180025095e-35 1.0000000180025095e-35 1.0000000180025095e-35 -0.46931324899196619 1.0000000180025095e-35 1.0000000180025095e-35 -0.23431439697742459 1.0000000180025095e-35 5.845311403274537 -0.40056277811527247 1.0000000180025095e-35 1.0000000180025095e-35 -0.48695717751979822 1.0000000180025095e-35 1.0000000180025095e-35 1.0000000180025095e-35 1.0000000180025095e-35 1.0000000180025095e-35
decision_type=2 2 2 2 2 2 2 2 2 2 2 2 2 2 2 2 2 2 2 2 2 2 2 2 2 2 2 2 2 2
left_child=1 5 -3 4 -4 11 7 9 -9 10 -7 13 -13 14 15 24 17 19 23 20 21 -17 -21 -18 25 -1 -15 28 -28 -30
right_child=-2 2 3 -5 -6 6 -8 8 -10 -11 -12 12 -14 26 -16 16 18 -19 -20 22 -22 -23 -24 -25 -26 -27 27 -29 29 -31
leaf_value=-0.04376116286426561 0.0093154188370391019 -0.068344361318903896 -0.026707086671325344 -0.057818041178417705 0.13977167871335505 0.061775016841067724 -0.05966716394605142 0.078993922341241168 -0.045045129955249022 0.11143634922450794 -0.026480984154085532 -0.013348393004697213 0.13400957967449967 -0.033353028445875003 -0.068568514178964854 0.1040031395171765 -0.012428702138721617 -0.0010018791777631003 -0.061022789608153695 0.083604052418566388 0.12340833082319994 -0.046696704927086274 -0.034826217008659559 0.10127986462201169 -0.12096945832503368 0.0099287883649637892 0.092469766724921715 -0.042986586697126516 0.049204658632966136 -0.092825519003707321
leaf_weight=31.266392417252064 476.46089690923691 20.541089989244938 3.2498622685670853 5.9503415450453758 3.3547838330268842 8.4732814878225344 5.5328160673379889 4.7913429141044643 11.286266408860682 6.2397286891937247 6.999212682247161 5.4064888134598714 3.3345545381307602 100.68007802218199 9.3452277183532697 5.5780681222677213 12.44179653376341 41.151972055435181 17.951488755643368 4.2219925075769398 11.618379846215246 4.9753546118736303 8.5660752728581429 3.9643621593713751 3.7079005911946288 26.613162070512772 7.3035029992461222 7.5529862046241751 4.0230752229690552 3.38150654733181
leaf_count=259 2301 148 26 39 20 41 31 23 63 30 36 36 18 715 69 36 80 253 122 25 63 31 52 25 28 191 45 51 26 23
internal_value=-0.000403497 -0.0122922 -0.0412676 0.00303245 0.0578546 -0.00960153 0.0132354 0.0239091 -0.00807983 0.0475964 0.0218511 -0.0127616 0.0428661 -0.0143592 -0.00687364 -0.00352269 0.00856758 0.0235841 -0.0246983 0.0525248 0.0803547 0.0329565 0.00427365 0.0150477 -0.025209 -0.0190744 -0.0254044 0.0105449 0.0380347 -0.0156573
internal_weight=865.964 389.503 33.0961 12.555 6.60465 356.407 43.3226 37.7898 16.0776 21.7122 15.4725 313.084 8.74104 304.343 181.402 172.057 110.469 76.1118 34.3576 34.9599 22.1718 10.5534 12.7881 16.4062 61.5875 57.8796 122.941 22.2611 14.7081 7.40458
internal_count=4906 2605 233 85 46 2372 224 193 86 107 77 2148 54 2094 1234 1165 687 460 227 207 130 67 77 105 478 450 860 145 94 49
is_linear=0
shrinkage=0.1


Tree=15
num_leaves=31
num_cat=0
split_feature=0 126 0 270 0 129 102 0 91 62 0 1 61 1 1 7 5 8 0 9 1 135 55 99 0 26 14 16 10 16
split_gain=8.3483 2.71139 4.00995 2.5783 2.69917 3.51785 2.87706 3.71067 2.65118 3.21561 2.5323 5.30531 4.51598 5.87602 3.40108 4.76934 3.96605 2.97904 4.76415 4.9426 3.21236 8.68464 5.14809 4.10243 11.7359 3.87219 6.40621 6.12 3.83098 3.38221
threshold=10.965092182159426 1.0000000180025095e-35 14.205338954925539 1.0000000180025095e-35 5.3018479347229013 1.0000000180025095e-35 1.0000000180025095e-35 6.635181427001954 1.0000000180025095e-35 1.0000000180025095e-35 5.5947980880737314 -0.38535249233245844 1.0000000180025095e-35 -0.40056277811527247 -0.34367632865905756 1.0000000180025095e-35 1.0000000180025095e-35 1.0000000180025095e-35 10.658453464508058 1.0000000180025095e-35 -0.14092326164245603 1.0000000180025095e-35 1.0000000180025095e-35 1.0000000180025095e-35 10.120465755462648 1.0000000180025095e-35 1.0000000180025095e-35 1.0000000180025095e-35 1.0000000180025095e-35 1.0000000180025095e-35
decision_type=2 2 2 2 2 2 2 2 2 2 2 2 2 2 2 2 2 2 2 2 2 2 2 2 2 2 2 2 2 2
left_child=3 -2 -3 4 5 -1 8 -8 10 -10 11 12 13 -6 15 16 -12 18 19 -16 21 -19 -23 25 -25 26 29 -27 -29 -22
right_child=1 2 -4 -5 6 -7 7 -9 9 -11 14 -13 -14 -15 17 -17 -18 20 -20 -21 23 22 -24 24 -26 27 -28 28 -30 -31
leaf_value=-0.093694441784594115 0.0080631930866396778 0.12721100107287886 0.012493170426941536 0.070097765408572738 0.14858872521548983 -0.018512602033679351 0.043292604027225151 -0.072331097302630584 -0.13096574920097784 0.0020816497862630643 -0.062043552863275224 0.1525994578578459 -0.075357674755815007 -0.016525616827359518 0.012922177915964856 -0.12187198094828181 0.064193415841793652 -0.055865867758979462 -0.080073091500884153 -0.028038945589851573 -0.0857445913424488 0.0080826726499861924 0.14441485376663035 -0.066062457210813538 0.11072732662630558 0.10284001678178678 0.07993506546545813 -0.04059431966674687 0.087796075233797954 0.022172189271888201
leaf_weight=6.5073310136795035 416.56341348588467 4.7834239155054084 8.3940182775259 3.9636503979563704 3.5872958675026894 142.80965538322926 3.5783073231577864 12.373300746083258 3.5146416276693335 3.7598711997270584 5.7425806075334531 3.1968984827399245 4.286495827138423 5.3994374200701731 67.032481670379639 5.6689010336995116 4.3923908099532127 19.120152689516544 9.1166812330484372 52.554514057934284 6.6443254202604312 8.9895667061209661 4.0032629594206801 12.883217714726927 5.299520030617713 16.878980465233326 7.434111461043357 6.5916629284620303 3.5896639972925186 5.1592166125774384
leaf_count=49 1987 23 38 24 21 1103 24 83 20 22 34 19 30 35 395 39 24 128 48 316 38 57 24 77 28 94 40 37 20 29
internal_value=-0.00040431 0.00947595 0.0541359 -0.0101858 -0.0109257 -0.0217891 -0.00514897 -0.0463941 -0.00266478 -0.0621995 -0.000983364 0.0369534 0.00909969 0.0493842 -0.0035749 -0.048419 -0.00733377 -0.000429237 -0.0103911 -0.00507888 0.0128441 -0.012997 0.0500884 0.0257137 -0.0145355 0.0415209 0.00722138 0.065905 0.00467271 -0.0385752
internal_weight=863.819 429.741 13.1774 434.078 430.114 149.317 280.797 15.9516 264.846 7.27451 257.571 16.4701 13.2732 8.98673 241.101 15.8039 10.135 225.297 128.704 119.587 96.5937 32.113 12.9928 64.4807 18.1827 46.298 19.2377 27.0603 10.1813 11.8035
internal_count=4906 2048 61 2858 2834 1152 1682 107 1575 42 1533 105 86 56 1428 97 58 1331 759 711 572 209 81 363 105 258 107 151 57 67
is_linear=0
shrinkage=0.1


Tree=16
num_leaves=31
num_cat=0
split_feature=0 14 0 113 17 0 0 44 9 73 0 87 68 168 26 176 73 42 5 16 72 83 41 92 184 9 7 0 104 35
split_gain=6.8701 2.91004 5.33542 4.66696 4.48182 4.45428 4.26742 4.75829 4.48583 6.3926 3.16778 3.24956 12.3498 4.04094 3.15898 3.11961 2.98767 5.01427 4.87074 7.66016 4.64898 4.77507 3.83347 3.66594 3.48709 3.00124 6.60853 2.9863 2.85832 3.49739
threshold=10.843257904052736 1.0000000180025095e-35 10.965092182159426 1.0000000180025095e-35 1.0000000180025095e-35 15.368925571441652 12.203969955444338 1.0000000180025095e-35 1.0000000180025095e-35 1.0000000180025095e-35 12.992471218109133 1.0000000180025095e-35 1.0000000180025095e-35 1.0000000180025095e-35 1.0000000180025095e-35 1.0000000180025095e-35 1.0000000180025095e-35 1.0000000180025095e-35 1.0000000180025095e-35 1.0000000180025095e-35 1.0000000180025095e-35 1.0000000180025095e-35 1.0000000180025095e-35 1.0000000180025095e-35 1.0000000180025095e-35 1.0000000180025095e-35 1.0000000180025095e-35 11.23477077484131 1.0000000180025095e-35 1.0000000180025095e-35
decision_type=2 2 2 2 2 2 2 2 2 2 2 2 2 2 2 2 2 2 2 2 2 2 2 2 2 2 2 2 2 2
left_child=-1 2 -2 6 5 -4 8 -8 9 -3 -9 13 -13 -12 -10 16 23 20 -19 22 -18 25 -20 24 28 26 -22 -11 29 -6
right_child=1 3 4 -5 15 -7 7 10 14 27 11 12 -14 -15 -16 -17 17 18 19 -21 21 -23 -24 -25 -26 -27 -28 -29 -30 -31
leaf_value=-0.0094899364110524551 -0.1096045915937276 -0.039316859256374986 0.0049309501707273384 0.099716539676540636 0.025257125579027734 0.12430487429750291 -0.062303438878586886 -0.028080155812705433 0.16575296021057168 0.14571767624434859 0.018099655282947998 -0.046121826068498399 0.19389317482216933 -0.079310989094062409 0.053910596290292004 -0.073932815776330568 0.085621128691044893 -0.063779447449220816 -0.081181404001402765 0.085529417631980631 0.037360361373512556 -0.082061429272275346 0.030010448703049475 -0.079504270653402445 -0.076139293483888107 0.043052456534227374 -0.069470059492162825 0.030519687044604206 0.085155981573220685 -0.010209929035329324
leaf_weight=423.5924089178443 4.2306010872125617 9.0021853446960449 6.542600288987158 6.7920588552951804 88.236522391438484 5.9853201359510422 9.0334656685590726 16.531090453267097 4.5262581110000628 3.8932222872972488 98.909607276320457 4.1476709246635419 4.437243863940239 4.4502355307340613 5.712958812713623 5.482508957386016 7.0522869378328314 25.908143594861031 8.919366195797922 7.0953449457883826 12.495203822851181 6.3541666716337195 4.7527911961078635 4.2827357798814765 4.1247629076242438 17.070737138390541 10.791412338614464 5.3326277285814285 5.9182004332542411 40.594298541545868
leaf_count=2819 23 45 31 32 417 26 42 86 22 20 454 20 21 21 29 26 32 134 46 36 56 31 24 20 19 76 49 27 27 195
internal_value=-0.00040669 0.00836564 0.00179909 0.0184695 0.00360067 0.0619629 0.0151447 0.00784906 0.0503861 0.0206344 0.0127817 0.0188158 0.0779336 0.0139056 0.103351 0.000665221 0.00234417 -0.0108774 -0.0348576 0.00122342 0.00994117 -0.00148463 -0.0425283 0.0116205 0.0144307 0.011202 -0.0121467 0.0791322 0.0172031 0.0140815
internal_weight=862.198 438.606 265.837 172.769 261.606 12.5279 165.977 137.509 28.4673 18.228 128.476 111.945 8.58491 103.36 10.2392 249.078 243.596 100.439 46.6756 20.7675 53.7638 46.7115 13.6722 143.157 138.874 40.3574 23.2866 9.22585 134.749 128.831
internal_count=4906 2087 1268 819 1245 57 787 644 143 92 602 516 41 475 51 1188 1162 484 240 106 244 212 70 678 658 181 105 47 639 612
is_linear=0
shrinkage=0.1


Tree=17
num_leaves=31
num_cat=0
split_feature=0 270 7 1 1 108 129 0 0 11 0 13 11 21 1 1 1 0 1 205 15 60 13 61 0 6 0 56 0 14
split_gain=5.78588 4.42579 2.22976 3.45985 3.03964 2.48021 7.01372 2.66533 2.88677 3.24826 2.43561 2.42574 2.32327 2.21869 3.59094 2.77948 5.49688 4.77556 3.69332 2.16786 2.01776 3.8202 3.97163 9.43887 3.02506 2.42689 3.66893 2.59639 1.95823 4.86335
threshold=7.6317591667175302 1.0000000180025095e-35 1.0000000180025095e-35 -0.17484219372272489 -0.16723705083131787 1.0000000180025095e-35 1.0000000180025095e-35 2.2026009559631352 2.7748117446899419 1.0000000180025095e-35 7.0814509391784677 1.0000000180025095e-35 1.0000000180025095e-35 1.0000000180025095e-35 -0.24207163602113721 -0.33318121731281275 -0.34367632865905756 5.5947980880737314 -0.39082820713520044 1.0000000180025095e-35 1.0000000180025095e-35 1.0000000180025095e-35 1.0000000180025095e-35 1.0000000180025095e-35 4.4558520317077646 1.0000000180025095e-35 3.0266940593719487 1.0000000180025095e-35 3.4811772108078007 1.0000000180025095e-35
decision_type=2 2 2 2 2 2 2 2 2 2 2 2 2 2 2 2 2 2 2 2 2 2 2 2 2 2 2 2 2 2
left_child=1 2 4 10 5 7 -7 12 9 -9 13 -11 -1 14 15 16 17 18 20 -2 21 -4 23 -23 -25 26 -22 -27 29 -10
right_child=19 -3 3 -5 -6 6 -8 8 28 11 -12 -13 -14 -15 -16 -17 -18 -19 -20 -21 25 22 -24 24 -26 27 -28 -29 -30 -31
leaf_value=0.087591075080222069 0.0054785290598663248 0.11174561096289398 -0.037976084341872135 0.07935407475812907 -0.094107483921358523 0.14472527372169372 -0.022428352845079307 -0.1035636422977522 -0.017923602990501612 0.049810419800413647 -0.099150698462340925 -0.077693133554324695 -0.023221850376050384 -0.070841014795253496 0.078203479708068957 -0.073637473901599512 0.11699327132312612 -0.11928706942870831 0.10026972066034988 -0.065908228242837708 0.024255112985694091 0.20476756902893373 -0.029714555843748998 0.061747384948931942 -0.083581238416151407 -0.051866913855250989 -0.10586409644447414 0.066312256417430951 -0.011975055586968417 0.090786240199217702
leaf_weight=5.1880476027727109 598.08961800485849 2.8165753260254851 17.872168391942971 2.993030533194541 3.9184329211711875 4.0742232054471952 6.5393009781837463 6.8867159560322744 10.608532786369326 3.5688176676630974 4.8126294761896125 2.5641829818487167 2.9780210331082344 9.8205278813838941 3.5263177677988997 10.168064393103128 2.9073563814163199 4.8180691227316848 2.6251105666160575 4.2844653874635688 2.8438958823680904 3.384378679096697 6.5660561248660079 3.0881490781903267 2.6712077930569649 4.4749715104699126 9.1041926816105825 3.1801742017269135 107.47123143076897 6.7234051078557959
leaf_count=34 3000 16 153 21 30 20 35 58 81 29 36 22 20 73 26 69 19 36 16 23 24 26 52 22 21 35 77 23 752 57
internal_value=-0.000397458 -0.0129217 -0.0142967 -0.0264521 -0.0071137 -0.00493699 0.0417371 -0.00833023 -0.0116192 -0.0564274 -0.0298994 -0.0034983 0.0471796 -0.0260709 -0.0203779 -0.0250945 -0.0173258 -0.0237669 -0.0155207 0.00497078 -0.0212359 -0.00635428 0.0296201 0.0722279 -0.00565649 -0.0467294 -0.074893 -0.00277179 -0.00694473 0.0242471
internal_weight=860.568 258.194 255.377 94.8563 160.521 156.602 10.6135 145.989 137.823 13.0197 91.8633 6.133 8.16607 87.0506 77.2301 73.7038 63.5357 60.6284 55.8103 602.374 53.1852 33.582 15.7098 9.14374 5.75936 19.6032 11.9481 7.65515 124.803 17.3319
internal_count=4906 1883 1867 729 1138 1108 55 1053 999 109 708 51 54 672 599 573 504 485 449 3023 433 274 121 69 43 159 101 58 890 138
is_linear=0
shrinkage=0.1


Tree=18
num_leaves=31
num_cat=0
split_feature=0 205 14 17 113 17 73 126 21 0 26 73 11 0 11 0 0 31 15 118 73 0 21 62 5 86 51 68 0 13
split_gain=4.8541 2.34058 2.32873 3.78213 3.59871 3.55835 3.49225 3.46945 3.61894 8.73846 5.49387 4.9992 4.38644 3.28593 3.84659 7.03234 4.83262 8.74615 2.83361 2.72774 2.75224 3.76125 3.5032 3.21157 4.55525 10.4205 4.4463 4.4134 5.84781 3.97138
threshold=10.843257904052736 1.0000000180025095e-35 1.0000000180025095e-35 1.0000000180025095e-35 1.0000000180025095e-35 1.0000000180025095e-35 1.0000000180025095e-35 1.0000000180025095e-35 1.0000000180025095e-35 12.643394947052004 1.0000000180025095e-35 1.0000000180025095e-35 1.0000000180025095e-35 17.370294570922855 1.0000000180025095e-35 14.528405189514162 13.151266574859621 1.0000000180025095e-35 1.0000000180025095e-35 1.0000000180025095e-35 1.0000000180025095e-35 17.166323661804203 1.0000000180025095e-35 1.0000000180025095e-35 1.0000000180025095e-35 1.0000000180025095e-35 1.0000000180025095e-35 1.0000000180025095e-35 14.800821304321291 1.0000000180025095e-35
decision_type=2 2 2 2 2 2 2 2 2 2 2 2 2 2 2 2 2 2 2 2 2 2 2 2 2 2 2 2 2 2
left_child=1 -1 3 6 5 -4 -2 8 11 -10 -11 12 -7 14 16 -16 17 -13 -14 20 22 -22 23 26 25 27 -5 -25 -29 -28
right_child=2 -3 4 19 -6 7 -8 -9 9 10 -12 13 18 -15 15 -17 -18 -19 -20 -21 21 -23 -24 24 -26 -27 29 28 -30 -31
leaf_value=-0.0074582891875176307 0.014541706187661308 -0.095264669644679334 -0.045577915356634247 0.035965645245212098 0.086026888096048609 -0.026991172908682942 0.12333246605093338 0.090252713328074594 0.1866610402567439 -0.039875609663363877 0.086845666204235394 -0.085805081709639283 0.040150544455328181 0.11324164642811643 0.036168665132922571 -0.079155721836619286 0.079329423245303413 0.10671695236760598 -0.02860520116295915 0.065250167671622297 -0.023486260867097791 0.033507186402416643 -0.033569661715665326 -0.011046203002473588 -0.0041616720601298993 0.15231712277324283 -0.049262779983802324 -0.011787027519868147 0.11658359428347882 0.014720140653260001
leaf_weight=416.11311648786068 8.0880847722291929 3.0580992326140395 9.7709813565015775 17.887092068791389 7.0277023464441291 48.134917005896568 4.645403414964675 6.1481413245201102 3.9748012870550182 7.4457183778285962 6.3295578956604004 5.8302778452634829 22.15009181201458 4.4743867814540854 14.186562538146974 8.4293560832738859 18.083842799067497 3.9640852808952332 8.2179343253374117 5.9561854302883139 87.511956796050072 13.345084950327871 19.82143335044384 17.359189093112946 28.452359065413475 7.7466582059860221 24.461934626102448 6.0500190109014538 8.5830193310976011 16.076345577836037
leaf_count=2800 36 19 46 87 32 227 21 28 20 35 29 30 103 20 71 39 82 19 38 27 434 58 96 85 134 37 114 29 37 73
internal_value=-0.000397268 -0.00809889 0.00693722 0.00105131 0.015926 0.0129785 0.0542305 0.0166142 0.0136203 0.056041 0.0183511 0.00797891 -0.00821568 0.0311071 0.023829 -0.00681479 0.0486885 -0.00788539 0.0215445 -0.00162254 -0.0032332 -0.0159451 0.00552192 0.0116416 0.0263834 0.0482531 -0.0055643 0.0230548 0.0635089 -0.0238889
internal_weight=859.324 419.171 440.153 265.985 174.168 167.141 12.7335 157.37 151.222 17.7501 13.7753 133.471 78.5029 54.9685 50.4941 22.6159 27.8782 9.79436 30.368 253.251 247.295 100.857 146.438 126.617 68.1912 39.7389 58.4254 31.9922 14.633 40.5383
internal_count=4906 2819 2087 1268 819 787 57 741 713 84 64 629 368 261 241 110 131 49 141 1211 1184 492 692 596 322 188 274 151 66 187
is_linear=0
shrinkage=0.1


end of trees

feature_importances:
Column_0=115
Column_1=39
Column_7=17
Column_9=17
Column_14=16
Column_10=15
Column_13=15
Column_139=15
Column_12=14
Column_15=14
Column_26=13
Column_73=13
Column_88=10
Column_6=9
Column_11=9
Column_16=8
Column_55=8
Column_83=8
Column_113=8
Column_5=7
Column_8=7
Column_44=7
Column_54=7
Column_68=7
Column_84=7
Column_61=6
Column_67=6
Column_81=6
Column_62=5
Column_80=5
Column_98=5
Column_56=4
Column_64=4
Column_70=4
Column_99=4
Column_129=4
Column_133=4
Column_289=4
Column_17=3
Column_21=3
Column_31=3
Column_53=3
Column_82=3
Column_86=3
Column_93=3
Column_94=3
Column_100=3
Column_101=3
Column_104=3
Column_140=3
Column_205=3
Column_32=2
Column_34=2
Column_36=2
Column_41=2
Column_51=2
Column_60=2
Column_63=2
Column_71=2
Column_77=2
Column_102=2
Column_108=2
Column_118=2
Column_126=2
Column_135=2
Column_152=2
Column_168=2
Column_267=2
Column_270=2
Column_25=1
Column_33=1
Column_35=1
Column_42=1
Column_46=1
Column_49=1
Column_52=1
Column_57=1
Column_58=1
Column_65=1
Column_69=1
Column_72=1
Column_78=1
Column_87=1
Column_91=1
Column_92=1
Column_96=1
Column_130=1
Column_132=1
Column_138=1
Column_143=1
Column_144=1
Column_176=1
Column_178=1
Column_184=1
Column_214=1
Column_232=1
Column_242=1
Column_330=1

parameters:
[boosting: gbdt]
[objective: binary]
[metric: binary_logloss]
[tree_learner: serial]
[device_type: cpu]
[data_sample_strategy: bagging]
[data: ]
[valid: ]
[num_iterations: 300]
[learning_rate: 0.1]
[num_leaves: 31]
[num_threads: 0]
[seed: 0]
[deterministic: 0]
[force_col_wise: 0]
[force_row_wise: 0]
[histogram_pool_size: -1]
[max_depth: -1]
[min_data_in_leaf: 20]
[min_sum_hessian_in_leaf: 0.001]
[bagging_fraction: 1]
[pos_bagging_fraction: 1]
[neg_bagging_fraction: 1]
[bagging_freq: 0]
[bagging_seed: 7719]
[bagging_by_query: 0]
[feature_fraction: 1]
[feature_fraction_bynode: 1]
[feature_fraction_seed: 2437]
[extra_trees: 0]
[extra_seed: 11797]
[early_stopping_round: 0]
[early_stopping_min_delta: 0]
[first_metric_only: 0]
[max_delta_step: 0]
[lambda_l1: 0]
[lambda_l2: 0]
[linear_lambda: 0]
[min_gain_to_split: 0]
[drop_rate: 0.1]
[max_drop: 50]
[skip_drop: 0.5]
[xgboost_dart_mode: 0]
[uniform_drop: 0]
[drop_seed: 21238]
[top_rate: 0.2]
[other_rate: 0.1]
[min_data_per_group: 100]
[max_cat_threshold: 32]
[cat_l2: 10]
[cat_smooth: 10]
[max_cat_to_onehot: 4]
[top_k: 20]
[monotone_constraints: ]
[monotone_constraints_method: basic]
[monotone_penalty: 0]
[feature_contri: ]
[forcedsplits_filename: ]
[refit_decay_rate: 0.9]
[cegb_tradeoff: 1]
[cegb_penalty_split: 0]
[cegb_penalty_feature_lazy: ]
[cegb_penalty_feature_coupled: ]
[path_smooth: 0]
[interaction_constraints: ]
[verbosity: -1]
[saved_feature_importance_type: 0]
[use_quantized_grad: 0]
[num_grad_quant_bins: 4]
[quant_train_renew_leaf: 0]
[stochastic_rounding: 1]
[linear_tree: 0]
[max_bin: 255]
[max_bin_by_feature: ]
[min_data_in_bin: 3]
[bin_construct_sample_cnt: 200000]
[data_random_seed: 38]
[is_enable_sparse: 1]
[enable_bundle: 1]
[use_missing: 1]
[zero_as_missing: 0]
[feature_pre_filter: 1]
[pre_partition: 0]
[two_round: 0]
[header: 0]
[label_column: ]
[weight_column: ]
[group_column: ]
[ignore_column: ]
[categorical_feature: ]
[forcedbins_filename: ]
[precise_float_parser: 0]
[parser_config_file: ]
[objective_seed: 8855]
[num_class: 1]
[is_unbalance: 0]
[scale_pos_weight: 1]
[sigmoid: 1]
[boost_from_average: 1]
[reg_sqrt: 0]
[alpha: 0.9]
[fair_c: 1]
[poisson_max_delta_step: 0.7]
[tweedie_variance_power: 1.5]
[lambdarank_truncation_level: 30]
[lambdarank_norm: 1]
[label_gain: ]
[lambdarank_position_bias_regularization: 0]
[eval_at: ]
[multi_error_top_k: 1]
[auc_mu_weights: ]
[num_machines: 1]
[local_listen_port: 12400]
[time_out: 120]
[machine_list_filename: ]
[machines: ]
[gpu_platform_id: -1]
[gpu_device_id: -1]
[gpu_device_id_list: ]
[gpu_use_dp: 0]
[num_gpu: 1]

end of parameters

pandas_categorical:null
