tree
version=v4
num_class=1
num_tree_per_iteration=1
label_index=0
max_feature_idx=567
objective=binary sigmoid:1
feature_names=Column_0 Column_1 Column_2 Column_3 Column_4 Column_5 Column_6 Column_7 Column_8 Column_9 Column_10 Column_11 Column_12 Column_13 Column_14 Column_15 Column_16 Column_17 Column_18 Column_19 Column_20 Column_21 Column_22 Column_23 Column_24 Column_25 Column_26 Column_27 Column_28 Column_29 Column_30 Column_31 Column_32 Column_33 Column_34 Column_35 Column_36 Column_37 Column_38 Column_39 Column_40 Column_41 Column_42 Column_43 Column_44 Column_45 Column_46 Column_47 Column_48 Column_49 Column_50 Column_51 Column_52 Column_53 Column_54 Column_55 Column_56 Column_57 Column_58 Column_59 Column_60 Column_61 Column_62 Column_63 Column_64 Column_65 Column_66 Column_67 Column_68 Column_69 Column_70 Column_71 Column_72 Column_73 Column_74 Column_75 Column_76 Column_77 Column_78 Column_79 Column_80 Column_81 Column_82 Column_83 Column_84 Column_85 Column_86 Column_87 Column_88 Column_89 Column_90 Column_91 Column_92 Column_93 Column_94 Column_95 Column_96 Column_97 Column_98 Column_99 Column_100 Column_101 Column_102 Column_103 Column_104 Column_105 Column_106 Column_107 Column_108 Column_109 Column_110 Column_111 Column_112 Column_113 Column_114 Column_115 Column_116 Column_117 Column_118 Column_119 Column_120 Column_121 Column_122 Column_123 Column_124 Column_125 Column_126 Column_127 Column_128 Column_129 Column_130 Column_131 Column_132 Column_133 Column_134 Column_135 Column_136 Column_137 Column_138 Column_139 Column_140 Column_141 Column_142 Column_143 Column_144 Column_145 Column_146 Column_147 Column_148 Column_149 Column_150 Column_151 Column_152 Column_153 Column_154 Column_155 Column_156 Column_157 Column_158 Column_159 Column_160 Column_161 Column_162 Column_163 Column_164 Column_165 Column_166 Column_167 Column_168 Column_169 Column_170 Column_171 Column_172 Column_173 Column_174 Column_175 Column_176 Column_177 Column_178 Column_179 Column_180 Column_181 Column_182 Column_183 Column_184 Column_185 Column_186 Column_187 Column_188 Column_189 Column_190 Column_191 Column_192 Column_193 Column_194 Column_195 Column_196 Column_197 Column_198 Column_199 Column_200 Column_201 Column_202 Column_203 Column_204 Column_205 Column_206 Column_207 Column_208 Column_209 Column_210 Column_211 Column_212 Column_213 Column_214 Column_215 Column_216 Column_217 Column_218 Column_219 Column_220 Column_221 Column_222 Column_223 Column_224 Column_225 Column_226 Column_227 Column_228 Column_229 Column_230 Column_231 Column_232 Column_233 Column_234 Column_235 Column_236 Column_237 Column_238 Column_239 Column_240 Column_241 Column_242 Column_243 Column_244 Column_245 Column_246 Column_247 Column_248 Column_249 Column_250 Column_251 Column_252 Column_253 Column_254 Column_255 Column_256 Column_257 Column_258 Column_259 Column_260 Column_261 Column_262 Column_263 Column_264 Column_265 Column_266 Column_267 Column_268 Column_269 Column_270 Column_271 Column_272 Column_273 Column_274 Column_275 Column_276 Column_277 Column_278 Column_279 Column_280 Column_281 Column_282 Column_283 Column_284 Column_285 Column_286 Column_287 Column_288 Column_289 Column_290 Column_291 Column_292 Column_293 Column_294 Column_295 Column_296 Column_297 Column_298 Column_299 Column_300 Column_301 Column_302 Column_303 Column_304 Column_305 Column_306 Column_307 Column_308 Column_309 Column_310 Column_311 Column_312 Column_313 Column_314 Column_315 Column_316 Column_317 Column_318 Column_319 Column_320 Column_321 Column_322 Column_323 Column_324 Column_325 Column_326 Column_327 Column_328 Column_329 Column_330 Column_331 Column_332 Column_333 Column_334 Column_335 Column_336 Column_337 Column_338 Column_339 Column_340 Column_341 Column_342 Column_343 Column_344 Column_345 Column_346 Column_347 Column_348 Column_349 Column_350 Column_351 Column_352 Column_353 Column_354 Column_355 Column_356 Column_357 Column_358 Column_359 Column_360 Column_361 Column_362 Column_363 Column_364 Column_365 Column_366 Column_367 Column_368 Column_369 Column_370 Column_371 Column_372 Column_373 Column_374 Column_375 Column_376 Column_377 Column_378 Column_379 Column_380 Column_381 Column_382 Column_383 Column_384 Column_385 Column_386 Column_387 Column_388 Column_389 Column_390 Column_391 Column_392 Column_393 Column_394 Column_395 Column_396 Column_397 Column_398 Column_399 Column_400 Column_401 Column_402 Column_403 Column_404 Column_405 Column_406 Column_407 Column_408 Column_409 Column_410 Column_411 Column_412 Column_413 Column_414 Column_415 Column_416 Column_417 Column_418 Column_419 Column_420 Column_421 Column_422 Column_423 Column_424 Column_425 Column_426 Column_427 Column_428 Column_429 Column_430 Column_431 Column_432 Column_433 Column_434 Column_435 Column_436 Column_437 Column_438 Column_439 Column_440 Column_441 Column_442 Column_443 Column_444 Column_445 Column_446 Column_447 Column_448 Column_449 Column_450 Column_451 Column_452 Column_453 Column_454 Column_455 Column_456 Column_457 Column_458 Column_459 Column_460 Column_461 Column_462 Column_463 Column_464 Column_465 Column_466 Column_467 Column_468 Column_469 Column_470 Column_471 Column_472 Column_473 Column_474 Column_475 Column_476 Column_477 Column_478 Column_479 Column_480 Column_481 Column_482 Column_483 Column_484 Column_485 Column_486 Column_487 Column_488 Column_489 Column_490 Column_491 Column_492 Column_493 Column_494 Column_495 Column_496 Column_497 Column_498 Column_499 Column_500 Column_501 Column_502 Column_503 Column_504 Column_505 Column_506 Column_507 Column_508 Column_509 Column_510 Column_511 Column_512 Column_513 Column_514 Column_515 Column_516 Column_517 Column_518 Column_519 Column_520 Column_521 Column_522 Column_523 Column_524 Column_525 Column_526 Column_527 Column_528 Column_529 Column_530 Column_531 Column_532 Column_533 Column_534 Column_535 Column_536 Column_537 Column_538 Column_539 Column_540 Column_541 Column_542 Column_543 Column_544 Column_545 Column_546 Column_547 Column_548 Column_549 Column_550 Column_551 Column_552 Column_553 Column_554 Column_555 Column_556 Column_557 Column_558 Column_559 Column_560 Column_561 Column_562 Column_563 Column_564 Column_565 Column_566 Column_567
feature_infos=[2.0013689994812012:17.993154525756836] [-0.7776256799697876:0.99923950433731079] none none none [0:1] [0:1] [0:1] [0:1] [0:1] [0:1] [0:1] [0:1] [0:1] [0:1] [0:1] [0:1] [0:1] [0:1] [0:1] [0:1] [0:1] [0:1] [0:1] [0:1] [0:1] [0:1] [0:1] [0:1] [0:1] [0:1] [0:1] [0:1] [0:1] [0:1] [0:1] [0:1] [0:1] [0:1] [0:1] [0:1] [0:1] [0:1] [0:1] [0:1] [0:1] [0:1] [0:1] [0:1] [0:1] [0:1] [0:1] [0:1] [0:1] [0:1] [0:1] [0:1] [0:1] [0:1] [0:1] [0:1] [0:1] [0:1] [0:1] [0:1] [0:1] [0:1] [0:1] [0:1] [0:1] [0:1] [0:1] [0:1] [0:1] [0:1] [0:1] [0:1] [0:1] [0:1] [0:1] [0:1] [0:1] [0:1] [0:1] [0:1] [0:1] [0:1] [0:1] [0:1] [0:1] [0:1] [0:1] [0:1] [0:1] [0:1] [0:1] [0:1] [0:1] [0:1] [0:1] [0:1] [0:1] [0:1] [0:1] [0:1] [0:1] [0:1] [0:1] [0:1] none none none none [0:1] [0:1] none [0:1] none [0:1] none none [0:1] none none none none [0:1] [0:1] [0:1] [0:1] [0:1] none [0:1] [0:1] [0:1] [0:1] none [0:1] [0:1] [0:1] [0:1] [0:1] [0:1] [0:1] [0:1] [0:1] [0:1] [0:1] [0:1] [0:1] [0:1] [0:1] [0:1] [0:1] [0:1] [0:1] [0:1] none none none none none none none none none none [0:1] [0:1] none none none none none [0:1] [0:1] [0:1] [0:1] [0:1] [0:1] [0:1] [0:1] [0:1] [0:1] [0:1] [0:1] [0:1] [0:1] [0:1] [0:1] [0:1] [0:1] [0:1] [0:1] [0:1] [0:1] [0:1] [0:1] [0:1] [0:1] [0:1] [0:1] none none [0:1] [0:1] [0:1] none [0:1] [0:1] [0:1] [0:1] [0:1] none [0:1] none none [0:1] none [0:1] [0:1] [0:1] [0:1] [0:1] [0:1] [0:1] [0:1] [0:1] [0:1] [0:1] [0:1] [0:1] [0:1] [0:1] [0:1] [0:1] [0:1] [0:1] [0:1] [0:1] [0:1] [0:1] [0:1] [0:1] none none none none none none none none none none none none none none none none none [0:1] [0:1] [0:1] [0:1] [0:1] [0:1] [0:1] [0:1] [0:1] [0:1] none [0:1] [0:1] [0:1] [0:1] none [0:1] [0:1] none none none [0:1] [0:1] none none none none none [0:1] [0:1] [0:1] [0:1] [0:1] [0:1] [0:1] none none none [0:1] none [0:1] [0:1] [0:1] none [0:1] [0:1] [0:1] [0:1] none none [0:1] [0:1] none none none none [0:1] [0:1] none none none [0:1] none none [0:1] [0:1] none none [0:1] [0:1] none none none none none none none none none none none none none none none none none none none none none none none none none none none none none none none none none none none none none none none none none none none none none none none none none none none none none none none none none none none none none none none none none none none none none none none none none none none none none none none none none none none none none none none none none none none none none none none none none none none none none none none none none none none none none none none none none none none none none none none none none none none none none none none none none none none none none none none none none none none none none none none none none none none none none none none none none none none none none none none none none none none none none none none none none none none none none none none none none none none none none none none none none none none none none none none none none none none none none none none none none none none none none none none none none none none none none none none none none none none none none none none none none none none none none none none none none none none none none
tree_sizes=3392 3463 3461 3460 3471 3484 3496 3479 3501 3492 3476 3468 3495 3500 3480 3488 3494 3473 3500 3461 3493 3527 3483 3511

Tree=0
num_leaves=31
num_cat=0
split_feature=8 5 9 9 5 6 6 9 1 12 137 0 15 0 0 49 6 67 70 12 14 13 14 6 0 129 134 137 16 0
split_gain=510.931 66.7012 62.7413 46.8609 34.6281 25.062 11.4195 10.7019 9.23081 8.55324 8.49879 8.2603 8.04816 8.18176 7.49652 7.45284 7.0205 6.62672 8.92497 6.3996 6.74582 6.28057 6.17959 5.58159 5.50278 8.16551 5.24085 7.44799 6.59418 5.47012
threshold=1.0000000180025095e-35 1.0000000180025095e-35 1.0000000180025095e-35 1.0000000180025095e-35 1.0000000180025095e-35 1.0000000180025095e-35 1.0000000180025095e-35 1.0000000180025095e-35 -0.24207163602113721 1.0000000180025095e-35 1.0000000180025095e-35 4.0561258792877206 1.0000000180025095e-35 4.507871389389039 14.591375827789308 1.0000000180025095e-35 1.0000000180025095e-35 1.0000000180025095e-35 1.0000000180025095e-35 1.0000000180025095e-35 1.0000000180025095e-35 1.0000000180025095e-35 1.0000000180025095e-35 1.0000000180025095e-35 4.5790553092956552 1.0000000180025095e-35 1.0000000180025095e-35 1.0000000180025095e-35 1.0000000180025095e-35 11.560575008392336
decision_type=2 2 2 2 2 2 2 2 2 2 2 2 2 2 2 2 2 2 2 2 2 2 2 2 2 2 2 2 2 2
left_child=3 2 6 4 5 9 -2 8 12 -1 11 -11 19 -14 -13 17 -6 18 -4 20 -3 -17 -10 -24 -19 -26 27 29 -28 -7
right_child=1 7 15 -5 16 26 -8 -9 22 10 -12 14 13 -15 -16 21 -18 24 -20 -21 -22 -23 23 -25 25 -27 28 -29 -30 -31
leaf_value=-1.0928498531233042 -0.90606039700108532 -1.0140819713045439 -1.1060424237354254 -1.1865061646155826 -1.1464094626615411 -1.184314134544183 -0.96265674660731393 -1.093911955230001 -1.0792154260791982 -1.177892121806017 -0.905376481266845 -1.0042848464187011 -1.024890755825338 -0.84913446970990736 -1.1029361397962834 -1.1281746968018131 -1.1929433947639081 -1.0568595946990087 -0.98062620969256276 -0.95131590211815764 -1.1627918418543679 -1.0236379856517688 -0.98319972981656134 -1.0912875750245004 -0.99364519384926131 -0.84783257129423739 -1.138407898327132 -1.0248907558253377 -0.97114094980696808 -1.1259661684915789
leaf_weight=48.006817772984505 87.730106204748154 8.0952673107385653 15.249224469065666 234.19796591997147 79.823100924491882 35.204999700188637 60.055587723851204 47.63029371201992 43.488529041409492 4.3300267010927191 4.7065507620573035 27.297994419932365 4.518288731575014 6.400909036397934 10.730935737490652 13.554866194725037 54.595988839864731 10.166149646043776 9.0365774631500244 6.9656951278448096 4.8948127925395957 9.9778876155614853 16.190534621477131 6.7774330973625174 25.603636145591739 4.5182887315750113 5.8361229449510557 4.5182887315750113 3.9535026401281357 29.557138785719872
leaf_count=255 466 43 81 1244 424 187 319 253 231 23 25 145 24 34 57 72 290 54 48 37 26 53 86 36 136 24 31 24 21 157
internal_value=-1.09048 -1.00169 -0.96888 -1.15278 -1.12718 -1.09775 -0.929059 -1.05507 -1.03606 -1.06315 -1.03286 -1.04702 -0.990883 -0.921861 -1.03212 -1.03567 -1.16531 -1.01812 -1.05938 -1.02865 -1.07012 -1.08385 -1.05705 -1.01509 -0.993244 -0.971773 -1.13935 -1.14902 -1.07086 -1.15768
internal_weight=923.614 380.854 235.892 542.759 308.561 174.142 147.786 144.962 97.3315 95.0723 47.0655 42.359 30.875 10.9192 38.0289 88.1066 134.419 64.5739 24.2858 19.9558 12.9901 23.5328 66.4565 22.968 40.2881 30.1219 79.0701 69.2804 9.78963 64.7621
internal_count=4906 2023 1253 2883 1639 925 785 770 517 505 250 225 164 58 202 468 714 343 129 106 69 125 353 122 214 160 420 368 52 344
is_linear=0
shrinkage=1


Tree=1
num_leaves=31
num_cat=0
split_feature=8 5 9 9 5 6 9 6 1 12 85 6 137 0 0 49 6 73 15 81 1 11 69 10 67 55 67 70 35 55
split_gain=408.433 47.6734 42.9693 42.0886 29.8296 20.6315 8.25394 7.32471 6.75397 6.60774 6.48105 6.02852 5.95957 6.6637 5.6755 5.62924 6.15753 6.90862 5.5254 5.91228 5.27747 5.12667 4.92483 6.34562 5.79299 5.41411 4.84506 6.7753 4.84421 6.343
threshold=1.0000000180025095e-35 1.0000000180025095e-35 1.0000000180025095e-35 1.0000000180025095e-35 1.0000000180025095e-35 1.0000000180025095e-35 1.0000000180025095e-35 1.0000000180025095e-35 -0.24207163602113721 1.0000000180025095e-35 1.0000000180025095e-35 1.0000000180025095e-35 1.0000000180025095e-35 4.0561258792877206 14.591375827789308 1.0000000180025095e-35 1.0000000180025095e-35 1.0000000180025095e-35 1.0000000180025095e-35 1.0000000180025095e-35 -0.53988897800445546 1.0000000180025095e-35 1.0000000180025095e-35 1.0000000180025095e-35 1.0000000180025095e-35 1.0000000180025095e-35 1.0000000180025095e-35 1.0000000180025095e-35 1.0000000180025095e-35 1.0000000180025095e-35
decision_type=2 2 2 2 2 2 2 2 2 2 2 2 2 2 2 2 2 2 2 2 2 2 2 2 2 2 2 2 2 2
left_child=3 2 7 4 5 9 8 -2 18 -1 11 21 13 -11 -15 26 17 -17 19 -3 -20 -6 24 25 -10 -24 27 -4 -9 -30
right_child=1 6 15 -5 10 -7 -8 28 22 12 -12 -13 -14 14 -16 16 -18 -19 20 -21 -22 -23 23 -25 -26 -27 -28 -29 29 -31
leaf_value=-0.002139535750968021 0.15168058541905097 -0.0089325645081858151 -0.014125706080651002 -0.091049549045438327 -0.034824111133208602 -0.04523464495205741 -0.0030983555751766616 0.12306402610884992 -0.028143191915116883 -0.082484459071840224 0.06161577480817651 -0.10065021968687667 0.15219617714631076 0.074249102774387774 -0.011288405197156667 0.10131720915906202 -0.05000819419917775 -0.057589759982101876 0.044213369011101268 0.09964841878655023 0.18650909313320779 -0.088194473741344315 0.1264892122204529 0.13963980822775143 0.04288987438951769 -0.015076844611436688 0.0832611480016823 0.093547455692551448 -0.021508868530787598 0.11183836605447804
leaf_weight=47.950159013271332 95.517881989479065 8.6828546822071075 15.131025955080986 222.90301102399826 45.382602691650391 77.123836264014244 47.548918396234512 48.994893282651901 20.641776889562607 4.1400796771049491 3.6289048790931693 50.534829914569855 5.1258370280265799 28.452234268188477 10.664381951093672 8.9154434800147992 10.743159651756287 3.9472455084323892 3.8867956399917603 11.870400860905647 7.9121106266975385 29.828081607818604 3.8269914388656607 8.0206111818552017 25.870160013437271 9.1861328780651093 42.191764056682587 9.5215394496917725 5.9993746876716587 8.79908287525177
leaf_count=255 466 45 81 1244 248 420 253 245 108 23 20 283 25 145 57 47 57 21 20 61 38 163 20 42 135 48 214 48 30 44
internal_value=-0.000247448 0.0762852 0.102904 -0.0580702 -0.0337953 -0.00669015 0.0311958 0.134157 0.047519 0.0241685 -0.0701362 -0.0739384 0.0502415 0.03816 0.050929 0.0478566 0.00587655 0.0525525 0.0850897 0.0537777 0.139634 -0.0559905 0.0295239 0.0696772 0.0113657 0.0265559 0.0626817 0.0274608 0.107919 0.0577787
internal_weight=922.942 397.208 249.761 525.734 302.831 173.457 147.447 159.311 99.8978 96.3327 129.374 125.746 48.3825 43.2567 39.1166 90.4502 23.6058 12.8627 32.3522 20.5533 11.7989 75.2107 67.5457 21.0337 46.5119 13.0131 66.8443 24.6526 63.7934 14.7985
internal_count=4906 2023 1253 2883 1639 925 770 785 517 505 714 694 250 225 202 468 125 68 164 106 58 411 353 110 243 68 343 129 319 74
is_linear=0
shrinkage=0.1


Tree=2
num_leaves=31
num_cat=0
split_feature=8 9 5 9 5 6 9 6 31 61 84 0 24 174 25 0 1 0 0 16 13 67 47 74 11 134 137 16 0 95
split_gain=329.305 37.8062 35.2225 30.877 25.7192 16.9593 6.42554 5.99309 5.96584 13.0094 5.50027 5.20829 4.98124 4.69621 5.91044 7.39913 7.42739 7.3594 7.04085 5.52766 5.46623 5.31215 5.98836 4.58828 4.63953 4.54311 6.3814 5.21031 5.06506 5.57567
threshold=1.0000000180025095e-35 1.0000000180025095e-35 1.0000000180025095e-35 1.0000000180025095e-35 1.0000000180025095e-35 1.0000000180025095e-35 1.0000000180025095e-35 1.0000000180025095e-35 1.0000000180025095e-35 1.0000000180025095e-35 1.0000000180025095e-35 6.7118411064147958 1.0000000180025095e-35 1.0000000180025095e-35 1.0000000180025095e-35 8.5516767501831072 -0.37394477427005762 5.1238877773284921 9.2908968925476092 1.0000000180025095e-35 1.0000000180025095e-35 1.0000000180025095e-35 1.0000000180025095e-35 1.0000000180025095e-35 1.0000000180025095e-35 1.0000000180025095e-35 1.0000000180025095e-35 1.0000000180025095e-35 11.560575008392336 1.0000000180025095e-35
decision_type=2 2 2 2 2 2 2 2 2 2 2 2 2 2 2 2 2 2 2 2 2 2 2 2 2 2 2 2 2 2
left_child=1 4 3 10 5 8 11 23 -1 -10 12 -4 -2 14 -5 16 17 -16 -17 21 -21 -20 -23 24 -6 26 28 -27 29 -7
right_child=2 -3 6 13 7 25 -8 -9 9 -11 -12 -13 -14 -15 15 18 -18 -19 19 20 -22 22 -24 -25 -26 27 -28 -29 -30 -31
leaf_value=0.0091131915307386003 0.19033824166606109 -0.086371871468292477 0.074841087917731253 -0.0670333579705613 -0.0058370923971399974 -0.10154736851138263 -0.0027930703622329922 -0.092927808809063539 0.11796964784898281 -0.07210830911810559 0.049572676276279197 0.026313755873872254 0.11460147802885595 -0.054509640027243157 0.030993234907862349 0.1862668916665054 -0.032338599868700649 0.17933242628205248 0.15391543726074336 -0.033488704988137351 0.097285920734340836 0.095718379833813205 -0.041637648655545104 -0.081391923584815229 -0.069466345739459548 -0.040738544082327244 0.062905097431196585 0.10786033124463656 -0.028744735190167105 0.026542384790140702
leaf_weight=77.93571375310421 9.2307022809982282 212.04870021343231 32.427138224244118 4.2986582368612281 30.412324979901314 28.885994777083397 47.475490227341652 49.093804985284805 14.604839578270914 4.7789776474237433 12.279303118586538 69.559956938028336 146.64592477679253 4.7767229825258246 18.967111468315128 5.552666723728179 15.529401227831839 4.060487449169158 9.2646973878145236 8.6577634513378126 5.0667997151613227 11.866651713848116 4.333020105957984 26.672807723283768 18.387956753373146 5.5631210803985578 4.5638562440872184 4.0975082516670227 28.360552072525024 3.8514659702777854
leaf_count=404 43 1244 159 22 169 165 253 290 76 25 57 358 685 24 96 28 81 20 47 44 25 58 23 150 105 31 24 21 157 22
internal_value=-0.000411397 -0.0541147 0.0662943 0.0884946 -0.0311003 -0.00611267 0.0275966 -0.0657317 0.0214609 0.0711069 0.11401 0.0417432 0.119086 0.0420463 0.0473116 0.0532124 0.0211072 0.0571501 0.0808797 0.0659475 0.0147903 0.0935197 0.058979 -0.0480412 -0.0298126 -0.0417388 -0.051159 0.0222889 -0.0596793 -0.086478
internal_weight=919.25 509.258 409.992 260.53 297.209 172.642 149.463 124.567 97.3195 19.3838 168.156 101.987 155.877 92.374 87.5973 83.2986 38.557 23.0276 44.7416 39.1889 13.7246 25.4644 16.1997 75.4731 48.8003 75.3225 65.6619 9.66063 61.098 32.7375
internal_count=4906 2883 2023 1253 1639 925 770 714 505 101 785 517 728 468 444 422 197 116 225 197 69 128 81 424 274 420 368 52 344 187
is_linear=0
shrinkage=0.1


Tree=3
num_leaves=31
num_cat=0
split_feature=8 9 5 9 5 6 85 167 0 15 12 12 6 6 14 13 5 137 0 139 0 65 0 15 0 7 1 70 10 0
split_gain=267.066 33.904 26.5925 22.9881 22.1156 13.9964 5.696 5.39168 5.76336 8.51929 6.75316 5.23963 5.18533 5.12285 4.76491 6.75489 4.54437 4.35736 5.26854 4.34274 4.3288 4.28279 4.24886 7.66871 11.0456 8.23311 7.51102 5.99122 7.58851 5.29978
threshold=1.0000000180025095e-35 1.0000000180025095e-35 1.0000000180025095e-35 1.0000000180025095e-35 1.0000000180025095e-35 1.0000000180025095e-35 1.0000000180025095e-35 1.0000000180025095e-35 6.566735267639161 1.0000000180025095e-35 1.0000000180025095e-35 1.0000000180025095e-35 1.0000000180025095e-35 1.0000000180025095e-35 1.0000000180025095e-35 1.0000000180025095e-35 1.0000000180025095e-35 1.0000000180025095e-35 4.0561258792877206 1.0000000180025095e-35 14.591375827789308 1.0000000180025095e-35 8.2067074775695819 1.0000000180025095e-35 9.2908968925476092 1.0000000180025095e-35 -0.37394477427005762 1.0000000180025095e-35 1.0000000180025095e-35 5.1238877773284921
decision_type=2 2 2 2 2 2 2 2 2 2 2 2 2 2 2 2 2 2 2 2 2 2 2 2 2 2 2 2 2 2
left_child=1 4 3 13 5 11 12 8 9 10 -4 19 -6 -2 15 -10 -3 18 -13 -1 -20 22 26 24 -24 -25 29 -26 -29 -5
right_child=2 16 7 21 6 -7 -8 -9 14 -11 -12 17 -14 -15 -16 -17 -18 -19 20 -21 -22 -23 23 25 27 -27 -28 28 -30 -31
leaf_value=0.0057183785419961889 0.11226173108553279 -0.069798409972997646 -0.0075346634884981131 0.028094679183549756 -0.04856725248850742 -0.038610569971989299 0.06190192791555818 -0.063159467971577385 -0.024363583677941961 0.12090556994098725 0.091305975804053585 -0.07834562065451979 -0.091862606793792267 0.077317434433991056 0.045245890763859098 0.043003638622123669 -0.10049562955039285 0.12600376079213013 0.061941032727216953 -0.093392205428543582 -0.012221547415999342 -0.065226368532310841 0.22722897928311517 0.056226297730296693 0.0202239124110172 -0.089026488203810011 -0.041788608756594812 0.16298260559849431 0.012506449332538791 0.1499865759915065
leaf_weight=43.540809169411659 105.29519164562225 121.93577694892883 19.268858343362808 19.783131614327434 71.113696649670601 73.55843648314476 3.6237246245145789 6.7039487510919562 42.333462670445442 14.661904364824293 10.77957044541836 3.9786204397678366 45.273829475045204 69.738365769386292 34.54916088283062 22.954713061451912 79.777130663394928 5.4749836772680274 29.665194138884544 4.9206656813621512 10.712533742189406 3.925453543663024 4.8471609801053992 11.173904836177828 15.099782794713974 5.996343031525611 14.101539134979246 9.5066699981689435 5.1760612279176721 4.3516824543476096
leaf_count=229 466 752 98 99 411 420 20 34 220 70 53 23 283 319 176 119 492 25 145 26 57 19 23 55 76 30 75 46 25 20
internal_value=-0.000529805 -0.050413 0.0580574 0.0769202 -0.0286245 -0.00562098 -0.0615647 0.0245108 0.0285768 0.0584151 0.0279234 0.0190671 -0.0654088 0.0983389 0.0152142 -0.000677897 -0.0819391 0.0418357 0.0314467 -0.00434508 0.0422651 0.0370209 0.0414788 0.0601426 0.0872358 0.00549986 0.0161943 0.0644517 0.109936 0.0500727
internal_weight=913.822 493.575 420.247 268.995 291.862 171.851 120.011 151.252 144.548 44.7103 30.0484 98.2928 116.388 175.034 99.8373 65.2882 201.713 49.8313 44.3563 48.4615 40.3777 93.9617 90.0363 51.7999 34.6297 17.1702 38.2364 29.7825 14.6827 24.1348
internal_count=4906 2883 2023 1253 1639 925 714 770 736 221 151 505 694 785 515 339 1244 250 225 255 202 468 449 255 170 85 194 147 71 119
is_linear=0
shrinkage=0.1


Tree=4
num_leaves=31
num_cat=0
split_feature=8 9 9 5 5 6 6 31 61 108 11 5 5 22 0 0 0 134 137 130 0 95 11 12 31 74 67 10 13 6
split_gain=217.451 30.3728 20.6837 18.996 17.7875 11.4994 5.13257 4.61096 9.81979 4.59693 4.86265 4.50503 4.33454 4.0643 4.1516 7.25969 3.99377 3.91046 5.43565 4.84159 4.68228 5.09032 3.87221 3.74709 4.97431 3.94612 3.65906 7.32074 3.64789 7.41396
threshold=1.0000000180025095e-35 1.0000000180025095e-35 1.0000000180025095e-35 1.0000000180025095e-35 1.0000000180025095e-35 1.0000000180025095e-35 1.0000000180025095e-35 1.0000000180025095e-35 1.0000000180025095e-35 1.0000000180025095e-35 1.0000000180025095e-35 1.0000000180025095e-35 1.0000000180025095e-35 1.0000000180025095e-35 15.924708843231203 16.425735473632816 15.368925571441652 1.0000000180025095e-35 1.0000000180025095e-35 1.0000000180025095e-35 11.560575008392336 1.0000000180025095e-35 1.0000000180025095e-35 1.0000000180025095e-35 1.0000000180025095e-35 1.0000000180025095e-35 1.0000000180025095e-35 1.0000000180025095e-35 1.0000000180025095e-35 1.0000000180025095e-35
decision_type=2 2 2 2 2 2 2 2 2 2 2 2 2 2 2 2 2 2 2 2 2 2 2 2 2 2 2 2 2 2
left_child=1 3 4 5 13 7 9 -1 -9 10 -5 -4 23 14 16 -16 -2 18 20 -19 21 -7 -17 -3 25 -25 -27 -28 -6 -30
right_child=2 12 11 6 28 17 -8 8 -10 -11 -12 -13 -14 -15 15 22 -18 19 -20 -21 -22 -23 -24 24 -26 26 27 -29 29 -31
leaf_value=0.0060780881428024007 0.07934318987680794 -0.080957115548066519 0.032736487233801258 -0.011959100234986678 0.020837550973892616 -0.095413891534639514 -0.084460577167271372 0.097849118234447863 -0.068125269313008746 -0.12722491267798072 -0.067638685467675 -0.0048509868670851587 -0.096469666649714458 0.13999162765825654 0.23459995576690174 0.13384176168571452 -0.0011694721175117009 0.094559724763801672 0.059753588336476648 -0.047804257421822476 -0.022946814199896602 0.027929850361018457 0.032026656792408507 -0.052367261098382106 -0.11255642836087561 -0.043432931582855737 -0.02854238239031176 0.16855434146736104 0.093501128785366261 -0.004204892753872618
leaf_weight=78.807169184088707 141.02813404798508 67.623058184981346 95.19140437245369 40.276203274726868 70.072782129049301 26.662882715463642 44.059312760829926 15.507514074444773 4.628653645515441 5.7028302252292624 25.688982874155045 47.948341086506844 75.04279500246048 12.84348641335964 4.601417705416682 8.9649069756269437 6.4424957633018485 4.8223604261875135 4.6179052591323844 4.7338409125804901 27.349867641925812 3.8260057270526877 6.4034986943006507 26.582857355475426 8.8609524518251401 6.2182122468948346 4.1972932666540146 3.42001673579216 22.97948445379734 11.730723261833189
leaf_count=404 614 435 468 233 347 165 290 76 25 34 157 253 492 56 20 39 28 26 24 26 157 22 28 171 57 40 27 22 112 58
internal_value=-0.000610114 -0.0469275 0.0511612 -0.026315 0.066735 -0.00513603 -0.0576014 0.0169902 0.059697 -0.0410892 -0.0336425 0.0201456 -0.0777137 0.0857787 0.0816203 0.12441 0.0758259 -0.0355367 -0.0446519 0.0240371 -0.0529877 -0.0799357 0.0914188 -0.0656737 -0.0447012 -0.0298253 0.0134858 0.05995 0.0339695 0.0604802
internal_weight=906.835 478.629 428.207 286.684 285.067 170.956 115.727 98.9433 20.1362 71.668 65.9652 143.14 191.945 180.284 167.44 19.9698 147.471 72.0129 62.4567 9.5562 57.8388 30.4889 15.3684 116.902 49.2793 40.4184 13.8355 7.61731 104.783 34.7102
internal_count=4906 2883 2023 1639 1302 925 714 505 101 424 390 721 1244 785 729 87 642 420 368 52 344 187 67 752 317 260 89 49 517 170
is_linear=0
shrinkage=0.1


Tree=5
num_leaves=31
num_cat=0
split_feature=8 9 5 9 5 6 85 6 12 5 6 11 74 24 139 0 0 139 5 64 140 16 0 81 35 0 56 63 135 137
split_gain=177.7 27.1648 16.271 16.1011 13.8225 9.49755 4.96797 4.46371 4.21858 4.1276 3.8807 3.87712 4.08094 3.80742 3.79357 9.77081 3.71983 3.61875 3.60776 5.26591 4.5811 3.54991 3.96481 3.50091 3.47847 3.70618 5.73841 3.45792 4.21371 5.61755
threshold=1.0000000180025095e-35 1.0000000180025095e-35 1.0000000180025095e-35 1.0000000180025095e-35 1.0000000180025095e-35 1.0000000180025095e-35 1.0000000180025095e-35 1.0000000180025095e-35 1.0000000180025095e-35 1.0000000180025095e-35 1.0000000180025095e-35 1.0000000180025095e-35 1.0000000180025095e-35 1.0000000180025095e-35 1.0000000180025095e-35 10.788501262664797 17.041751861572269 1.0000000180025095e-35 1.0000000180025095e-35 1.0000000180025095e-35 1.0000000180025095e-35 1.0000000180025095e-35 4.3846678733825692 1.0000000180025095e-35 1.0000000180025095e-35 6.9089665412902841 1.0000000180025095e-35 1.0000000180025095e-35 1.0000000180025095e-35 1.0000000180025095e-35
decision_type=2 2 2 2 2 2 2 2 2 2 2 2 2 2 2 2 2 2 2 2 2 2 2 2 2 2 2 2 2 2
left_child=1 2 5 4 10 8 7 11 17 -3 14 12 -4 -5 21 -16 24 -1 19 20 -15 -2 -23 -20 -12 -26 -27 28 29 -7
right_child=3 9 6 13 -6 27 -8 -9 -10 -11 16 -13 -14 18 15 -17 -18 -19 23 -21 -22 22 -24 -25 25 26 -28 -29 -30 -31
leaf_value=0.0030487183762570032 0.10935515068128183 -0.061781045786343816 -0.0016750104070342626 -0.045844555501346113 0.030104871798996652 -0.0588660677620675 0.061183632303573758 -0.083947291183710138 0.035297377849279964 -0.092649248577740123 0.064264022965407064 -0.072816994414975383 -0.068022389673373748 0.034278220227378996 0.11579898694657141 -0.068284651933702062 0.14426913445395387 -0.089103162938958175 0.024192798160684034 0.14440724601467958 -0.063343848764714092 0.00041462697062519662 0.084684465376045348 -0.031416587198191251 -0.065400744144729003 -0.030019264426911857 0.10946656889328275 0.061768291039186587 0.015071326698018953 0.06484569768557448
leaf_weight=44.044782966375351 58.385203838348389 112.2089940905571 28.360509097576141 8.7809905707836133 106.25278633832932 50.618165001273155 3.6324373483657828 40.533282056450844 50.863768145442009 70.557652652263641 52.439390107989311 25.41574339568615 13.772914946079252 80.544975429773331 6.4281131029129011 5.2287588566541672 4.6346638053655616 4.7178368419408789 25.245136439800262 4.1041079163551322 5.1120860427618018 6.6718933582305899 34.213113486766815 20.52550733089447 4.5363448858261135 5.7968363016843778 6.0043540596961975 3.6637478470802298 12.218704119324682 3.95746886730194
leaf_count=229 245 752 164 45 517 311 20 283 250 492 227 163 84 390 27 22 20 26 133 19 25 28 144 109 20 26 26 21 68 20
internal_value=-0.000666124 -0.0436716 -0.0241975 0.0452724 0.0588319 -0.00472323 -0.0538467 -0.0577127 0.0151492 -0.0736978 0.0753901 -0.0419704 -0.0233632 0.0179688 0.0871936 0.0332272 0.0575547 -0.00586708 0.0221032 0.0337538 0.0284521 0.0935307 0.0709327 -0.00074482 0.0517113 0.0114203 0.04095 -0.0328225 -0.0380109 -0.0498953
internal_weight=899.47 464.566 281.799 434.904 290.591 170.084 111.715 108.082 99.6264 182.767 184.339 67.5492 42.1334 144.313 110.927 11.6569 73.4116 48.7626 135.532 89.7612 85.6571 99.2702 40.885 45.7706 68.7769 16.3375 11.8012 70.4581 66.7943 54.5756
internal_count=4906 2883 1639 2023 1302 925 714 694 505 1244 785 411 248 721 466 49 319 255 676 434 415 417 172 242 299 72 52 420 399 331
is_linear=0
shrinkage=0.1


Tree=6
num_leaves=31
num_cat=0
split_feature=8 9 5 9 5 6 17 6 74 5 84 137 0 12 31 16 135 0 74 174 39 13 16 73 1 54 25 61 6 35
split_gain=145.456 24.1987 13.9378 12.6795 10.9083 7.8294 4.39561 4.42665 4.14975 3.94791 3.93507 3.93291 4.71181 3.5722 4.75508 3.47062 5.39427 5.13189 3.45336 3.25189 3.49668 8.07452 10.2945 4.98 4.35712 3.62182 3.21166 3.34877 4.16403 7.96052
threshold=1.0000000180025095e-35 1.0000000180025095e-35 1.0000000180025095e-35 1.0000000180025095e-35 1.0000000180025095e-35 1.0000000180025095e-35 1.0000000180025095e-35 1.0000000180025095e-35 1.0000000180025095e-35 1.0000000180025095e-35 1.0000000180025095e-35 1.0000000180025095e-35 4.0561258792877206 1.0000000180025095e-35 1.0000000180025095e-35 1.0000000180025095e-35 1.0000000180025095e-35 14.680356025695803 1.0000000180025095e-35 1.0000000180025095e-35 1.0000000180025095e-35 1.0000000180025095e-35 1.0000000180025095e-35 1.0000000180025095e-35 -0.0050954443868249646 1.0000000180025095e-35 1.0000000180025095e-35 1.0000000180025095e-35 1.0000000180025095e-35 1.0000000180025095e-35
decision_type=2 2 2 2 2 2 2 2 2 2 2 2 2 2 2 2 2 2 2 2 2 2 2 2 2 2 2 2 2 2
left_child=1 2 5 4 10 11 -4 8 -8 13 26 12 -1 -3 18 -7 17 -17 -15 20 23 -22 24 -5 -23 -25 -2 28 -28 -30
right_child=3 9 6 19 -6 15 7 -9 -10 -11 -12 -13 -14 14 -16 16 -18 -19 -20 -21 21 22 -24 25 -26 -27 27 -29 29 -31
leaf_value=-0.05572956763485104 0.12452228134782531 -0.073706965715333625 0.066424981313630685 0.011387423501790884 0.026747656707159801 -0.051061974637477428 -0.020440390922689185 -0.080715547227043175 -0.07359294795306498 -0.088987382887348712 0.014676664688225967 0.075135507451671135 0.015410621939267986 -0.044445905168081445 -0.10740748609707469 -0.048151202433734955 0.085091451367787882 0.057320732447996792 0.018543978036710217 -0.055451625748086188 -0.048062961551211279 -0.086706795628198829 0.17602792022063851 -0.022229744245224541 0.042954823812977105 0.068544793701874454 0.073267881203536597 0.087222683278942226 0.059401389248343907 -0.036354791627505614
leaf_weight=10.53141914308071 10.438359618186949 61.750089302659035 3.1320846676826468 63.651466563344002 107.55653876066208 37.057120010256767 44.197621092200279 38.594376549124718 21.999600023031235 66.335640549659729 13.489024266600607 9.3921032845973951 80.286587610840797 24.731834471225739 7.9239223301410666 20.653754740953453 5.3930349349975577 5.9399549812078467 13.429889366030691 6.0968208312988272 20.901925101876259 4.064972147345542 4.4285708963870993 5.0498885512351981 7.1504889875650397 33.91404689848423 63.96720327436924 55.664252206683159 31.753567680716515 11.948638796806334
leaf_count=58 43 435 20 311 517 227 268 283 143 492 57 44 403 171 57 130 28 35 89 31 111 21 22 25 36 164 264 233 135 53
internal_value=-0.000694844 -0.0405818 -0.0222271 0.0402139 0.0521285 -0.00432069 -0.0503092 -0.0537982 -0.0381048 -0.0697917 0.0667065 0.0135319 0.00716108 -0.0579834 -0.0369155 -0.0302319 -0.00610001 -0.0245931 -0.0222785 0.0160318 0.0191636 -0.00739806 0.0469342 0.0286234 -0.0040402 0.05678 0.0707453 0.0673085 0.057013 0.0332207
internal_weight=891.425 451.349 277.178 440.076 294.818 169.254 107.924 104.792 66.1972 174.171 187.261 100.21 90.818 107.836 46.0856 69.0439 31.9867 26.5937 38.1617 145.258 139.161 36.546 15.644 102.615 11.2155 38.9639 173.772 163.334 107.669 43.7022
internal_count=4906 2883 1639 2023 1302 925 714 694 411 1244 785 505 461 752 317 420 193 165 260 721 690 190 79 500 57 189 728 685 452 188
is_linear=0
shrinkage=0.1


Tree=7
num_leaves=31
num_cat=0
split_feature=8 9 5 5 9 6 85 167 0 15 12 151 5 14 13 31 61 140 13 22 87 12 31 0 69 6 81 0 0 15
split_gain=119.233 21.5259 11.8943 10.7077 8.02737 6.45084 4.13601 4.13049 4.3885 6.28084 5.08489 4.00355 3.75843 3.53412 4.61421 3.52914 7.52772 3.47095 6.62549 3.26917 3.67003 3.25062 4.34769 3.39297 3.21642 5.01079 5.61301 3.18115 4.04581 3.13175
threshold=1.0000000180025095e-35 1.0000000180025095e-35 1.0000000180025095e-35 1.0000000180025095e-35 1.0000000180025095e-35 1.0000000180025095e-35 1.0000000180025095e-35 1.0000000180025095e-35 6.566735267639161 1.0000000180025095e-35 1.0000000180025095e-35 1.0000000180025095e-35 1.0000000180025095e-35 1.0000000180025095e-35 1.0000000180025095e-35 1.0000000180025095e-35 1.0000000180025095e-35 1.0000000180025095e-35 1.0000000180025095e-35 1.0000000180025095e-35 1.0000000180025095e-35 1.0000000180025095e-35 1.0000000180025095e-35 15.132101058959963 1.0000000180025095e-35 1.0000000180025095e-35 1.0000000180025095e-35 15.924708843231203 16.735113143920902 1.0000000180025095e-35
decision_type=2 2 2 2 2 2 2 2 2 2 2 2 2 2 2 2 2 2 2 2 2 2 2 2 2 2 2 2 2 2
left_child=1 2 5 4 17 15 11 8 9 10 -5 -4 21 14 -10 -1 -17 19 -19 20 27 -3 23 -23 25 26 -15 -2 -29 -16
right_child=3 12 6 7 -6 -7 -8 -9 13 -11 -12 -13 -14 24 29 16 -18 18 -20 -21 -22 22 -24 -25 -26 -27 -28 28 -30 -31
leaf_value=0.0025381477433704604 0.050498031291052736 -0.069869120884852337 -0.054847723810248286 -0.013054399867641817 0.024044139959011005 -0.027810674673220671 0.057097189097150031 -0.062340230209145302 -0.026642290285497978 0.09543471977560658 0.070752088770670518 0.045360249066616329 -0.085447338533944595 0.084389457673069601 0.0036477971722855291 0.080426789797874432 -0.065371547940723251 0.08162247611604509 -0.057132373874516418 0.11217258148261844 0.12652777348385849 -0.0090208529309759086 -0.10441040552603023 -0.099734012547867124 0.080759643305626905 -0.061961807486264932 -0.023119366779979434 0.16093504389530625 0.063048124477915066 0.081022425215673599
leaf_weight=79.863042712211609 135.60580143332481 58.784675672650337 96.610482186079025 19.727264702320099 97.963311642408371 67.753304943442345 3.6887697279453269 6.6480022370815268 42.801021203398705 15.596941590309141 11.437183469533922 4.1585687249898902 62.382315874099731 11.44003759324551 16.675009116530422 16.303839564323429 4.5238708257675162 6.7570972740650159 7.0128148943185806 12.598747745156286 7.7353811115026465 32.893787309527397 7.3651285618543616 4.7141655087470999 9.8123091757297498 6.573675572872161 8.4384763389825821 6.129185542464259 13.57215705513954 7.6222118586301795
leaf_count=404 563 435 666 98 468 420 20 34 220 70 53 28 492 55 82 76 25 28 29 52 32 227 57 33 47 33 41 25 56 37
internal_value=-0.000715241 -0.037671 -0.0203943 0.0358158 0.047284 -0.003954 -0.0469052 0.0147938 0.0182096 0.0436293 0.0177021 -0.0507123 -0.0660498 0.00670965 -0.00688424 0.0120988 0.0487587 0.0593036 0.0109567 0.0630939 0.0593015 -0.0543875 -0.0341513 -0.0203918 0.0318617 0.0137232 0.0387517 0.0559532 0.0935012 0.0279208
internal_weight=883.189 439.042 272.902 444.147 287.374 168.444 104.458 156.772 150.124 46.7614 31.1644 100.769 166.14 103.363 67.0982 100.691 20.8277 189.411 13.7699 175.641 163.043 103.758 44.9731 37.608 36.2645 26.4522 19.8785 155.307 19.7013 24.2972
internal_count=4906 2883 1639 2023 1253 925 714 770 736 221 151 694 1244 515 339 505 101 785 57 728 676 752 317 260 176 129 96 644 81 119
is_linear=0
shrinkage=0.1


Tree=8
num_leaves=31
num_cat=0
split_feature=8 9 5 9 5 6 108 6 11 5 12 99 25 0 139 81 14 55 84 31 10 12 31 6 1 0 0 49 61 70
split_gain=97.7778 19.1138 10.1191 8.68532 6.52666 5.28912 4.23814 4.76368 3.87086 3.56866 3.28758 3.09675 3.94215 3.06944 3.06246 3.13846 3.52078 3.04139 3.00372 2.99609 4.15659 2.94838 3.97347 3.12184 3.24196 5.56387 3.01763 3.02054 3.4401 3.3664
threshold=1.0000000180025095e-35 1.0000000180025095e-35 1.0000000180025095e-35 1.0000000180025095e-35 1.0000000180025095e-35 1.0000000180025095e-35 1.0000000180025095e-35 1.0000000180025095e-35 1.0000000180025095e-35 1.0000000180025095e-35 1.0000000180025095e-35 1.0000000180025095e-35 1.0000000180025095e-35 14.591375827789308 1.0000000180025095e-35 1.0000000180025095e-35 1.0000000180025095e-35 1.0000000180025095e-35 1.0000000180025095e-35 1.0000000180025095e-35 1.0000000180025095e-35 1.0000000180025095e-35 1.0000000180025095e-35 1.0000000180025095e-35 -0.22138565033674237 8.4750170707702654 15.132101058959963 1.0000000180025095e-35 1.0000000180025095e-35 1.0000000180025095e-35
decision_type=2 2 2 2 2 2 2 2 2 2 2 2 2 2 2 2 2 2 2 2 2 2 2 2 2 2 2 2 2 2
left_child=1 2 5 4 18 10 7 8 -4 21 14 12 -7 19 15 -1 -17 -10 -2 20 -12 23 26 24 -3 -26 27 28 -23 -30
right_child=3 9 6 -5 -6 11 -8 -9 17 -11 13 -13 -14 -15 -16 16 -18 -19 -20 -21 -22 22 -24 -25 25 -27 -28 -29 29 -31
leaf_value=-0.022049703152898968 0.056349828009315407 -0.095071149272388245 -0.0016714391544472727 0.012075697575659652 0.022201984346567904 0.081119302398025853 -0.11986374127071586 -0.067877677004111944 -0.10718076385781816 -0.082000576526957011 0.057282876113170345 -0.076096528945903033 -0.023460562949476162 -0.018460757456001071 -0.085843421230373862 0.071576907093275938 -0.016242686085990818 -0.02853629944592613 0.007717232856535472 0.10559452487756274 -0.013497245477005768 -0.043266530077428603 -0.10158489400323673 -0.091265358875385894 0.11500848064214314 -0.04189653938979554 -0.096286989610904677 0.079983726962982005 0.068295621164088979 -0.057417722663285313
leaf_weight=26.113283812999725 177.41443459689617 8.7585837244987506 37.806895226240158 147.20672065019608 108.97860892117023 3.8698103576898566 6.8015872389078131 34.304617002606392 7.2897825688123712 58.697026133537292 21.244544133543968 10.226405799388884 52.559986889362335 11.037025302648543 4.5542680323123923 10.091200038790703 8.3365224897861481 15.110126927495003 13.679247125983236 6.1025996655225745 13.613540157675741 19.292654871940613 6.840133197605609 26.275751173496246 2.5760540366172817 18.418786361813545 4.410433590412139 3.4740605205297461 6.8424177169799822 3.092995673418045
leaf_count=134 728 68 233 721 517 24 50 274 51 492 101 65 331 57 26 52 43 106 57 27 65 135 57 204 20 143 33 24 47 21
internal_value=-0.000718695 -0.0349017 -0.018668 0.0319711 0.0417312 -0.00359684 -0.0436221 -0.0381353 -0.0211887 -0.0624281 0.0108217 -0.0254645 -0.0162887 0.0283446 -0.00773709 0.000249191 0.0318482 -0.0541302 0.0528685 0.0409565 0.0296403 -0.0509376 -0.031549 -0.0661471 -0.0439648 -0.0226444 -0.0186409 -0.00816899 -0.0186469 0.0291598
internal_weight=875.02 427.741 269.062 447.279 300.072 167.749 101.313 94.5114 60.2068 158.679 101.093 66.6562 56.4298 51.9977 49.0953 44.541 18.4277 22.3999 191.094 40.9607 34.8581 99.9819 43.9527 56.0292 29.7534 20.9948 37.1126 32.7021 29.2281 9.93541
internal_count=4906 2883 1639 2023 1302 925 714 664 390 1244 505 420 355 250 255 229 95 157 785 193 166 752 317 435 231 163 260 227 203 68
is_linear=0
shrinkage=0.1


Tree=9
num_leaves=31
num_cat=0
split_feature=8 9 5 5 0 31 61 9 47 108 6 6 167 0 15 12 5 15 11 84 0 67 84 13 14 36 73 15 15 61
split_gain=80.3458 16.9108 8.59613 7.37864 5.52371 5.02035 8.83562 4.74129 4.15396 3.97405 4.24985 3.5626 3.37152 3.46427 4.83741 3.98335 3.3602 3.31837 3.31753 3.14097 3.09142 3.6069 3.51822 3.10968 4.01688 3.99344 3.88349 6.53806 3.72964 3.60253
threshold=1.0000000180025095e-35 1.0000000180025095e-35 1.0000000180025095e-35 1.0000000180025095e-35 2.2026009559631352 1.0000000180025095e-35 1.0000000180025095e-35 1.0000000180025095e-35 1.0000000180025095e-35 1.0000000180025095e-35 1.0000000180025095e-35 1.0000000180025095e-35 1.0000000180025095e-35 6.566735267639161 1.0000000180025095e-35 1.0000000180025095e-35 1.0000000180025095e-35 1.0000000180025095e-35 1.0000000180025095e-35 1.0000000180025095e-35 7.7043120861053476 1.0000000180025095e-35 1.0000000180025095e-35 1.0000000180025095e-35 1.0000000180025095e-35 1.0000000180025095e-35 1.0000000180025095e-35 1.0000000180025095e-35 1.0000000180025095e-35 1.0000000180025095e-35
decision_type=2 2 2 2 2 2 2 2 2 2 2 2 2 2 2 2 2 2 2 2 2 2 2 2 2 2 2 2 2 2
left_child=1 2 5 4 -2 8 -7 -6 11 10 18 -1 13 14 15 -5 -3 -8 -4 -13 21 -15 23 24 -22 28 -26 -28 29 -25
right_child=3 16 9 12 7 6 17 -9 -10 -11 -12 19 -14 20 -16 -17 -18 -19 -20 -21 22 -23 -24 25 26 -27 27 -29 -30 -31
leaf_value=0.0063000572127665999 -0.07528237965281448 -0.047704036326513349 -0.001505856250789426 -0.013612909022970927 0.04893923456035737 0.055741256915091589 -0.12793838395039525 0.021862497697550432 -0.072840408875125648 -0.11763605585477249 -0.064284606667116662 -0.022050299946211015 -0.059243588354012888 -0.11520903332321571 0.081184100517626978 0.059836231695124864 -0.078625370031246644 0.0018740128906803669 -0.050629829097950975 -0.12593025773975561 -0.019755293649305634 -5.472036991255264e-05 -0.06701376576838762 -0.040497093831935893 0.08945344540851595 0.10249110516946816 0.054259847471664749 -0.097461097237655558 0.080830526176180514 0.056022141151967166
leaf_weight=74.637429654598236 4.240816429257392 96.496728360652924 37.769707694649696 19.773015469312668 189.1969393491745 28.301900014281273 3.9976947009563437 98.255085960030556 10.468103066086767 6.2648610547184935 32.685639888048172 42.580696657299995 6.5134411603212348 4.4652462750673276 16.093961343169212 11.784213557839395 55.274562388658524 3.8808829337358475 21.615261510014534 3.1242897808551779 35.18332627415657 6.9593562036752701 5.5675478726625434 10.764248594641694 8.1606279611587524 7.7334311902523032 8.041230306029318 4.3913285136222848 7.0521490573883048 6.0351973921060553
leaf_count=376 18 752 233 98 772 147 24 463 62 50 274 272 34 23 70 53 492 24 157 20 181 34 28 52 39 37 38 21 33 29
internal_value=-0.000720737 -0.0323423 -0.0171135 0.0285751 0.0380126 -0.00330103 0.0296679 0.039684 -0.0124198 -0.0405694 -0.0353255 -0.00716405 0.0112089 0.0142278 0.0365684 0.0138147 -0.0589655 -0.0639945 -0.0193863 -0.0291513 0.00402643 -0.0450622 0.0100613 0.0149733 0.000775803 0.0400449 0.035853 0.000670195 0.019798 -0.00582258
internal_weight=867.309 417.098 265.326 450.211 291.693 166.991 36.1805 287.452 130.811 98.3355 92.0706 120.342 158.518 152.005 47.6512 31.5572 151.771 7.87858 59.385 45.705 104.354 11.4246 92.9291 87.3615 55.7765 31.585 20.5932 12.4326 23.8516 16.7994
internal_count=4906 2883 1639 2023 1253 925 195 1235 730 714 664 668 770 736 221 151 1244 48 390 292 515 57 458 430 279 151 98 59 114 81
is_linear=0
shrinkage=0.1


Tree=10
num_leaves=31
num_cat=0
split_feature=8 9 5 9 139 139 7 26 126 40 5 73 94 1 17 73 0 0 0 0 151 31 55 26 78 12 7 22 5 61
split_gain=65.9379 14.852 7.28436 6.08743 4.34199 4.12276 5.82753 5.17069 4.78943 4.43653 4.08156 4.07374 3.99093 5.17928 3.90006 3.85769 3.61773 3.73006 5.9764 3.58014 3.50299 3.48924 6.95199 3.91126 4.49221 3.67058 4.3813 3.37872 3.17913 3.0462
threshold=1.0000000180025095e-35 1.0000000180025095e-35 1.0000000180025095e-35 1.0000000180025095e-35 1.0000000180025095e-35 1.0000000180025095e-35 1.0000000180025095e-35 1.0000000180025095e-35 1.0000000180025095e-35 1.0000000180025095e-35 1.0000000180025095e-35 1.0000000180025095e-35 1.0000000180025095e-35 -0.24207163602113721 1.0000000180025095e-35 1.0000000180025095e-35 17.041751861572269 16.425735473632816 12.746064186096193 10.513347148895265 1.0000000180025095e-35 1.0000000180025095e-35 1.0000000180025095e-35 1.0000000180025095e-35 1.0000000180025095e-35 1.0000000180025095e-35 1.0000000180025095e-35 1.0000000180025095e-35 1.0000000180025095e-35 1.0000000180025095e-35
decision_type=2 2 2 2 2 2 2 2 2 2 2 2 2 2 2 2 2 2 2 2 2 2 2 2 2 2 2 2 2 2
left_child=1 2 4 5 21 8 7 19 9 10 27 -8 13 15 -4 -12 17 18 -11 -7 -16 23 25 24 -1 26 -23 -2 -3 -6
right_child=3 28 14 -5 29 6 11 -9 -10 16 12 -13 -14 -15 20 -17 -18 -19 -20 -21 -22 22 -24 -25 -26 -27 -28 -29 -30 -31
leaf_value=0.006030389140769951 0.035482832800890131 -0.044471384048889007 0.074258926160456665 0.0090084785530253914 -0.0007848743162607863 -0.025114763128847407 0.12119354948641757 0.021322176774101989 0.13258580249119822 0.041369591711424201 0.018784346879111416 0.005574911053955937 0.095177114904881843 -0.016240303619470143 -0.045481811894444502 0.10335681263542261 0.13357964388788487 -0.019421041477770795 0.14289651311038268 -0.14437785791551738 0.049475831341498036 -0.017070573820406429 -0.019652766952651328 -0.020861825639311569 0.10832363582697435 0.13015086073702467 0.10554715014901811 0.089202582530491514 -0.075305701471672315 -0.08872600806286797
leaf_weight=41.672227934002876 129.34479403495789 93.330306425690651 3.0149829611182204 148.79180645942688 6.7395473867654809 5.0170462727546692 5.0397914946079272 8.3969631046056747 5.212326079607009 23.029887914657596 25.720173925161362 7.7088416814804077 5.4193953424692145 43.446050986647606 88.498150236904621 6.8245813995599738 6.5472319871187201 5.9732657521963111 7.7488243281841269 5.0511828362941742 4.0632618591189376 6.5051793456077593 15.158704996109007 69.950088068842888 4.7861161530017844 6.7933050543069831 5.2786698937416077 12.873327270150183 52.10646790266037 9.4786465167999268
leaf_count=234 525 752 20 721 38 22 21 36 22 100 115 34 26 210 666 30 28 26 33 22 28 34 83 395 24 34 27 52 492 56
internal_value=-0.000714229 -0.0298939 -0.0156663 0.0255762 -0.00302643 0.0337025 -0.00071997 -0.0366224 0.0376507 0.0357969 0.030124 0.0512813 0.0122679 0.00635507 -0.0376676 0.0365191 0.0650956 0.0528954 0.0669299 -0.0849485 -0.0413134 0.00228319 0.0306008 -0.00592343 0.0165686 0.0716071 0.037857 0.0403454 -0.0555186 -0.0521817
internal_weight=859.521 407.376 261.939 452.145 166.362 303.354 31.2138 18.4652 272.14 266.928 223.628 12.7486 81.4102 75.9908 95.5764 32.5448 43.2992 36.752 30.7787 10.0682 92.5614 150.144 33.7359 116.408 46.4583 18.5772 11.7838 142.218 145.437 16.2182
internal_count=4906 2883 1639 2023 925 1302 135 80 1167 1145 958 55 381 355 714 145 187 159 133 44 694 831 178 653 258 95 61 577 1244 94
is_linear=0
shrinkage=0.1


Tree=11
num_leaves=31
num_cat=0
split_feature=8 9 6 12 21 84 5 0 151 6 31 51 0 15 139 16 67 0 11 14 22 5 40 26 94 74 67 99 10 9
split_gain=54.1028 13.0063 6.4619 5.84183 5.40644 5.31115 5.20444 4.50383 3.92181 3.66558 5.746 4.12217 4.9285 3.79765 4.85087 4.19901 5.0945 3.62096 4.62985 4.27904 3.36866 3.36615 3.28932 3.37583 3.26653 3.23508 3.61272 3.54081 3.20272 3.33424
threshold=1.0000000180025095e-35 1.0000000180025095e-35 1.0000000180025095e-35 1.0000000180025095e-35 1.0000000180025095e-35 1.0000000180025095e-35 1.0000000180025095e-35 2.2026009559631352 1.0000000180025095e-35 1.0000000180025095e-35 1.0000000180025095e-35 1.0000000180025095e-35 12.123203277587892 1.0000000180025095e-35 1.0000000180025095e-35 1.0000000180025095e-35 1.0000000180025095e-35 5.3483915328979501 1.0000000180025095e-35 1.0000000180025095e-35 1.0000000180025095e-35 1.0000000180025095e-35 1.0000000180025095e-35 1.0000000180025095e-35 1.0000000180025095e-35 1.0000000180025095e-35 1.0000000180025095e-35 1.0000000180025095e-35 1.0000000180025095e-35 1.0000000180025095e-35
decision_type=2 2 2 2 2 2 2 2 2 2 2 2 2 2 2 2 2 2 2 2 2 2 2 2 2 2 2 2 2 2
left_child=1 2 3 4 8 -5 7 -2 20 13 11 12 24 22 15 17 -17 19 -19 -15 25 -4 -9 -24 -11 27 -27 -1 29 -12
right_child=6 -3 21 5 -6 -7 -8 9 -10 10 28 -13 -14 14 -16 16 -18 18 -20 -21 -22 -23 23 -25 -26 26 -28 -29 -30 -31
leaf_value=-0.0047020635801594841 -0.07203199807750181 -0.052178657591722424 -0.021684495781308863 0.024933938225700572 -0.084770281651578072 -0.078893731836908398 0.0083724130761729278 0.045899428486431249 0.091079587229230707 0.0258909085315512 -0.01887704111294285 -0.0015507705890002873 0.11850464885244996 0.15639899415648809 -0.050684541715001634 -0.059414429322838594 0.040776921694665631 0.062742219338364921 -0.022835323575670242 0.031917183411681635 -0.10640066131620787 -0.061370362197517625 0.14861726407297246 0.053118388692706381 0.11147086995531019 -0.082650989581463108 0.00032111018112833677 0.087612348770701176 0.024340472512884574 -0.11505034469178239
leaf_weight=40.881429120898247 4.1981551945209494 139.60791856050491 64.73139725625515 71.836380317807198 11.245924025774 5.2895399481058112 159.5141386538744 94.462814703583717 3.6251172125339499 47.164972111582756 11.405065178871157 27.535942524671555 7.9521886259317389 6.0871380567550641 7.9632079154252997 9.1988497078418732 11.320816248655319 17.826565533876419 9.795803904533388 5.0543323159217834 3.8598041310906401 31.908106416463852 6.7697313576936695 8.1672531366348267 4.925879478454589 10.912954099476337 10.108657866716385 4.6249885633587828 9.1540852785110491 5.270841881632804
leaf_count=237 18 1244 420 392 69 30 770 401 21 200 48 116 34 25 33 39 47 76 42 21 22 290 28 35 21 68 62 28 41 28
internal_value=-0.000695333 -0.0275747 -0.0143137 -0.00212902 -0.0201688 0.0178131 0.022918 0.0308031 -0.010353 0.0322915 0.0182615 0.0304857 0.0451777 0.041299 0.0225974 0.032441 -0.00413829 0.0518042 0.0323936 0.0999278 -0.0155769 -0.0347878 0.0527946 0.0964003 0.0339836 -0.0103076 -0.0427522 0.0046802 -0.0231859 -0.049275
internal_weight=852.4 398.632 259.024 162.385 85.2589 77.1259 453.768 294.254 74.013 290.055 113.409 87.579 60.043 176.647 67.2467 59.2835 20.5197 38.7638 27.6224 11.1415 70.3878 96.6395 109.4 14.937 52.0909 66.528 21.0216 45.5064 25.83 16.6759
internal_count=4906 2883 1639 929 507 422 2023 1253 438 1235 488 371 255 747 283 250 86 164 118 46 417 710 464 63 221 395 130 265 117 76
is_linear=0
shrinkage=0.1


Tree=12
num_leaves=31
num_cat=0
split_feature=8 9 5 9 108 17 137 31 61 16 1 6 5 15 12 33 6 1 0 0 47 139 53 73 126 40 67 10 0 73
split_gain=44.3689 11.3268 5.71872 4.92369 3.95488 4.20226 3.82844 3.85603 5.86261 3.83183 3.7178 3.44839 3.14361 3.13028 2.98874 4.10404 3.2693 3.29822 4.79976 2.97803 3.1734 2.93453 5.20391 5.44146 3.69188 3.45893 3.42056 7.53912 4.19557 3.91677
threshold=1.0000000180025095e-35 1.0000000180025095e-35 1.0000000180025095e-35 1.0000000180025095e-35 1.0000000180025095e-35 1.0000000180025095e-35 1.0000000180025095e-35 1.0000000180025095e-35 1.0000000180025095e-35 1.0000000180025095e-35 0.74416303634643566 1.0000000180025095e-35 1.0000000180025095e-35 1.0000000180025095e-35 1.0000000180025095e-35 1.0000000180025095e-35 1.0000000180025095e-35 -0.22138565033674237 8.4750170707702654 15.132101058959963 1.0000000180025095e-35 1.0000000180025095e-35 1.0000000180025095e-35 1.0000000180025095e-35 1.0000000180025095e-35 1.0000000180025095e-35 1.0000000180025095e-35 1.0000000180025095e-35 12.643394947052004 1.0000000180025095e-35
decision_type=2 2 2 2 2 2 2 2 2 2 2 2 2 2 2 2 2 2 2 2 2 2 2 2 2 2 2 2 2 2
left_child=1 2 6 21 5 -4 7 9 -9 -1 -11 -7 14 -10 16 19 17 -3 -19 20 -16 24 23 -23 25 -2 27 29 -29 -27
right_child=3 12 4 -5 -6 11 -8 8 13 10 -12 -13 -14 -15 15 -17 -18 18 -20 -21 -22 22 -24 -25 -26 26 -28 28 -30 -31
leaf_value=-0.033192688096866797 0.02451666524733322 -0.086927292624009528 0.094780913078143889 0.0057366052050759411 -0.11509155408279129 -0.017303854808993942 0.045230934944811438 0.042579845732790292 -0.12392441246421333 -0.0054970142789608385 0.07999883334536162 -0.060332266110601634 -0.069696131304744266 0.0062062803280802294 -0.0043903708609029221 -0.095576551990313605 -0.08254399318274433 0.12036042658704485 -0.027958130292623531 -0.087998870825434769 0.10142909629805384 0.087215028082860191 -0.069144281396139623 -0.013925693923529847 0.11375049100236585 0.020254149321160986 0.082892474462177249 0.027232512660886679 0.1621971134824618 -0.095449657671869914
leaf_weight=60.120406366884708 224.66665816307068 7.3621221780777004 2.706679329276084 150.37089176476002 5.5295450240373603 55.175538815557957 15.577819332480429 28.251766130328178 3.6170565262436858 47.830235593020916 5.6914507597684851 28.116653308272362 47.220948368310928 3.7806228697299957 26.359494507312778 5.6841859072446814 22.149713695049286 2.5236752629280117 16.109558299183846 3.7160838693380347 3.1753449514508238 8.4272102564573288 8.2835842072963732 14.424298763275146 5.3071853518486014 7.6490576416254044 22.125841215252876 4.5570879876613617 4.6572161912918091 4.737955704331398
leaf_count=353 958 68 17 721 50 379 76 143 24 273 32 268 492 24 204 56 204 20 143 33 24 36 36 63 22 33 94 20 20 20
internal_value=-0.000673081 -0.0253938 -0.0130709 0.0205445 -0.0331149 -0.027844 -0.00194333 -0.00686572 0.0218286 -0.0158671 0.00359454 -0.0318288 -0.0489199 -0.0574204 -0.0376536 -0.0170525 -0.0543137 -0.0302597 -0.00786994 -0.00362898 0.00698647 0.0278489 -0.00124141 0.0233731 0.0311581 0.029525 0.0552573 0.026951 0.0954481 -0.0240018
internal_weight=845.906 390.699 256.398 455.207 91.5284 85.9989 164.869 149.292 35.6494 113.642 53.5217 83.2922 134.301 7.39768 87.0802 38.9351 48.1451 25.9954 18.6332 33.2509 29.5348 304.836 31.1351 22.8515 273.701 268.394 43.7272 21.6013 9.2143 12.387
internal_count=4906 2883 1639 2023 714 664 925 849 191 658 305 647 1244 48 752 317 435 231 163 261 228 1302 135 99 1167 1145 187 93 40 53
is_linear=0
shrinkage=0.1


Tree=13
num_leaves=31
num_cat=0
split_feature=8 9 139 5 200 5 11 0 0 61 11 0 85 5 6 16 67 55 13 12 67 167 16 0 34 63 93 176 6 174
split_gain=36.4434 9.87491 5.20964 4.61082 4.48419 4.70466 4.40782 3.77593 3.51453 3.48227 4.36946 3.32295 3.13854 2.89436 2.79342 2.99243 4.9645 3.86177 4.96135 3.22104 2.97126 2.76379 2.7611 5.80945 2.72966 2.70706 2.91363 3.77145 3.1628 3.18453
threshold=1.0000000180025095e-35 1.0000000180025095e-35 1.0000000180025095e-35 1.0000000180025095e-35 1.0000000180025095e-35 1.0000000180025095e-35 1.0000000180025095e-35 2.2026009559631352 9.9206023216247576 1.0000000180025095e-35 1.0000000180025095e-35 11.02532482147217 1.0000000180025095e-35 1.0000000180025095e-35 1.0000000180025095e-35 1.0000000180025095e-35 1.0000000180025095e-35 1.0000000180025095e-35 1.0000000180025095e-35 1.0000000180025095e-35 1.0000000180025095e-35 1.0000000180025095e-35 1.0000000180025095e-35 14.054756641387941 1.0000000180025095e-35 1.0000000180025095e-35 1.0000000180025095e-35 1.0000000180025095e-35 1.0000000180025095e-35 1.0000000180025095e-35
decision_type=2 2 2 2 2 2 2 2 2 2 2 2 2 2 2 2 2 2 2 2 2 2 2 2 2 2 2 2 2 2
left_child=1 2 3 14 5 7 -5 -2 -8 10 -4 -10 -9 25 -1 20 17 -17 -19 -18 -16 -7 -15 24 -24 26 27 28 29 -3
right_child=4 13 9 6 -6 21 8 12 11 -11 -12 -13 -14 22 15 16 19 18 -20 -21 -22 -23 23 -25 -26 -27 -28 -29 -30 -31
leaf_value=0.013911254062837459 -0.067698936779832061 -0.028656724893148133 -0.082420109659760737 -0.0094881962853025706 -0.074051606760076508 0.0084065017415221165 -0.094286035261111387 0.03021552843999982 0.080274685106650548 -0.09269367094103817 0.053989243405592552 -0.045465960878960821 -0.032356642973994619 -0.084220551117675624 -0.073871617054567573 0.13675848997366877 -0.06815776281314273 -0.05633303819980498 0.097193301157109113 0.028247557046017648 -0.01033955263080797 -0.058351340384688366 -0.089860317591961392 0.076736720599240971 0.038897458759398214 -0.11504873849038762 0.059347145622379721 0.08679637209333764 -0.064221081892294141 0.088365284458915713
leaf_weight=91.095867544412613 4.1462227106094351 42.369990982115269 4.5692582279443741 53.854512594640255 5.1844229847192755 153.64924387633801 13.838184736669065 278.97378735244274 2.5189492255449286 12.635397262871265 4.8309219554066658 12.688430987298487 8.2532829195260984 29.609432995319366 12.192636847496034 4.0398305356502524 8.6967769265174848 4.3565924316644669 4.0726222395896912 5.7618555352091798 18.577421829104424 6.4623785912990561 9.3551276028156245 3.7238857448101035 1.9981825947761542 4.0261225104331961 3.4161344319581977 2.4602729380130759 29.910746037960052 2.4605155587196341
leaf_count=453 18 366 32 408 23 731 120 1181 20 90 30 108 36 326 82 22 57 28 27 36 126 34 103 41 22 36 29 21 278 22
internal_value=-0.000658857 -0.023405 -0.011942 -0.00752299 0.0184209 0.0194827 -0.0264223 0.0270498 -0.0578206 -0.0584057 -0.0123169 -0.0246383 0.0284176 -0.0458939 0.00300674 -0.0142098 0.0101345 0.056371 0.0178441 -0.0297396 -0.0355141 0.00571204 -0.0664829 -0.0316486 -0.0671989 -0.0350242 -0.0310277 -0.0350268 -0.0390368 -0.022234
internal_weight=839.729 383.06 253.729 231.694 456.669 451.485 82.9001 291.373 29.0456 22.0356 9.40018 15.2074 287.227 129.33 148.794 57.6977 26.9277 12.469 8.42921 14.4586 30.7701 160.112 44.6866 15.0772 11.3533 84.6438 80.6177 77.2015 74.7413 44.8305
internal_count=4906 2883 1639 1487 2023 2000 656 1235 248 152 62 128 1217 1244 831 378 170 77 55 93 208 765 492 166 125 752 716 687 666 388
is_linear=0
shrinkage=0.1


Tree=14
num_leaves=31
num_cat=0
split_feature=8 9 6 12 21 84 9 1 5 151 0 83 31 68 10 1 22 14 67 262 5 73 0 64 74 99 67 67 0 0
split_gain=29.9508 8.55967 4.71751 4.67778 4.66279 4.49476 4.00736 3.22617 3.25879 3.18255 3.15965 3.10219 3.58875 3.64617 5.96835 5.40338 3.08609 2.9004 2.80268 2.75375 3.17761 2.75001 3.74886 2.65665 3.06347 3.01644 2.93689 2.66525 11.3171 3.4259
threshold=1.0000000180025095e-35 1.0000000180025095e-35 1.0000000180025095e-35 1.0000000180025095e-35 1.0000000180025095e-35 1.0000000180025095e-35 1.0000000180025095e-35 0.92577382922172557 1.0000000180025095e-35 1.0000000180025095e-35 14.591375827789308 1.0000000180025095e-35 1.0000000180025095e-35 1.0000000180025095e-35 1.0000000180025095e-35 -0.37394477427005762 1.0000000180025095e-35 1.0000000180025095e-35 1.0000000180025095e-35 1.0000000180025095e-35 1.0000000180025095e-35 1.0000000180025095e-35 4.8090348243713388 1.0000000180025095e-35 1.0000000180025095e-35 1.0000000180025095e-35 1.0000000180025095e-35 1.0000000180025095e-35 6.7802875041961679 9.7262148857116717
decision_type=2 2 2 2 2 2 2 2 2 2 2 2 2 2 2 2 2 2 2 2 2 2 2 2 2 2 2 2 2 2
left_child=1 2 3 4 9 10 -2 8 -4 16 11 12 13 14 18 -16 23 -12 -5 20 -3 22 -20 24 25 27 -26 28 -1 -29
right_child=6 19 7 5 -6 -7 -8 -9 -10 -11 17 -13 -14 -15 15 -17 -18 -19 21 -21 -22 -23 -24 -25 26 -27 -28 29 -30 -31
leaf_value=0.15576813163996273 0.023110326262961157 -0.033393005484707319 -0.019753632364090768 0.11005341820488057 -0.079338094783588609 -0.074196307970424161 0.003232821512483846 0.070241893592525181 -0.06135257159062666 0.081727153019067134 -0.058091468469320728 -0.014531237245701862 0.10772696928842124 0.10673402783351826 0.037193173653539115 -0.090580103570453374 -0.10250717305778848 0.031033732104756052 0.00065765528372932925 0.068122547924763577 -0.06737211092674926 -0.027091682091976751 0.13633610658468917 -0.084683146092555117 -0.074572487835421114 0.089153125487001772 0.0047548781602924162 -0.045204481877943431 -0.034181516696053058 0.032075019355730448
leaf_weight=5.1114972829818717 306.25524541735649 80.990626387298107 60.936651311814785 6.3215963095426568 10.488425068557261 5.0271142721176139 151.64155893027782 3.1590183526277533 27.254498593509197 3.7481201440095893 8.0516683980822545 10.606197416782377 7.7075086385011664 5.7197700440883628 6.1577099859714508 7.1558078452944738 3.6398462429642668 6.6813024207949629 4.252190560102461 2.1927264034748069 41.687895625829697 5.2595050483942041 3.9081725031137466 4.2144595310091963 9.6765583381056786 4.5565795004367819 9.0150284767150879 15.426761128008367 8.1182519495487195 9.132390730082987
leaf_count=27 1302 739 407 33 69 30 721 25 278 21 46 54 43 31 33 43 22 38 23 21 484 28 20 25 65 27 56 94 47 54
internal_value=-0.000648444 -0.0215545 -0.0109221 -0.000569123 -0.0170104 0.0172156 0.0165275 -0.0290526 -0.0326093 -0.00801093 0.023614 0.0342692 0.0454044 0.0330161 0.0202601 -0.031483 -0.0128932 -0.0176738 0.0551553 -0.0429542 -0.0449396 0.0292948 0.065637 -0.00789442 -0.00259235 0.012292 -0.0363126 0.00302409 0.0392082 -0.0164679
internal_weight=834.095 376.198 251.327 159.976 83.1279 76.8485 457.897 91.3502 88.1911 72.6395 71.8214 57.0885 46.4823 38.7748 33.055 13.3135 68.8914 14.733 19.7415 124.871 122.679 13.4199 8.16036 65.2515 61.0371 42.3455 18.6916 37.7889 13.2297 24.5592
internal_count=4906 2883 1639 929 507 422 2023 710 685 438 392 308 254 211 180 76 417 84 104 1244 1223 71 43 395 370 249 121 222 74 148
is_linear=0
shrinkage=0.1


Tree=15
num_leaves=31
num_cat=0
split_feature=8 9 139 19 200 5 5 85 11 84 61 11 0 44 155 15 0 1 34 84 16 129 1 11 73 62 1 0 13 71
split_gain=24.6225 7.33655 4.42419 3.74229 3.66812 3.83663 3.25101 3.94811 3.39361 3.21696 3.10416 3.67572 3.08656 2.75268 2.74255 3.33874 5.16853 4.53358 3.88561 3.23173 2.89271 3.11426 5.40481 3.59633 3.1734 2.78082 2.74539 3.93543 3.87384 3.58768
threshold=1.0000000180025095e-35 1.0000000180025095e-35 1.0000000180025095e-35 1.0000000180025095e-35 1.0000000180025095e-35 1.0000000180025095e-35 1.0000000180025095e-35 1.0000000180025095e-35 1.0000000180025095e-35 1.0000000180025095e-35 1.0000000180025095e-35 1.0000000180025095e-35 2.2026009559631352 1.0000000180025095e-35 1.0000000180025095e-35 1.0000000180025095e-35 8.4750170707702654 0.039622785523533828 1.0000000180025095e-35 1.0000000180025095e-35 1.0000000180025095e-35 1.0000000180025095e-35 -0.54627728462219227 1.0000000180025095e-35 1.0000000180025095e-35 1.0000000180025095e-35 0.11171952262520791 10.709103107452394 1.0000000180025095e-35 1.0000000180025095e-35
decision_type=2 2 2 2 2 2 2 2 2 2 2 2 2 2 2 2 2 2 2 2 2 2 2 2 2 2 2 2 2 2
left_child=1 2 3 6 5 12 -1 8 9 -8 11 -4 -2 -3 15 16 19 -18 20 -14 21 23 -23 24 25 -17 -19 28 -28 -29
right_child=4 13 10 -5 -6 -7 7 -9 -10 -11 -12 -13 14 -15 -16 18 17 26 -20 -21 -22 22 -24 -25 -26 -27 27 29 -30 -31
leaf_value=0.0050816292370238205 -0.063623270344020197 -0.11235519974841375 -0.078191995175614787 -0.080102584246479758 -0.06938256194711688 0.0034019129616114432 -0.0035976152841091509 0.088035702243846575 -0.055031266506421331 -0.11742630966891893 -0.088081968094895879 0.048275740983558503 0.016926677887491786 -0.036913125882508023 0.097255662131212089 0.06739381650519076 0.10483796883113956 -0.020457432815356974 -0.02877757921306125 -0.058125256547346155 -0.007194375267626462 0.012186594889131479 0.13018979324243171 -0.025093102508310428 0.082366149240311826 -0.025790378952704987 0.16806147897506737 0.0040572750036100506 0.040908979306270049 0.050218311106858718
leaf_weight=144.34500578045845 4.0927384048700324 5.0474341362714759 4.2998648807406425 6.6144835352897635 5.1142221242189398 161.33056019246578 46.110656507313251 3.2193483859300605 25.023563250899315 2.6240990757942191 11.744620703160763 4.9367450922727585 68.256084278225899 115.71877514570951 4.9991796463727942 5.0714958459138861 11.3129516094923 7.4403483420610419 22.263484016060829 6.2638670802116385 28.668953835964203 7.9391440749168396 7.5942813307046872 13.306690543889998 10.097708448767662 8.6899074614048004 4.7014596909284574 24.858691290020943 4.8862095326185226 52.175781771540642
leaf_count=811 18 53 32 48 23 765 356 19 230 23 90 30 292 1191 21 21 46 31 97 27 120 33 31 56 42 37 20 106 20 217
internal_value=-0.000633637 -0.0198414 -0.010029 -0.00598418 0.0148344 0.0157832 -0.00376907 -0.0203655 -0.0250969 -0.00972667 -0.0539711 -0.010598 0.0226093 -0.0400662 0.0238326 0.0225379 0.0307742 0.0450283 0.00824052 0.0106181 0.0183692 0.0322761 0.0698783 0.0165602 0.0397911 0.00855083 0.037835 0.042842 0.10326 0.0353223
internal_weight=828.748 369.685 248.918 227.937 459.064 453.95 221.323 76.9777 73.7583 48.7348 20.9812 9.23661 292.619 120.766 288.526 283.527 179.895 105.375 103.632 74.52 81.3682 52.6992 15.5334 37.1658 23.8591 13.7614 94.0625 86.6221 9.58767 77.0345
internal_count=4906 2883 1639 1487 2023 2000 1439 628 609 379 152 62 1235 1244 1217 1196 759 440 437 319 340 220 64 156 100 58 394 363 40 323
is_linear=0
shrinkage=0.1


Tree=16
num_leaves=31
num_cat=0
split_feature=8 9 6 12 151 21 84 9 108 1 5 22 44 5 16 0 12 31 74 67 10 54 6 0 6 1 26 74 7 14
split_gain=20.1714 6.28695 3.95327 3.78204 3.87924 4.13932 3.78907 3.37546 2.74272 3.53333 2.806 2.7034 2.61704 2.64051 2.77582 5.6634 2.7112 4.33054 3.24256 3.84253 5.16084 3.06491 3.92239 3.19472 3.00812 3.45681 3.66633 5.98222 2.86141 2.73212
threshold=1.0000000180025095e-35 1.0000000180025095e-35 1.0000000180025095e-35 1.0000000180025095e-35 1.0000000180025095e-35 1.0000000180025095e-35 1.0000000180025095e-35 1.0000000180025095e-35 1.0000000180025095e-35 0.92577382922172557 1.0000000180025095e-35 1.0000000180025095e-35 1.0000000180025095e-35 1.0000000180025095e-35 1.0000000180025095e-35 14.054756641387941 1.0000000180025095e-35 1.0000000180025095e-35 1.0000000180025095e-35 1.0000000180025095e-35 1.0000000180025095e-35 1.0000000180025095e-35 1.0000000180025095e-35 10.965092182159426 1.0000000180025095e-35 -0.22138565033674237 1.0000000180025095e-35 1.0000000180025095e-35 1.0000000180025095e-35 1.0000000180025095e-35
decision_type=2 2 2 2 2 2 2 2 2 2 2 2 2 2 2 2 2 2 2 2 2 2 2 2 2 2 2 2 2 2
left_child=1 2 3 4 5 11 -5 -2 9 10 -4 -1 -3 16 -15 -16 24 18 21 -20 -21 23 -23 28 25 -14 29 -28 -18 -27
right_child=7 12 8 6 -6 -7 -8 -9 -10 -11 -12 -13 13 14 15 -17 17 -19 19 20 -22 22 -24 -25 -26 26 27 -29 -30 -31
leaf_value=-0.0065831091016484017 0.019366650137911237 -0.11105034006855621 -0.013389326021096741 0.022021939771571852 0.078164420750997471 -0.08205191426439773 -0.069720115171145972 0.0011629705338080177 -0.097357007979641474 0.087078165852323336 -0.054064396372655844 -0.097851204002255152 -0.08001129815415492 -0.07616187535927646 -0.058229787245128763 0.090458753826680616 -0.047959427538288635 -0.090067123678002389 -0.012707306839617061 0.013974771436394189 0.19636557602850713 -0.11556171154930656 0.034938851035012854 0.11735073283816838 -0.071923973812163505 -0.092302271544698181 0.12136060382331877 -0.052192867507173384 0.078187093815441533 0.024025989186176194
leaf_weight=64.455959379673004 307.11514149606228 4.6180179342627516 56.619398660957813 71.906968273222446 4.2668184489011756 9.3794662430882436 4.8025691658258429 152.41456681489944 5.0815588161349288 2.8835817351937285 24.213265225291252 3.4175053015351287 6.3015963584184673 24.117767535150051 9.746282830834387 3.4750236347317687 5.9462478309869784 4.8903843685984603 4.7904538512229937 3.0579047724604607 3.1488925814628601 4.9358358010649672 2.6676295846700668 2.5717275738716117 17.702061831951141 4.5390549749135971 5.0911061763763428 3.2564281448721886 2.5776593163609505 3.6364593133330345
leaf_count=395 1302 53 380 392 24 66 30 721 45 22 263 22 67 309 123 39 52 57 39 25 22 43 24 22 192 42 47 31 22 35
internal_value=-0.000601175 -0.0181825 -0.00913633 0.000340505 -0.0146568 -0.0197835 0.0162782 0.0133289 -0.0260232 -0.0216932 -0.0255735 -0.0111786 -0.0372704 -0.0342405 -0.0559744 -0.0191492 -0.0234366 -0.00287115 0.0114883 0.0545767 0.106507 -0.0138528 -0.0627595 0.0196614 -0.0409878 -0.0169947 0.00703876 0.0536563 -0.00981228 -0.0405596
internal_weight=823.627 364.098 247.027 158.229 81.5197 77.2529 76.7095 459.53 88.7978 83.7162 80.8327 67.8735 117.071 112.453 37.3391 13.2213 75.1134 34.5867 29.6964 10.9973 6.2068 18.6991 7.60347 11.0956 40.5267 22.8246 16.523 8.34753 8.52391 8.17551
internal_count=4906 2883 1639 929 507 483 422 2023 710 665 643 417 1244 1191 471 162 720 306 249 86 47 163 67 96 414 222 155 78 74 77
is_linear=0
shrinkage=0.1


Tree=17
num_leaves=31
num_cat=0
split_feature=8 9 139 6 104 105 140 10 13 0 5 57 12 0 0 12 12 79 16 84 10 15 71 0 61 0 0 53 19 0
split_gain=16.604 5.45693 3.70671 3.37766 4.64204 4.40516 3.61798 4.46707 3.90755 5.02749 4.14064 10.7464 6.44446 4.62372 6.12948 4.35489 4.13991 6.1327 4.27789 3.70862 3.61918 3.48993 4.15686 5.06861 4.58434 3.31039 3.38942 3.22918 3.03003 3.01236
threshold=1.0000000180025095e-35 1.0000000180025095e-35 1.0000000180025095e-35 1.0000000180025095e-35 1.0000000180025095e-35 1.0000000180025095e-35 1.0000000180025095e-35 1.0000000180025095e-35 1.0000000180025095e-35 3.0691307783126835 1.0000000180025095e-35 1.0000000180025095e-35 1.0000000180025095e-35 9.2238192558288592 14.917180061340334 1.0000000180025095e-35 1.0000000180025095e-35 1.0000000180025095e-35 1.0000000180025095e-35 1.0000000180025095e-35 1.0000000180025095e-35 1.0000000180025095e-35 1.0000000180025095e-35 11.741273403167726 1.0000000180025095e-35 3.6783025264739995 11.43189573287964 1.0000000180025095e-35 1.0000000180025095e-35 13.351129055023195
decision_type=2 2 2 2 2 2 2 2 2 2 2 2 2 2 2 2 2 2 2 2 2 2 2 2 2 2 2 2 2 2
left_child=1 2 28 6 5 -5 8 -8 10 -10 19 12 -12 20 15 27 17 -11 -18 21 -13 22 23 -2 -24 -23 -27 -15 -1 -28
right_child=3 -3 -4 4 -6 -7 7 -9 9 16 11 13 -14 14 -16 -17 18 -19 -20 -21 -22 25 24 -25 -26 26 29 -29 -30 -31
leaf_value=-0.0027282428685369026 0.041984179758140054 -0.034842550405157477 -0.049628505399606143 0.0014350648046453107 0.089560252341125912 -0.077287472899069287 -0.052700077303191123 0.048384536584706171 0.11910548364150908 0.0077305694802770764 -0.097889772717037971 0.11526729463043202 0.0090966483912919751 -0.048745893513700324 0.072941279529810985 -0.1060488261831168 0.086077656243125189 0.12228001989628111 0.010769933733681696 -0.038368629111832794 0.012568912677515857 -0.068337086642198952 0.052138342257965903 -0.069908926557660067 0.16749389814276539 0.051651780354990906 -0.079579458464517569 0.069115242422826323 -0.074056441872762904 0.016311071857560804
leaf_weight=219.06831154972315 34.615446582436562 113.58948373794556 19.961801439523697 160.45406295359135 5.7193417847156516 7.437760889530181 14.280718043446543 6.3004753887653342 6.9072397351264945 61.307165503501892 15.798596188426018 7.9522736817598325 8.7477929592132568 5.2121897488832492 7.3316490948200217 5.8515706062316886 21.561171293258667 5.0594629198312751 11.602067619562147 8.5548510253429395 6.03616563975811 5.1259666979312888 10.537096366286276 4.5845656543970099 5.1186026930809012 15.267060816287996 4.9058061987161627 4.1960217505693436 6.1220144480466834 9.8617067337036115
leaf_count=1439 146 1244 152 708 25 34 64 27 30 266 75 38 41 25 35 29 91 22 49 36 28 22 44 20 21 64 21 20 48 42
internal_value=-0.00059537 -0.0167236 -0.00832838 0.0119737 0.000965617 -0.00205242 0.0186393 -0.0217553 0.0217632 0.0366056 0.0118708 -0.00857694 -0.0597622 0.0257702 -0.00220597 -0.0383109 0.0308802 0.0164633 0.0597315 0.0245509 0.0709518 0.0305306 0.0462946 0.0288979 0.0898536 0.00593651 0.0186127 0.00381966 -0.00466737 -0.015544
internal_weight=819.068 358.742 245.152 460.327 173.611 167.892 286.716 20.5812 266.134 106.437 159.697 61.1263 24.5464 36.5799 22.5914 15.2598 99.5299 66.3666 33.1632 98.5711 13.9884 90.0163 54.8557 39.2 15.6557 35.1605 30.0346 9.40821 225.19 14.7675
internal_count=4906 2883 1639 2023 767 742 1256 91 1165 458 707 291 116 175 109 74 428 288 140 416 66 380 231 166 65 149 127 45 1487 63
is_linear=0
shrinkage=0.1


Tree=18
num_leaves=31
num_cat=0
split_feature=8 5 1 6 85 83 200 5 108 139 64 68 55 15 15 67 12 73 12 84 0 130 12 7 42 132 0 53 6 0
split_gain=13.5432 5.00613 3.60764 3.56166 3.25502 3.18913 2.96543 2.72596 2.71577 2.6947 2.73745 3.19099 3.39559 5.50603 2.83791 4.94264 3.37789 2.68846 5.60735 2.63026 2.81528 4.78373 3.91564 4.53397 5.5461 2.58153 2.57683 2.52915 2.47759 5.39247
threshold=1.0000000180025095e-35 1.0000000180025095e-35 0.97049206495285045 1.0000000180025095e-35 1.0000000180025095e-35 1.0000000180025095e-35 1.0000000180025095e-35 1.0000000180025095e-35 1.0000000180025095e-35 1.0000000180025095e-35 1.0000000180025095e-35 1.0000000180025095e-35 1.0000000180025095e-35 1.0000000180025095e-35 1.0000000180025095e-35 1.0000000180025095e-35 1.0000000180025095e-35 1.0000000180025095e-35 1.0000000180025095e-35 1.0000000180025095e-35 6.4298424720764169 1.0000000180025095e-35 1.0000000180025095e-35 1.0000000180025095e-35 1.0000000180025095e-35 1.0000000180025095e-35 2.2026009559631352 1.0000000180025095e-35 1.0000000180025095e-35 17.370294570922855
decision_type=2 2 2 2 2 2 2 2 2 2 2 2 2 2 2 2 2 2 2 2 2 2 2 2 2 2 2 2 2 2
left_child=1 2 3 9 8 19 7 26 28 10 11 -1 13 -13 16 -16 -14 -11 -19 20 21 -5 -22 24 -24 -7 -2 -12 -3 -30
right_child=6 4 -4 5 -6 25 -8 -9 -10 17 27 12 14 -15 15 -17 -18 18 -20 -21 22 -23 23 -25 -26 -27 -28 -29 29 -31
leaf_value=0.00575891869382521 -0.061907031815421558 -0.020612265627117408 -0.10203396740056199 0.13656733199355842 0.060241069201719989 -0.089543805089203579 -0.065409912622000271 0.0011983348363589887 -0.095749766655040619 -0.08234914538715625 -0.0010286162988555386 0.19962226891923401 0.043305358560967303 0.016249543976691108 -0.019254675383321158 0.14850007506641602 -0.098023388141459694 -0.087058305747130915 0.095242102339441512 -0.091946109769278861 -0.048046515830725903 0.0022391466055565875 0.089264115384930801 -0.053221663139879617 -0.049170096546145549 0.020252509018125087 0.018464100694779103 -0.10485593372562177 -0.061872897334557253 0.11994400211809542
leaf_weight=99.394115015864372 4.0450414270162574 73.08866211026907 3.9135790839791289 3.0295817255973843 3.7059719190001479 10.298515781760214 5.0564064830541602 162.28078964352608 6.9109898358583441 6.7878612056374532 5.9878482297062856 3.2957003489136705 3.4930514767765999 3.2543771490454674 3.4722181558609009 3.5541075393557549 3.2783910930156708 3.2784996926784515 3.476344995200634 4.0071619674563399 26.825290627777576 21.223322533071041 9.0070609375834483 7.3260966613888732 4.2640885040163985 2.7035842910408965 288.93662337958813 3.8575795516371727 33.293929599225521 1.7152869850397099
leaf_count=639 18 667 27 22 24 85 23 765 86 49 37 22 22 19 20 23 22 28 21 36 229 173 70 54 33 20 1217 26 412 17
internal_value=-0.000563667 -0.0152564 -0.00682256 -0.00521517 -0.0320032 -0.0209621 0.0107496 0.0115955 -0.0349756 0.00454179 0.00897748 0.0131451 0.0492246 0.108514 0.0210786 0.0656003 -0.0251189 -0.0379024 0.00676163 -0.0131022 -0.00869423 0.0190189 -0.0228673 0.00992534 0.0447845 -0.0667134 0.0173545 -0.0417096 -0.0310901 -0.0529647
internal_weight=814.762 354.443 235.728 231.815 118.715 88.6847 460.319 455.262 115.009 143.13 129.587 119.742 20.3478 6.55008 13.7978 7.02633 6.77144 13.5427 6.75484 75.6826 71.6754 24.2529 47.4225 20.5972 13.2711 13.0021 292.982 9.84543 108.098 35.0092
internal_count=4906 2883 1677 1650 1206 722 2023 2000 1182 928 830 767 128 41 87 43 44 98 49 617 581 195 386 157 103 105 1235 63 1096 429
is_linear=0
shrinkage=0.1


Tree=19
num_leaves=31
num_cat=0
split_feature=8 9 1 6 104 105 140 0 10 16 13 0 84 54 82 10 67 9 0 0 12 79 16 5 15 0 0 0 0 81
split_gain=11.1356 4.67489 2.89693 2.85846 3.78747 3.54115 2.85168 3.65536 6.85573 3.24627 3.14484 4.08886 3.47853 3.82113 5.75961 4.37387 4.16268 5.68103 4.07061 5.83522 3.17591 4.89628 3.71901 3.05476 2.95206 5.69817 3.61125 4.2118 6.43581 4.27999
threshold=1.0000000180025095e-35 1.0000000180025095e-35 0.98357290029525768 1.0000000180025095e-35 1.0000000180025095e-35 1.0000000180025095e-35 1.0000000180025095e-35 14.867898464202883 1.0000000180025095e-35 1.0000000180025095e-35 1.0000000180025095e-35 3.0691307783126835 1.0000000180025095e-35 1.0000000180025095e-35 1.0000000180025095e-35 1.0000000180025095e-35 1.0000000180025095e-35 1.0000000180025095e-35 4.7049965858459482 10.843257904052736 1.0000000180025095e-35 1.0000000180025095e-35 1.0000000180025095e-35 1.0000000180025095e-35 1.0000000180025095e-35 14.917180061340334 15.132101058959963 13.151266574859621 9.5071868896484393 1.0000000180025095e-35
decision_type=2 2 2 2 2 2 2 2 2 2 2 2 2 2 2 2 2 2 2 2 2 2 2 2 2 2 2 2 2 2
left_child=1 -1 3 6 5 -5 10 8 9 -8 12 -12 13 14 16 -16 -2 23 -19 -20 21 -13 -22 -18 25 -15 27 28 29 -26
right_child=2 -3 -4 4 -6 -7 7 -9 -10 -11 11 20 -14 24 15 -17 17 18 19 -21 22 -23 -24 -25 26 -27 -28 -29 -30 -31
leaf_value=-0.0062222713960082875 -0.05480591843312204 -0.031172489408345445 0.089376016820050724 -0.00095157457472840414 0.078029172025049331 -0.072248792322453237 -0.089944978264920691 -0.098492804210255011 0.098854313605890753 0.021003363943671867 0.10472042084554144 0.0052537286132649293 -0.04245834635950009 0.027776983718049836 0.11280119935325986 -0.014815695921356143 0.056520767945663991 -0.12705664337356215 0.057581252767478878 -0.098346295480660068 0.075437925211115822 0.10675266348377054 0.004888230976343156 -0.012796239798482024 0.091037768272515834 0.11809455433782275 -0.071733189923694693 0.10854183836708074 -0.079472845764569797 -0.026539575344313077
leaf_weight=241.06911378353834 18.772900700569153 109.07586408779025 4.5145173072814933 158.87152640521526 5.8147016912698737 7.2857199609279624 6.2021649479866046 4.6844657808542243 5.0028904974460593 4.5880708247423172 7.0502823144197455 60.710228353738785 12.183205857872961 37.091529920697212 6.7800565063953382 4.4472586512565613 16.195767417550087 4.5410796552896491 5.3518393486738187 4.3513245135545731 21.717907533049583 5.1564038395881644 11.391093999147413 10.466192230582239 7.418959155678758 8.6061801761388761 5.1743107736110678 4.4189893007278434 6.6388734579086295 5.3131765723228455
leaf_count=1639 84 1244 20 700 25 34 29 21 21 20 30 263 55 163 30 20 66 21 26 21 91 22 48 47 32 38 23 20 30 23
internal_value=-0.000552105 -0.0139947 0.0096637 0.00887492 -0.00130164 -0.00407784 0.0150317 -0.0209164 0.00209386 -0.0427691 0.0178224 0.0311411 0.0088708 0.0131667 -0.00345854 0.0622508 -0.0158203 0.00207118 -0.0489142 -0.0123435 0.0258998 0.0131996 0.0511654 0.0293103 0.0289558 0.0447864 0.00397942 0.0204469 0.000350311 0.0419722
internal_weight=810.887 350.145 460.742 456.227 171.972 166.157 284.255 20.4776 15.7931 10.7902 263.778 106.026 157.752 145.568 70.9064 11.2273 59.6791 40.9062 14.2442 9.70316 98.9756 65.8666 33.109 26.662 74.662 45.6977 28.9643 23.79 19.371 12.7321
internal_count=4906 2883 2023 2003 759 734 1244 91 70 49 1153 454 699 644 315 50 265 181 68 47 424 285 139 113 329 201 128 105 85 55
is_linear=0
shrinkage=0.1


Tree=20
num_leaves=31
num_cat=0
split_feature=8 5 1 12 138 108 85 9 93 65 1 130 61 1 72 0 67 55 99 62 82 7 14 1 14 10 10 126 174 22
split_gain=9.06988 4.28952 3.17971 3.18271 3.37917 2.89783 2.6955 2.56722 2.55943 3.49503 2.54686 2.93979 4.92419 5.04349 2.7208 4.24131 3.38991 6.04629 8.36185 5.11745 3.01374 2.71485 4.42333 2.56567 2.46556 4.58044 2.67456 2.37314 2.54768 2.26971
threshold=1.0000000180025095e-35 1.0000000180025095e-35 0.97049206495285045 1.0000000180025095e-35 1.0000000180025095e-35 1.0000000180025095e-35 1.0000000180025095e-35 1.0000000180025095e-35 1.0000000180025095e-35 1.0000000180025095e-35 -0.24207163602113721 1.0000000180025095e-35 1.0000000180025095e-35 -0.43676325678825373 1.0000000180025095e-35 13.030800819396974 1.0000000180025095e-35 1.0000000180025095e-35 1.0000000180025095e-35 1.0000000180025095e-35 1.0000000180025095e-35 1.0000000180025095e-35 1.0000000180025095e-35 -0.31721043586730951 1.0000000180025095e-35 1.0000000180025095e-35 1.0000000180025095e-35 1.0000000180025095e-35 1.0000000180025095e-35 1.0000000180025095e-35
decision_type=2 2 2 2 2 2 2 2 2 2 2 2 2 2 2 2 2 2 2 2 2 2 2 2 2 2 2 2 2 2
left_child=1 2 3 -1 10 6 -3 27 9 -9 11 23 13 -13 20 -16 19 -18 -19 -17 21 24 -23 -5 25 -12 -26 28 29 -2
right_child=7 5 -4 4 -6 -7 -8 8 -10 -11 14 12 -14 -15 15 16 17 18 -20 -21 -22 22 -24 -25 26 -27 -28 -29 -30 -31
leaf_value=-0.014871816710237521 0.0082158169261384046 -0.02766116948942476 -0.097533242317078439 -0.13728001235936468 0.067313920415535647 -0.093795124423379214 0.05936717855758962 -0.0015789009011536214 0.057595216696531774 -0.081338634649736896 0.15808697584760006 -0.053816643053684027 0.081536394365167325 0.074518414970812713 -0.089576525316394262 0.074700778809673449 -0.044950458058707676 0.18215773802040031 -0.031364784430285564 -0.060594043519430443 -0.025980211579747954 -0.035604263910651406 0.081263844681057351 -0.012221583681394296 -0.039432747503483363 0.028584408439866441 0.084682948986144702 0.072107376983496396 0.060754296383449771 0.04044843389137287
leaf_weight=117.92327630519867 265.77711142599583 104.38747908547521 3.6490955948829642 3.5568826347589493 9.0450142323970777 6.4298785254359236 3.6845411807298651 140.68588037788868 6.9078883379697791 5.7171957939863196 6.0908077135682124 15.201019361615186 5.2365890741348258 3.8347602337598792 5.2742028683424023 3.8125614896416655 4.5115844011306763 4.801523394882679 2.967631496489048 10.482111126184464 7.3276846781373015 8.0702137574553507 5.4094169884920111 3.0448127985000637 3.3981225490570059 4.9514718577265739 3.5499735176563263 6.8614478260278693 10.611208260059355 23.802886337041855
leaf_count=918 1127 1096 27 22 50 87 23 664 31 26 39 108 35 25 37 23 28 33 19 73 49 57 32 23 23 34 22 29 45 101
internal_value=-0.000518048 -0.0127353 -0.00492267 -0.00344364 0.00874496 -0.0285745 -0.0246941 0.0086812 -0.00188699 -0.0046936 0.00352677 -0.0204326 -0.00433971 -0.0279635 0.0139974 -0.00766223 0.00859462 0.0471273 0.100597 -0.0245093 0.0317781 0.045227 0.0112953 -0.079601 0.070651 0.100017 0.0239814 0.0139579 0.0126288 0.0108653
internal_weight=807.004 346.641 232.139 228.49 110.566 114.502 108.072 460.364 153.311 146.403 101.521 30.8741 24.2724 19.0358 70.6473 31.8496 26.5754 12.2807 7.76915 14.2947 38.7977 31.47 13.4796 6.6017 17.9904 11.0423 6.9481 307.053 300.191 289.58
internal_count=4906 2883 1677 1650 732 1206 1119 2023 721 690 682 213 168 133 469 213 176 80 52 96 256 207 89 45 118 73 45 1302 1273 1228
is_linear=0
shrinkage=0.1


Tree=21
num_leaves=31
num_cat=0
split_feature=8 9 6 63 139 12 84 151 21 44 137 262 140 22 0 200 11 6 84 26 53 68 26 10 5 16 26 81 20 139
split_gain=7.44907 4.00077 2.80959 2.76933 2.99506 2.71484 3.31809 3.30076 3.57578 2.64118 2.50294 2.67153 2.86077 2.41318 2.38889 2.84216 2.38517 3.0306 4.56689 3.60997 5.51997 3.97295 3.36813 4.81396 4.20969 3.08867 2.64953 2.49653 2.30889 2.61065
threshold=1.0000000180025095e-35 1.0000000180025095e-35 1.0000000180025095e-35 1.0000000180025095e-35 1.0000000180025095e-35 1.0000000180025095e-35 1.0000000180025095e-35 1.0000000180025095e-35 1.0000000180025095e-35 1.0000000180025095e-35 1.0000000180025095e-35 1.0000000180025095e-35 1.0000000180025095e-35 1.0000000180025095e-35 17.80835056304932 1.0000000180025095e-35 1.0000000180025095e-35 1.0000000180025095e-35 1.0000000180025095e-35 1.0000000180025095e-35 1.0000000180025095e-35 1.0000000180025095e-35 1.0000000180025095e-35 1.0000000180025095e-35 1.0000000180025095e-35 1.0000000180025095e-35 1.0000000180025095e-35 1.0000000180025095e-35 1.0000000180025095e-35 1.0000000180025095e-35
decision_type=2 2 2 2 2 2 2 2 2 2 2 2 2 2 2 2 2 2 2 2 2 2 2 2 2 2 2 2 2 2
left_child=1 2 5 4 -4 7 -7 8 13 -3 11 12 16 -1 15 28 17 18 22 20 25 -21 -11 -24 27 -19 -18 -25 29 -2
right_child=14 9 3 -5 -6 6 -8 -9 -10 10 -12 -13 -14 -15 -16 -17 26 19 -20 21 -22 -23 23 24 -26 -27 -28 -29 -30 -31
leaf_value=-0.0022326412712529446 0.0095940303976318822 -0.10905693321803119 -0.018308718909780117 0.057501776630364834 -0.095492296099795052 0.022327603469761519 -0.065583818455522136 0.075717413845359627 -0.075285074157113899 -0.033508494294000456 -0.076371732448527671 0.097818206225296647 -0.083083892319368108 -0.09207862495759768 0.070835592554225155 -0.071850924332958463 -0.072983692865926805 0.021570710477982813 0.15385157563005539 -0.099180313588199065 -0.10929178724381089 0.067869577418368437 -0.017036673581069639 0.079736241652049733 -0.021392766091093196 0.18417247899487629 -0.015568766832099927 0.21553267885038047 0.079391768006956367 -0.016062226931860296
leaf_weight=62.616790249943733 401.63997232913971 3.8620387390255919 73.59626430273056 4.4495133459568015 5.3961717560887328 71.192067630589008 4.5688942521810523 4.2965380772948256 8.5451757349073869 12.66998820751906 8.6112351417541486 1.8850801289081562 7.1689826920628539 3.1393292471766463 5.9358623325824729 4.5275877416133872 13.084526266902683 3.7816047333180913 2.2238468900322905 9.0604897662997228 2.4309384785592556 1.6891232132911689 8.4470946267247218 3.0748096928000441 2.3089470081031322 1.6904099136590955 20.837267220020294 2.4187889769673347 4.457311436533927 44.006401583552361
leaf_count=395 1761 53 619 35 56 392 30 24 66 142 103 19 87 22 26 21 155 48 21 114 32 22 99 29 34 20 243 23 19 196
internal_value=-0.000502396 -0.0116581 -0.00447373 -0.0192576 -0.0235813 0.00351801 0.017026 -0.00950239 -0.0144303 -0.0278912 -0.0247993 -0.0200123 -0.0224562 -0.00652207 0.00780676 0.00698383 -0.0172645 -0.00333316 0.0157589 -0.0352104 0.0160974 -0.0729312 0.00513992 0.0352744 0.0919068 0.0718015 -0.0377152 0.139526 0.00777683 0.00706054
internal_weight=803.613 343.046 237.801 83.4419 78.9924 154.359 75.761 78.5978 74.3013 105.245 101.383 92.7719 90.8868 65.7561 460.567 454.631 83.7178 49.796 31.1435 18.6526 7.90295 10.7496 28.9196 16.2496 7.80255 5.47201 33.9218 5.4936 450.104 445.646
internal_count=4906 2883 1639 710 675 929 422 507 483 1244 1191 1088 1069 417 2023 1997 982 584 348 236 100 136 327 185 86 68 398 52 1976 1957
is_linear=0
shrinkage=0.1


Tree=22
num_leaves=31
num_cat=0
split_feature=301 8 6 139 1 13 174 1 95 11 0 0 1 5 83 40 10 68 54 0 7 57 14 67 9 0 0 95 10 61
split_gain=7.34171 6.24006 3.76265 3.86147 3.35277 3.27439 5.45122 3.75812 2.9493 4.11677 3.0139 4.67061 2.86148 3.44202 2.71299 2.62469 4.28326 2.55593 4.73675 3.7957 3.50024 3.43535 3.35429 3.07405 6.14417 5.5999 5.30652 3.33713 3.23459 4.95497
threshold=1.0000000180025095e-35 1.0000000180025095e-35 1.0000000180025095e-35 1.0000000180025095e-35 0.97049206495285045 1.0000000180025095e-35 1.0000000180025095e-35 0.91649556159973156 1.0000000180025095e-35 1.0000000180025095e-35 15.260780334472658 14.054756641387941 -0.22138565033674237 1.0000000180025095e-35 1.0000000180025095e-35 1.0000000180025095e-35 1.0000000180025095e-35 1.0000000180025095e-35 1.0000000180025095e-35 13.030800819396974 1.0000000180025095e-35 1.0000000180025095e-35 1.0000000180025095e-35 1.0000000180025095e-35 1.0000000180025095e-35 3.5961669683456425 3.4811772108078007 1.0000000180025095e-35 1.0000000180025095e-35 1.0000000180025095e-35
decision_type=2 2 2 2 2 2 2 2 2 2 2 2 2 2 2 2 2 2 2 2 2 2 2 2 2 2 2 2 2 2
left_child=1 2 3 4 17 7 8 12 10 -10 11 -7 13 14 -4 -14 -17 19 20 23 -19 -21 -22 24 26 -25 -1 -27 -28 -30
right_child=-2 -3 5 -5 -6 6 -8 -9 9 -11 -12 -13 15 -15 -16 16 -18 18 -20 21 22 -23 -24 25 -26 27 28 -29 29 -31
leaf_value=0.15930563884722793 0.1395777241315746 0.0064371085847049082 0.020616568471167152 -0.04717274745833392 -0.095535558430828726 -0.022261838809995591 0.12954691959937689 0.065109632086552502 -0.010938140193295384 0.16259286189380318 -0.095298946436915055 0.13523337117082987 -0.078627252549976143 -0.073301172923824251 -0.086094552128428967 -0.079574946087211801 0.050229062571724194 0.027825476391007721 -0.0059152461018608877 -0.089729931446440023 0.18211025417513135 -0.011008653620477832 0.040634418075139865 -0.062331230571420371 -0.034513896825262264 0.0097599161264731119 0.062870036989036537 -0.073035958107043664 0.03977207169086619 -0.088689896979822769
leaf_weight=3.7167051658034316 3.7244644910097113 459.2932253330946 15.450765408575537 18.681040819734335 3.5802231431007376 34.760327234864235 2.7820583619177333 3.2339807674288741 3.7967940121889105 2.1363337934017181 5.1666792184114447 1.990789409726857 28.094703022390604 8.3619269356131571 2.8168301954865447 5.4886387363076192 4.7353850677609444 10.458258658647539 21.882879249751568 8.8624406680464745 3.8156522102653971 14.802844382822514 2.9883493110537529 15.60983784124255 12.952355481684206 66.846601720899343 15.982376947999001 5.2504187524318686 8.8647144511342031 4.5404585972428331
leaf_count=21 24 2015 129 171 28 336 22 28 40 20 54 20 300 116 24 54 43 70 173 72 26 120 22 126 151 493 90 38 52 28
internal_value=-0.000495251 -0.00114987 -0.0114702 -0.00369176 0.000366466 -0.0257965 -0.00653244 -0.0401023 -0.0144441 0.0515449 -0.0237843 -0.0137304 -0.0453411 -0.0201622 0.00416191 -0.0628391 -0.0194546 0.00211314 0.0249804 -0.00357288 0.064146 -0.0404891 0.119973 0.00295829 0.0238781 -0.00802711 0.0467245 0.00373036 0.0324861 -0.00373921
internal_weight=800.668 796.944 337.65 218.835 200.154 118.815 50.633 68.1822 47.8509 5.93313 41.9178 36.7511 64.9482 26.6295 18.2676 38.3187 10.224 196.574 39.1451 157.429 17.2623 23.6653 6.804 133.763 46.0566 87.7069 33.1043 72.097 29.3875 13.4052
internal_count=4906 4882 2867 1681 1510 1186 492 694 470 60 410 356 666 269 153 397 97 1482 291 1191 118 192 48 999 342 657 191 531 170 80
is_linear=0
shrinkage=0.1


Tree=23
num_leaves=31
num_cat=0
split_feature=301 8 6 139 1 13 51 70 53 0 0 61 11 83 79 69 5 91 6 39 104 56 99 11 73 1 10 14 167 68
split_gain=5.6221 5.15502 3.16727 3.23441 2.89819 2.81007 4.42251 9.87356 3.25467 9.63482 2.98949 2.55267 3.75349 2.34777 2.39185 2.32069 2.26256 2.70427 2.47257 3.8152 2.59947 2.55437 4.70953 3.87402 2.98682 2.15 3.14026 4.21099 2.07152 2.04137
threshold=1.0000000180025095e-35 1.0000000180025095e-35 1.0000000180025095e-35 1.0000000180025095e-35 0.97049206495285045 1.0000000180025095e-35 1.0000000180025095e-35 1.0000000180025095e-35 1.0000000180025095e-35 16.56947231292725 10.260096073150637 1.0000000180025095e-35 1.0000000180025095e-35 1.0000000180025095e-35 1.0000000180025095e-35 1.0000000180025095e-35 1.0000000180025095e-35 1.0000000180025095e-35 1.0000000180025095e-35 1.0000000180025095e-35 1.0000000180025095e-35 1.0000000180025095e-35 1.0000000180025095e-35 1.0000000180025095e-35 1.0000000180025095e-35 -0.22746976464986798 1.0000000180025095e-35 1.0000000180025095e-35 1.0000000180025095e-35 1.0000000180025095e-35
decision_type=2 2 2 2 2 2 2 2 2 2 2 2 2 2 2 2 2 2 2 2 2 2 2 2 2 2 2 2 2 2
left_child=1 2 3 4 29 8 10 -8 9 13 -7 12 -5 14 -4 -9 17 18 20 21 -3 23 -23 -20 -24 -21 27 -27 -18 -1
right_child=-2 16 5 11 -6 6 7 15 -10 -11 -12 -13 -14 -15 -16 -17 28 -19 19 25 -22 22 24 -25 -26 26 -28 -29 -30 -31
leaf_value=-0.0032983303752660495 0.11894059394836679 0.01946348690964441 -0.019787895387547869 -0.068737363648125896 -0.091745434987805324 -0.0074180588134289656 0.2150269487477072 0.074021224204442584 -0.07995890724956356 0.17063189704658518 -0.072842774696427678 -0.077809380650338822 0.06717394077378884 -0.087710618171022478 -0.11387391790974791 -0.028024539658010158 -0.0013610523070010877 0.071711982498711802 -0.046618256841267809 -0.076681705046102264 -0.043387997558741967 0.040978693805265108 -0.08858859174356136 0.028546954094043914 0.0093134760477073877 -0.0013411576169300601 0.030275010547325829 -0.10094031396069431 -0.059197489574870421 0.022100124851115489
leaf_weight=156.69071387499571 3.9219511263072482 167.544454023242 39.395832270383835 4.1577206403017044 3.3664838261902323 27.298509038984776 2.6687796041369412 3.1002078354358673 14.130702175199984 2.3817532882094374 9.3853108584880811 9.968860037624836 3.9744200929999352 7.2833851724863043 2.9009509310126296 7.926587637513876 157.55622939765453 7.1613762229681006 15.907852903008461 7.584788352251052 6.8494392633438101 38.467773050069809 5.0606361627578709 12.051632881164551 8.1102933883666992 10.587465167045595 9.3948445618152636 7.0860522240400305 6.4461407661437979 39.653628833591938
leaf_count=1191 24 706 417 42 28 270 22 28 148 19 94 101 28 79 31 78 732 30 67 35 29 160 21 50 33 47 40 31 34 291
internal_value=-0.00049346 -0.00108333 -0.0105329 -0.00341493 0.000253731 -0.023844 -0.00605312 0.0424372 -0.0374052 -0.025833 -0.0241565 -0.0438917 -0.00231345 -0.0352708 -0.0262408 0.000665852 0.00578654 0.0110097 0.00950365 -0.00193112 0.016995 0.0101261 0.0233077 -0.0142191 -0.0283032 -0.0296265 -0.0164413 -0.0412746 -0.00363432 0.00183113
internal_weight=798.015 794.093 334.284 217.812 199.711 116.472 50.3794 13.6956 66.0926 51.9619 36.6838 18.101 8.13214 49.5802 42.2968 11.0268 459.809 295.807 288.645 114.251 174.394 79.5982 51.6387 27.9595 13.1709 34.6532 27.0684 17.6735 164.002 196.344
internal_count=4906 4882 2867 1681 1510 1186 492 128 694 546 364 171 70 527 448 106 2015 1249 1219 484 735 331 214 117 54 153 118 78 766 1482
is_linear=0
shrinkage=0.1


end of trees

feature_importances:
Column_0=88
Column_5=53
Column_6=48
Column_9=41
Column_12=29
Column_1=28
Column_8=24
Column_67=19
Column_10=18
Column_11=17
Column_15=17
Column_16=16
Column_139=16
Column_61=15
Column_84=15
Column_13=14
Column_31=14
Column_14=13
Column_73=11
Column_137=10
Column_74=9
Column_22=8
Column_85=8
Column_7=7
Column_26=7
Column_55=7
Column_108=7
Column_81=6
Column_151=6
Column_53=5
Column_68=5
Column_70=5
Column_99=5
Column_140=5
Column_167=5
Column_174=5
Column_21=4
Column_40=4
Column_54=4
Column_83=4
Column_95=4
Column_200=4
Column_17=3
Column_25=3
Column_35=3
Column_44=3
Column_47=3
Column_49=3
Column_63=3
Column_64=3
Column_69=3
Column_79=3
Column_104=3
Column_126=3
Column_130=3
Column_134=3
Column_19=2
Column_24=2
Column_34=2
Column_39=2
Column_51=2
Column_56=2
Column_57=2
Column_62=2
Column_65=2
Column_71=2
Column_82=2
Column_93=2
Column_94=2
Column_105=2
Column_129=2
Column_135=2
Column_262=2
Column_301=2
Column_20=1
Column_33=1
Column_36=1
Column_42=1
Column_72=1
Column_78=1
Column_87=1
Column_91=1
Column_132=1
Column_138=1
Column_155=1
Column_176=1

parameters:
[boosting: gbdt]
[objective: binary]
[metric: binary_logloss]
[tree_learner: serial]
[device_type: cpu]
[data_sample_strategy: bagging]
[data: ]
[valid: ]
[num_iterations: 300]
[learning_rate: 0.1]
[num_leaves: 31]
[num_threads: 0]
[seed: 0]
[deterministic: 0]
[force_col_wise: 0]
[force_row_wise: 0]
[histogram_pool_size: -1]
[max_depth: -1]
[min_data_in_leaf: 20]
[min_sum_hessian_in_leaf: 0.001]
[bagging_fraction: 1]
[pos_bagging_fraction: 1]
[neg_bagging_fraction: 1]
[bagging_freq: 0]
[bagging_seed: 7719]
[bagging_by_query: 0]
[feature_fraction: 1]
[feature_fraction_bynode: 1]
[feature_fraction_seed: 2437]
[extra_trees: 0]
[extra_seed: 11797]
[early_stopping_round: 0]
[early_stopping_min_delta: 0]
[first_metric_only: 0]
[max_delta_step: 0]
[lambda_l1: 0]
[lambda_l2: 0]
[linear_lambda: 0]
[min_gain_to_split: 0]
[drop_rate: 0.1]
[max_drop: 50]
[skip_drop: 0.5]
[xgboost_dart_mode: 0]
[uniform_drop: 0]
[drop_seed: 21238]
[top_rate: 0.2]
[other_rate: 0.1]
[min_data_per_group: 100]
[max_cat_threshold: 32]
[cat_l2: 10]
[cat_smooth: 10]
[max_cat_to_onehot: 4]
[top_k: 20]
[monotone_constraints: ]
[monotone_constraints_method: basic]
[monotone_penalty: 0]
[feature_contri: ]
[forcedsplits_filename: ]
[refit_decay_rate: 0.9]
[cegb_tradeoff: 1]
[cegb_penalty_split: 0]
[cegb_penalty_feature_lazy: ]
[cegb_penalty_feature_coupled: ]
[path_smooth: 0]
[interaction_constraints: ]
[verbosity: -1]
[saved_feature_importance_type: 0]
[use_quantized_grad: 0]
[num_grad_quant_bins: 4]
[quant_train_renew_leaf: 0]
[stochastic_rounding: 1]
[linear_tree: 0]
[max_bin: 255]
[max_bin_by_feature: ]
[min_data_in_bin: 3]
[bin_construct_sample_cnt: 200000]
[data_random_seed: 38]
[is_enable_sparse: 1]
[enable_bundle: 1]
[use_missing: 1]
[zero_as_missing: 0]
[feature_pre_filter: 1]
[pre_partition: 0]
[two_round: 0]
[header: 0]
[label_column: ]
[weight_column: ]
[group_column: ]
[ignore_column: ]
[categorical_feature: ]
[forcedbins_filename: ]
[precise_float_parser: 0]
[parser_config_file: ]
[objective_seed: 8855]
[num_class: 1]
[is_unbalance: 0]
[scale_pos_weight: 1]
[sigmoid: 1]
[boost_from_average: 1]
[reg_sqrt: 0]
[alpha: 0.9]
[fair_c: 1]
[poisson_max_delta_step: 0.7]
[tweedie_variance_power: 1.5]
[lambdarank_truncation_level: 30]
[lambdarank_norm: 1]
[label_gain: ]
[lambdarank_position_bias_regularization: 0]
[eval_at: ]
[multi_error_top_k: 1]
[auc_mu_weights: ]
[num_machines: 1]
[local_listen_port: 12400]
[time_out: 120]
[machine_list_filename: ]
[machines: ]
[gpu_platform_id: -1]
[gpu_device_id: -1]
[gpu_device_id_list: ]
[gpu_use_dp: 0]
[num_gpu: 1]

end of parameters

pandas_categorical:null
