tree
version=v4
num_class=1
num_tree_per_iteration=1
label_index=0
max_feature_idx=567
objective=binary sigmoid:1
feature_names=Column_0 Column_1 Column_2 Column_3 Column_4 Column_5 Column_6 Column_7 Column_8 Column_9 Column_10 Column_11 Column_12 Column_13 Column_14 Column_15 Column_16 Column_17 Column_18 Column_19 Column_20 Column_21 Column_22 Column_23 Column_24 Column_25 Column_26 Column_27 Column_28 Column_29 Column_30 Column_31 Column_32 Column_33 Column_34 Column_35 Column_36 Column_37 Column_38 Column_39 Column_40 Column_41 Column_42 Column_43 Column_44 Column_45 Column_46 Column_47 Column_48 Column_49 Column_50 Column_51 Column_52 Column_53 Column_54 Column_55 Column_56 Column_57 Column_58 Column_59 Column_60 Column_61 Column_62 Column_63 Column_64 Column_65 Column_66 Column_67 Column_68 Column_69 Column_70 Column_71 Column_72 Column_73 Column_74 Column_75 Column_76 Column_77 Column_78 Column_79 Column_80 Column_81 Column_82 Column_83 Column_84 Column_85 Column_86 Column_87 Column_88 Column_89 Column_90 Column_91 Column_92 Column_93 Column_94 Column_95 Column_96 Column_97 Column_98 Column_99 Column_100 Column_101 Column_102 Column_103 Column_104 Column_105 Column_106 Column_107 Column_108 Column_109 Column_110 Column_111 Column_112 Column_113 Column_114 Column_115 Column_116 Column_117 Column_118 Column_119 Column_120 Column_121 Column_122 Column_123 Column_124 Column_125 Column_126 Column_127 Column_128 Column_129 Column_130 Column_131 Column_132 Column_133 Column_134 Column_135 Column_136 Column_137 Column_138 Column_139 Column_140 Column_141 Column_142 Column_143 Column_144 Column_145 Column_146 Column_147 Column_148 Column_149 Column_150 Column_151 Column_152 Column_153 Column_154 Column_155 Column_156 Column_157 Column_158 Column_159 Column_160 Column_161 Column_162 Column_163 Column_164 Column_165 Column_166 Column_167 Column_168 Column_169 Column_170 Column_171 Column_172 Column_173 Column_174 Column_175 Column_176 Column_177 Column_178 Column_179 Column_180 Column_181 Column_182 Column_183 Column_184 Column_185 Column_186 Column_187 Column_188 Column_189 Column_190 Column_191 Column_192 Column_193 Column_194 Column_195 Column_196 Column_197 Column_198 Column_199 Column_200 Column_201 Column_202 Column_203 Column_204 Column_205 Column_206 Column_207 Column_208 Column_209 Column_210 Column_211 Column_212 Column_213 Column_214 Column_215 Column_216 Column_217 Column_218 Column_219 Column_220 Column_221 Column_222 Column_223 Column_224 Column_225 Column_226 Column_227 Column_228 Column_229 Column_230 Column_231 Column_232 Column_233 Column_234 Column_235 Column_236 Column_237 Column_238 Column_239 Column_240 Column_241 Column_242 Column_243 Column_244 Column_245 Column_246 Column_247 Column_248 Column_249 Column_250 Column_251 Column_252 Column_253 Column_254 Column_255 Column_256 Column_257 Column_258 Column_259 Column_260 Column_261 Column_262 Column_263 Column_264 Column_265 Column_266 Column_267 Column_268 Column_269 Column_270 Column_271 Column_272 Column_273 Column_274 Column_275 Column_276 Column_277 Column_278 Column_279 Column_280 Column_281 Column_282 Column_283 Column_284 Column_285 Column_286 Column_287 Column_288 Column_289 Column_290 Column_291 Column_292 Column_293 Column_294 Column_295 Column_296 Column_297 Column_298 Column_299 Column_300 Column_301 Column_302 Column_303 Column_304 Column_305 Column_306 Column_307 Column_308 Column_309 Column_310 Column_311 Column_312 Column_313 Column_314 Column_315 Column_316 Column_317 Column_318 Column_319 Column_320 Column_321 Column_322 Column_323 Column_324 Column_325 Column_326 Column_327 Column_328 Column_329 Column_330 Column_331 Column_332 Column_333 Column_334 Column_335 Column_336 Column_337 Column_338 Column_339 Column_340 Column_341 Column_342 Column_343 Column_344 Column_345 Column_346 Column_347 Column_348 Column_349 Column_350 Column_351 Column_352 Column_353 Column_354 Column_355 Column_356 Column_357 Column_358 Column_359 Column_360 Column_361 Column_362 Column_363 Column_364 Column_365 Column_366 Column_367 Column_368 Column_369 Column_370 Column_371 Column_372 Column_373 Column_374 Column_375 Column_376 Column_377 Column_378 Column_379 Column_380 Column_381 Column_382 Column_383 Column_384 Column_385 Column_386 Column_387 Column_388 Column_389 Column_390 Column_391 Column_392 Column_393 Column_394 Column_395 Column_396 Column_397 Column_398 Column_399 Column_400 Column_401 Column_402 Column_403 Column_404 Column_405 Column_406 Column_407 Column_408 Column_409 Column_410 Column_411 Column_412 Column_413 Column_414 Column_415 Column_416 Column_417 Column_418 Column_419 Column_420 Column_421 Column_422 Column_423 Column_424 Column_425 Column_426 Column_427 Column_428 Column_429 Column_430 Column_431 Column_432 Column_433 Column_434 Column_435 Column_436 Column_437 Column_438 Column_439 Column_440 Column_441 Column_442 Column_443 Column_444 Column_445 Column_446 Column_447 Column_448 Column_449 Column_450 Column_451 Column_452 Column_453 Column_454 Column_455 Column_456 Column_457 Column_458 Column_459 Column_460 Column_461 Column_462 Column_463 Column_464 Column_465 Column_466 Column_467 Column_468 Column_469 Column_470 Column_471 Column_472 Column_473 Column_474 Column_475 Column_476 Column_477 Column_478 Column_479 Column_480 Column_481 Column_482 Column_483 Column_484 Column_485 Column_486 Column_487 Column_488 Column_489 Column_490 Column_491 Column_492 Column_493 Column_494 Column_495 Column_496 Column_497 Column_498 Column_499 Column_500 Column_501 Column_502 Column_503 Column_504 Column_505 Column_506 Column_507 Column_508 Column_509 Column_510 Column_511 Column_512 Column_513 Column_514 Column_515 Column_516 Column_517 Column_518 Column_519 Column_520 Column_521 Column_522 Column_523 Column_524 Column_525 Column_526 Column_527 Column_528 Column_529 Column_530 Column_531 Column_532 Column_533 Column_534 Column_535 Column_536 Column_537 Column_538 Column_539 Column_540 Column_541 Column_542 Column_543 Column_544 Column_545 Column_546 Column_547 Column_548 Column_549 Column_550 Column_551 Column_552 Column_553 Column_554 Column_555 Column_556 Column_557 Column_558 Column_559 Column_560 Column_561 Column_562 Column_563 Column_564 Column_565 Column_566 Column_567
feature_infos=[2.0013689994812012:17.993154525756836] [-0.7776256799697876:0.99923950433731079] none none none [0:1] [0:1] [0:1] [0:1] [0:1] [0:1] [0:1] [0:1] [0:1] [0:1] [0:1] [0:1] [0:1] [0:1] [0:1] [0:1] [0:1] [0:1] [0:1] [0:1] [0:1] [0:1] [0:1] [0:1] [0:1] [0:1] [0:1] [0:1] [0:1] [0:1] [0:1] [0:1] [0:1] [0:1] [0:1] [0:1] [0:1] [0:1] [0:1] [0:1] [0:1] [0:1] [0:1] [0:1] [0:1] [0:1] [0:1] [0:1] [0:1] [0:1] [0:1] [0:1] [0:1] [0:1] [0:1] [0:1] [0:1] [0:1] [0:1] [0:1] [0:1] [0:1] [0:1] [0:1] [0:1] [0:1] [0:1] [0:1] [0:1] [0:1] [0:1] [0:1] [0:1] [0:1] [0:1] [0:1] [0:1] [0:1] [0:1] [0:1] [0:1] [0:1] [0:1] [0:1] [0:1] [0:1] [0:1] [0:1] [0:1] [0:1] [0:1] [0:1] [0:1] [0:1] [0:1] [0:1] [0:1] [0:1] [0:1] [0:1] [0:1] [0:1] [0:1] [0:1] none none none none [0:1] [0:1] none [0:1] none [0:1] none none [0:1] none none none none [0:1] [0:1] [0:1] [0:1] [0:1] none [0:1] [0:1] [0:1] [0:1] none [0:1] [0:1] [0:1] [0:1] [0:1] [0:1] [0:1] [0:1] [0:1] [0:1] [0:1] [0:1] [0:1] [0:1] [0:1] [0:1] [0:1] [0:1] [0:1] [0:1] none none none none none none none none none none [0:1] [0:1] none none none none none [0:1] [0:1] [0:1] [0:1] [0:1] [0:1] [0:1] [0:1] [0:1] [0:1] [0:1] [0:1] [0:1] [0:1] [0:1] [0:1] [0:1] [0:1] [0:1] [0:1] [0:1] [0:1] [0:1] [0:1] [0:1] [0:1] [0:1] [0:1] none none [0:1] [0:1] [0:1] none [0:1] [0:1] [0:1] [0:1] [0:1] none [0:1] none none [0:1] none [0:1] [0:1] [0:1] [0:1] [0:1] [0:1] [0:1] [0:1] [0:1] [0:1] [0:1] [0:1] [0:1] [0:1] [0:1] [0:1] [0:1] [0:1] [0:1] [0:1] [0:1] [0:1] [0:1] [0:1] [0:1] none none none none none none none none none none none none none none none none none [0:1] [0:1] [0:1] [0:1] [0:1] [0:1] [0:1] [0:1] [0:1] [0:1] none [0:1] [0:1] [0:1] [0:1] none [0:1] [0:1] none none none [0:1] [0:1] none none none none none [0:1] [0:1] [0:1] [0:1] [0:1] [0:1] [0:1] none none none [0:1] none [0:1] [0:1] [0:1] none [0:1] [0:1] [0:1] [0:1] none none [0:1] [0:1] none none none none [0:1] [0:1] none none none [0:1] none none [0:1] [0:1] none none [0:1] [0:1] none none none none none none none none none none none none none none none none none none none none none none none none none none none none none none none none none none none none none none none none none none none none none none none none none none none none none none none none none none none none none none none none none none none none none none none none none none none none none none none none none none none none none none none none none none none none none none none none none none none none none none none none none none none none none none none none none none none none none none none none none none none none none none none none none none none none none none none none none none none none none none none none none none none none none none none none none none none none none none none none none none none none none none none none none none none none none none none none none none none none none none none none none none none none none none none none none none none none none none none none none none none none none none none none none none none none none none none none none none none none none none none none none none none none none none none none none none none none none
tree_sizes=3416 3479 3463 3485 3491 3484 3476 3476 3502 3457 3491 3484 3480 3479 3508 3491 3489 3521 3498 3500

Tree=0
num_leaves=31
num_cat=0
split_feature=7 13 16 9 5 80 13 108 93 5 0 9 10 82 135 8 81 5 1 0 9 10 81 21 0 14 16 9 35 26
split_gain=139.042 26.1892 28.0855 25.1237 18.1796 17.467 12.9885 16.8354 12.8148 8.85784 8.42749 12.101 7.55741 8.98731 7.99368 7.17108 6.84895 6.44539 6.75754 8.71262 9.28009 6.22674 6.39879 6.22146 6.18067 7.13809 5.89994 5.79772 5.61284 10.772
threshold=1.0000000180025095e-35 1.0000000180025095e-35 1.0000000180025095e-35 1.0000000180025095e-35 1.0000000180025095e-35 1.0000000180025095e-35 1.0000000180025095e-35 1.0000000180025095e-35 1.0000000180025095e-35 1.0000000180025095e-35 4.4558520317077646 1.0000000180025095e-35 1.0000000180025095e-35 1.0000000180025095e-35 1.0000000180025095e-35 1.0000000180025095e-35 1.0000000180025095e-35 1.0000000180025095e-35 -0.35188987851142878 16.954140663146976 1.0000000180025095e-35 1.0000000180025095e-35 1.0000000180025095e-35 1.0000000180025095e-35 14.054756641387941 1.0000000180025095e-35 1.0000000180025095e-35 1.0000000180025095e-35 1.0000000180025095e-35 1.0000000180025095e-35
decision_type=2 2 2 2 2 2 2 2 2 2 2 2 2 2 2 2 2 2 2 2 2 2 2 2 2 2 2 2 2 2
left_child=3 2 17 4 6 15 7 28 9 10 11 26 -8 14 -14 21 -17 18 -2 20 24 23 -23 27 25 -20 -3 -4 -1 -30
right_child=1 8 5 -5 -6 -7 12 -9 -10 -11 -12 -13 13 -15 -16 16 -18 -19 19 -21 -22 22 -24 -25 -26 -27 -28 -29 29 -31
leaf_value=-1.060255071753142 -1.0582096234887639 -0.98214290563656781 -0.96022136927507784 -1.1260996915677524 -1.110321566636167 -0.8072015048942599 -1.1180128623268477 -0.87652095771302541 -0.91837116349405168 -1.1015051466862116 -1.061857583314713 -1.0937434543859712 -1.1024080932640303 -0.9422855667974952 -0.97516787133973004 -0.97424593756751787 -1.0715854761839103 -1.0550248966565863 -1.0070970656053786 -1.1066970895086696 -1.0233787689768414 -0.85742800668850194 -0.97601100735363355 -0.87878870285386923 -0.83267788499004558 -0.88967387952991939 -0.83267788499004558 -1.0580312787861621 -0.91941092015941883 -1.0800780810697177
leaf_weight=73.747872412204742 22.42847666144371 6.2723705917596835 16.726321578025825 244.81252491474152 143.1240925937891 7.0326579362153998 46.947743520140648 6.0822987556457511 6.2723705917596808 43.336378633975983 66.905286312103271 6.2723705917596808 26.229913383722305 5.7021550834178916 6.0822987556457511 20.337686464190483 11.214238330721857 59.872628375887871 13.114956691861156 6.0822987556457511 25.279554203152657 11.784453839063646 7.4128016084432593 5.5120832473039618 4.5617240667343131 8.5532326251268387 4.561724066734314 9.5035918056964857 8.7433044612407702 7.9830171167850486
leaf_count=388 118 33 88 1288 753 37 247 32 33 228 352 33 138 30 32 107 59 315 69 32 133 62 39 29 24 45 24 50 46 42
internal_value=-1.07108 -1.02272 -1.00222 -1.10191 -1.08367 -0.958482 -1.06266 -1.03757 -1.05791 -1.06478 -1.04584 -0.983206 -1.09118 -1.05803 -1.07846 -0.97138 -1.00884 -1.03021 -1.01164 -0.993508 -0.980143 -0.948175 -0.903217 -0.975365 -0.938473 -0.960746 -0.91921 -0.99566 -1.04839 -0.996093
internal_weight=932.492 363.037 229.417 569.455 324.643 89.5238 181.519 96.5565 133.621 127.348 84.0118 17.1065 84.9621 38.0144 32.3122 82.4912 31.5519 139.893 80.0202 57.5918 51.5095 50.9393 19.1973 31.742 26.2299 21.6682 10.8341 26.2299 90.4742 16.7263
internal_count=4906 1910 1207 2996 1708 471 955 508 703 670 442 90 447 200 170 434 166 736 421 303 271 268 101 167 138 114 57 138 476 88
is_linear=0
shrinkage=1


Tree=1
num_leaves=31
num_cat=0
split_feature=7 9 13 16 5 80 13 108 93 5 9 0 15 0 5 13 1 23 108 8 81 8 26 40 11 16 73 98 5 10
split_gain=111.407 21.3758 19.8254 20.3065 15.0071 11.2666 10.4029 12.0321 9.5155 7.15505 6.85246 10.1972 6.30473 5.84151 5.41085 6.01373 5.72624 5.37078 5.06609 5.03251 5.12063 5.00832 6.98656 6.77981 5.59342 8.93389 5.31775 4.9494 4.8941 5.38066
threshold=1.0000000180025095e-35 1.0000000180025095e-35 1.0000000180025095e-35 1.0000000180025095e-35 1.0000000180025095e-35 1.0000000180025095e-35 1.0000000180025095e-35 1.0000000180025095e-35 1.0000000180025095e-35 1.0000000180025095e-35 1.0000000180025095e-35 4.4558520317077646 1.0000000180025095e-35 11.998631000518801 1.0000000180025095e-35 1.0000000180025095e-35 0.78462240099906932 1.0000000180025095e-35 1.0000000180025095e-35 1.0000000180025095e-35 1.0000000180025095e-35 1.0000000180025095e-35 1.0000000180025095e-35 1.0000000180025095e-35 1.0000000180025095e-35 1.0000000180025095e-35 1.0000000180025095e-35 1.0000000180025095e-35 1.0000000180025095e-35 1.0000000180025095e-35
decision_type=2 2 2 2 2 2 2 2 2 2 2 2 2 2 2 2 2 2 2 2 2 2 2 2 2 2 2 2 2 2
left_child=1 4 3 28 6 19 7 17 9 10 11 -4 -8 -12 15 16 -3 -1 -11 27 -21 23 -23 24 26 -26 -19 -5 29 -2
right_child=2 14 8 5 -6 -7 12 -9 -10 18 13 -13 -14 -15 -16 -17 -18 21 -20 20 -22 22 -24 -25 25 -27 -28 -29 -30 -31
leaf_value=-0.070104735602991228 0.02936410738186801 -0.012103752926509233 0.12690425200252783 0.092887075345519488 -0.036051401318241666 0.21013671177509827 0.0058103338599269734 0.15954934579141297 0.12759450771650749 -0.01656336748165534 0.013413972004083483 0.021129674581033649 -0.049376731141972302 -0.081136894141799032 -0.069233777876410149 -0.062923617602020546 -0.097911041670246168 0.022676530156596413 -0.13323704774604736 0.083048907350149442 -0.00045488405493623548 0.051581702363307197 -0.031287348899926175 0.14208895138907915 0.002607239343613382 0.13580261533543134 -0.11005949390565173 0.18622064324958054 0.014331067728137024 0.080936444204406266
leaf_weight=6.1508327126502982 46.450565904378891 73.96584153175354 11.610877320170401 47.459197178483009 140.35971334576607 7.8929448276758185 47.283300638198853 6.6407194137573233 6.7286860495805731 38.569111078977585 21.667798608541492 42.38622710108757 36.82198029756546 9.3555185943841916 96.52542319893837 58.987758621573448 8.6909863799810392 12.063174203038217 4.1190312802791587 21.286560222506523 11.211464554071425 17.069449186325073 25.183519631624222 6.8238898366689673 10.172505512833595 9.9723854064941406 4.0253611952066413 6.454375058412551 60.342165157198906 35.839013263583183
leaf_count=32 238 400 57 236 753 37 251 32 33 206 114 222 196 49 522 319 47 63 22 107 59 88 132 35 53 52 21 32 315 183
internal_value=-0.000117968 -0.0282531 0.0423632 0.0597673 -0.0114761 0.0957706 0.00745507 0.0295793 0.0116899 0.00558309 0.0223552 0.0438741 -0.018351 -0.0150992 -0.0509751 -0.0385326 -0.021126 0.0201426 -0.0278214 0.0853243 0.054241 0.0266494 0.00219028 0.0506515 0.033431 0.0685433 -0.0105341 0.104061 0.0359627 0.0518251
internal_weight=932.11 560.737 371.374 236.936 322.567 94.3045 182.207 98.1018 134.437 127.709 85.0204 53.9971 84.1053 31.0233 238.17 141.645 82.6568 91.4611 42.6881 86.4116 32.498 85.3103 42.253 43.0573 36.2334 20.1449 16.0885 53.9136 142.632 82.2896
internal_count=4906 2996 1910 1207 1708 471 955 508 703 670 442 279 447 163 1288 766 447 476 228 434 166 444 220 224 189 105 84 268 736 421
is_linear=0
shrinkage=0.1


Tree=2
num_leaves=31
num_cat=0
split_feature=7 10 13 16 16 5 80 13 93 9 0 16 61 0 5 9 0 54 25 68 11 0 0 0 5 0 32 0 14 108
split_gain=89.7441 20.0382 15.2468 15.1357 10.2386 8.60177 7.98465 7.55603 7.23221 5.98996 8.84409 8.53437 8.13101 6.45865 5.79677 5.4223 7.59751 5.21229 5.38475 4.99563 4.81076 4.7446 4.71337 5.95724 5.09476 7.18693 4.57289 5.15803 4.73834 4.53984
threshold=1.0000000180025095e-35 1.0000000180025095e-35 1.0000000180025095e-35 1.0000000180025095e-35 1.0000000180025095e-35 1.0000000180025095e-35 1.0000000180025095e-35 1.0000000180025095e-35 1.0000000180025095e-35 1.0000000180025095e-35 12.803559303283693 1.0000000180025095e-35 1.0000000180025095e-35 9.3497605323791522 1.0000000180025095e-35 1.0000000180025095e-35 4.4558520317077646 1.0000000180025095e-35 1.0000000180025095e-35 1.0000000180025095e-35 1.0000000180025095e-35 16.954140663146976 13.813826084136965 13.351129055023195 1.0000000180025095e-35 15.181382656097414 1.0000000180025095e-35 7.9493498802185067 1.0000000180025095e-35 1.0000000180025095e-35
decision_type=2 2 2 2 2 2 2 2 2 2 2 2 2 2 2 2 2 2 2 2 2 2 2 2 2 2 2 2 2 2
left_child=1 4 3 21 17 9 -5 -6 14 11 12 -3 -11 -14 15 16 -4 26 -19 -17 -9 22 23 -2 -24 -26 -1 28 -28 -16
right_child=2 5 8 6 7 -7 -8 20 -10 10 -12 -13 13 -15 29 19 -18 18 -20 -21 -22 -23 24 -25 25 -27 27 -29 -30 -31
leaf_value=-0.090558998789131595 0.032563995815373621 -0.00034842179994859143 0.10821254302305681 0.073882020393049433 -0.0029102470168913697 -0.027676035796313558 0.17544856361595626 -0.072637361682965057 0.10875624851464 -0.016862036276314992 -0.075879811816670251 0.062052361684619889 0.018534079156821613 0.17654912175907722 -0.015038980709343437 0.0030996639773617808 0.018813278968883834 -0.11186684511733024 -0.034475340609228473 -0.11006624480338878 -0.013988037917810156 -0.034748466930920388 0.12078366911167285 -0.089433186328100975 0.136242353418079 -0.028974482104451429 -0.054154440331753498 -0.088902900691255934 0.081684660352148622 -0.12909097489558571
leaf_weight=60.881094962358475 106.71191032230854 48.746205642819405 12.218677148222922 89.586358934640884 83.622407510876656 90.792291224002838 8.4722414314746839 35.773006975650787 7.0836719423532477 27.072861343622208 16.379549905657768 39.822884827852249 6.0016742348670942 4.5459912717342377 38.248367547988892 26.209434315562252 42.820151656866074 10.037547409534453 86.178426876664162 4.5829445123672476 22.96372002363205 9.9786431789398176 12.581712275743484 4.1586173921823493 4.0506209135055542 7.5225816965103149 5.1286238282918948 9.3130026161670667 5.1429503858089447 3.8405126631259909
leaf_count=334 542 253 57 434 449 501 37 197 33 149 91 205 33 25 206 138 222 55 471 25 126 52 61 21 21 39 28 51 28 22
internal_value=-0.000194427 -0.025887 0.0373457 0.0523122 -0.042176 -0.00361759 0.0826573 -0.0222187 0.0103998 0.0117035 -0.0145473 0.0277085 0.0121562 0.0866378 0.00495327 0.0198601 0.03866 -0.0582563 -0.0425491 -0.0137432 -0.0497078 0.0317913 0.0367088 0.027988 0.0767367 0.0288514 -0.0770381 -0.0350067 0.0138598 -0.025446
internal_weight=930.469 552.402 378.066 243.063 319.041 233.361 98.0586 142.359 135.004 142.569 54.0001 88.5691 37.6205 10.5477 127.92 85.8312 55.0388 176.682 96.216 30.7924 58.7367 145.004 135.025 110.871 24.1549 11.5732 80.4657 19.5846 10.2716 42.0889
internal_count=4906 2996 1910 1207 1739 1257 471 772 703 756 298 458 207 58 670 442 279 967 526 163 323 736 684 563 121 60 441 107 56 228
is_linear=0
shrinkage=0.1


Tree=3
num_leaves=31
num_cat=0
split_feature=7 9 13 13 16 5 108 93 80 137 0 93 0 10 108 24 0 13 140 99 10 81 0 12 5 8 67 0 26 54
split_gain=72.4898 17.166 11.829 11.527 11.52 7.03327 9.04291 6.60652 7.55723 6.31844 5.86832 5.58615 5.08612 4.9594 4.75271 5.65261 5.18861 4.61096 5.19741 4.46087 4.41643 6.18901 4.89746 4.56269 4.39474 4.6767 4.19921 8.64756 8.85557 7.83572
threshold=1.0000000180025095e-35 1.0000000180025095e-35 1.0000000180025095e-35 1.0000000180025095e-35 1.0000000180025095e-35 1.0000000180025095e-35 1.0000000180025095e-35 1.0000000180025095e-35 1.0000000180025095e-35 1.0000000180025095e-35 2.3791923522949223 1.0000000180025095e-35 5.542778968811036 1.0000000180025095e-35 1.0000000180025095e-35 1.0000000180025095e-35 11.998631000518801 1.0000000180025095e-35 1.0000000180025095e-35 1.0000000180025095e-35 1.0000000180025095e-35 1.0000000180025095e-35 14.680356025695803 1.0000000180025095e-35 1.0000000180025095e-35 1.0000000180025095e-35 1.0000000180025095e-35 6.7802875041961679 1.0000000180025095e-35 1.0000000180025095e-35
decision_type=2 2 2 2 2 2 2 2 2 2 2 2 2 2 2 2 2 2 2 2 2 2 2 2 2 2 2 2 2 2
left_child=1 3 4 5 26 6 -1 8 -6 -7 -5 14 -12 17 15 -4 -17 18 -3 -18 -14 22 23 -22 25 -23 27 -2 -29 -28
right_child=2 13 11 10 7 9 -8 -9 -10 -11 12 -13 20 -15 -16 16 19 -19 -20 -21 21 24 -24 -25 -26 -27 29 28 -30 -31
leaf_value=0.017652953755594957 -0.060418744641973991 -0.048545643029203459 0.098084174466502846 0.088485177749480615 0.069377906480592708 -0.023272310431054044 0.1351992329509131 -0.035685495117884679 0.16883414944365233 0.078527699328355752 -0.069404975503591912 0.093993144066490134 -0.040652865952873429 -0.025903658296210476 -0.061968950715184296 0.017750532626507189 -0.050307849316451152 -0.07858681183596869 0.046350980762675402 0.045043505389907902 0.036239298472730636 0.1345178682399211 -0.10267824455729918 -0.057476540548264655 -0.020027723837270542 0.0021948449172238256 0.016507583879245627 0.067874924748804771 -0.023601054311256836 0.07650068720304691
leaf_weight=92.293323203921318 14.266600176692007 78.474131554365158 6.8618948310613623 4.0659255385398856 87.350139811635017 69.710586711764336 7.0442275851964942 5.3923333436250678 8.3723863214254362 6.6813327074050894 30.538495272397995 7.3603799790143958 61.271881312131882 87.126027837395668 9.9493500888347608 80.997678026556969 24.014776319265369 55.812746033072472 6.2296205610036841 6.1662459522485724 11.788652241230015 7.0096908956766146 6.7966513931751242 9.2883915901184082 6.3129287213087073 4.3152439743280411 51.767358034849167 25.111696407198906 18.291414678096771 37.571836352348328
leaf_count=476 72 442 36 22 411 387 32 25 35 37 168 33 343 489 55 418 128 322 35 33 63 36 37 50 35 22 260 125 92 187
internal_value=-0.000250458 -0.0236968 0.0330572 -0.00865678 0.046029 0.00844461 0.0259884 0.0720101 0.0780769 -0.0143688 -0.0299119 0.00927731 -0.0334175 -0.0446483 0.00440552 0.0100001 0.00456355 -0.0562708 -0.0415664 -0.0308267 -0.0231256 0.000471221 -0.0288631 -0.00506011 0.0468292 0.0840976 0.0281589 0.00712311 0.0293241 0.0417378
internal_weight=928.234 544.76 383.474 317.117 248.124 175.729 99.3376 101.115 95.7225 76.3919 141.388 135.35 137.322 227.643 127.99 118.041 111.179 140.516 84.7038 30.181 106.783 45.5116 27.8737 21.077 17.6379 11.3249 147.009 57.6697 43.4031 89.3392
internal_count=4906 2996 1910 1708 1207 932 508 471 446 424 776 703 754 1288 670 615 579 799 477 161 586 243 150 113 93 58 736 289 217 447
is_linear=0
shrinkage=0.1


Tree=4
num_leaves=31
num_cat=0
split_feature=7 10 13 16 16 9 16 0 80 13 5 54 25 11 5 13 54 6 15 11 62 15 26 8 0 0 12 127 32 0
split_gain=58.6518 14.9643 9.25587 8.91251 8.74078 6.1214 5.78176 5.495 6.13688 5.45375 5.34549 4.73503 5.05166 4.63878 4.43573 4.37149 6.64008 4.92777 4.72413 4.30963 4.37333 4.34142 4.25727 4.20025 4.61876 5.04555 4.39701 4.75639 4.19536 4.50716
threshold=1.0000000180025095e-35 1.0000000180025095e-35 1.0000000180025095e-35 1.0000000180025095e-35 1.0000000180025095e-35 1.0000000180025095e-35 1.0000000180025095e-35 2.4503763914108281 1.0000000180025095e-35 1.0000000180025095e-35 1.0000000180025095e-35 1.0000000180025095e-35 1.0000000180025095e-35 1.0000000180025095e-35 1.0000000180025095e-35 1.0000000180025095e-35 1.0000000180025095e-35 1.0000000180025095e-35 1.0000000180025095e-35 1.0000000180025095e-35 1.0000000180025095e-35 1.0000000180025095e-35 1.0000000180025095e-35 1.0000000180025095e-35 15.868583202362062 14.176591396331789 1.0000000180025095e-35 1.0000000180025095e-35 1.0000000180025095e-35 7.9493498802185067
decision_type=2 2 2 2 2 2 2 2 2 2 2 2 2 2 2 2 2 2 2 2 2 2 2 2 2 2 2 2 2 2
left_child=1 4 3 -2 11 6 13 -5 23 -6 -4 28 -13 -3 -8 16 -15 -17 -18 -11 -21 -22 -16 -9 25 26 27 -25 -1 -30
right_child=2 5 10 7 9 -7 14 8 -10 19 -12 12 -14 15 22 17 18 -19 -20 20 21 -23 -24 24 -26 -27 -28 -29 29 -31
leaf_value=-0.08370691209797583 0.02498180871337885 -0.029045278602340116 0.021779428602860407 -0.043181509730513594 -0.0013400966272429881 -0.023659483136618573 0.052110931852578479 0.077402552860360699 0.14892544944101105 -0.064573448944307277 -0.020885056143952856 -0.10625910749059207 -0.028499746628071601 -0.014876123798997085 0.061482623275212825 -0.063172104508902732 0.038246110606342226 0.047765346094897354 0.16453765801984652 0.053690821882726149 -0.0062355397055616074 -0.12874667905569223 -0.034409615079227691 -0.035596066034107275 -0.052288631123418909 0.14652302073606288 0.094808295726462627 0.075304754920213379 0.016053954424582073 -0.082088123876384561
leaf_weight=56.660870909690857 148.77378262579441 44.967408135533333 92.808885455131531 4.6389299780130377 82.849649548530579 85.917324960231781 41.223927825689316 55.930226936936378 8.5943440794944745 33.330164656043053 42.960099190473557 9.2913008183240873 82.876514285802841 9.2334259897470474 6.7782418578863153 10.201981306076052 6.2414431869983673 6.5906437486410132 5.6369977295398712 7.620567038655282 10.544218197464941 3.9860152900218973 14.607025966048241 11.136597171425828 5.3609769642353049 4.465147152543067 7.4943241477012625 5.9247233867645255 10.142953962087633 8.6872735023498517
leaf_count=334 736 242 469 21 449 489 205 253 35 197 234 55 471 49 38 56 32 35 29 43 60 23 82 53 25 21 35 28 56 51
internal_value=-0.000290824 -0.0216842 0.0293327 0.0406611 -0.0361956 -0.00249499 0.0100042 0.0631891 0.0681782 -0.0175887 0.00827951 -0.0515477 -0.0363386 -0.00732354 0.0329399 0.0184457 0.0487333 -0.0196322 0.0981787 -0.0418526 -0.00766476 -0.0398435 -0.00401576 0.060494 0.0329882 0.0487413 0.0309609 0.00291541 -0.0701168 -0.0292236
internal_weight=925.476 537.388 388.088 252.319 305.99 231.398 145.481 103.545 98.9063 138.331 135.769 167.659 92.1678 82.8719 62.6092 37.9045 21.1119 16.7926 11.8784 55.481 22.1508 14.5302 21.3853 90.312 34.3818 29.0208 24.5556 17.0613 75.4911 18.8302
internal_count=4906 2996 1910 1207 1739 1257 768 471 450 772 703 967 526 443 325 201 110 91 61 323 126 83 120 415 162 137 116 81 441 107
is_linear=0
shrinkage=0.1


Tree=5
num_leaves=31
num_cat=0
split_feature=7 9 13 9 35 113 10 0 11 55 0 21 80 5 78 13 64 59 81 41 174 0 5 17 15 49 14 0 0 0
split_gain=47.5641 13.2673 8.46215 8.31203 5.58288 5.13439 6.47353 8.31891 5.00691 7.99655 6.66451 4.9769 4.9425 4.76222 6.55576 4.78025 4.87103 4.76196 4.71897 4.70631 4.68277 5.015 4.88908 4.51314 4.43937 5.26107 6.47933 4.41768 4.33664 4.30297
threshold=1.0000000180025095e-35 1.0000000180025095e-35 1.0000000180025095e-35 1.0000000180025095e-35 1.0000000180025095e-35 1.0000000180025095e-35 1.0000000180025095e-35 16.379192352294925 1.0000000180025095e-35 1.0000000180025095e-35 13.474332809448244 1.0000000180025095e-35 1.0000000180025095e-35 1.0000000180025095e-35 1.0000000180025095e-35 1.0000000180025095e-35 1.0000000180025095e-35 1.0000000180025095e-35 1.0000000180025095e-35 1.0000000180025095e-35 1.0000000180025095e-35 2.3791923522949223 1.0000000180025095e-35 1.0000000180025095e-35 1.0000000180025095e-35 1.0000000180025095e-35 1.0000000180025095e-35 3.0266940593719487 7.2840518951416025 14.680356025695803
decision_type=2 2 2 2 2 2 2 2 2 2 2 2 2 2 2 2 2 2 2 2 2 2 2 2 2 2 2 2 2 2
left_child=1 2 4 12 8 6 -5 11 27 -10 18 19 23 14 15 16 -3 -14 -11 -8 21 -4 24 -2 25 26 -23 -1 -16 -12
right_child=3 13 20 5 -6 -7 7 -9 9 10 29 -13 17 -15 28 -17 -18 -19 -20 -21 -22 22 -24 -25 -26 -27 -28 -29 -30 -31
leaf_value=0.055423399644852468 -0.049214090239825981 -0.010268297249261078 0.078293433607981883 -0.014530352936197453 0.045045627250414666 0.082629102690066625 0.069803265861997504 -0.095687557034416684 -0.030637853587496919 0.037695731361142043 -0.092937546650899316 -0.041336694591918868 0.021566730082317118 -0.05689642531446587 0.097613826751927701 -0.058596990077813604 -0.10900299091550919 0.11783179147931422 0.11697711081580496 -0.043559377170022062 0.063456173609471075 0.017421497457206066 -0.056426689787335595 0.03514818736719974 -0.044981635850534787 0.053570830103713288 -0.078872762544438757 -0.025759679116939705 -0.026522467976704486 0.027478030696598679
leaf_weight=7.4166465550661078 6.5288572907447806 67.202257871627808 4.2074359357357016 85.320597186684608 32.885934710502625 8.4116998910903913 34.215426176786423 4.6779373586177817 21.359166711568832 19.380009010434151 4.7276336550712568 5.8528582304716101 8.1454694420099258 87.050454452633858 6.6725646257400495 46.794537097215652 5.3980296254158011 13.920511528849602 12.25524288415909 4.1011467128992072 5.7015846222639075 17.910358861088753 51.517306372523308 220.80435855686665 31.687932848930359 14.441869765520094 11.45783279836178 69.651761785149574 4.8668282181024551 7.9711463451385498
leaf_count=40 32 385 22 423 170 41 166 24 115 100 25 28 39 522 40 281 32 65 64 20 33 97 301 1072 181 78 64 376 28 42
internal_value=-0.00031613 -0.0198332 -0.00662738 0.0261008 0.00789991 0.00684151 0.00208998 0.0311203 -0.000656809 0.0196274 0.043844 0.0445504 0.0371112 -0.0387691 -0.0267174 -0.0336738 -0.0176095 0.0822964 0.0684087 0.0576697 -0.0252631 -0.0291179 -0.032676 0.0327254 -0.0164693 0.00415378 -0.0201472 -0.0179471 0.0452584 -0.0173515
internal_weight=922.535 530.557 312.572 391.979 175.648 142.58 134.168 48.8474 142.762 65.6932 44.334 44.1694 249.399 217.985 130.934 119.395 72.6003 22.066 31.6353 38.3166 136.924 131.223 127.015 227.333 75.498 43.8101 29.3682 77.0684 11.5394 12.6988
internal_count=4906 2996 1708 1910 932 702 661 238 762 346 231 214 1208 1288 766 698 417 104 164 186 776 743 721 1104 420 239 161 416 68 67
is_linear=0
shrinkage=0.1


Tree=6
num_leaves=31
num_cat=0
split_feature=7 10 16 13 16 93 86 5 0 61 80 0 0 61 14 167 5 0 80 81 26 5 61 11 34 11 84 41 13 41
split_gain=38.5805 12.4578 7.39355 7.15018 6.77657 5.04454 6.856 4.72403 4.61122 5.0596 6.80927 4.59003 7.14664 5.51395 5.80841 4.43658 4.41352 4.1056 4.74938 4.39398 5.80832 4.13005 4.47798 4.24025 4.5687 4.04612 6.41605 4.02006 3.87408 4.42948
threshold=1.0000000180025095e-35 1.0000000180025095e-35 1.0000000180025095e-35 1.0000000180025095e-35 1.0000000180025095e-35 1.0000000180025095e-35 1.0000000180025095e-35 1.0000000180025095e-35 2.3121149539947514 1.0000000180025095e-35 1.0000000180025095e-35 5.405886411666871 9.5071868896484393 1.0000000180025095e-35 1.0000000180025095e-35 1.0000000180025095e-35 1.0000000180025095e-35 2.4503763914108281 1.0000000180025095e-35 1.0000000180025095e-35 1.0000000180025095e-35 1.0000000180025095e-35 1.0000000180025095e-35 1.0000000180025095e-35 1.0000000180025095e-35 1.0000000180025095e-35 1.0000000180025095e-35 1.0000000180025095e-35 1.0000000180025095e-35 1.0000000180025095e-35
decision_type=2 2 2 2 2 2 2 2 2 2 2 2 2 2 2 2 2 2 2 2 2 2 2 2 2 2 2 2 2 2
left_child=1 2 11 4 -2 6 17 8 -3 -10 27 -1 13 -13 -15 25 -5 -6 19 21 -21 23 -23 -19 -25 28 -27 -11 29 -4
right_child=3 7 15 16 5 -7 -8 -9 9 10 -12 12 -14 14 -16 -17 -18 18 -20 20 -22 22 -24 24 -26 26 -28 -29 -30 -31
leaf_value=-0.075736072599260795 0.019495194035230659 0.10577195729545136 -0.018453323450248218 0.016918026518634107 -0.04058071225340594 -0.040938967566488897 0.17441604337565997 -0.019095719610038593 -0.0074033540747679904 0.0098315505589539193 0.14258705188691068 -0.029184559411125455 -0.05370352952593082 0.10821841003217787 -0.020783216993821012 -0.10855735975532216 -0.02167765838731878 0.017920829244366228 0.13402240381396027 -0.039278782073698601 0.052445113585219062 0.059938444290517506 0.15999928557364179 0.124648972695867 0.0080565721439192425 -0.0028799641610648195 0.10398317621781189 0.1061337632186707 -0.054389998107333741 0.086099297422354532
leaf_weight=39.617594391107559 151.89582726359367 4.9144098907709113 38.752395316958427 94.568940967321396 4.5916244685649863 5.4882335960865012 4.7785391956567755 85.958946272730827 87.079016029834747 40.475395485758781 5.0476807653903952 26.225952580571175 80.580753222107887 7.5360989570617658 6.501481756567955 4.8331487327814093 43.145880028605461 21.008929520845413 7.2435994744300833 10.924814373254778 18.756855085492134 9.7874385267496109 8.2362170219421387 10.415626809000967 4.9619802832603446 51.297507539391518 6.3094303160905829 4.8546188920736304 29.765062630176544 4.5253102034330359
leaf_count=243 736 25 213 469 21 25 21 501 466 214 27 155 488 43 38 28 234 93 29 50 85 43 36 46 22 286 34 24 187 24
internal_value=-0.000341464 -0.0181338 -0.0316737 0.0232259 0.0330439 0.0524234 0.0575114 -0.000584282 0.0105923 0.00718941 0.0324133 -0.0461974 -0.0365134 -0.00211034 0.0484715 -0.0144722 0.00482605 0.0516879 0.0563264 0.0496338 0.0186847 0.066517 0.105663 0.0471265 0.0870274 -0.0109917 0.00882428 0.020145 -0.0266201 -0.00752083
internal_weight=920.079 524.275 295.945 395.805 258.09 106.194 100.706 228.33 142.371 137.457 50.3777 160.462 120.844 40.2635 14.0376 135.483 137.715 95.9271 91.3355 84.0919 29.6817 54.4102 18.0237 36.3865 15.3776 130.65 57.6069 45.33 73.0428 43.2777
internal_count=4906 2996 1739 1910 1207 471 446 1257 756 731 265 967 724 236 81 772 703 425 404 375 135 240 79 161 68 744 320 238 424 237
is_linear=0
shrinkage=0.1


Tree=7
num_leaves=31
num_cat=0
split_feature=7 9 5 9 87 85 61 93 12 6 102 138 82 0 1 10 113 21 19 78 5 13 0 0 0 15 0 14 22 8
split_gain=31.3409 10.9042 6.86406 6.38263 5.21393 4.76936 4.24099 8.66431 5.77968 4.86448 9.28509 5.03324 4.42176 4.37849 4.16429 5.04885 7.73979 4.16965 4.0371 4.86176 5.59817 4.29541 4.01101 4.798 5.3596 5.97871 4.15003 3.6993 3.68348 3.67651
threshold=1.0000000180025095e-35 1.0000000180025095e-35 1.0000000180025095e-35 1.0000000180025095e-35 1.0000000180025095e-35 1.0000000180025095e-35 1.0000000180025095e-35 1.0000000180025095e-35 1.0000000180025095e-35 1.0000000180025095e-35 1.0000000180025095e-35 1.0000000180025095e-35 1.0000000180025095e-35 14.176591396331789 0.82082289457321178 1.0000000180025095e-35 1.0000000180025095e-35 1.0000000180025095e-35 1.0000000180025095e-35 1.0000000180025095e-35 1.0000000180025095e-35 1.0000000180025095e-35 16.735113143920902 8.4750170707702654 9.7262148857116717 1.0000000180025095e-35 2.3791923522949223 1.0000000180025095e-35 1.0000000180025095e-35 1.0000000180025095e-35
decision_type=2 2 2 2 2 2 2 2 2 2 2 2 2 2 2 2 2 2 2 2 2 2 2 2 2 2 2 2 2 2
left_child=1 2 4 -2 6 18 9 8 12 10 28 -11 13 -8 15 16 -5 -17 19 21 -21 -3 23 26 25 -25 -4 -20 -1 -10
right_child=3 5 22 14 -6 -7 7 -9 29 11 -12 -13 -14 -15 -16 17 -18 -19 27 20 -22 -23 -24 24 -26 -27 -28 -29 -30 -31
leaf_value=-0.023641427956419533 0.030254278826888244 -0.031517642964168785 0.056583711623045596 -0.013656390699493391 -0.077180247987100992 0.06599896416658145 -0.045773615419397007 0.17113887886872975 0.09009462973804383 0.012276137989698647 0.12028114612027317 0.12609488090809146 0.090203550522328368 0.057381248055030309 -0.050909185465531727 0.046270714070858726 0.1105568969964435 -0.042838475542524457 0.1147563919090229 0.062397517131683927 -0.066878956021544242 -0.063019358613212881 -0.090178113970396268 0.0068004057228224397 -0.011863483648568443 0.16027673823788505 -0.046402944186617959 -0.028012453014216194 -0.11261532917621234 0.015794428770931738
leaf_weight=46.833574637770653 254.54158447682858 113.93243470788002 4.227280542254447 78.033767402172089 6.9063924998044959 4.6535063832998267 19.663110464811332 4.2181282043457022 14.466378018260002 52.695884793996811 4.3084809780120841 4.1945183128118506 3.9106234759092322 5.2037083208560935 12.642739295959471 41.826846823096275 5.3610442131757727 6.0050545483827582 3.3117608577013007 9.4211637824773771 5.1977898627519599 69.804964855313301 8.141943156719206 6.6160812973976117 52.547006249427795 4.1180407851934433 52.598683997988701 4.0154090374708176 5.1662761420011512 12.341006591916084
leaf_count=252 1208 684 23 386 37 28 103 22 75 280 23 22 20 28 65 197 25 29 20 55 33 444 49 38 310 23 310 24 29 64
internal_value=-0.000352527 -0.016559 -0.00457788 0.0207386 0.00802315 -0.034112 0.0114246 0.0329657 0.0224802 4.43804e-05 -0.0207924 0.020668 -0.00864233 -0.0241871 0.00390298 0.00918374 -0.00567133 0.0350835 -0.036377 -0.0390696 0.0164331 -0.0434857 -0.0222546 -0.0176502 0.00128992 0.0656801 -0.0387418 0.0365167 -0.0324811 0.0558899
internal_weight=916.905 518.494 308.157 398.411 179.908 210.337 173.002 59.803 55.5848 113.199 56.3083 56.8904 28.7774 24.8668 143.869 131.227 83.3948 47.8319 205.684 198.356 14.619 183.737 128.249 120.107 63.2811 10.7341 56.826 7.32717 51.9999 26.8074
internal_count=4906 2996 1708 1910 955 1288 918 312 290 606 304 302 151 131 702 637 411 226 1260 1216 88 1128 753 704 371 61 333 44 281 139
is_linear=0
shrinkage=0.1


Tree=8
num_leaves=31
num_cat=0
split_feature=7 10 16 90 13 16 168 80 36 54 167 99 93 108 24 0 0 14 1 11 74 11 12 0 67 102 0 21 12 67
split_gain=25.4877 10.2217 6.20133 5.80939 5.87248 5.40945 4.45253 4.16238 4.1079 4.26624 3.98597 3.96461 3.95792 3.9226 4.10757 4.29597 4.15075 3.91101 3.81665 5.91789 3.64725 3.66835 3.63758 8.23063 6.09777 3.5761 3.45415 3.31544 4.90144 3.2385
threshold=1.0000000180025095e-35 1.0000000180025095e-35 1.0000000180025095e-35 1.0000000180025095e-35 1.0000000180025095e-35 1.0000000180025095e-35 1.0000000180025095e-35 1.0000000180025095e-35 1.0000000180025095e-35 1.0000000180025095e-35 1.0000000180025095e-35 1.0000000180025095e-35 1.0000000180025095e-35 1.0000000180025095e-35 1.0000000180025095e-35 11.998631000518801 17.100615501403812 1.0000000180025095e-35 -0.14837630838155744 1.0000000180025095e-35 1.0000000180025095e-35 1.0000000180025095e-35 1.0000000180025095e-35 10.380561351776125 1.0000000180025095e-35 1.0000000180025095e-35 2.3791923522949223 1.0000000180025095e-35 1.0000000180025095e-35 1.0000000180025095e-35
decision_type=2 2 2 2 2 2 2 2 2 2 2 2 2 2 2 2 2 2 2 2 2 2 2 2 2 2 2 2 2 2
left_child=1 2 8 4 5 29 7 25 9 26 20 -3 13 14 -6 -16 -17 -10 -19 -20 21 -4 -13 -24 -25 -7 -1 -28 -29 -2
right_child=3 11 10 -5 12 6 -8 -9 17 -11 -12 22 -14 -15 15 16 -18 18 19 -21 -22 -23 23 24 -26 -27 27 28 -30 -31
leaf_value=0.026424868659990393 -0.0018274530351413212 0.0069269024127273301 -0.039803258423138775 -0.09674954968264618 0.076405750882766008 0.039658522757777842 -0.044586508740671556 0.11883478748870945 -0.045100653230784327 -0.034283929491194187 -0.1040682601459168 -0.05353396622796508 0.072646533299769694 -0.061621577750180692 0.011076015236071341 -0.047426465646762214 0.060613200434032892 0.08411767867958081 -0.076146905103635185 0.082674622013461221 0.014068067897516488 0.0026033675977606761 0.12007590242056254 -0.092084055525529757 0.051745687305969658 0.12347542393244187 -0.091497905364570017 -0.097602467423727968 0.062354463427129372 0.028148178370914375
leaf_weight=3.2997634261846533 58.902015641331673 185.90539325773716 46.297548875212669 4.3257945924997321 7.3498191684484473 88.233216181397438 5.1778588145971289 8.1904112696647626 15.751509666442869 72.56342476606369 4.5269360244274131 23.140022471547127 7.7302398085594168 9.8657889515161497 82.777385875582695 26.351520910859112 4.1107059717178336 6.5112362354993829 6.0441538095474243 3.834520697593689 45.737490490078926 36.465525910258293 4.6932056546211269 7.4913773536682111 4.8598317801952362 5.4019807726144782 38.339101612567902 3.9213990718126288 3.7452681213617325 92.866163298487663
leaf_count=21 284 1032 276 21 36 387 23 33 96 445 28 131 33 55 413 139 22 37 38 24 265 203 25 42 27 24 256 26 24 440
internal_value=-0.000368612 -0.0151327 -0.027659 0.0185105 0.0197665 0.0286547 0.0458738 0.0504737 -0.0413195 -0.0497068 -0.0118437 0.000770274 0.00312222 -0.000997506 0.00396233 -0.000739608 -0.0328471 -0.00951792 0.0246788 -0.0144985 -0.00859469 -0.0211188 -0.0277122 0.00734433 -0.0354913 0.0444941 -0.0724048 -0.0794933 -0.0194614 0.0165145
internal_weight=914.411 513.128 287.038 401.283 396.957 258.772 107.003 101.826 154.01 121.869 133.028 226.09 138.185 130.455 120.589 113.24 30.4622 32.1414 16.3899 9.87867 128.501 82.7631 40.1844 17.0444 12.3512 93.6352 49.3055 46.0058 7.66667 151.768
internal_count=4906 2996 1739 1910 1889 1191 467 444 967 772 772 1257 698 665 610 574 161 195 99 62 744 479 225 94 69 411 327 306 50 724
is_linear=0
shrinkage=0.1


Tree=9
num_leaves=31
num_cat=0
split_feature=7 5 13 5 81 13 17 63 0 16 80 16 0 0 0 23 55 1 8 0 0 0 26 128 1 135 0 35 12 55
split_gain=20.7271 8.91771 7.01877 5.0433 5.92033 6.35959 5.51218 5.11419 6.32421 4.8896 4.85624 5.36494 4.74252 7.33323 6.72283 4.59537 5.00152 4.54345 6.05683 6.41378 7.86275 4.81821 8.07458 4.51694 4.40743 4.16069 4.12387 4.35014 6.12413 4.1049
threshold=1.0000000180025095e-35 1.0000000180025095e-35 1.0000000180025095e-35 1.0000000180025095e-35 1.0000000180025095e-35 1.0000000180025095e-35 1.0000000180025095e-35 1.0000000180025095e-35 14.47091054916382 1.0000000180025095e-35 1.0000000180025095e-35 1.0000000180025095e-35 15.181382656097414 13.813826084136965 12.510609149932863 1.0000000180025095e-35 1.0000000180025095e-35 0.12160620465874673 1.0000000180025095e-35 10.965092182159426 11.494866847991945 12.123203277587892 1.0000000180025095e-35 1.0000000180025095e-35 -0.030344513244926926 1.0000000180025095e-35 2.3121149539947514 1.0000000180025095e-35 1.0000000180025095e-35 1.0000000180025095e-35
decision_type=2 2 2 2 2 2 2 2 2 2 2 2 2 2 2 2 2 2 2 2 2 2 2 2 2 2 2 2 2 2
left_child=1 2 15 6 5 12 -2 10 -9 -4 17 -12 13 14 24 -1 26 -8 19 -19 -21 22 -20 -18 25 -5 -17 -28 -29 -22
right_child=3 -3 9 4 -6 -7 7 8 -10 -11 11 -13 -14 -15 -16 16 23 18 21 20 29 -23 -24 -25 -26 -27 27 28 -30 -31
leaf_value=-0.051858605323713718 -0.057011707636921531 -0.029907230533865084 -0.037108292646570062 -0.0036609302532878093 -0.024278570694499499 -0.022004510036568534 0.013401216199968589 -0.12764764489858499 0.026632928801048252 0.0026463593474181663 0.032692869887746182 0.13380712901763123 -0.020890479303157881 0.15915934486008873 -0.069937549926038053 0.079939235920238411 0.022277217852125997 0.17714475063566282 0.17581689601525863 -0.074511632927385371 0.020650889922228053 -0.0080143389221186134 -0.0015802767874508552 0.12295705823946171 0.098365626967232056 0.080588029227249156 -0.034841006548134032 0.11712863193868064 -0.032388290567130967 0.08528833577858326
leaf_weight=11.217335283756254 7.9641743600368491 205.08619421720505 75.155007943511009 16.441204771399498 54.894581496715546 27.954338520765305 123.45056606829166 4.6607202142477018 6.1800123155117035 52.585921734571457 12.267521366477013 9.1695750206708908 11.947497606277464 5.4123643189668647 5.2890374213457099 4.6048264950513831 105.49795316159725 4.5835649073123923 4.3224331438541395 4.3759711235761634 14.0981398075819 29.443104416131973 6.313632607460022 4.6526662856340399 12.747648641467096 9.109856113791464 38.537002548575401 5.0728376507759076 5.9556389302015305 32.415386691689491
leaf_count=64 38 1275 460 76 267 153 574 22 29 306 57 39 57 24 25 24 564 21 20 21 66 139 30 25 58 42 219 26 33 152
internal_value=-0.000373419 -0.0138011 -0.00290963 0.0165632 0.00154343 0.0174878 0.0248943 0.0274902 -0.0396964 -0.0207429 0.0305195 0.0759438 0.0356014 0.0493756 0.0357436 0.0100678 0.0142952 0.0260731 0.0424448 0.0638452 0.0536404 0.0128249 0.0705129 0.0265298 0.0503381 0.0263768 -0.0105829 -0.0189928 0.0363859 0.0656969
internal_weight=911.407 508.365 303.279 403.041 143.797 88.9019 259.245 251.281 10.8407 127.741 240.44 21.4371 60.9476 49.0001 43.5877 175.538 164.321 219.003 95.5522 55.4731 50.8895 40.0792 10.6361 110.151 38.2987 25.5511 54.1703 49.5655 11.0285 46.5135
internal_count=4906 2996 1721 1910 702 435 1208 1170 51 766 1119 96 282 225 201 955 891 1023 449 260 239 189 50 589 176 118 302 278 59 218
is_linear=0
shrinkage=0.1


Tree=10
num_leaves=31
num_cat=0
split_feature=7 9 13 9 174 35 1 132 6 26 35 11 0 82 61 34 85 16 104 8 19 78 101 13 5 11 55 0 69 128
split_gain=16.809 8.89303 5.86915 5.14807 4.08847 3.98155 4.45327 5.18059 3.93157 5.09474 4.68114 4.58504 5.29601 4.04601 8.91108 3.90412 3.81964 3.73935 3.71756 4.98088 4.02111 4.07139 4.29461 4.91421 4.12592 3.69878 5.19836 4.96834 3.59317 3.54851
threshold=1.0000000180025095e-35 1.0000000180025095e-35 1.0000000180025095e-35 1.0000000180025095e-35 1.0000000180025095e-35 1.0000000180025095e-35 -0.20009126514196393 1.0000000180025095e-35 1.0000000180025095e-35 1.0000000180025095e-35 1.0000000180025095e-35 1.0000000180025095e-35 12.203969955444338 1.0000000180025095e-35 1.0000000180025095e-35 1.0000000180025095e-35 1.0000000180025095e-35 1.0000000180025095e-35 1.0000000180025095e-35 1.0000000180025095e-35 1.0000000180025095e-35 1.0000000180025095e-35 1.0000000180025095e-35 1.0000000180025095e-35 1.0000000180025095e-35 1.0000000180025095e-35 1.0000000180025095e-35 15.63039016723633 1.0000000180025095e-35 1.0000000180025095e-35
decision_type=2 2 2 2 2 2 2 2 2 2 2 2 2 2 2 2 2 2 2 2 2 2 2 2 2 2 2 2 2 2
left_child=1 2 5 -2 8 25 7 -7 13 10 11 12 -10 -4 -15 -11 18 -8 20 -20 21 22 23 -3 -23 29 28 -28 -27 -1
right_child=3 16 4 -5 -6 6 17 -9 9 15 -12 -13 -14 14 -16 -17 -18 -19 19 -21 -22 24 -24 -25 -26 26 27 -29 -30 -31
leaf_value=-0.020988808787423045 0.023257439471536676 -0.029865808032945418 -0.04664843957162329 -0.00025573661042755454 0.065491766559755762 -0.093546549950019556 0.019954473275817446 0.04686849419394698 -0.041883894707884201 -0.047571491794786237 -0.042927152417608028 0.13168349586418998 0.10004548844923877 -0.050123657570841341 0.12518498907224423 0.045248063359038498 0.059633533608599645 0.10272173350861169 0.12205102371404955 -0.042904212365077299 0.039835434233146387 0.054398878945341095 0.06648007047765743 -0.065539405387882763 -0.059761664072462577 -0.043321554905073584 0.051143621046722036 -0.054748722964900645 0.060867930080916066 0.042530376014928921
leaf_weight=64.074473738670349 259.14393511414528 103.10172116011381 61.690829023718834 145.33859050273895 5.6412864774465552 4.4694418013095838 9.5745654851198196 6.3759204894304276 5.7808561921119743 22.069106295704845 5.660117268562316 6.0641468465328208 4.8221591860055923 7.6772703900933248 4.6591373533010483 5.7024147361516944 4.7668945342302314 12.697651073336601 3.6339353322982779 3.6885338574647903 7.1638987287878981 9.2190225422382337 3.647201567888259 61.738699957728386 4.821583352982997 15.996861174702646 39.84078785777092 4.9852144867181769 4.1736014038324347 10.194284513592718
leaf_count=360 1208 641 374 702 33 23 51 32 35 132 32 34 29 47 27 33 28 64 23 24 43 53 23 420 33 91 204 27 24 56
internal_value=-0.000374547 -0.0125614 -0.00170547 0.0148087 -0.017769 0.0103869 0.0415522 -0.0109974 -0.021553 8.08154e-05 0.0356463 0.0623297 0.0226644 -0.036194 0.0160858 -0.0285126 -0.0288173 0.0671411 -0.0309574 0.0389584 -0.0336563 -0.0365407 -0.0408521 -0.0432269 0.0151958 0.00297574 0.0203965 0.0393671 -0.021763 -0.01227
internal_weight=908.414 503.932 302.15 404.483 129.767 172.383 33.1176 10.8454 124.126 50.0988 22.3273 16.6672 10.603 74.0272 12.3364 27.7715 201.781 22.2722 197.015 7.32247 189.692 182.528 168.488 164.84 14.0406 139.265 64.9965 44.826 20.1705 74.2688
internal_count=4906 2996 1708 1910 776 932 170 55 743 295 130 98 64 448 74 165 1288 115 1260 47 1213 1170 1084 1061 86 762 346 231 115 416
is_linear=0
shrinkage=0.1


Tree=11
num_leaves=31
num_cat=0
split_feature=7 10 90 16 10 6 64 94 0 0 67 61 12 1 15 0 68 47 64 69 0 19 17 0 108 0 16 113 167 1
split_gain=13.7143 8.40929 4.8351 4.78908 4.48178 10.7792 7.51187 5.69372 3.84639 5.94992 4.12483 4.04876 4.9048 3.82346 3.92025 4.81352 3.71797 5.14254 4.96908 4.82401 4.05896 3.69394 3.65171 4.10958 4.9696 3.61012 3.55873 3.53663 3.51006 3.56646
threshold=1.0000000180025095e-35 1.0000000180025095e-35 1.0000000180025095e-35 1.0000000180025095e-35 1.0000000180025095e-35 1.0000000180025095e-35 1.0000000180025095e-35 1.0000000180025095e-35 5.405886411666871 9.5071868896484393 1.0000000180025095e-35 1.0000000180025095e-35 1.0000000180025095e-35 -0.35188987851142878 1.0000000180025095e-35 7.7043120861053476 1.0000000180025095e-35 1.0000000180025095e-35 1.0000000180025095e-35 1.0000000180025095e-35 15.585215568542482 1.0000000180025095e-35 1.0000000180025095e-35 13.600273609161379 1.0000000180025095e-35 2.3121149539947514 1.0000000180025095e-35 1.0000000180025095e-35 1.0000000180025095e-35 -0.20876112580299375
decision_type=2 2 2 2 2 2 2 2 2 2 2 2 2 2 2 2 2 2 2 2 2 2 2 2 2 2 2 2 2 2
left_child=1 3 4 8 22 6 7 -6 -1 11 -11 13 -13 -10 -15 -16 19 18 26 21 -21 25 -2 24 27 -3 -18 -24 29 -5
right_child=2 16 -4 28 5 -7 -8 -9 9 10 -12 12 -14 14 15 -17 17 -19 -20 20 -22 -23 23 -25 -26 -27 -28 -29 -30 -31
leaf_value=-0.06451732328647139 -0.07144064900391843 0.073023175609642096 -0.093376129255796927 0.017502397604599644 0.0084234399459425582 0.063538731521456032 -0.09586744529076742 0.10268292933386135 -0.12267062664397638 -0.067623096759605109 -0.020154361884163509 -0.011433353741858332 0.10713618466940084 -0.048138374663617402 0.095624235841154315 -0.038554574235886221 -0.011290783023659276 -0.084846681960985285 -0.07403108998754164 0.020402010493000826 0.16993487030572418 0.079647806179365496 0.0013028425074054217 0.031225363457929048 -0.061977062483868472 -0.00014121713503006744 0.069384135540593569 0.060715437014241896 -0.099338386861326317 -0.018113027513435312
leaf_weight=34.868193693459034 5.9335836023092261 7.0398865789175025 4.208370476961135 42.253421291708946 85.944130420684814 54.467157706618309 6.4851969778537741 6.9246770143508902 3.1113702505826941 35.518562018871307 37.77431558817625 6.9116400480270368 7.0448006242513657 10.322711765766147 6.2086071670055389 4.6956757009029388 14.39230173826218 10.420794144272802 7.5508781671524039 3.974447399377822 3.3414129018783569 6.5210207849740973 162.18872475624084 57.833167567849159 11.846944600343702 160.49883905053139 8.8179386705160141 10.678863927721975 4.1799449622631064 84.036390021443367
leaf_count=243 30 36 21 250 399 248 32 31 21 235 253 42 39 66 37 31 85 60 46 23 20 35 764 277 59 904 48 49 28 494
internal_value=-0.000382457 -0.0114819 0.0132555 -0.023114 0.0143709 0.0277858 0.0081856 0.0154518 -0.0355261 -0.0264671 -0.0431583 0.00547832 0.0484171 -0.0191442 -0.00396971 0.0378433 0.00299185 -0.024133 -0.00356538 0.00915065 0.088699 0.00580717 0.00606646 0.00796256 0.000679099 0.00293311 0.0193589 0.00497304 -0.00918103 -0.00619699
internal_weight=905.994 499.483 406.511 276.926 402.302 153.821 99.354 92.8688 146.456 111.588 73.2929 38.2948 13.9564 24.3384 21.227 10.9043 222.558 41.1819 30.7611 181.376 7.31586 174.06 248.481 242.548 184.715 167.539 23.2102 172.868 130.47 126.29
internal_count=4906 2996 1910 1739 1889 710 462 430 967 724 488 236 81 155 134 68 1257 239 179 1018 43 975 1179 1149 872 940 133 813 772 744
is_linear=0
shrinkage=0.1


Tree=12
num_leaves=31
num_cat=0
split_feature=5 13 8 9 15 0 44 55 151 13 138 25 84 24 0 10 7 10 1 12 133 67 137 15 81 7 0 12 55 24
split_gain=12.0521 7.12938 7.89078 7.02434 6.73625 6.11641 5.70698 5.68706 5.43332 5.4267 5.63689 5.1346 4.76346 4.75934 5.3623 7.12173 5.93685 5.89245 4.65476 4.57068 4.48069 4.37618 4.35069 5.90478 5.64911 5.88565 4.08997 4.26122 4.0484 3.41506
threshold=1.0000000180025095e-35 1.0000000180025095e-35 1.0000000180025095e-35 1.0000000180025095e-35 1.0000000180025095e-35 7.2840518951416025 1.0000000180025095e-35 1.0000000180025095e-35 1.0000000180025095e-35 1.0000000180025095e-35 1.0000000180025095e-35 1.0000000180025095e-35 1.0000000180025095e-35 1.0000000180025095e-35 13.030800819396974 1.0000000180025095e-35 1.0000000180025095e-35 1.0000000180025095e-35 -0.36938171088695521 1.0000000180025095e-35 1.0000000180025095e-35 1.0000000180025095e-35 1.0000000180025095e-35 1.0000000180025095e-35 1.0000000180025095e-35 1.0000000180025095e-35 4.1437373161315927 1.0000000180025095e-35 1.0000000180025095e-35 1.0000000180025095e-35
decision_type=2 2 2 2 2 2 2 2 2 2 2 2 2 2 2 2 2 2 2 2 2 2 2 2 2 2 2 2 2 2
left_child=1 2 6 9 5 18 -1 -8 -4 22 -11 -5 -7 -9 17 -16 -17 20 26 -19 -15 -20 24 -24 25 -2 27 28 -3 -6
right_child=3 4 8 11 29 12 7 13 -10 10 -12 -13 -14 14 15 16 -18 19 21 -21 -22 -23 23 -25 -26 -27 -28 -29 -30 -31
leaf_value=-0.052049814458578349 -0.0089343229563821659 -0.045362088376848561 -0.0025712975159646761 0.045593429256649241 0.042892608121777878 -0.015179991957252276 0.010840765105991711 -0.032538494514716972 0.10148713316652457 -0.018404738028265075 -0.12885131282522364 -0.039925997551256399 0.07617021323467231 0.001151040404727937 0.13177493888459688 -0.018660329074282774 0.11254484264092593 0.042216409000430416 -0.0041578597961939136 0.1181431616217939 0.08620280529678874 0.11315389362571933 0.1273252965934524 -0.011905997041587686 -0.026825134978030185 0.044298777778793562 -0.02442749947492304 0.090310317596787038 0.066735034853918726 -0.034721216502043656
leaf_weight=7.8246559202671042 42.149956241250038 7.3038846999406815 148.53418923914433 7.4859518259763709 6.1458795666694632 80.856184892356396 62.38092015683651 6.8598173558711997 5.1932099014520636 77.387521997094154 4.9144403189420691 112.9498068317771 6.1418524980545035 36.987921327352524 17.098552137613297 8.2859829068183917 5.9073859155178061 21.051677629351616 4.4335216134786579 12.718599662184713 7.440018653869628 11.245850935578346 6.7166356742382032 5.57365782558918 44.589692980051041 40.946360096335411 15.479043960571287 10.208430886268616 5.7645287588238716 73.091329880058765
leaf_count=41 253 39 749 48 34 451 313 35 25 467 30 697 33 185 83 44 25 97 23 60 37 60 34 29 236 183 87 53 31 424
internal_value=-0.000385992 0.00864072 0.0177192 -0.0151609 -0.00535872 0.00771881 0.0315425 0.0352021 0.000943998 -0.00462269 -0.0249998 -0.0346103 -0.00873089 0.0482634 0.0533258 0.0883099 0.0359482 0.0393266 0.0340086 0.070812 0.015394 0.0799827 0.00735843 0.0641838 0.00188876 0.0172967 0.015409 0.0419001 0.0040844 -0.0287013
internal_weight=903.667 560.953 340.283 342.714 220.671 141.433 186.556 178.731 153.727 222.278 82.302 120.436 86.998 116.35 109.49 31.2919 14.1934 78.1982 54.4353 33.7703 44.4279 15.6794 139.976 12.2903 127.686 83.0963 38.7559 23.2768 13.0684 79.2372
internal_count=4906 2929 1694 1977 1235 777 920 879 774 1232 497 745 484 566 531 152 69 379 293 157 222 83 735 63 672 436 210 123 70 458
is_linear=0
shrinkage=0.1


Tree=13
num_leaves=31
num_cat=0
split_feature=9 20 242 13 7 177 5 15 138 18 0 1 21 85 26 15 1 0 14 6 81 0 12 11 81 10 104 93 8 0
split_gain=11.0355 7.35373 7.15576 5.76336 5.74623 5.56911 4.40705 6.25536 5.30275 4.25653 3.89805 7.7113 4.5513 3.87385 3.78975 5.94606 6.32582 10.5413 4.15645 3.82688 5.16604 3.69874 4.6445 4.18192 3.89532 3.75519 3.59108 4.38604 3.75742 3.5786
threshold=1.0000000180025095e-35 1.0000000180025095e-35 1.0000000180025095e-35 1.0000000180025095e-35 1.0000000180025095e-35 1.0000000180025095e-35 1.0000000180025095e-35 1.0000000180025095e-35 1.0000000180025095e-35 1.0000000180025095e-35 7.7577002048492441 -0.065480265766382204 1.0000000180025095e-35 1.0000000180025095e-35 1.0000000180025095e-35 1.0000000180025095e-35 -0.37987679243087763 12.921286582946779 1.0000000180025095e-35 1.0000000180025095e-35 1.0000000180025095e-35 13.289527893066408 1.0000000180025095e-35 1.0000000180025095e-35 1.0000000180025095e-35 1.0000000180025095e-35 1.0000000180025095e-35 1.0000000180025095e-35 1.0000000180025095e-35 6.0766596794128427
decision_type=2 2 2 2 2 2 2 2 2 2 2 2 2 2 2 2 2 2 2 2 2 2 2 2 2 2 2 2 2 2
left_child=3 2 4 9 13 6 7 10 14 -1 29 -12 21 26 18 -16 -17 -18 -8 20 -20 24 23 -23 -13 -26 27 -2 -28 -5
right_child=1 -3 -4 5 -6 -7 8 -9 -10 -11 11 12 -14 -15 15 16 17 -19 19 -21 -22 22 -24 -25 25 -27 28 -29 -30 -31
leaf_value=-0.077000678752002019 -0.030795230790179685 0.12254547099785557 0.12819622490521007 0.030862892412708034 -0.0024590659083720203 -0.11506961237947716 -0.016525912916494009 -0.019288937625617151 -0.12548055171901584 0.017735218154007523 -0.13923550387067068 -0.035801882481033089 -0.074366872231792169 0.060608131293200612 -0.060861155278487983 -0.072145667764572402 0.12512666374714962 -0.092470826971546766 0.088314997381352844 0.15229893279367043 -0.069161098153705122 -0.036983334040578596 0.12043748510384709 0.087321067438528729 -0.01521119633712714 0.10666762111560996 0.10549567531768488 -0.1084795896481226 -0.037520346707659177 0.10113947833630284
leaf_weight=4.810728281736373 170.83245038986206 3.8655850887298575 3.3986859768629065 27.066751651465893 142.54303438961506 4.4513059109449378 18.940178722143173 50.159549169242382 4.5600227415561667 335.41369253396988 3.370988354086875 12.685748741030693 4.8378878086805335 4.7045962810516349 28.169747106730938 5.463074371218684 7.4657979458570463 3.1723025739192963 5.1299565136432665 3.2061336487531653 3.5075403600931168 5.9910547882318514 7.7349122017621985 4.9365583658218384 4.9222094863653183 5.1972368508577347 3.8449043184518805 7.5907805562019339 3.5178152397274971 9.8947762250900251
leaf_count=26 1135 21 19 135 688 24 116 284 30 1650 17 67 26 27 170 34 44 21 32 19 22 32 41 26 26 25 23 53 24 49
internal_value=-0.000387147 -0.0145949 -0.0161706 0.00822981 -0.0176439 -0.0043491 -0.00207174 0.00881482 -0.0207775 0.0163957 0.0250856 0.00678912 0.0174195 -0.0290067 -0.0144162 -0.0331539 0.0153211 0.0602387 0.0125311 0.0589986 0.0243666 0.0281279 0.0611423 0.0191713 0.00111073 0.0473844 -0.031276 -0.0341002 0.0371644 0.0496763
internal_weight=901.386 340.298 336.432 561.088 333.034 220.864 216.412 136.798 79.6148 340.224 86.6381 49.6766 46.3056 190.491 75.0547 44.2709 16.1012 10.6381 30.7838 11.8436 8.6375 41.4677 18.6625 10.9276 22.8052 10.1194 185.786 178.423 7.36272 36.9615
internal_count=4906 1990 1969 2916 1950 1240 1216 728 488 1676 444 260 243 1262 458 269 99 65 189 73 54 217 99 58 118 51 1235 1188 47 184
is_linear=0
shrinkage=0.1


Tree=14
num_leaves=31
num_cat=0
split_feature=299 7 10 152 188 16 0 78 67 15 9 26 42 13 93 16 86 99 0 22 25 71 67 61 94 26 14 74 96 11
split_gain=9.29377 9.51596 6.51485 4.06659 3.92974 3.99815 3.76996 4.38292 5.4505 4.11413 3.77394 3.91291 4.33328 3.64917 4.16736 4.05 4.49491 3.38224 3.42555 8.34142 5.1101 4.87668 3.76039 3.56036 3.34165 4.677 4.31339 3.33252 3.91257 3.41699
threshold=1.0000000180025095e-35 1.0000000180025095e-35 1.0000000180025095e-35 1.0000000180025095e-35 1.0000000180025095e-35 1.0000000180025095e-35 5.405886411666871 1.0000000180025095e-35 1.0000000180025095e-35 1.0000000180025095e-35 1.0000000180025095e-35 1.0000000180025095e-35 1.0000000180025095e-35 1.0000000180025095e-35 1.0000000180025095e-35 1.0000000180025095e-35 1.0000000180025095e-35 1.0000000180025095e-35 8.2737851142883319 1.0000000180025095e-35 1.0000000180025095e-35 1.0000000180025095e-35 1.0000000180025095e-35 1.0000000180025095e-35 1.0000000180025095e-35 1.0000000180025095e-35 1.0000000180025095e-35 1.0000000180025095e-35 1.0000000180025095e-35 1.0000000180025095e-35
decision_type=2 2 2 2 2 2 2 2 2 2 2 2 2 2 2 2 2 2 2 2 2 2 2 2 2 2 2 2 2 2
left_child=1 2 4 13 5 6 -1 8 10 -10 11 -8 -13 14 15 -3 -17 18 -4 20 -20 24 -23 -24 25 26 -22 29 -29 -7
right_child=-2 3 17 -5 -6 27 7 -9 9 -11 -12 12 -14 -15 -16 16 -18 -19 19 -21 21 22 23 -25 -26 -27 -28 28 -30 -31
leaf_value=-0.059398082689398918 -0.13402926123813758 0.0097345065406717109 -0.0041550797877810998 0.10967443492142137 -0.12395274913150232 -0.035795130534828655 -0.060730479039029429 0.051852010868609501 -0.032035501444462287 0.021984454495842749 -0.08751041883671172 0.075079178842631419 -0.066978100970561283 -0.0025319010634624398 -0.040836189191337927 0.030782978989189441 0.12772600718549701 -0.02318395313349926 0.096659101627462635 0.17280746199501754 0.031108664386541553 0.017950598956705546 -0.067320637651022655 0.020939663735327019 0.12588819178531646 -0.0036854744948398768 0.15326892512712212 0.029375874421662281 -0.049599429133964729 0.0056814312503040299
leaf_weight=32.851413555443287 5.1742362678050986 149.17139430344105 91.901073023676872 4.1929280161857596 3.5530892983078948 44.882853858172894 13.723668470978737 7.7356051951646796 29.391033105552197 27.095738790929317 18.480718612670898 5.8973811790347099 3.3768082335591316 137.4643748998642 11.679035305976866 98.000105261802673 5.0282600522041312 38.554895646870136 7.3820738196372977 3.582930088043212 8.3026195466518384 19.99368254840374 15.813431821763517 6.4284850209951392 3.7394006252288809 20.27647078037262 4.4340298175811759 38.133056111633778 7.5081888586282721 35.630958184599876
leaf_count=243 30 693 518 19 24 282 87 48 200 176 137 36 22 692 53 418 21 225 41 20 45 116 94 36 19 115 23 226 45 202
internal_value=-0.000394335 0.000378931 -0.00901862 0.0117029 -0.0194846 -0.0180824 -0.0298095 -0.0206135 -0.0263356 -0.00612305 -0.0538616 -0.0268219 0.023355 0.0106794 0.0175617 0.020266 0.0355142 0.00371958 0.0094234 0.0232959 0.0170937 0.00965764 -0.0135209 -0.0418111 0.0362941 0.0261458 0.0736365 -0.00520283 0.0163841 -0.0174399
internal_weight=899.38 894.206 488.67 405.536 268.261 264.707 138.552 105.701 97.9653 56.4868 41.4786 22.9979 9.27419 401.343 263.879 252.2 103.028 220.409 181.854 89.9531 86.3702 78.9881 42.2356 22.2419 36.7525 33.0131 12.7366 126.155 45.6412 80.5138
internal_count=4906 4876 2980 1896 1728 1704 949 706 658 376 282 145 58 1877 1185 1132 439 1252 1027 509 489 448 246 130 202 183 68 755 271 484
is_linear=0
shrinkage=0.1


Tree=15
num_leaves=31
num_cat=0
split_feature=5 242 9 63 13 9 55 128 0 0 10 97 25 139 40 214 153 40 68 0 10 0 67 13 16 34 15 35 26 168
split_gain=8.95988 5.75549 5.27158 5.10801 5.37109 4.90404 4.63874 4.63126 4.91855 8.66823 4.91837 4.46539 4.2147 3.793 3.78714 3.76282 4.1853 3.55234 5.0628 5.43326 3.95985 8.82999 4.38391 3.70245 3.32326 5.82131 4.70375 4.56722 4.87388 4.22971
threshold=1.0000000180025095e-35 1.0000000180025095e-35 1.0000000180025095e-35 1.0000000180025095e-35 1.0000000180025095e-35 1.0000000180025095e-35 1.0000000180025095e-35 1.0000000180025095e-35 9.6605067253112811 8.4750170707702654 1.0000000180025095e-35 1.0000000180025095e-35 1.0000000180025095e-35 1.0000000180025095e-35 1.0000000180025095e-35 1.0000000180025095e-35 1.0000000180025095e-35 1.0000000180025095e-35 1.0000000180025095e-35 16.56947231292725 1.0000000180025095e-35 11.623545169830324 1.0000000180025095e-35 1.0000000180025095e-35 1.0000000180025095e-35 1.0000000180025095e-35 1.0000000180025095e-35 1.0000000180025095e-35 1.0000000180025095e-35 1.0000000180025095e-35
decision_type=2 2 2 2 2 2 2 2 2 2 2 2 2 2 2 2 2 2 2 2 2 2 2 2 2 2 2 2 2 2
left_child=1 2 15 4 6 13 14 8 9 10 -8 -10 -7 -2 -4 16 17 24 20 -20 21 -19 -23 -24 27 -26 -27 29 -29 -1
right_child=5 -3 3 -5 -6 12 7 -9 11 -11 -12 -13 -14 -15 -16 -17 -18 18 19 -21 -22 22 23 -25 25 26 -28 28 -30 -31
leaf_value=-0.014778901013413483 -0.00015187597935759607 0.11478759130452683 -0.0050529795728869401 -0.08280221135790744 -0.024261999684624641 0.042186081470128284 -0.014104368609714001 0.11724437893636022 0.022397360865436693 -0.10293313346168267 0.082500116230246542 0.098482232070975131 -0.034971074123055189 -0.043766927901417334 -0.089150144622327759 0.097511786484067275 0.097652888319743947 -0.096711441168800524 -0.060230503219217073 0.05736043529374274 0.093551352341339378 0.12237637921212351 0.081639948631737833 -0.0564336786334656 0.026203620027213322 -0.0011287939816063315 -0.11772981352362775 0.10184570828806452 -0.00043927456166099725 0.067961798890989841
leaf_weight=119.21598346531391 198.4001295492053 4.9425745606422415 40.597843438386917 8.2835092768073064 74.421522788703442 7.5742062404751769 16.498536594212059 4.9102706909179679 40.229401253163815 8.0638818889856321 7.7438310235738745 9.543614409863947 108.43368346989155 22.167086318135262 6.1684966608881941 5.3340830802917472 5.7203210443258277 4.4790659621357944 9.3483576029539126 6.7783327102661124 16.012738198041916 6.8118584305047971 3.876800075173378 3.8915649950504303 115.68069185316563 10.866053849458693 5.075837939977645 7.944068282842637 11.263962745666504 6.5160340070724478
leaf_count=614 1103 24 219 52 465 48 91 24 215 42 39 51 697 129 33 26 28 23 47 33 74 35 18 22 555 50 24 37 56 32
internal_value=-0.000393629 0.00735396 0.00639768 -0.00579243 -0.00272816 -0.0132893 0.00925322 0.0229078 0.0172642 -0.0131205 0.0167544 0.0369861 -0.0299334 -0.0045352 -0.0161454 0.0141856 0.0128528 0.0113728 0.035569 -0.010805 0.0568924 0.0260933 0.0638191 0.0124719 0.00689352 0.0183966 -0.0382541 -0.00355263 0.0418638 -0.0104909
internal_weight=896.794 560.219 555.277 216.461 208.177 336.575 133.756 86.9895 82.0793 32.3062 24.2424 49.773 116.008 220.567 46.7663 338.816 333.482 327.761 51.1987 16.1267 35.072 19.0593 14.5802 7.76837 276.563 131.623 15.9419 144.94 19.208 125.732
internal_count=4906 2929 2905 1231 1179 1977 714 462 438 172 130 266 745 1232 252 1674 1648 1620 252 80 172 98 75 40 1368 629 74 739 93 646
is_linear=0
shrinkage=0.1


Tree=16
num_leaves=31
num_cat=0
split_feature=299 7 10 13 5 78 12 102 74 0 101 1 61 0 81 1 5 16 82 42 54 99 0 132 1 61 26 168 16 79
split_gain=8.10507 7.62427 5.11734 3.71791 3.72034 4.80615 3.82067 3.81614 3.69039 6.14881 4.6111 3.88741 4.80686 3.78135 3.83215 5.1334 3.79731 3.66883 4.59247 4.08136 4.65218 4.94489 6.43485 3.50027 6.12646 5.66648 4.4331 3.37567 3.65374 5.2834
threshold=1.0000000180025095e-35 1.0000000180025095e-35 1.0000000180025095e-35 1.0000000180025095e-35 1.0000000180025095e-35 1.0000000180025095e-35 1.0000000180025095e-35 1.0000000180025095e-35 1.0000000180025095e-35 4.0561258792877206 1.0000000180025095e-35 0.73214691877365123 1.0000000180025095e-35 11.741273403167726 1.0000000180025095e-35 -0.12221461907029151 1.0000000180025095e-35 1.0000000180025095e-35 1.0000000180025095e-35 1.0000000180025095e-35 1.0000000180025095e-35 1.0000000180025095e-35 6.9705681800842294 1.0000000180025095e-35 -0.038862271234393113 1.0000000180025095e-35 1.0000000180025095e-35 1.0000000180025095e-35 1.0000000180025095e-35 1.0000000180025095e-35
decision_type=2 2 2 2 2 2 2 2 2 2 2 2 2 2 2 2 2 2 2 2 2 2 2 2 2 2 2 2 2 2
left_child=1 2 3 4 5 7 -7 -1 10 -10 -5 13 -13 14 15 -11 -17 19 23 20 -6 22 -22 24 -19 26 -26 28 -3 -30
right_child=-2 27 -4 8 17 6 -8 -9 9 11 -12 12 -14 -15 -16 16 -18 18 -20 -21 21 -23 -24 -25 25 -27 -28 -29 29 -31
leaf_value=-0.0080177581033281133 -0.12995531175257355 0.0044197969056768444 0.0030839707756182893 -0.052069707903564882 -0.078847425416640901 0.15201228166211178 0.01623181020961818 0.074208002362237707 0.13720247798059737 -0.065872830887609896 0.076750088643183348 -0.030341508718122842 0.14609753531723421 -0.074897103515109018 -0.054632860023034358 0.020491817378097358 0.16603477743168446 -0.068150291685455305 -0.099886004865990821 -0.11970880009134595 -0.03729287357702981 -0.082263208492750095 0.11006721233218178 0.09603307080585631 0.025551624034576143 -0.030571968372014053 0.17990518065222449 -0.029861348986273996 0.018566362923314227 0.083662847279104446
leaf_weight=75.961799338459969 4.8021817132830611 228.87728962302208 220.37595841288567 63.54849511384964 12.128083623945715 3.7844991981983167 4.5807109028100967 6.0973301678895941 2.7127108871936789 3.4392368495464289 2.9057397544383994 3.2311682105064383 2.9573041498661041 12.739201113581656 8.5744919031858444 4.2296227142214811 3.1113025844097137 8.5142338871955943 4.0343086719512931 6.4442425221204749 5.8493742197752017 4.8771986514329901 6.0059716627001762 4.4055860936641684 3.9295420199632645 6.2243612110614777 3.534164234995842 19.791898936033249 143.58191758394241 13.653662890195845
leaf_count=446 30 1100 1252 465 92 20 24 32 20 24 18 22 20 90 57 30 21 52 26 48 40 33 41 25 24 38 20 92 644 60
internal_value=-0.000389418 0.000309602 -0.00816424 -0.0175602 -0.00771963 0.00545286 0.0776602 -0.00190805 -0.0318811 -0.00828555 -0.046437 -0.0185949 0.053974 -0.032588 -0.00474016 0.0349443 0.0821773 -0.0257813 -0.000463638 -0.0477553 -0.0316889 0.00249254 0.0373604 0.0146109 -0.00154569 0.0398836 0.0986401 0.0104179 0.0124826 0.0242191
internal_weight=894.904 890.101 484.197 263.821 156.371 90.4243 8.36521 82.0591 107.449 40.995 66.4542 38.2823 6.18847 32.0939 19.3547 10.7802 7.34093 65.9471 30.6422 35.3049 28.8606 16.7325 11.8553 26.6079 22.2023 13.6881 7.46371 405.905 386.113 157.236
internal_count=4906 4876 2980 1728 961 522 44 478 767 284 483 264 42 222 132 75 51 439 185 254 206 114 81 159 134 82 44 1896 1804 704
is_linear=0
shrinkage=0.1


Tree=17
num_leaves=31
num_cat=0
split_feature=299 5 148 242 9 63 8 13 108 15 9 25 67 13 100 40 61 10 139 55 0 128 71 16 10 99 21 99 13 138
split_gain=7.12511 6.84879 4.53029 4.39214 4.20706 4.36871 4.12524 4.10495 6.22119 3.98749 3.8956 3.73518 3.61748 3.53836 4.42784 3.52905 3.85519 3.40012 3.35737 3.21438 3.89708 3.40049 4.0101 6.08906 5.60849 4.93808 4.12514 3.19009 3.05166 4.57898
threshold=1.0000000180025095e-35 1.0000000180025095e-35 1.0000000180025095e-35 1.0000000180025095e-35 1.0000000180025095e-35 1.0000000180025095e-35 1.0000000180025095e-35 1.0000000180025095e-35 1.0000000180025095e-35 1.0000000180025095e-35 1.0000000180025095e-35 1.0000000180025095e-35 1.0000000180025095e-35 1.0000000180025095e-35 1.0000000180025095e-35 1.0000000180025095e-35 1.0000000180025095e-35 1.0000000180025095e-35 1.0000000180025095e-35 1.0000000180025095e-35 8.5516767501831072 1.0000000180025095e-35 1.0000000180025095e-35 1.0000000180025095e-35 1.0000000180025095e-35 1.0000000180025095e-35 1.0000000180025095e-35 1.0000000180025095e-35 1.0000000180025095e-35 1.0000000180025095e-35
decision_type=2 2 2 2 2 2 2 2 2 2 2 2 2 2 2 2 2 2 2 2 2 2 2 2 2 2 2 2 2 2
left_child=1 2 3 4 6 13 7 8 -1 12 18 -12 15 14 19 16 17 -9 28 20 -6 22 24 -24 26 -25 -21 -15 -3 -30
right_child=-2 10 -4 -5 5 -7 -8 9 -10 -11 11 -13 -14 27 -16 -17 -18 -19 -20 21 -22 -23 23 25 -26 -27 -28 -29 29 -31
leaf_value=0.02885880327264629 -0.12650941289326076 0.0099303416632364003 0.10380699362662148 0.098155481697482672 0.010001600085690142 -0.078589339056100563 -1.3254358889546134e-05 -0.10807890153834543 0.1247425251264483 -0.021142478727053379 0.041728495146641502 -0.03115413267664377 0.049042465739893987 -0.012049701659696902 -0.094163468032021441 0.067217110946505967 0.046643616265873912 -0.0045782884698731619 -0.040713078867135072 -0.039161952308947333 -0.052627593640086394 0.10060522249341036 0.0073482847621086844 0.16283702733259908 0.046302526067894464 0.026203916735852546 0.04715259132563198 -0.07184447775502964 -0.0098418178504560624 -0.12097517486837367
leaf_weight=94.818054139614105 4.457408867776393 127.43681601434946 4.7930258214473715 5.1420323103666297 28.518782936036587 7.9185191467404357 150.37893252074718 6.3013375997543388 7.2868334501981726 33.110360980033875 7.5365315005183211 104.98747009783983 26.32227611541748 61.88264299929142 4.2017937302589408 5.2075386941432944 5.1484114378690711 6.3953999876976013 21.68278456479311 28.415278509259224 15.247279070317743 5.1161427497863761 14.908435545861721 6.3313314616680145 17.958479955792427 4.5431967973709106 6.8769892305135718 10.42545038461685 65.296696715056896 3.9306683838367453
leaf_count=433 30 664 24 24 156 52 752 34 31 185 47 693 132 394 22 26 25 31 129 157 82 24 80 31 89 24 36 66 404 29
internal_value=-0.000394235 0.000238729 0.00700542 0.00616558 0.00530133 -0.00571034 0.0122819 0.0222983 0.0357017 0.00570682 -0.0111576 -0.0262727 0.0237117 -0.00288735 0.00684564 -0.00521177 -0.0263478 -0.0559452 -0.00336819 0.0101636 -0.0118172 0.0215958 0.0164812 0.048853 0.00080737 0.105754 -0.0223429 -0.020671 0.000749194 -0.0161519
internal_weight=892.577 888.119 557.249 552.455 547.313 212.344 334.969 184.59 102.105 82.4853 330.871 112.524 49.375 204.426 132.118 23.0527 17.8451 12.6967 218.347 127.916 43.7661 84.1499 79.0337 25.783 53.2507 10.8745 35.2923 72.3081 196.664 69.2274
internal_count=4906 4876 2910 2886 2862 1213 1649 897 464 433 1966 740 248 1161 701 116 90 65 1226 679 238 441 417 135 282 55 193 460 1097 433
is_linear=0
shrinkage=0.1


Tree=18
num_leaves=31
num_cat=0
split_feature=299 7 0 242 13 174 11 0 72 0 16 94 55 56 0 36 73 14 55 16 61 101 100 82 67 70 0 8 1 11
split_gain=6.28496 6.10804 4.03324 4.06949 4.34717 5.36204 4.23928 4.50449 4.74097 4.46342 3.91425 3.55802 3.84565 3.77921 3.77484 3.25362 5.89149 3.21824 4.17723 3.1202 3.04762 6.56205 3.84637 3.4305 4.88736 4.30026 6.50571 5.56824 4.16196 3.11071
threshold=1.0000000180025095e-35 1.0000000180025095e-35 2.3121149539947514 1.0000000180025095e-35 1.0000000180025095e-35 1.0000000180025095e-35 1.0000000180025095e-35 13.474332809448244 1.0000000180025095e-35 16.119096755981449 1.0000000180025095e-35 1.0000000180025095e-35 1.0000000180025095e-35 1.0000000180025095e-35 3.2429842948913579 1.0000000180025095e-35 1.0000000180025095e-35 1.0000000180025095e-35 1.0000000180025095e-35 1.0000000180025095e-35 1.0000000180025095e-35 1.0000000180025095e-35 1.0000000180025095e-35 1.0000000180025095e-35 1.0000000180025095e-35 1.0000000180025095e-35 8.8049278259277362 1.0000000180025095e-35 -0.10852536559104918 1.0000000180025095e-35
decision_type=2 2 2 2 2 2 2 2 2 2 2 2 2 2 2 2 2 2 2 2 2 2 2 2 2 2 2 2 2 2
left_child=1 2 -1 4 6 20 7 15 -9 11 -7 12 14 -14 -8 -4 17 18 -17 -13 21 22 -6 24 29 26 -26 -28 -25 -22
right_child=-2 -3 3 -5 5 10 9 8 -10 -11 -12 19 13 -15 -16 16 -18 -19 -20 -21 23 -23 -24 28 25 -27 27 -29 -30 -31
leaf_value=0.047497596989861647 -0.12352594084746862 0.0092150373630236378 -0.031972187664769218 0.092652991387494665 -0.043021495786035924 -0.0072603250205301208 -0.08610317334085385 -0.084001795732795814 0.030355994253463338 -0.047698328971860486 0.13262192035642059 0.0089663868984301929 0.10814844000441914 0.028321316756642491 0.0084024637492883299 0.073710905912700325 0.087319510532962261 -0.065230672126913691 -0.052755089046063769 -0.11066169046270108 -0.084210687507564844 0.10084211682895357 0.071136180680912112 0.1367188570183511 -0.0200321864635453 -0.047520679740974812 0.15289628720076365 -7.6902393153154191e-06 -0.0010696771738013188 -0.012594331994909724
leaf_weight=12.997270628809927 4.1256015300750724 406.01900614798069 89.667593225836754 3.9069462269544593 104.78784969449043 4.2849300652742368 4.9125304743647566 4.0855670347809783 32.174774058163166 11.616478107869623 3.7521196305751801 4.9580463916063291 6.5179112628102294 65.819276265799999 30.266176834702492 5.8088803887367284 6.9096506237983695 8.7266130447387695 4.7454908192157745 3.8916588425636292 13.088079161942005 3.4224846661090842 3.0370267182588568 3.3595834374427795 10.508190497756006 9.1670328527688998 6.0506888255476934 3.9276610910892487 6.3085092380642873 11.302857652306557
leaf_count=73 30 1896 546 22 726 29 31 24 196 70 22 29 36 361 182 34 35 50 27 21 94 20 20 21 70 63 38 25 41 74
internal_value=-0.000386042 0.000187338 -0.00744892 -0.00897814 -0.00983556 -0.0218223 -0.0020043 -0.0132885 0.0174709 0.0114081 0.0580441 0.0173085 0.0223252 0.0355141 -0.00479478 -0.0229154 0.00809196 -0.0203005 0.0168489 -0.0436401 -0.0254911 -0.0354791 -0.0398061 -0.00805124 -0.0178656 0.0094077 0.0348812 0.0927105 0.0468107 -0.0510234
internal_weight=890.146 886.021 480.002 467.005 463.098 182.997 280.101 152.119 36.2603 127.982 8.03705 116.366 107.516 72.3372 35.1787 115.858 26.1906 19.281 10.5544 8.84971 174.96 111.247 107.825 63.7126 54.0445 29.6536 20.4865 9.97835 9.66809 24.3909
internal_count=4906 4876 2980 2907 2885 1243 1642 912 220 730 51 660 610 397 213 692 146 111 61 50 1192 766 746 426 364 196 133 63 62 168
is_linear=0
shrinkage=0.1


Tree=19
num_leaves=31
num_cat=0
split_feature=10 199 273 103 9 64 25 0 0 54 61 71 42 15 9 9 6 73 73 97 0 22 21 26 26 15 12 101 32 22
split_gain=5.75945 6.8602 5.13432 4.68173 4.35528 4.02239 4.37993 8.6481 4.67648 6.14616 4.19741 6.10041 5.12516 8.81712 7.78563 4.92543 4.00196 5.39965 3.8986 3.69985 3.78727 3.63314 6.03609 3.43012 3.34171 9.69039 3.25047 4.14388 3.81047 4.77105
threshold=1.0000000180025095e-35 1.0000000180025095e-35 1.0000000180025095e-35 1.0000000180025095e-35 1.0000000180025095e-35 1.0000000180025095e-35 1.0000000180025095e-35 12.34633779525757 16.880219459533695 1.0000000180025095e-35 1.0000000180025095e-35 1.0000000180025095e-35 1.0000000180025095e-35 1.0000000180025095e-35 1.0000000180025095e-35 1.0000000180025095e-35 1.0000000180025095e-35 1.0000000180025095e-35 1.0000000180025095e-35 1.0000000180025095e-35 15.683778285980226 1.0000000180025095e-35 1.0000000180025095e-35 1.0000000180025095e-35 1.0000000180025095e-35 1.0000000180025095e-35 1.0000000180025095e-35 1.0000000180025095e-35 1.0000000180025095e-35 1.0000000180025095e-35
decision_type=2 2 2 2 2 2 2 2 2 2 2 2 2 2 2 2 2 2 2 2 2 2 2 2 2 2 2 2 2 2
left_child=1 2 3 4 26 6 7 -2 9 -9 11 -8 15 14 -14 18 -13 -18 -12 20 -20 -6 -23 -24 -17 -26 -1 28 29 -28
right_child=5 -3 -4 -5 21 -7 10 8 -10 -11 12 16 13 -15 -16 24 17 -19 19 -21 -22 22 23 -25 25 -27 27 -29 -30 -31
leaf_value=-0.007960263295921732 -0.055340480757793298 -0.11311404626347482 0.11619668982027589 -0.10237148432577628 -0.021806056729897133 -0.028811794671610342 0.0093586342752340537 0.22419375149684495 0.0056764969726721863 0.068628258758241786 0.028116028187359511 -0.059681809004283881 0.067292044227515682 0.14371493046791228 -0.073186661130263356 0.088300205319043562 0.030422731250675086 -0.092886585646327083 -0.053922525657460744 0.050286640978198932 0.045030330525372364 -0.031551547010346868 0.027434672096218173 0.15995944316947552 0.073162743370711089 -0.095853863286607388 0.0070087448035417088 0.096978798332660918 0.042568475355350632 -0.070484687946540572
leaf_weight=164.38782028108835 5.0327873900532749 6.0551209971308699 3.4131372347474089 5.0810772702097884 176.52867608517408 26.20030303299427 174.88720039278269 4.2795502841472608 4.0724298059940329 6.246785894036293 23.353172868490219 24.116683319211006 12.395225375890734 8.9745838716626185 5.7872367650270453 11.700136810541153 14.956362418830397 4.6569164395332328 25.040940232574943 5.5567225068807593 4.5744175761938086 8.3202405646443385 4.0856668874621382 3.7416851967573166 10.271030217409132 5.0650363415479669 97.861367531120777 5.6120194867253295 27.33984250575304 8.6468104124069196
leaf_count=891 28 41 18 27 1117 149 911 20 22 31 112 136 58 43 31 68 77 27 126 27 22 54 22 22 57 29 525 27 140 48
internal_value=-0.000388427 -0.00730595 -0.00603732 -0.00686905 -0.00589175 0.00898502 0.0118066 0.0577007 0.0966706 0.131874 0.00908741 0.00100553 0.0247622 0.0626111 0.0225795 0.012749 -0.0324006 0.00114455 -0.00355839 -0.0245892 -0.0386382 -0.0176529 0.0277497 0.0907851 0.0480496 0.0173417 0.00156628 0.0127956 0.00926598 0.000717481
internal_weight=888.241 511.073 505.018 501.605 496.524 377.168 350.967 19.6316 14.5988 10.5263 331.336 218.617 112.719 27.157 18.1825 85.5615 43.73 19.6133 58.5253 35.1721 29.6154 192.676 16.1476 7.82735 27.0362 15.3361 303.848 139.46 133.848 106.508
internal_count=4906 2932 2891 2873 2846 1974 1825 101 73 51 1724 1151 573 132 89 441 240 104 287 175 148 1215 98 44 154 86 1631 740 713 573
is_linear=0
shrinkage=0.1


end of trees

feature_importances:
Column_0=82
Column_13=34
Column_5=30
Column_16=28
Column_9=26
Column_10=23
Column_7=18
Column_1=16
Column_11=15
Column_15=15
Column_26=14
Column_61=13
Column_8=12
Column_12=12
Column_81=11
Column_55=10
Column_67=10
Column_80=10
Column_93=10
Column_14=9
Column_108=9
Column_21=7
Column_25=7
Column_54=7
Column_6=6
Column_35=6
Column_99=6
Column_78=5
Column_82=5
Column_22=4
Column_24=4
Column_40=4
Column_64=4
Column_73=4
Column_101=4
Column_128=4
Column_138=4
Column_242=4
Column_299=4
Column_17=3
Column_19=3
Column_32=3
Column_34=3
Column_41=3
Column_42=3
Column_63=3
Column_68=3
Column_71=3
Column_74=3
Column_85=3
Column_94=3
Column_102=3
Column_113=3
Column_167=3
Column_168=3
Column_174=3
Column_23=2
Column_36=2
Column_69=2
Column_84=2
Column_86=2
Column_90=2
Column_97=2
Column_100=2
Column_104=2
Column_132=2
Column_135=2
Column_137=2
Column_139=2
Column_18=1
Column_20=1
Column_44=1
Column_47=1
Column_49=1
Column_56=1
Column_59=1
Column_62=1
Column_70=1
Column_72=1
Column_79=1
Column_87=1
Column_96=1
Column_98=1
Column_103=1
Column_127=1
Column_133=1
Column_140=1
Column_148=1
Column_151=1
Column_152=1
Column_153=1
Column_177=1
Column_188=1
Column_199=1
Column_214=1
Column_273=1

parameters:
[boosting: gbdt]
[objective: binary]
[metric: binary_logloss]
[tree_learner: serial]
[device_type: cpu]
[data_sample_strategy: bagging]
[data: ]
[valid: ]
[num_iterations: 300]
[learning_rate: 0.1]
[num_leaves: 31]
[num_threads: 0]
[seed: 0]
[deterministic: 0]
[force_col_wise: 0]
[force_row_wise: 0]
[histogram_pool_size: -1]
[max_depth: -1]
[min_data_in_leaf: 20]
[min_sum_hessian_in_leaf: 0.001]
[bagging_fraction: 1]
[pos_bagging_fraction: 1]
[neg_bagging_fraction: 1]
[bagging_freq: 0]
[bagging_seed: 7719]
[bagging_by_query: 0]
[feature_fraction: 1]
[feature_fraction_bynode: 1]
[feature_fraction_seed: 2437]
[extra_trees: 0]
[extra_seed: 11797]
[early_stopping_round: 0]
[early_stopping_min_delta: 0]
[first_metric_only: 0]
[max_delta_step: 0]
[lambda_l1: 0]
[lambda_l2: 0]
[linear_lambda: 0]
[min_gain_to_split: 0]
[drop_rate: 0.1]
[max_drop: 50]
[skip_drop: 0.5]
[xgboost_dart_mode: 0]
[uniform_drop: 0]
[drop_seed: 21238]
[top_rate: 0.2]
[other_rate: 0.1]
[min_data_per_group: 100]
[max_cat_threshold: 32]
[cat_l2: 10]
[cat_smooth: 10]
[max_cat_to_onehot: 4]
[top_k: 20]
[monotone_constraints: ]
[monotone_constraints_method: basic]
[monotone_penalty: 0]
[feature_contri: ]
[forcedsplits_filename: ]
[refit_decay_rate: 0.9]
[cegb_tradeoff: 1]
[cegb_penalty_split: 0]
[cegb_penalty_feature_lazy: ]
[cegb_penalty_feature_coupled: ]
[path_smooth: 0]
[interaction_constraints: ]
[verbosity: -1]
[saved_feature_importance_type: 0]
[use_quantized_grad: 0]
[num_grad_quant_bins: 4]
[quant_train_renew_leaf: 0]
[stochastic_rounding: 1]
[linear_tree: 0]
[max_bin: 255]
[max_bin_by_feature: ]
[min_data_in_bin: 3]
[bin_construct_sample_cnt: 200000]
[data_random_seed: 38]
[is_enable_sparse: 1]
[enable_bundle: 1]
[use_missing: 1]
[zero_as_missing: 0]
[feature_pre_filter: 1]
[pre_partition: 0]
[two_round: 0]
[header: 0]
[label_column: ]
[weight_column: ]
[group_column: ]
[ignore_column: ]
[categorical_feature: ]
[forcedbins_filename: ]
[precise_float_parser: 0]
[parser_config_file: ]
[objective_seed: 8855]
[num_class: 1]
[is_unbalance: 0]
[scale_pos_weight: 1]
[sigmoid: 1]
[boost_from_average: 1]
[reg_sqrt: 0]
[alpha: 0.9]
[fair_c: 1]
[poisson_max_delta_step: 0.7]
[tweedie_variance_power: 1.5]
[lambdarank_truncation_level: 30]
[lambdarank_norm: 1]
[label_gain: ]
[lambdarank_position_bias_regularization: 0]
[eval_at: ]
[multi_error_top_k: 1]
[auc_mu_weights: ]
[num_machines: 1]
[local_listen_port: 12400]
[time_out: 120]
[machine_list_filename: ]
[machines: ]
[gpu_platform_id: -1]
[gpu_device_id: -1]
[gpu_device_id_list: ]
[gpu_use_dp: 0]
[num_gpu: 1]

end of parameters

pandas_categorical:null
