tree
version=v4
num_class=1
num_tree_per_iteration=1
label_index=0
max_feature_idx=567
objective=binary sigmoid:1
feature_names=Column_0 Column_1 Column_2 Column_3 Column_4 Column_5 Column_6 Column_7 Column_8 Column_9 Column_10 Column_11 Column_12 Column_13 Column_14 Column_15 Column_16 Column_17 Column_18 Column_19 Column_20 Column_21 Column_22 Column_23 Column_24 Column_25 Column_26 Column_27 Column_28 Column_29 Column_30 Column_31 Column_32 Column_33 Column_34 Column_35 Column_36 Column_37 Column_38 Column_39 Column_40 Column_41 Column_42 Column_43 Column_44 Column_45 Column_46 Column_47 Column_48 Column_49 Column_50 Column_51 Column_52 Column_53 Column_54 Column_55 Column_56 Column_57 Column_58 Column_59 Column_60 Column_61 Column_62 Column_63 Column_64 Column_65 Column_66 Column_67 Column_68 Column_69 Column_70 Column_71 Column_72 Column_73 Column_74 Column_75 Column_76 Column_77 Column_78 Column_79 Column_80 Column_81 Column_82 Column_83 Column_84 Column_85 Column_86 Column_87 Column_88 Column_89 Column_90 Column_91 Column_92 Column_93 Column_94 Column_95 Column_96 Column_97 Column_98 Column_99 Column_100 Column_101 Column_102 Column_103 Column_104 Column_105 Column_106 Column_107 Column_108 Column_109 Column_110 Column_111 Column_112 Column_113 Column_114 Column_115 Column_116 Column_117 Column_118 Column_119 Column_120 Column_121 Column_122 Column_123 Column_124 Column_125 Column_126 Column_127 Column_128 Column_129 Column_130 Column_131 Column_132 Column_133 Column_134 Column_135 Column_136 Column_137 Column_138 Column_139 Column_140 Column_141 Column_142 Column_143 Column_144 Column_145 Column_146 Column_147 Column_148 Column_149 Column_150 Column_151 Column_152 Column_153 Column_154 Column_155 Column_156 Column_157 Column_158 Column_159 Column_160 Column_161 Column_162 Column_163 Column_164 Column_165 Column_166 Column_167 Column_168 Column_169 Column_170 Column_171 Column_172 Column_173 Column_174 Column_175 Column_176 Column_177 Column_178 Column_179 Column_180 Column_181 Column_182 Column_183 Column_184 Column_185 Column_186 Column_187 Column_188 Column_189 Column_190 Column_191 Column_192 Column_193 Column_194 Column_195 Column_196 Column_197 Column_198 Column_199 Column_200 Column_201 Column_202 Column_203 Column_204 Column_205 Column_206 Column_207 Column_208 Column_209 Column_210 Column_211 Column_212 Column_213 Column_214 Column_215 Column_216 Column_217 Column_218 Column_219 Column_220 Column_221 Column_222 Column_223 Column_224 Column_225 Column_226 Column_227 Column_228 Column_229 Column_230 Column_231 Column_232 Column_233 Column_234 Column_235 Column_236 Column_237 Column_238 Column_239 Column_240 Column_241 Column_242 Column_243 Column_244 Column_245 Column_246 Column_247 Column_248 Column_249 Column_250 Column_251 Column_252 Column_253 Column_254 Column_255 Column_256 Column_257 Column_258 Column_259 Column_260 Column_261 Column_262 Column_263 Column_264 Column_265 Column_266 Column_267 Column_268 Column_269 Column_270 Column_271 Column_272 Column_273 Column_274 Column_275 Column_276 Column_277 Column_278 Column_279 Column_280 Column_281 Column_282 Column_283 Column_284 Column_285 Column_286 Column_287 Column_288 Column_289 Column_290 Column_291 Column_292 Column_293 Column_294 Column_295 Column_296 Column_297 Column_298 Column_299 Column_300 Column_301 Column_302 Column_303 Column_304 Column_305 Column_306 Column_307 Column_308 Column_309 Column_310 Column_311 Column_312 Column_313 Column_314 Column_315 Column_316 Column_317 Column_318 Column_319 Column_320 Column_321 Column_322 Column_323 Column_324 Column_325 Column_326 Column_327 Column_328 Column_329 Column_330 Column_331 Column_332 Column_333 Column_334 Column_335 Column_336 Column_337 Column_338 Column_339 Column_340 Column_341 Column_342 Column_343 Column_344 Column_345 Column_346 Column_347 Column_348 Column_349 Column_350 Column_351 Column_352 Column_353 Column_354 Column_355 Column_356 Column_357 Column_358 Column_359 Column_360 Column_361 Column_362 Column_363 Column_364 Column_365 Column_366 Column_367 Column_368 Column_369 Column_370 Column_371 Column_372 Column_373 Column_374 Column_375 Column_376 Column_377 Column_378 Column_379 Column_380 Column_381 Column_382 Column_383 Column_384 Column_385 Column_386 Column_387 Column_388 Column_389 Column_390 Column_391 Column_392 Column_393 Column_394 Column_395 Column_396 Column_397 Column_398 Column_399 Column_400 Column_401 Column_402 Column_403 Column_404 Column_405 Column_406 Column_407 Column_408 Column_409 Column_410 Column_411 Column_412 Column_413 Column_414 Column_415 Column_416 Column_417 Column_418 Column_419 Column_420 Column_421 Column_422 Column_423 Column_424 Column_425 Column_426 Column_427 Column_428 Column_429 Column_430 Column_431 Column_432 Column_433 Column_434 Column_435 Column_436 Column_437 Column_438 Column_439 Column_440 Column_441 Column_442 Column_443 Column_444 Column_445 Column_446 Column_447 Column_448 Column_449 Column_450 Column_451 Column_452 Column_453 Column_454 Column_455 Column_456 Column_457 Column_458 Column_459 Column_460 Column_461 Column_462 Column_463 Column_464 Column_465 Column_466 Column_467 Column_468 Column_469 Column_470 Column_471 Column_472 Column_473 Column_474 Column_475 Column_476 Column_477 Column_478 Column_479 Column_480 Column_481 Column_482 Column_483 Column_484 Column_485 Column_486 Column_487 Column_488 Column_489 Column_490 Column_491 Column_492 Column_493 Column_494 Column_495 Column_496 Column_497 Column_498 Column_499 Column_500 Column_501 Column_502 Column_503 Column_504 Column_505 Column_506 Column_507 Column_508 Column_509 Column_510 Column_511 Column_512 Column_513 Column_514 Column_515 Column_516 Column_517 Column_518 Column_519 Column_520 Column_521 Column_522 Column_523 Column_524 Column_525 Column_526 Column_527 Column_528 Column_529 Column_530 Column_531 Column_532 Column_533 Column_534 Column_535 Column_536 Column_537 Column_538 Column_539 Column_540 Column_541 Column_542 Column_543 Column_544 Column_545 Column_546 Column_547 Column_548 Column_549 Column_550 Column_551 Column_552 Column_553 Column_554 Column_555 Column_556 Column_557 Column_558 Column_559 Column_560 Column_561 Column_562 Column_563 Column_564 Column_565 Column_566 Column_567
feature_infos=[2.0013689994812012:17.993154525756836] [-0.7776256799697876:0.99923950433731079] none none none [0:1] [0:1] [0:1] [0:1] [0:1] [0:1] [0:1] [0:1] [0:1] [0:1] [0:1] [0:1] [0:1] [0:1] [0:1] [0:1] [0:1] [0:1] [0:1] [0:1] [0:1] [0:1] [0:1] [0:1] [0:1] [0:1] [0:1] [0:1] [0:1] [0:1] [0:1] [0:1] [0:1] [0:1] [0:1] [0:1] [0:1] [0:1] [0:1] [0:1] [0:1] [0:1] [0:1] [0:1] [0:1] [0:1] [0:1] [0:1] [0:1] [0:1] [0:1] [0:1] [0:1] [0:1] [0:1] [0:1] [0:1] [0:1] [0:1] [0:1] [0:1] [0:1] [0:1] [0:1] [0:1] [0:1] [0:1] [0:1] [0:1] [0:1] [0:1] [0:1] [0:1] [0:1] [0:1] [0:1] [0:1] [0:1] [0:1] [0:1] [0:1] [0:1] [0:1] [0:1] [0:1] [0:1] [0:1] [0:1] [0:1] [0:1] [0:1] [0:1] [0:1] [0:1] [0:1] [0:1] [0:1] [0:1] [0:1] [0:1] [0:1] [0:1] [0:1] [0:1] none none none none [0:1] [0:1] none [0:1] none [0:1] none none [0:1] none none none none [0:1] [0:1] [0:1] [0:1] [0:1] none [0:1] [0:1] [0:1] [0:1] none [0:1] [0:1] [0:1] [0:1] [0:1] [0:1] [0:1] [0:1] [0:1] [0:1] [0:1] [0:1] [0:1] [0:1] [0:1] [0:1] [0:1] [0:1] [0:1] [0:1] none none none none none none none none none none [0:1] [0:1] none none none none none [0:1] [0:1] [0:1] [0:1] [0:1] [0:1] [0:1] [0:1] [0:1] [0:1] [0:1] [0:1] [0:1] [0:1] [0:1] [0:1] [0:1] [0:1] [0:1] [0:1] [0:1] [0:1] [0:1] [0:1] [0:1] [0:1] [0:1] [0:1] none none [0:1] [0:1] [0:1] none [0:1] [0:1] [0:1] [0:1] [0:1] none [0:1] none none [0:1] none [0:1] [0:1] [0:1] [0:1] [0:1] [0:1] [0:1] [0:1] [0:1] [0:1] [0:1] [0:1] [0:1] [0:1] [0:1] [0:1] [0:1] [0:1] [0:1] [0:1] [0:1] [0:1] [0:1] [0:1] [0:1] none none none none none none none none none none none none none none none none none [0:1] [0:1] [0:1] [0:1] [0:1] [0:1] [0:1] [0:1] [0:1] [0:1] none [0:1] [0:1] [0:1] [0:1] none [0:1] [0:1] none none none [0:1] [0:1] none none none none none [0:1] [0:1] [0:1] [0:1] [0:1] [0:1] [0:1] none none none [0:1] none [0:1] [0:1] [0:1] none [0:1] [0:1] [0:1] [0:1] none none [0:1] [0:1] none none none none [0:1] [0:1] none none none [0:1] none none [0:1] [0:1] none none [0:1] [0:1] none none none none none none none none none none none none none none none none none none none none none none none none none none none none none none none none none none none none none none none none none none none none none none none none none none none none none none none none none none none none none none none none none none none none none none none none none none none none none none none none none none none none none none none none none none none none none none none none none none none none none none none none none none none none none none none none none none none none none none none none none none none none none none none none none none none none none none none none none none none none none none none none none none none none none none none none none none none none none none none none none none none none none none none none none none none none none none none none none none none none none none none none none none none none none none none none none none none none none none none none none none none none none none none none none none none none none none none none none none none none none none none none none none none none none none none none none none none none none
tree_sizes=3373 3418 3457 3430 3448 3463 3460 3471 3472 3481 3490

Tree=0
num_leaves=31
num_cat=0
split_feature=0 0 1 102 189 44 0 0 236 23 69 0 0 14 1 83 15 26 262 73 312 51 62 16 102 0 0 99 11 15
split_gain=286.977 33.9667 29.9357 9.5885 9.48479 12.2922 9.2324 9.9581 8.92507 8.37823 10.0971 10.6519 7.74334 7.0778 12.0129 10.3571 11.5831 7.44647 6.63214 5.92526 5.77685 5.94472 6.0943 5.5669 12.7652 6.51014 8.05001 6.5029 14.1304 7.2159
threshold=11.741273403167726 8.0082135200500506 0.81200090050697338 1.0000000180025095e-35 1.0000000180025095e-35 1.0000000180025095e-35 4.0835044384002694 4.1437373161315927 1.0000000180025095e-35 1.0000000180025095e-35 1.0000000180025095e-35 13.550992488861086 14.917180061340334 1.0000000180025095e-35 0.83420792222023021 1.0000000180025095e-35 1.0000000180025095e-35 1.0000000180025095e-35 1.0000000180025095e-35 1.0000000180025095e-35 1.0000000180025095e-35 1.0000000180025095e-35 1.0000000180025095e-35 1.0000000180025095e-35 1.0000000180025095e-35 12.412046909332277 13.211498737335207 1.0000000180025095e-35 1.0000000180025095e-35 1.0000000180025095e-35
decision_type=2 2 2 2 2 2 2 2 2 2 2 2 2 2 2 2 2 2 2 2 2 2 2 2 2 2 2 2 2 2
left_child=1 6 8 4 5 -4 -1 -8 9 10 11 -2 -12 14 -7 16 17 -15 19 -3 21 22 -11 25 27 -23 -27 29 -29 -25
right_child=2 18 3 -5 -6 13 7 -9 -10 20 12 -13 -14 15 -16 -17 -18 -19 -20 -21 -22 23 -24 24 -26 26 -28 28 -30 -31
leaf_value=-1.2299614861728911 -1.0970640750676306 -1.1388069114498018 -0.8319492668999473 -1.1387249734939808 -1.1426306827214512 -0.88563501555390323 -1.0332708243522819 -1.1995889422887269 -0.94649615412457133 -1.1848219861046183 -1.0434563013572535 -0.90177861369411394 -1.198323203187232 -1.1231021365840996 -1.0578066900120313 -0.82762674285373516 -0.91479764445234846 -0.9638693757718475 -1.279330505682913 -1.1737113265738559 -0.98107634649426922 -1.0059308597599894 -1.1103624841683164 -1.0638272553671968 -1.2109805942021821 -1.1757264293331735 -1.0995007920544659 -1.1918426189875775 -0.99811944130504882 -0.97715194966283969
leaf_weight=133.68707677721977 4.389178991317749 104.60876595973969 4.0234140753746024 6.4008860290050498 5.1207088232040396 4.572061449289321 3.6576491594314566 228.23730754852295 4.2062965333461753 14.813479095697401 9.3270053565502149 7.6810632348060608 4.9378263652324685 7.6810632348060643 35.662079304456711 4.2062965333461753 9.3270053565502167 4.7549439072608948 4.3891789913177481 90.892581611871719 4.0234140753746024 5.8522386550903311 42.61161270737648 31.090017855167389 5.8522386550903311 17.373833507299423 68.398039281368256 9.144122898578642 6.4008860290050498 13.899066805839537
leaf_count=731 24 572 22 35 28 25 20 1248 23 81 51 42 27 42 195 23 51 26 24 497 22 32 233 170 32 95 374 50 35 76
internal_value=-1.14759 -1.19091 -1.07375 -1.02122 -1.01124 -1.00166 -1.20903 -1.19697 -1.09093 -1.0934 -1.04011 -0.972792 -1.09706 -1.01197 -1.03824 -0.971275 -0.999038 -1.06222 -1.15776 -1.15503 -1.0998 -1.10202 -1.12957 -1.092 -1.06995 -1.10798 -1.11494 -1.05632 -1.11207 -1.03705
internal_weight=897.221 565.473 331.749 81.7485 75.3476 70.2269 365.582 231.895 250 245.794 26.3351 12.0702 14.2648 66.2034 40.2341 25.9693 21.763 12.436 199.891 195.501 219.459 215.436 57.4251 158.01 66.3863 91.6241 85.7719 60.5341 15.545 44.9891
internal_count=4906 3092 1814 447 412 384 1999 1268 1367 1344 144 66 78 362 220 142 119 68 1093 1069 1200 1178 314 864 363 501 469 331 85 246
is_linear=0
shrinkage=1


Tree=1
num_leaves=31
num_cat=0
split_feature=0 0 1 50 51 44 102 52 15 14 0 49 14 8 0 0 0 84 16 1 61 99 0 1 15 49 7 139 71 6
split_gain=229.39 24.1897 23.924 7.54813 6.70984 6.77996 6.68617 7.40917 6.69295 7.92109 7.80843 13.0906 6.57486 5.74719 7.08523 5.69105 8.483 5.5816 7.58424 5.00408 5.60909 4.81854 7.13683 6.8685 5.6801 5.186 4.54441 4.50214 5.14235 4.57857
threshold=11.296372413635256 16.286105155944828 -0.24967678636312482 1.0000000180025095e-35 1.0000000180025095e-35 1.0000000180025095e-35 1.0000000180025095e-35 1.0000000180025095e-35 1.0000000180025095e-35 1.0000000180025095e-35 17.006159782409672 1.0000000180025095e-35 1.0000000180025095e-35 1.0000000180025095e-35 7.0814509391784677 4.0835044384002694 4.1437373161315927 1.0000000180025095e-35 1.0000000180025095e-35 0.92577382922172557 1.0000000180025095e-35 1.0000000180025095e-35 15.368925571441652 0.59692752361297619 1.0000000180025095e-35 1.0000000180025095e-35 1.0000000180025095e-35 1.0000000180025095e-35 1.0000000180025095e-35 1.0000000180025095e-35
decision_type=2 2 2 2 2 2 2 2 2 2 2 2 2 2 2 2 2 2 2 2 2 2 2 2 2 2 2 2 2 2
left_child=2 4 15 -4 -2 26 7 19 -9 10 -10 -12 13 -5 -15 -1 -17 18 27 20 -3 24 23 -23 25 -20 -6 28 -7 -30
right_child=1 6 3 12 5 17 -8 8 9 -11 11 -13 -14 14 -16 16 -18 -19 21 -21 -22 22 -24 -25 -26 -27 -28 -29 29 -31
leaf_value=-0.077645633967724309 0.024260459943455232 -0.026656448413527989 -0.0073459324894988411 -0.050513658196764261 0.18991946095134374 0.13920448015089643 0.0079404408113263551 0.10173234745755118 0.21800887375748632 0.23651831411358631 0.16178062035037152 -0.063182585227154517 -0.081360454285089201 0.13865417149631348 -0.011616759982318316 0.096889656249081052 -0.052968370106037999 -0.030261116833582919 0.05733490279950975 0.12755095341750666 0.11893274050644971 0.023917951746447074 -0.081108450569357102 0.1715877895552228 0.14408561972662337 0.16794281014321821 0.064896655590148594 -0.022807343517343211 0.06023907327326853 0.012381910478263342
leaf_weight=127.94480083882809 94.358883455395699 8.1863164603710192 166.20735420286655 26.205068796873093 6.1481318771839124 5.4868857413530341 6.4302638918161383 35.31434328854084 5.9100688397884396 10.36287195980549 6.7317408025264722 4.2007505744695663 30.475300386548042 4.092475280165675 13.448230013251303 3.871404528617858 155.51406064629555 7.8667466342449179 29.18090333044529 6.8144983202219001 3.9102882146835318 10.143314465880396 3.9839047640562049 4.5683611929416648 17.045235484838486 4.9593981802463523 5.5156246870756149 10.854625046253203 45.418764442205429 35.707859709858894
leaf_count=731 510 42 916 146 32 29 35 182 30 51 35 22 170 23 75 20 874 43 153 35 20 54 22 24 86 26 29 58 242 191
internal_value=-0.000167599 0.0603067 -0.0424617 -0.0191863 0.0459979 0.0569735 0.106109 0.11386 0.13045 0.167728 0.125402 0.0753397 -0.0457011 -0.0208592 0.0234434 -0.0619377 -0.0493284 0.0520592 0.0559289 0.059015 0.020406 0.0810706 0.0376214 0.0697733 0.0969405 0.0734024 0.130798 0.0379032 0.0455115 0.0391748
internal_weight=896.858 369.1 527.759 240.428 281.239 186.88 87.8611 81.4309 62.5198 27.2054 16.8426 10.9325 74.2211 43.7458 17.5407 287.33 159.385 175.216 167.349 18.9111 12.0966 69.8811 18.6956 14.7117 51.1855 34.1403 11.6638 97.4681 86.6135 81.1266
internal_count=4906 1951 2955 1330 1499 989 452 417 320 138 87 57 414 244 98 1625 894 928 885 97 62 365 100 78 265 179 61 520 462 433
is_linear=0
shrinkage=0.1


Tree=2
num_leaves=31
num_cat=0
split_feature=0 1 0 50 14 23 1 0 68 0 236 126 0 189 102 44 98 8 0 102 82 0 14 1 55 82 7 62 1 151
split_gain=184.316 20.842 17.7421 6.40264 5.79003 5.75466 6.15754 7.05123 11.2378 5.80742 5.64279 5.56259 5.26267 5.10831 5.60178 7.22605 5.07276 4.7708 5.27349 4.31118 4.39835 4.26272 5.96958 5.27649 7.39909 4.62895 4.41573 4.23088 5.40561 5.49006
threshold=11.296372413635256 -0.24967678636312482 16.286105155944828 1.0000000180025095e-35 1.0000000180025095e-35 1.0000000180025095e-35 0.74416303634643566 13.351129055023195 1.0000000180025095e-35 14.47091054916382 1.0000000180025095e-35 1.0000000180025095e-35 3.7193702459335332 1.0000000180025095e-35 1.0000000180025095e-35 1.0000000180025095e-35 1.0000000180025095e-35 1.0000000180025095e-35 7.0814509391784677 1.0000000180025095e-35 1.0000000180025095e-35 8.2067074775695819 1.0000000180025095e-35 0.039622785523533828 1.0000000180025095e-35 1.0000000180025095e-35 1.0000000180025095e-35 1.0000000180025095e-35 0.059396151453256614 1.0000000180025095e-35
decision_type=2 2 2 2 2 2 2 2 2 2 2 2 2 2 2 2 2 2 2 2 2 2 2 2 2 2 2 2 2 2
left_child=1 12 5 21 17 6 7 -2 -9 -10 11 -7 -1 14 15 -4 -17 -5 -19 20 -14 22 26 24 -23 -24 -3 -25 -29 -30
right_child=2 3 13 4 -6 10 -8 8 9 -11 -12 -13 19 -15 -16 16 -18 18 -20 -21 -22 23 25 27 -26 -27 -28 28 29 -31
leaf_value=-0.075922319687289366 0.031880004340014312 -0.068279807755046829 0.22228700507430982 -0.046788832502632834 -0.076735493593629703 0.035865867835881929 -0.026579988914013048 0.21910430205538545 0.13910412946180392 -0.032273793840216579 0.15187709264898819 -0.0648556342139706 -0.037145077333631385 -0.0040036872037313336 0.0071157041180574011 0.10560367809321487 0.023740424275116613 0.11576603166179961 -0.010523706474380525 -0.1169151905038274 -0.083160278110340421 0.055331366754192694 0.15787230197874469 -0.045838543294791152 -0.051574318248601814 0.015824771886783631 0.050571659211954084 0.10341075283980135 0.011458052131103725 -0.10710564144649425
leaf_weight=101.71282516419888 9.5854664593935066 6.4365156888961792 4.8472772985696784 25.50012518465519 29.150995746254921 247.12285938858986 4.5015108734369269 8.5668042004108447 3.9723893404006949 3.9369903802871704 4.1012036502361289 5.6076047122478476 143.12608788907528 5.3457093834877005 6.4565328508615485 66.766267389059067 8.5373980551958066 4.3933355212211636 13.365122154355047 8.4783881753683072 24.299055010080338 7.4871817231178275 5.1999886184930801 15.150233730673788 47.84448903799057 4.1052623242139816 6.0778892934322357 5.9699644446372977 63.133366584777832 4.1629949659109107
leaf_count=607 50 36 22 146 170 1295 23 41 20 21 20 29 828 28 35 325 42 23 75 49 141 41 29 83 265 23 34 33 349 23
internal_value=-0.000274246 -0.0392011 0.0526335 -0.0174856 -0.0422884 0.0404007 0.0814206 0.100075 0.139749 0.0537987 0.0355193 0.0336311 -0.057816 0.0908666 0.0967223 0.103941 0.0963226 -0.0190754 0.0207196 -0.0473464 -0.0438234 -0.00663829 0.0345461 -0.0128897 -0.0371084 0.0952042 -0.010557 0.00226653 0.0122138 0.00412363
internal_weight=894.942 515.594 379.348 237.977 72.4096 287.395 30.5632 26.0617 16.4762 7.90938 256.832 252.73 277.616 91.9532 86.6075 80.1509 75.3037 43.2586 17.7585 175.904 167.425 165.568 21.8197 143.748 55.3317 9.30525 12.5144 88.4166 73.2663 67.2964
internal_count=4906 2955 1951 1330 414 1499 155 132 82 41 1344 1324 1625 452 424 389 367 244 98 1018 969 916 122 794 306 52 70 488 405 372
is_linear=0
shrinkage=0.1


Tree=3
num_leaves=31
num_cat=0
split_feature=1 0 0 1 1 52 0 61 105 62 15 8 14 0 0 0 0 99 5 7 168 51 0 44 11 64 81 9 68 54
split_gain=148.996 26.2248 9.29775 6.73026 6.41822 5.58344 6.77445 5.46942 5.25916 5.27699 6.59117 7.18608 6.74628 6.41149 15.3368 6.01567 5.3575 6.44073 5.77513 5.23742 15.4817 8.32878 7.84568 7.36742 5.55107 8.37714 6.53535 4.9686 5.9608 8.74607
threshold=0.039622785523533828 13.211498737335207 4.0835044384002694 0.81200090050697338 0.82082289457321178 1.0000000180025095e-35 16.880219459533695 1.0000000180025095e-35 1.0000000180025095e-35 1.0000000180025095e-35 1.0000000180025095e-35 1.0000000180025095e-35 1.0000000180025095e-35 12.510609149932863 11.741273403167726 9.7960300445556658 12.262833595275881 1.0000000180025095e-35 1.0000000180025095e-35 1.0000000180025095e-35 1.0000000180025095e-35 1.0000000180025095e-35 13.474332809448244 1.0000000180025095e-35 1.0000000180025095e-35 1.0000000180025095e-35 1.0000000180025095e-35 1.0000000180025095e-35 1.0000000180025095e-35 1.0000000180025095e-35
decision_type=2 2 2 2 2 2 2 2 2 2 2 2 2 2 2 2 2 2 2 2 2 2 2 2 2 2 2 2 2 2
left_child=2 8 -1 19 -5 6 -6 -8 9 -2 11 13 16 14 -11 -12 17 18 -13 22 21 -21 -3 -24 -25 26 -26 28 29 -7
right_child=1 3 -4 4 5 27 7 -9 -10 10 15 12 -14 -15 -16 -17 -18 -19 -20 20 -22 -23 23 24 25 -27 -28 -29 -30 -31
leaf_value=-0.069048137508113366 -0.023024467597242988 0.14681209222187366 -0.035628281957314982 0.20367326658304266 -0.078104445037891518 0.1782729753569112 0.020172574932539995 0.15331689884534624 0.082754254782070436 -0.0086753501411446273 0.076307834159057883 0.15877622482733911 0.013712484689130661 -0.061428317397199984 0.12716376135036186 -0.020936099212815196 0.16408245765221019 -0.019292452890076809 0.022655306727597621 -0.058860040626273737 0.20796826309983465 0.030413560550626474 0.15655908266492238 0.022671607722703144 0.12469156045195007 -0.0097033233492395329 0.015511693651156309 0.053669810167850843 0.14485314220678353 0.032216065367541208
leaf_weight=117.52367050945759 44.577221915125847 9.4872922301292402 285.4272625297308 3.9585556685924521 4.7174056023359325 5.5477888137102136 10.45113931596279 4.3776052147150031 9.7113460004329664 34.182416424155235 7.1903380155563346 7.8699523657560402 17.692895486950874 10.795387655496596 10.981889352202414 55.18666960299015 7.6395097672939292 6.1499953866004935 5.1606460958719254 12.961384728550909 4.3424215316772452 53.945245534181595 6.249432459473609 51.432989671826363 22.763233482837681 9.4214333295822126 7.2219879031181327 27.738043278455734 21.686760649085045 15.708684235811234
leaf_count=731 241 48 1662 18 23 26 51 21 52 188 39 42 95 56 56 296 39 33 28 67 22 272 29 264 114 48 37 132 102 74
internal_value=-0.000348174 0.0367443 -0.0453754 0.0574319 0.0790454 0.0735776 0.026273 0.0594782 0.0108288 0.00746134 0.0158063 0.031658 0.0616438 0.00780582 0.0243545 -0.00972657 0.0932636 0.0650568 0.104867 0.0459842 0.0249947 0.0131192 0.0600162 0.0515348 0.0443095 0.0725509 0.0983954 0.0866592 0.107968 0.0703359
internal_weight=892.101 489.15 402.951 272.011 94.186 90.2274 19.5462 14.8287 217.138 207.427 162.85 100.473 44.513 55.9597 45.1643 62.377 26.8201 19.1806 13.0306 177.825 71.2491 66.9066 106.576 97.0891 90.8396 39.4067 29.9852 70.6813 42.9432 21.2565
internal_count=4906 2513 2393 1348 447 429 95 72 1165 1113 872 537 237 300 244 335 142 103 70 901 361 339 540 492 463 199 151 334 202 100
is_linear=0
shrinkage=0.1


Tree=4
num_leaves=31
num_cat=0
split_feature=1 0 0 1 0 64 140 23 69 68 9 6 5 14 68 0 13 5 13 105 62 104 15 0 13 0 8 0 26 11
split_gain=121.556 20.3485 8.33192 5.23387 8.43176 7.8375 5.54774 7.12556 6.69411 5.33557 7.17355 7.21036 5.06966 10.3657 5.86923 5.16353 4.89824 4.10705 5.26558 4.04518 4.2558 5.36182 5.23214 5.37537 7.02371 5.31307 9.31519 4.87717 5.33068 9.57328
threshold=0.039622785523533828 13.211498737335207 4.0835044384002694 0.75739601254463207 15.034907817840578 1.0000000180025095e-35 1.0000000180025095e-35 1.0000000180025095e-35 1.0000000180025095e-35 1.0000000180025095e-35 1.0000000180025095e-35 1.0000000180025095e-35 1.0000000180025095e-35 1.0000000180025095e-35 1.0000000180025095e-35 15.305954456329347 1.0000000180025095e-35 1.0000000180025095e-35 1.0000000180025095e-35 1.0000000180025095e-35 1.0000000180025095e-35 1.0000000180025095e-35 1.0000000180025095e-35 11.296372413635256 1.0000000180025095e-35 12.510609149932863 1.0000000180025095e-35 9.7960300445556658 1.0000000180025095e-35 1.0000000180025095e-35
decision_type=2 2 2 2 2 2 2 2 2 2 2 2 2 2 2 2 2 2 2 2 2 2 2 2 2 2 2 2 2 2
left_child=2 19 -1 4 6 12 7 -3 -8 17 -11 16 14 -14 15 -6 -12 -9 -19 20 -2 22 23 24 -22 -25 -27 -24 29 -29
right_child=1 3 -4 -5 5 -7 8 9 -10 10 11 -13 13 -15 -16 -17 -18 18 -20 -21 21 -23 27 25 -26 26 -28 28 -30 -31
leaf_value=-0.064957381815181389 -0.020980365215721053 0.13681291609503962 -0.03275180573615754 0.065900718364163988 -0.043559519005235747 -0.077085954539288001 0.060261105246023322 0.05043548521629676 -0.09979580462129875 0.041982908078826153 0.1220225100294164 0.047412256804330588 0.012284223295820492 0.20652314887511874 -0.056578270793345209 0.09786134029714133 0.25721293638073944 0.029631185370819088 -0.089205546158797278 0.07139287728224343 0.036504711358778558 -0.073620811534979805 0.071126885568931306 0.077960519774321529 -0.04571975165381266 -0.054354717942041324 0.084096019162378549 -0.025537283239976973 -0.049310520646980209 0.10248739374733398
leaf_weight=112.68954633176327 44.056847408413887 10.837196528911589 279.75430434942245 122.26590971648693 4.0636993199586868 9.8693368285894376 5.4654557704925519 21.079477339982986 5.006750226020813 32.539621874690056 7.9887648820877075 8.5902044326066971 8.5820333808660489 4.0411611646413794 11.043295785784721 7.0797616839408875 4.0331201702356339 9.4545454829931241 6.1565493345260611 10.108031585812567 28.549524441361427 6.6946814060211173 7.2805939167737952 33.255126893520355 16.33163058757782 10.111965984106064 9.3558220714330673 18.66775406897068 25.238085255026817 8.5004538893699664
leaf_count=731 241 50 1662 575 20 50 27 105 25 162 39 43 43 20 56 35 20 47 31 52 157 36 38 167 90 54 46 101 137 46
internal_value=-0.000411022 0.0324782 -0.0419996 0.050413 0.0382612 0.00157212 0.053009 0.0602143 -0.0162619 0.0509746 0.071222 0.117381 0.0238733 0.0744674 -0.00491232 0.0462892 0.167376 0.0216433 -0.0172345 0.00961496 0.0066134 0.0140268 0.0177573 0.0320197 0.00658437 0.0536719 0.0121819 -0.00556557 -0.0162201 0.0145194
internal_weight=888.691 496.247 392.444 278.097 155.831 44.6793 111.152 100.679 10.4722 89.8423 53.1517 20.6121 34.81 12.6232 22.1868 11.1435 12.0219 36.6906 15.6111 218.151 208.042 163.986 157.291 97.6041 44.8812 52.7229 19.4678 59.6869 52.4063 27.1682
internal_count=4906 2513 2393 1348 773 224 549 497 52 447 264 102 174 63 111 55 59 183 78 1165 1113 872 836 514 247 267 100 322 284 147
is_linear=0
shrinkage=0.1


Tree=5
num_leaves=31
num_cat=0
split_feature=1 52 50 0 44 56 104 10 8 70 84 113 55 61 62 15 81 47 61 0 26 23 67 36 82 7 0 61 0 12
split_gain=99.2743 16.1779 8.32886 7.44167 7.41226 7.14132 7.06219 5.74628 5.37244 5.16297 4.70011 4.23237 7.30584 5.98824 4.42998 5.74844 5.33241 9.18171 10.438 5.24265 5.14407 6.60758 5.70255 5.23108 4.85559 4.53587 6.32755 4.15661 6.95882 4.08549
threshold=0.039622785523533828 1.0000000180025095e-35 1.0000000180025095e-35 4.0835044384002694 1.0000000180025095e-35 1.0000000180025095e-35 1.0000000180025095e-35 1.0000000180025095e-35 1.0000000180025095e-35 1.0000000180025095e-35 1.0000000180025095e-35 1.0000000180025095e-35 1.0000000180025095e-35 1.0000000180025095e-35 1.0000000180025095e-35 1.0000000180025095e-35 1.0000000180025095e-35 1.0000000180025095e-35 1.0000000180025095e-35 11.296372413635256 1.0000000180025095e-35 1.0000000180025095e-35 1.0000000180025095e-35 1.0000000180025095e-35 1.0000000180025095e-35 1.0000000180025095e-35 10.788501262664797 1.0000000180025095e-35 11.998631000518801 1.0000000180025095e-35
decision_type=2 2 2 2 2 2 2 2 2 2 2 2 2 2 2 2 2 2 2 2 2 2 2 2 2 2 2 2 2 2
left_child=3 11 4 -1 9 8 10 -7 -4 -3 -6 14 -13 -14 25 19 17 -17 -19 24 21 -21 -22 -24 -16 26 -2 -23 -29 -28
right_child=1 2 5 -5 6 7 -8 -9 -10 -11 -12 12 13 -15 15 16 -18 18 -20 20 22 27 23 -25 -26 -27 29 28 -30 -31
leaf_value=-0.061035392530763316 -0.075671628817092107 0.008879975734982757 0.083674184466368429 -0.030068107951516983 0.03747171081747365 0.077913322064384505 -0.064780048111178656 -0.0054309044244053167 0.17658763857873067 0.13682449895562063 -0.033677700836014179 0.17249227344929619 -0.044331992444526132 0.099407084398485362 -0.01187494741320998 0.049932498861055191 -0.048743651148488866 -0.12415431545767011 0.03852088285133326 0.12856697504747314 0.044678366634844952 -0.056435361854839189 0.079833316722435294 0.23281541030448147 0.07063496239924269 -0.059914713281529336 0.068781181270140684 -0.049164267030418762 0.10052422599934865 -0.020940966482851875
leaf_weight=108.1780944019556 7.4929668009281185 4.3600649982690785 19.191359639167786 274.53535786271095 185.27991472184658 21.871188625693321 7.531452700495719 13.304865553975104 9.2096199840307253 11.401518449187279 9.7744629830121976 4.1353512555360767 6.6803188920021057 5.119508683681488 36.662416562438011 24.418253287672997 23.173464134335518 8.4069229364395124 7.4306757301092139 4.6942384541034725 13.044980674982071 8.5412589609622955 5.016722172498703 4.0312768220901489 8.8549456745386106 19.051863238215446 12.195838391780853 5.5926066786050797 6.9841337203979492 8.6922338902950287
leaf_count=731 43 20 88 1662 899 100 36 62 43 52 51 21 36 27 201 130 123 44 39 22 65 43 25 20 48 103 64 28 34 46
internal_value=-0.000454231 0.0287876 0.0446515 -0.0388213 0.0353767 0.0765044 0.0302375 0.0463895 0.113803 0.101432 0.0339063 0.00847873 0.0581154 0.0180311 0.00460683 0.0127048 -0.0105285 0.0114703 -0.0478305 0.0284791 0.0515703 0.021254 0.0869902 0.147993 0.00417653 -0.0221718 0.00316463 -0.00260019 0.033961 0.0314448
internal_weight=884.858 502.144 281.924 382.713 218.347 63.577 202.586 35.1761 28.401 15.7616 195.054 220.22 15.9352 11.7998 204.285 156.852 63.4293 40.2559 15.8376 93.4226 47.9052 25.8122 22.093 9.048 45.5174 47.4329 28.381 21.118 12.5767 20.8881
internal_count=4906 2513 1351 2393 1058 293 986 162 131 72 950 1162 84 63 1078 822 336 213 83 486 237 127 110 45 249 256 153 105 62 110
is_linear=0
shrinkage=0.1


Tree=6
num_leaves=31
num_cat=0
split_feature=1 0 0 26 140 1 0 0 44 277 1 1 64 167 113 1 11 189 283 81 0 14 23 7 11 83 16 0 61 15
split_gain=81.1177 13.5574 6.63461 4.22675 3.97039 5.61903 7.75339 4.39408 3.92184 3.89232 3.97697 6.27304 5.44247 5.15162 3.85208 3.75295 5.57382 3.63248 3.30688 3.50977 5.94868 3.2026 8.57764 3.28021 3.21517 4.24948 3.16769 9.60888 6.54942 3.45393
threshold=0.039622785523533828 13.211498737335207 3.7193702459335332 1.0000000180025095e-35 1.0000000180025095e-35 -0.43676325678825373 6.8391511440277108 8.2067074775695819 1.0000000180025095e-35 1.0000000180025095e-35 0.75739601254463207 0.67815041542053234 1.0000000180025095e-35 1.0000000180025095e-35 1.0000000180025095e-35 0.73792684078216564 1.0000000180025095e-35 1.0000000180025095e-35 1.0000000180025095e-35 1.0000000180025095e-35 13.096509456634523 1.0000000180025095e-35 1.0000000180025095e-35 1.0000000180025095e-35 1.0000000180025095e-35 1.0000000180025095e-35 1.0000000180025095e-35 12.412046909332277 1.0000000180025095e-35 1.0000000180025095e-35
decision_type=2 2 2 2 2 2 2 2 2 2 2 2 2 2 2 2 2 2 2 2 2 2 2 2 2 2 2 2 2 2
left_child=2 18 3 -1 8 -6 -7 -8 -4 10 11 13 15 14 -3 16 -13 -12 19 20 26 22 -21 24 -23 -26 -2 29 -29 -28
right_child=1 9 4 -5 5 6 7 -9 -10 -11 17 12 -14 -15 -16 -17 -18 -19 -20 21 -22 23 -24 -25 25 -27 27 28 -30 -31
leaf_value=-0.095729489349790878 0.0064541477010088529 0.033961068219661925 0.064085426703596779 -0.046371298943377735 0.11921357720884213 -0.10663242461616745 0.11273834598019515 -0.023916990451731041 -0.033200915309748245 -0.048037562574171334 0.059320506117140737 -0.042816467053098183 -0.070548133091250326 0.14027374747770979 0.11665255141013105 0.073533439622019983 0.05412474960135908 -0.011491167569540961 0.10059098545975319 0.10984605920072077 -0.093566690966249477 -0.041577996172843204 -0.010420354644571495 -0.076167513147951019 0.11014744846585911 -0.034993681338887507 0.039679895507683388 0.048522212632337081 0.20343054229595256 -0.019813796019808896
leaf_weight=24.098811000585556 72.956584259867668 105.15624530613422 4.2096562236547461 61.948120042681694 4.1032546162605312 5.5502254068851462 4.5690834820270521 4.8512197881937027 264.40051646530628 4.9478493481874457 115.74153415858746 14.506004795432091 9.1002973914146406 5.1950373798608771 5.9523154050111762 8.6164235919713956 10.033552587032318 7.7279329448938361 3.7038390338420859 6.7940317541360846 4.79803143441677 13.038733318448067 46.649397268891335 12.106547236442564 4.0996406227350235 3.9713170230388641 25.115855902433395 5.7535641789436323 5.1924466043710709 15.958607241511343
leaf_count=170 388 505 26 437 26 35 27 29 1643 23 522 73 47 24 27 41 48 38 18 34 25 70 249 65 22 21 133 28 25 87
internal_value=-0.000483167 0.0255684 -0.0358325 -0.0601948 -0.0285457 0.0155404 -0.0128753 0.0423643 -0.0316762 0.0398889 0.0414315 0.0309527 -0.00204576 0.0429419 0.038391 0.016756 -0.00317986 0.0548884 0.00689983 0.0052965 0.0157026 -0.0102869 0.00486859 -0.0346715 -0.0108732 0.0387307 0.0198976 0.0387515 0.122006 0.0165649
internal_weight=880.847 507.116 373.731 86.0469 287.684 19.0738 14.9705 9.4203 268.61 286.977 282.029 158.56 42.2563 116.304 111.109 33.156 24.5396 123.469 220.139 216.435 129.775 86.6597 53.4434 33.2162 21.1097 8.07096 124.977 52.0205 10.946 41.0745
internal_count=4906 2513 2393 607 1786 117 91 56 1669 1348 1325 765 209 556 532 162 121 560 1165 1147 686 461 283 178 113 43 661 273 53 220
is_linear=0
shrinkage=0.1


Tree=7
num_leaves=31
num_cat=0
split_feature=1 0 0 1 13 156 61 177 44 140 26 1 7 82 51 0 5 174 44 81 11 64 14 83 15 33 8 0 73 12
split_gain=66.409 10.7361 5.98124 7.6761 3.8843 4.68673 4.04712 3.61255 3.66949 3.58159 3.92781 3.17752 3.74006 10.0816 5.94523 5.18709 4.95101 4.78964 4.59334 4.17644 4.69363 4.45654 3.42941 6.92263 6.06771 5.65897 6.50902 4.80592 4.52053 4.51833
threshold=0.039622785523533828 13.211498737335207 4.0835044384002694 -0.53988897800445546 1.0000000180025095e-35 1.0000000180025095e-35 1.0000000180025095e-35 1.0000000180025095e-35 1.0000000180025095e-35 1.0000000180025095e-35 1.0000000180025095e-35 0.81200090050697338 1.0000000180025095e-35 1.0000000180025095e-35 1.0000000180025095e-35 13.474332809448244 1.0000000180025095e-35 1.0000000180025095e-35 1.0000000180025095e-35 1.0000000180025095e-35 1.0000000180025095e-35 1.0000000180025095e-35 1.0000000180025095e-35 1.0000000180025095e-35 1.0000000180025095e-35 1.0000000180025095e-35 1.0000000180025095e-35 17.622176170349125 1.0000000180025095e-35 1.0000000180025095e-35
decision_type=2 2 2 2 2 2 2 2 2 2 2 2 2 2 2 2 2 2 2 2 2 2 2 2 2 2 2 2 2 2
left_child=2 -2 4 -4 5 -1 -6 8 -5 -10 -11 12 15 14 -14 -3 17 -16 -17 20 -20 -22 25 24 29 26 27 28 -13 -24
right_child=1 11 3 7 6 -7 -8 -9 9 10 -12 22 13 -15 16 18 -18 -19 19 -21 21 -23 23 -25 -26 -27 -28 -29 -30 -31
leaf_value=-0.084035801835698365 0.0061384514974106444 0.10597440470885151 0.12101752727901993 0.064207499223400535 -0.044371509235188518 -0.01208684071513204 0.039502613712806355 0.057605869764974796 -0.033615909503261092 -0.039170424972182094 0.055086355218099528 -0.13005702395711571 -0.06607275032203784 0.10237852236089331 -0.031049249315291627 0.11173592558480619 0.049511059530571284 0.072147873523359635 0.015702960799280359 -0.0058605017731457347 0.087393461766711547 -0.0046713007316299664 -0.02279686313571104 0.16941988451221204 0.10160663431972985 0.070446198289566178 0.05845422919024329 0.02302966142752005 0.001684209592747626 0.076639199121725232
leaf_weight=47.665598005056381 220.61045169830322 10.542220786213873 3.5432470738887778 4.1737574785947791 34.546450257301331 11.176452875137327 6.902378797531127 4.9325986206531516 234.64660881459713 8.0150668323040009 9.8594516515731812 6.1659820079803485 12.52280382812023 10.287279054522513 26.765445426106453 6.8066653013229361 20.144135564565659 5.4058145582675925 36.817587956786156 27.927350953221321 25.155051752924923 6.6472974568605414 11.423259794712068 6.2049293369054785 15.266130566596983 25.67620712518692 15.124083518981932 9.627073407173155 4.5095477104187012 7.6166784912347785
leaf_count=347 1165 48 19 25 252 82 50 31 1479 49 59 29 64 47 129 29 96 25 180 136 114 33 51 26 65 112 68 43 20 33
internal_value=-0.000498307 0.0227715 -0.0330505 -0.0251829 -0.0538526 -0.0703698 -0.0304041 -0.0271629 -0.0287918 -0.0303289 0.0128209 0.0353969 0.0277306 0.0104107 -0.00418099 0.0391547 0.0106341 -0.0137088 0.032339 0.0267414 0.04001 0.0681502 0.0496579 0.0722199 0.0546394 0.0346994 0.00879113 -0.0282046 -0.074407 0.0169812
internal_weight=876.708 511.246 365.462 265.171 100.291 58.8421 41.4488 261.627 256.695 252.521 17.8745 290.636 189.022 75.1255 64.8382 113.896 52.3154 32.1713 103.354 96.5473 68.6199 31.8023 101.614 40.511 34.3061 61.1029 35.4267 20.3026 10.6755 19.0399
internal_count=4906 2513 2393 1662 731 429 302 1643 1612 1587 108 1348 901 361 314 540 250 154 492 463 327 147 447 175 149 272 160 92 49 84
is_linear=0
shrinkage=0.1


Tree=8
num_leaves=31
num_cat=0
split_feature=1 52 0 50 65 10 15 69 56 44 104 26 84 13 102 105 61 1 0 12 95 6 113 73 67 0 1 16 140 1
split_gain=54.4265 9.03546 5.32238 5.16864 6.24273 4.9182 6.00898 4.92795 4.80247 4.74489 5.86076 4.10208 3.55486 3.34055 3.3398 4.79793 4.30202 4.88646 4.97027 18.6656 4.69024 6.23824 3.02775 4.44544 3.35726 3.93789 6.1932 2.84713 2.6965 4.21847
threshold=0.039622785523533828 1.0000000180025095e-35 3.7193702459335332 1.0000000180025095e-35 1.0000000180025095e-35 1.0000000180025095e-35 1.0000000180025095e-35 1.0000000180025095e-35 1.0000000180025095e-35 1.0000000180025095e-35 1.0000000180025095e-35 1.0000000180025095e-35 1.0000000180025095e-35 1.0000000180025095e-35 1.0000000180025095e-35 1.0000000180025095e-35 1.0000000180025095e-35 0.059396151453256614 11.623545169830324 1.0000000180025095e-35 1.0000000180025095e-35 1.0000000180025095e-35 1.0000000180025095e-35 1.0000000180025095e-35 1.0000000180025095e-35 11.02532482147217 0.12905924767255786 1.0000000180025095e-35 1.0000000180025095e-35 -0.43676325678825373
decision_type=2 2 2 2 2 2 2 2 2 2 2 2 2 2 2 2 2 2 2 2 2 2 2 2 2 2 2 2 2 2
left_child=2 14 11 9 5 6 13 -7 -9 -3 12 -1 -11 -5 15 16 -2 -18 22 20 21 -20 23 24 -19 26 -26 -14 -4 -30
right_child=1 3 28 4 -6 7 -8 8 -10 10 -12 -13 27 -15 -16 -17 17 18 19 -21 -22 -23 -24 -25 25 -27 -28 -29 29 -31
leaf_value=-0.090234901795485267 -0.0068767218119691401 0.076133009796204756 -0.02661919133419215 -0.0090550243189452661 0.12679565530117609 -0.052207888588416684 0.11135654982730765 0.11547978830169583 -0.012356452010652035 0.02683402615829943 -0.065945459453457034 -0.039327219621190519 0.016377015768504252 0.074289148709499153 -0.045528467236116928 0.097083514496799098 0.12853228855699522 -0.044538251671413946 0.081792003724065393 0.13981499450316456 -0.069871680495174421 -0.045918122282572714 0.082057004553262231 -0.038363391681306508 0.10449184618094459 0.13731455036685994 -0.077861210160274072 -0.09140411575051989 0.097775331198433443 -0.013333638951573827
leaf_weight=21.775973111391068 117.88804525136948 16.596376597881317 258.67283642292023 10.689647987484932 10.588524430990217 8.8322609812021255 15.885349899530409 5.4470775872468948 6.3815869241952896 191.44907593727112 7.5455237925052634 57.953047066926956 5.1583537608385068 8.7421176582574844 12.287528455257414 5.8907921910285941 4.1384291499853125 4.4845845103263828 8.4155671298503858 13.179993152618406 8.1932885497808456 7.0115095525980005 3.6726907044649115 25.736684799194336 3.7732591331005096 4.0171765983104706 3.6778405904769897 4.6694923788309097 4.4287398606538799 14.959105804562567
leaf_count=170 624 72 1669 47 45 40 69 24 29 899 36 437 26 39 65 29 21 24 41 62 40 34 19 142 20 21 20 25 26 91
internal_value=-0.000502012 0.020333 -0.0304542 0.0318995 0.0563831 0.0430642 0.0657355 0.00431055 0.0465119 0.0246694 0.0205793 -0.0532314 0.023823 0.0284405 0.00514543 0.00810934 0.00554246 0.0225072 0.0171668 0.0444738 -0.00872586 0.0237486 -0.00498612 -0.0126543 0.0288221 0.0575091 0.0144829 -0.0348329 -0.0239232 0.0120468
internal_weight=872.142 514.353 357.79 291.985 66.5666 55.978 35.3171 20.6609 11.8287 225.419 208.822 79.729 201.277 19.4318 222.367 210.08 204.189 86.301 82.1626 36.8004 23.6204 15.4271 45.3622 41.6895 15.9529 11.4683 7.4511 9.82785 278.061 19.3878
internal_count=4906 2513 2393 1351 293 248 155 93 53 1058 986 607 950 86 1162 1097 1068 444 423 177 115 75 246 227 85 61 40 51 1786 117
is_linear=0
shrinkage=0.1


Tree=9
num_leaves=31
num_cat=0
split_feature=1 0 0 1 13 133 61 277 177 44 85 0 81 91 14 23 105 0 100 24 67 0 31 299 190 1 1 140 69 167
split_gain=44.5231 7.27791 4.73121 6.10517 3.62993 4.57667 3.42975 3.17297 2.98033 3.01269 2.73208 2.72105 3.42953 2.99655 2.79922 5.22399 2.68085 2.58595 2.62219 2.56252 3.19187 4.12058 2.76219 2.5502 3.66203 2.7982 6.80099 4.81414 5.87911 4.63011
threshold=0.039622785523533828 13.211498737335207 4.0835044384002694 -0.53988897800445546 1.0000000180025095e-35 1.0000000180025095e-35 1.0000000180025095e-35 1.0000000180025095e-35 1.0000000180025095e-35 1.0000000180025095e-35 1.0000000180025095e-35 13.096509456634523 1.0000000180025095e-35 1.0000000180025095e-35 1.0000000180025095e-35 1.0000000180025095e-35 1.0000000180025095e-35 12.921286582946779 1.0000000180025095e-35 1.0000000180025095e-35 1.0000000180025095e-35 10.513347148895265 1.0000000180025095e-35 1.0000000180025095e-35 1.0000000180025095e-35 0.74416303634643566 0.67815041542053234 1.0000000180025095e-35 1.0000000180025095e-35 1.0000000180025095e-35
decision_type=2 2 2 2 2 2 2 2 2 2 2 2 2 2 2 2 2 2 2 2 2 2 2 2 2 2 2 2 2 2
left_child=2 11 4 -4 5 -1 -6 23 9 -5 16 12 13 17 15 -14 -11 18 -2 -16 -21 -22 -23 24 25 26 27 29 -29 -3
right_child=1 7 3 8 6 -7 -8 -9 -10 10 -12 -13 14 -15 19 -17 -18 -19 -20 20 21 22 -24 -25 -26 -27 -28 28 -30 -31
leaf_value=-0.087224182714825099 0.019792996694448672 0.034439856350905317 0.10636119623723242 0.058886179106056868 -0.037729297311561896 -0.02764552231233738 0.04000149863511189 -0.050730214531155719 0.053367076441387676 -0.025417283849289575 0.040371937598385151 -0.055085784919329965 0.086067106325635717 -0.065295427947549473 -0.10935083787311371 -0.007099539640212444 -0.080378743405335851 0.079910254070078221 -0.045555975116363341 -0.063159491103517748 -0.055623342519969809 0.091147350577190395 -0.0148245755554251 0.09063526865332916 -0.030751721168544233 0.041912204991285409 -0.01876456458741892 0.039160079436174951 -0.10643611105824283 0.13212352910151187
leaf_weight=33.120756365358829 111.62741586565971 103.4563115388155 3.7096084654331198 4.2682447731494895 32.420890711247921 21.112002849578857 6.8812598437070838 4.9765276014804831 5.0272581726312628 228.9532191157341 6.0734711140394202 7.4147994220256797 6.9097250252962104 4.2973067462444297 3.8218676745891598 46.65638068318367 9.232609421014784 6.7337474524974814 6.4976694434881201 11.266107678413393 6.604345008730891 5.7781364768743497 4.2827070951461792 6.7310076653957358 10.10792191326618 120.78648014366627 32.852453619241714 5.8332826495170575 5.287121370434761 5.0910833477973929
leaf_count=263 582 480 19 25 252 166 50 23 31 1488 39 39 33 23 20 248 60 33 34 61 37 31 24 30 48 530 162 27 26 22
internal_value=-0.000502703 0.018155 -0.0280007 -0.0209982 -0.0472609 -0.0640311 -0.0241197 0.0284428 -0.0228615 -0.0244035 -0.0258589 0.00447192 0.00653094 0.0168086 -0.00902736 0.00491843 -0.0275477 0.0196344 0.0161984 -0.0325533 -0.022045 0.00574952 0.0460371 0.0298008 0.028356 0.030542 0.0215375 0.0326016 -0.0300627 0.0390214
internal_weight=867.812 517.012 350.799 257.264 93.5349 54.2328 39.3022 295.122 253.555 248.528 244.259 221.89 214.475 129.156 85.3193 53.5661 238.186 124.859 118.125 31.7532 27.9313 16.6652 10.0608 290.146 283.415 273.307 152.52 119.668 11.1204 108.547
internal_count=4906 2513 2393 1662 731 429 302 1348 1643 1612 1587 1165 1126 672 454 281 1548 649 616 173 153 92 55 1325 1295 1247 717 555 53 502
is_linear=0
shrinkage=0.1


Tree=10
num_leaves=31
num_cat=0
split_feature=0 52 262 50 65 24 126 56 9 13 10 11 73 12 8 62 83 12 14 59 73 21 82 133 0 26 5 88 100 113
split_gain=36.5367 8.37548 4.8504 3.70116 4.85823 4.32154 4.03511 3.94411 4.95177 4.36307 4.27447 5.2623 3.70589 4.26519 3.62637 5.76553 5.54226 6.35683 6.74462 3.82363 3.56231 3.53929 4.38988 4.06824 3.42385 8.63185 7.43977 6.33004 4.03006 3.62834
threshold=8.0862421989440936 1.0000000180025095e-35 1.0000000180025095e-35 1.0000000180025095e-35 1.0000000180025095e-35 1.0000000180025095e-35 1.0000000180025095e-35 1.0000000180025095e-35 1.0000000180025095e-35 1.0000000180025095e-35 1.0000000180025095e-35 1.0000000180025095e-35 1.0000000180025095e-35 1.0000000180025095e-35 1.0000000180025095e-35 1.0000000180025095e-35 1.0000000180025095e-35 1.0000000180025095e-35 1.0000000180025095e-35 1.0000000180025095e-35 1.0000000180025095e-35 1.0000000180025095e-35 1.0000000180025095e-35 1.0000000180025095e-35 8.3682408332824725 1.0000000180025095e-35 1.0000000180025095e-35 1.0000000180025095e-35 1.0000000180025095e-35 1.0000000180025095e-35
decision_type=2 2 2 2 2 2 2 2 2 2 2 2 2 2 2 2 2 2 2 2 2 2 2 2 2 2 2 2 2 2
left_child=14 2 24 5 7 12 -7 8 9 -5 11 -9 -3 -14 15 -1 19 18 -18 -17 -12 22 -16 -24 25 -2 -27 28 29 -26
right_child=1 3 -4 4 -6 6 -8 10 -10 -11 20 -13 13 -15 21 16 17 -19 -20 -21 -22 -23 23 -25 27 26 -28 -29 -30 -31
leaf_value=-0.056771856484289944 -0.03598511354243944 0.026955669102225289 -0.102570002178286 0.040323723947201143 0.1073876818836641 0.016644943389659224 -0.072805221284640273 0.079904777585200537 0.011957951275305016 0.15191113601065925 -0.087502429674345655 -0.023986328385387168 0.036995887073137244 0.15899491593258716 -0.0023341929854780374 0.080220971130662469 -0.12204643133504961 0.12589873979117225 0.076593490992002453 -0.036116352480358049 0.022062610941422395 -0.06666412978202868 -0.094104160608667095 0.021817888837009632 0.003445842354053832 0.026483504526350385 0.23969133645168858 -0.074606495812935811 -0.05489609750182637 0.052070767157044145
leaf_weight=88.522966898977757 5.5979437381029111 17.876531466841698 4.3990962058305731 6.2417575716972351 10.891963690519331 194.05803729593754 5.1775998175144187 12.471770972013474 10.310131639242172 7.9886036217212677 6.318279877305029 8.0047300904989243 5.5684778243303317 5.9039997756481171 91.495426446199417 2.9580497965216628 3.3468855768442136 5.2242458388209343 3.4935581833124161 62.870512224733829 5.5955030024051666 12.551534339785574 10.59470461308956 4.2386194020509711 227.34509027004242 3.2715113312005997 3.2750498801469803 10.660540819168089 11.095259755849836 16.456640228629112
leaf_count=648 35 79 28 27 45 904 24 53 45 34 29 35 25 26 647 20 23 35 23 435 25 86 72 31 1227 20 20 61 60 84
internal_value=-0.000496704 0.0139461 0.00161239 0.0256844 0.0461989 0.0195976 0.0143204 0.0344923 0.0647313 0.102966 0.0115818 0.0392914 0.0554223 0.0997794 -0.0297829 -0.0393119 -0.0194692 0.0428386 -0.0205969 -0.0308887 -0.0360434 -0.0164437 -0.0105155 -0.0609795 0.00326275 0.0551854 0.133145 0.000888219 0.00404563 0.00672803
internal_weight=863.805 578.509 282.101 296.407 67.8227 228.585 199.236 56.9308 24.5405 14.2304 32.3903 20.4765 29.349 11.4725 285.297 166.416 77.8933 12.0647 6.84044 65.8286 11.9138 118.88 106.329 14.8333 277.702 12.1445 6.54656 265.558 254.897 243.802
internal_count=4906 2886 1535 1351 293 1058 928 248 106 61 142 88 130 51 2020 1184 536 81 46 455 54 836 750 103 1507 75 40 1432 1371 1311
is_linear=0
shrinkage=0.1


end of trees

feature_importances:
Column_0=61
Column_1=31
Column_14=11
Column_15=10
Column_44=10
Column_61=9
Column_8=7
Column_11=7
Column_13=7
Column_26=7
Column_7=6
Column_23=6
Column_62=6
Column_102=6
Column_5=5
Column_12=5
Column_50=5
Column_52=5
Column_73=5
Column_81=5
Column_82=5
Column_140=5
Column_16=4
Column_51=4
Column_64=4
Column_68=4
Column_69=4
Column_83=4
Column_105=4
Column_113=4
Column_6=3
Column_9=3
Column_10=3
Column_56=3
Column_67=3
Column_84=3
Column_99=3
Column_104=3
Column_189=3
Column_24=2
Column_49=2
Column_55=2
Column_65=2
Column_100=2
Column_126=2
Column_133=2
Column_167=2
Column_177=2
Column_236=2
Column_262=2
Column_277=2
Column_21=1
Column_31=1
Column_33=1
Column_36=1
Column_47=1
Column_54=1
Column_59=1
Column_70=1
Column_71=1
Column_85=1
Column_88=1
Column_91=1
Column_95=1
Column_98=1
Column_139=1
Column_151=1
Column_156=1
Column_168=1
Column_174=1
Column_190=1
Column_283=1
Column_299=1
Column_312=1

parameters:
[boosting: gbdt]
[objective: binary]
[metric: binary_logloss]
[tree_learner: serial]
[device_type: cpu]
[data_sample_strategy: bagging]
[data: ]
[valid: ]
[num_iterations: 300]
[learning_rate: 0.1]
[num_leaves: 31]
[num_threads: 0]
[seed: 0]
[deterministic: 0]
[force_col_wise: 0]
[force_row_wise: 0]
[histogram_pool_size: -1]
[max_depth: -1]
[min_data_in_leaf: 20]
[min_sum_hessian_in_leaf: 0.001]
[bagging_fraction: 1]
[pos_bagging_fraction: 1]
[neg_bagging_fraction: 1]
[bagging_freq: 0]
[bagging_seed: 7719]
[bagging_by_query: 0]
[feature_fraction: 1]
[feature_fraction_bynode: 1]
[feature_fraction_seed: 2437]
[extra_trees: 0]
[extra_seed: 11797]
[early_stopping_round: 0]
[early_stopping_min_delta: 0]
[first_metric_only: 0]
[max_delta_step: 0]
[lambda_l1: 0]
[lambda_l2: 0]
[linear_lambda: 0]
[min_gain_to_split: 0]
[drop_rate: 0.1]
[max_drop: 50]
[skip_drop: 0.5]
[xgboost_dart_mode: 0]
[uniform_drop: 0]
[drop_seed: 21238]
[top_rate: 0.2]
[other_rate: 0.1]
[min_data_per_group: 100]
[max_cat_threshold: 32]
[cat_l2: 10]
[cat_smooth: 10]
[max_cat_to_onehot: 4]
[top_k: 20]
[monotone_constraints: ]
[monotone_constraints_method: basic]
[monotone_penalty: 0]
[feature_contri: ]
[forcedsplits_filename: ]
[refit_decay_rate: 0.9]
[cegb_tradeoff: 1]
[cegb_penalty_split: 0]
[cegb_penalty_feature_lazy: ]
[cegb_penalty_feature_coupled: ]
[path_smooth: 0]
[interaction_constraints: ]
[verbosity: -1]
[saved_feature_importance_type: 0]
[use_quantized_grad: 0]
[num_grad_quant_bins: 4]
[quant_train_renew_leaf: 0]
[stochastic_rounding: 1]
[linear_tree: 0]
[max_bin: 255]
[max_bin_by_feature: ]
[min_data_in_bin: 3]
[bin_construct_sample_cnt: 200000]
[data_random_seed: 38]
[is_enable_sparse: 1]
[enable_bundle: 1]
[use_missing: 1]
[zero_as_missing: 0]
[feature_pre_filter: 1]
[pre_partition: 0]
[two_round: 0]
[header: 0]
[label_column: ]
[weight_column: ]
[group_column: ]
[ignore_column: ]
[categorical_feature: ]
[forcedbins_filename: ]
[precise_float_parser: 0]
[parser_config_file: ]
[objective_seed: 8855]
[num_class: 1]
[is_unbalance: 0]
[scale_pos_weight: 1]
[sigmoid: 1]
[boost_from_average: 1]
[reg_sqrt: 0]
[alpha: 0.9]
[fair_c: 1]
[poisson_max_delta_step: 0.7]
[tweedie_variance_power: 1.5]
[lambdarank_truncation_level: 30]
[lambdarank_norm: 1]
[label_gain: ]
[lambdarank_position_bias_regularization: 0]
[eval_at: ]
[multi_error_top_k: 1]
[auc_mu_weights: ]
[num_machines: 1]
[local_listen_port: 12400]
[time_out: 120]
[machine_list_filename: ]
[machines: ]
[gpu_platform_id: -1]
[gpu_device_id: -1]
[gpu_device_id_list: ]
[gpu_use_dp: 0]
[num_gpu: 1]

end of parameters

pandas_categorical:null
