tree
version=v4
num_class=1
num_tree_per_iteration=1
label_index=0
max_feature_idx=567
objective=binary sigmoid:1
feature_names=Column_0 Column_1 Column_2 Column_3 Column_4 Column_5 Column_6 Column_7 Column_8 Column_9 Column_10 Column_11 Column_12 Column_13 Column_14 Column_15 Column_16 Column_17 Column_18 Column_19 Column_20 Column_21 Column_22 Column_23 Column_24 Column_25 Column_26 Column_27 Column_28 Column_29 Column_30 Column_31 Column_32 Column_33 Column_34 Column_35 Column_36 Column_37 Column_38 Column_39 Column_40 Column_41 Column_42 Column_43 Column_44 Column_45 Column_46 Column_47 Column_48 Column_49 Column_50 Column_51 Column_52 Column_53 Column_54 Column_55 Column_56 Column_57 Column_58 Column_59 Column_60 Column_61 Column_62 Column_63 Column_64 Column_65 Column_66 Column_67 Column_68 Column_69 Column_70 Column_71 Column_72 Column_73 Column_74 Column_75 Column_76 Column_77 Column_78 Column_79 Column_80 Column_81 Column_82 Column_83 Column_84 Column_85 Column_86 Column_87 Column_88 Column_89 Column_90 Column_91 Column_92 Column_93 Column_94 Column_95 Column_96 Column_97 Column_98 Column_99 Column_100 Column_101 Column_102 Column_103 Column_104 Column_105 Column_106 Column_107 Column_108 Column_109 Column_110 Column_111 Column_112 Column_113 Column_114 Column_115 Column_116 Column_117 Column_118 Column_119 Column_120 Column_121 Column_122 Column_123 Column_124 Column_125 Column_126 Column_127 Column_128 Column_129 Column_130 Column_131 Column_132 Column_133 Column_134 Column_135 Column_136 Column_137 Column_138 Column_139 Column_140 Column_141 Column_142 Column_143 Column_144 Column_145 Column_146 Column_147 Column_148 Column_149 Column_150 Column_151 Column_152 Column_153 Column_154 Column_155 Column_156 Column_157 Column_158 Column_159 Column_160 Column_161 Column_162 Column_163 Column_164 Column_165 Column_166 Column_167 Column_168 Column_169 Column_170 Column_171 Column_172 Column_173 Column_174 Column_175 Column_176 Column_177 Column_178 Column_179 Column_180 Column_181 Column_182 Column_183 Column_184 Column_185 Column_186 Column_187 Column_188 Column_189 Column_190 Column_191 Column_192 Column_193 Column_194 Column_195 Column_196 Column_197 Column_198 Column_199 Column_200 Column_201 Column_202 Column_203 Column_204 Column_205 Column_206 Column_207 Column_208 Column_209 Column_210 Column_211 Column_212 Column_213 Column_214 Column_215 Column_216 Column_217 Column_218 Column_219 Column_220 Column_221 Column_222 Column_223 Column_224 Column_225 Column_226 Column_227 Column_228 Column_229 Column_230 Column_231 Column_232 Column_233 Column_234 Column_235 Column_236 Column_237 Column_238 Column_239 Column_240 Column_241 Column_242 Column_243 Column_244 Column_245 Column_246 Column_247 Column_248 Column_249 Column_250 Column_251 Column_252 Column_253 Column_254 Column_255 Column_256 Column_257 Column_258 Column_259 Column_260 Column_261 Column_262 Column_263 Column_264 Column_265 Column_266 Column_267 Column_268 Column_269 Column_270 Column_271 Column_272 Column_273 Column_274 Column_275 Column_276 Column_277 Column_278 Column_279 Column_280 Column_281 Column_282 Column_283 Column_284 Column_285 Column_286 Column_287 Column_288 Column_289 Column_290 Column_291 Column_292 Column_293 Column_294 Column_295 Column_296 Column_297 Column_298 Column_299 Column_300 Column_301 Column_302 Column_303 Column_304 Column_305 Column_306 Column_307 Column_308 Column_309 Column_310 Column_311 Column_312 Column_313 Column_314 Column_315 Column_316 Column_317 Column_318 Column_319 Column_320 Column_321 Column_322 Column_323 Column_324 Column_325 Column_326 Column_327 Column_328 Column_329 Column_330 Column_331 Column_332 Column_333 Column_334 Column_335 Column_336 Column_337 Column_338 Column_339 Column_340 Column_341 Column_342 Column_343 Column_344 Column_345 Column_346 Column_347 Column_348 Column_349 Column_350 Column_351 Column_352 Column_353 Column_354 Column_355 Column_356 Column_357 Column_358 Column_359 Column_360 Column_361 Column_362 Column_363 Column_364 Column_365 Column_366 Column_367 Column_368 Column_369 Column_370 Column_371 Column_372 Column_373 Column_374 Column_375 Column_376 Column_377 Column_378 Column_379 Column_380 Column_381 Column_382 Column_383 Column_384 Column_385 Column_386 Column_387 Column_388 Column_389 Column_390 Column_391 Column_392 Column_393 Column_394 Column_395 Column_396 Column_397 Column_398 Column_399 Column_400 Column_401 Column_402 Column_403 Column_404 Column_405 Column_406 Column_407 Column_408 Column_409 Column_410 Column_411 Column_412 Column_413 Column_414 Column_415 Column_416 Column_417 Column_418 Column_419 Column_420 Column_421 Column_422 Column_423 Column_424 Column_425 Column_426 Column_427 Column_428 Column_429 Column_430 Column_431 Column_432 Column_433 Column_434 Column_435 Column_436 Column_437 Column_438 Column_439 Column_440 Column_441 Column_442 Column_443 Column_444 Column_445 Column_446 Column_447 Column_448 Column_449 Column_450 Column_451 Column_452 Column_453 Column_454 Column_455 Column_456 Column_457 Column_458 Column_459 Column_460 Column_461 Column_462 Column_463 Column_464 Column_465 Column_466 Column_467 Column_468 Column_469 Column_470 Column_471 Column_472 Column_473 Column_474 Column_475 Column_476 Column_477 Column_478 Column_479 Column_480 Column_481 Column_482 Column_483 Column_484 Column_485 Column_486 Column_487 Column_488 Column_489 Column_490 Column_491 Column_492 Column_493 Column_494 Column_495 Column_496 Column_497 Column_498 Column_499 Column_500 Column_501 Column_502 Column_503 Column_504 Column_505 Column_506 Column_507 Column_508 Column_509 Column_510 Column_511 Column_512 Column_513 Column_514 Column_515 Column_516 Column_517 Column_518 Column_519 Column_520 Column_521 Column_522 Column_523 Column_524 Column_525 Column_526 Column_527 Column_528 Column_529 Column_530 Column_531 Column_532 Column_533 Column_534 Column_535 Column_536 Column_537 Column_538 Column_539 Column_540 Column_541 Column_542 Column_543 Column_544 Column_545 Column_546 Column_547 Column_548 Column_549 Column_550 Column_551 Column_552 Column_553 Column_554 Column_555 Column_556 Column_557 Column_558 Column_559 Column_560 Column_561 Column_562 Column_563 Column_564 Column_565 Column_566 Column_567
feature_infos=[2.0013689994812012:17.993154525756836] [-0.7776256799697876:0.99923950433731079] none none none [0:1] [0:1] [0:1] [0:1] [0:1] [0:1] [0:1] [0:1] [0:1] [0:1] [0:1] [0:1] [0:1] [0:1] [0:1] [0:1] [0:1] [0:1] [0:1] [0:1] [0:1] [0:1] [0:1] [0:1] [0:1] [0:1] [0:1] [0:1] [0:1] [0:1] [0:1] [0:1] [0:1] [0:1] [0:1] [0:1] [0:1] [0:1] [0:1] [0:1] [0:1] [0:1] [0:1] [0:1] [0:1] [0:1] [0:1] [0:1] [0:1] [0:1] [0:1] [0:1] [0:1] [0:1] [0:1] [0:1] [0:1] [0:1] [0:1] [0:1] [0:1] [0:1] [0:1] [0:1] [0:1] [0:1] [0:1] [0:1] [0:1] [0:1] [0:1] [0:1] [0:1] [0:1] [0:1] [0:1] [0:1] [0:1] [0:1] [0:1] [0:1] [0:1] [0:1] [0:1] [0:1] [0:1] [0:1] [0:1] [0:1] [0:1] [0:1] [0:1] [0:1] [0:1] [0:1] [0:1] [0:1] [0:1] [0:1] [0:1] [0:1] [0:1] [0:1] [0:1] none none none none [0:1] [0:1] none [0:1] none [0:1] none none [0:1] none none none none [0:1] [0:1] [0:1] [0:1] [0:1] none [0:1] [0:1] [0:1] [0:1] none [0:1] [0:1] [0:1] [0:1] [0:1] [0:1] [0:1] [0:1] [0:1] [0:1] [0:1] [0:1] [0:1] [0:1] [0:1] [0:1] [0:1] [0:1] [0:1] [0:1] none none none none none none none none none none [0:1] [0:1] none none none none none [0:1] [0:1] [0:1] [0:1] [0:1] [0:1] [0:1] [0:1] [0:1] [0:1] [0:1] [0:1] [0:1] [0:1] [0:1] [0:1] [0:1] [0:1] [0:1] [0:1] [0:1] [0:1] [0:1] [0:1] [0:1] [0:1] [0:1] [0:1] none none [0:1] [0:1] [0:1] none [0:1] [0:1] [0:1] [0:1] [0:1] none [0:1] none none [0:1] none [0:1] [0:1] [0:1] [0:1] [0:1] [0:1] [0:1] [0:1] [0:1] [0:1] [0:1] [0:1] [0:1] [0:1] [0:1] [0:1] [0:1] [0:1] [0:1] [0:1] [0:1] [0:1] [0:1] [0:1] [0:1] none none none none none none none none none none none none none none none none none [0:1] [0:1] [0:1] [0:1] [0:1] [0:1] [0:1] [0:1] [0:1] [0:1] none [0:1] [0:1] [0:1] [0:1] none [0:1] [0:1] none none none [0:1] [0:1] none none none none none [0:1] [0:1] [0:1] [0:1] [0:1] [0:1] [0:1] none none none [0:1] none [0:1] [0:1] [0:1] none [0:1] [0:1] [0:1] [0:1] none none [0:1] [0:1] none none none none [0:1] [0:1] none none none [0:1] none none [0:1] [0:1] none none [0:1] [0:1] none none none none none none none none none none none none none none none none none none none none none none none none none none none none none none none none none none none none none none none none none none none none none none none none none none none none none none none none none none none none none none none none none none none none none none none none none none none none none none none none none none none none none none none none none none none none none none none none none none none none none none none none none none none none none none none none none none none none none none none none none none none none none none none none none none none none none none none none none none none none none none none none none none none none none none none none none none none none none none none none none none none none none none none none none none none none none none none none none none none none none none none none none none none none none none none none none none none none none none none none none none none none none none none none none none none none none none none none none none none none none none none none none none none none none none none none none none none none none
tree_sizes=3428 3488 3493 3470 3480 3485 3487 3490 3504 3505 3494 3493 3470 3480 3496 3461 3499 3473 3500 3502 3488 3494 3477 3486

Tree=0
num_leaves=31
num_cat=0
split_feature=11 10 10 16 16 16 8 16 8 81 8 12 39 8 64 12 8 15 12 12 8 67 15 12 8 73 5 40 12 74
split_gain=411.778 212.12 98.047 93.2955 84.3567 73.9793 47.3924 22.6694 20.8502 16.333 12.5493 9.78116 9.58725 8.80363 10.2285 8.89983 8.3787 9.27696 9.41019 7.96977 7.9685 7.66476 7.58477 7.29651 7.25854 8.14894 6.50631 6.25808 6.17261 6.09467
threshold=1.0000000180025095e-35 1.0000000180025095e-35 1.0000000180025095e-35 1.0000000180025095e-35 1.0000000180025095e-35 1.0000000180025095e-35 1.0000000180025095e-35 1.0000000180025095e-35 1.0000000180025095e-35 1.0000000180025095e-35 1.0000000180025095e-35 1.0000000180025095e-35 1.0000000180025095e-35 1.0000000180025095e-35 1.0000000180025095e-35 1.0000000180025095e-35 1.0000000180025095e-35 1.0000000180025095e-35 1.0000000180025095e-35 1.0000000180025095e-35 1.0000000180025095e-35 1.0000000180025095e-35 1.0000000180025095e-35 1.0000000180025095e-35 1.0000000180025095e-35 1.0000000180025095e-35 1.0000000180025095e-35 1.0000000180025095e-35 1.0000000180025095e-35 1.0000000180025095e-35
decision_type=2 2 2 2 2 2 2 2 2 2 2 2 2 2 2 2 2 2 2 2 2 2 2 2 2 2 2 2 2 2
left_child=2 5 7 16 6 13 11 -1 23 19 22 -3 -8 15 -15 -2 17 18 26 -5 -21 -13 -9 -7 28 -26 -4 -17 -6 -23
right_child=1 4 3 9 24 8 12 10 -10 -11 -12 21 -14 14 -16 27 -18 -19 -20 20 -22 29 -24 -25 25 -27 -28 -29 -30 -31
leaf_value=-1.2140174779689523 -1.0745615428114224 -0.89013209002060023 -1.1220963024136328 -0.96135918834484746 -0.76021161783100144 -0.94960354671117675 -1.1041154405794207 -1.1103005191833439 -1.0724276294546666 -1.0752625385034966 -1.1966672158295304 -0.89049783685947925 -0.98275786605908633 -1.1675088242252336 -1.0101884898826288 -1.1618117485373094 -1.1844249453837641 -1.1738471378938744 -1.15778416372489 -0.99536964712738185 -1.135475069540627 -0.9788502814330079 -1.1721910928849064 -1.0218875762683504 -0.9262150476028953 -0.78550279297199033 -1.0190797955357771 -1.0546450181483702 -0.85589818590152666 -1.1257754633735562
leaf_weight=178.82638227939606 46.86225950717926 35.052970111370087 10.872044205665588 34.303173959255219 22.868782639503479 40.301543176174164 24.930722057819366 49.111647963523865 33.740826845169067 38.801950871944427 55.859813332557678 7.3105124831199655 8.8101047873496992 50.798689305782318 4.4987769126892081 28.304804742336273 60.358590245246887 34.115724921226501 18.744903802871704 11.809289395809175 6.1858182549476615 11.434391319751738 33.178479731082916 21.369190335273743 10.122248053550722 6.9356144070625296 14.058677852153778 6.7481653690338126 9.5599009394645673 3.7489807605743417
leaf_count=954 250 187 58 183 122 215 133 262 180 207 298 39 47 271 24 151 322 182 100 63 33 61 177 114 54 37 75 36 51 20
internal_value=-1.09916 -1.01822 -1.15448 -1.10466 -0.921335 -1.07686 -0.978329 -1.19051 -1.00923 -1.02611 -1.16009 -0.923158 -1.07243 -1.12388 -1.15471 -1.10307 -1.15647 -1.13477 -1.10425 -0.989633 -1.04353 -0.974623 -1.13525 -0.97465 -0.816196 -0.869002 -1.064 -1.14118 -0.78842 -1.01513
internal_weight=919.625 373.398 546.226 229.25 140.774 232.624 91.2877 316.976 95.4116 91.1002 138.15 57.5469 33.7408 137.213 55.2975 81.9152 138.15 77.7914 43.6756 52.2983 17.9951 22.4939 82.2901 61.6707 49.4865 17.0579 24.9307 35.053 32.4287 15.1834
internal_count=4906 1992 2914 1223 751 1241 487 1691 509 486 737 307 180 732 295 437 737 415 233 279 96 120 439 329 264 91 133 187 173 81
is_linear=0
shrinkage=1


Tree=1
num_leaves=31
num_cat=0
split_feature=11 10 10 16 16 16 8 16 8 81 8 12 9 8 64 8 15 12 54 12 14 13 67 130 8 0 14 15 55 21
split_gain=328.634 148.901 86.0476 75.2188 57.2583 51.6969 32.6253 21.2692 14.9176 11.8733 11.3115 8.16458 7.49864 7.46914 8.44232 7.45941 7.98396 7.73739 7.41184 7.30794 6.69204 8.96341 6.61245 8.82829 6.57391 10.1436 6.68508 6.56432 6.23911 5.99478
threshold=1.0000000180025095e-35 1.0000000180025095e-35 1.0000000180025095e-35 1.0000000180025095e-35 1.0000000180025095e-35 1.0000000180025095e-35 1.0000000180025095e-35 1.0000000180025095e-35 1.0000000180025095e-35 1.0000000180025095e-35 1.0000000180025095e-35 1.0000000180025095e-35 1.0000000180025095e-35 1.0000000180025095e-35 1.0000000180025095e-35 1.0000000180025095e-35 1.0000000180025095e-35 1.0000000180025095e-35 1.0000000180025095e-35 1.0000000180025095e-35 1.0000000180025095e-35 1.0000000180025095e-35 1.0000000180025095e-35 1.0000000180025095e-35 1.0000000180025095e-35 7.7043120861053476 1.0000000180025095e-35 1.0000000180025095e-35 1.0000000180025095e-35 1.0000000180025095e-35
decision_type=2 2 2 2 2 2 2 2 2 2 2 2 2 2 2 2 2 2 2 2 2 2 2 2 2 2 2 2 2 2
left_child=2 4 7 15 13 6 22 -1 29 18 27 12 -8 19 -15 16 17 28 20 -2 21 -5 23 -3 25 -20 -27 -9 -4 -6
right_child=1 5 3 9 8 -7 11 10 -10 -11 -12 -13 -14 14 -16 -17 -18 -19 24 -21 -22 -23 -24 -25 -26 26 -28 -29 -30 -31
leaf_value=-0.11010775851125432 0.021851874651565805 0.15871514109630708 0.11228637192867592 0.22968791675537284 0.11615416371636139 0.22288704386579333 0.013009439868322509 -0.01008957532865574 0.023721582237324929 0.021236762293099964 -0.092560443248509081 -0.057424097892323833 0.12768446509340778 -0.063834083241160036 0.076512831337685355 -0.080385029033586339 -0.069998975278532188 -0.054459400646289569 0.23728505372249137 -0.038733554000479085 0.064584367555437477 0.072913371518166556 0.11935006233203341 0.31934902903039042 -0.0011794734061940535 0.10015567429514574 -0.046158475004922386 -0.06838404556240324 0.00073939786107565407 0.021389067577988748
leaf_weight=168.43262439966202 47.436926513910294 20.015312090516094 6.8812764883041408 10.080892190337179 57.886409729719162 56.089971542358398 16.304389774799347 48.837497860193253 34.190357029438019 39.264255613088608 53.107407480478287 9.1094924211502057 8.7690932452678698 49.0487330108881 4.696426033973693 57.760657370090485 32.830727845430374 18.191561102867126 3.9957779645919826 34.309016317129135 8.9093901664018631 5.7139929682016382 38.301488444209099 4.1268177628517142 11.100171357393267 10.931725129485129 4.3714648783206931 31.956681668758392 18.481076553463936 7.5455223470926276
leaf_count=954 250 97 36 51 291 264 86 262 180 207 298 48 46 271 24 322 182 100 20 187 45 29 190 20 57 55 22 177 97 38
internal_value=-0.000334186 0.0696402 -0.0514565 -0.00514673 0.0197021 0.146522 0.102193 -0.0864588 0.0772537 0.0632577 -0.0567112 0.0236575 0.0531154 -0.0226138 -0.0515701 -0.0532674 -0.0327616 -0.00469219 0.0931999 -0.00357601 0.133883 0.172973 0.145186 0.186174 0.0601379 0.0954058 0.05836 -0.0331469 0.0310042 0.105226
internal_weight=918.677 387.83 530.847 228.513 235.113 152.717 96.6266 302.334 99.6223 94.3677 133.902 34.183 25.0735 135.491 53.7452 134.145 76.3846 43.5539 55.1034 81.7459 24.7043 15.7949 62.4436 24.1421 30.3991 19.299 15.3032 80.7942 25.3624 65.4319
internal_count=4906 1992 2914 1223 1241 751 487 1691 509 486 737 180 132 732 295 737 415 233 279 437 125 80 307 117 154 97 77 439 133 329
is_linear=0
shrinkage=0.1


Tree=2
num_leaves=31
num_cat=0
split_feature=11 10 10 16 16 16 8 16 8 8 81 0 56 31 8 15 12 8 64 12 12 5 14 12 15 6 40 15 54 0
split_gain=265.376 109.689 75.4467 60.9085 44.7877 35.779 23.6131 20.0438 10.995 10.2012 8.82784 7.97651 7.47778 9.16178 6.63157 6.86082 6.36663 6.33529 6.99542 5.99113 5.86276 6.3578 5.76685 6.59314 5.67253 5.47784 6.22712 5.38665 5.26101 5.40069
threshold=1.0000000180025095e-35 1.0000000180025095e-35 1.0000000180025095e-35 1.0000000180025095e-35 1.0000000180025095e-35 1.0000000180025095e-35 1.0000000180025095e-35 1.0000000180025095e-35 1.0000000180025095e-35 1.0000000180025095e-35 1.0000000180025095e-35 5.1663243770599374 1.0000000180025095e-35 1.0000000180025095e-35 1.0000000180025095e-35 1.0000000180025095e-35 1.0000000180025095e-35 1.0000000180025095e-35 1.0000000180025095e-35 1.0000000180025095e-35 1.0000000180025095e-35 1.0000000180025095e-35 1.0000000180025095e-35 1.0000000180025095e-35 1.0000000180025095e-35 1.0000000180025095e-35 1.0000000180025095e-35 1.0000000180025095e-35 1.0000000180025095e-35 6.5010266304016122
decision_type=2 2 2 2 2 2 2 2 2 2 2 2 2 2 2 2 2 2 2 2 2 2 2 2 2 2 2 2 2 2
left_child=2 4 7 14 17 6 20 -1 -6 24 28 -8 -13 -14 15 16 -4 19 -19 -2 -3 -22 23 -10 -9 26 -21 -7 29 -5
right_child=1 5 3 10 8 27 11 9 22 -11 -12 12 13 -15 -16 -17 -18 18 -20 25 21 -23 -24 -25 -26 -27 -28 -29 -30 -31
leaf_value=-0.10576259449415455 0.019447026578715863 0.14637995098251502 0.027418212222331814 0.045136158867391647 0.090265914957456228 0.20440949031582503 -0.063243134837388013 -0.0091297003039216701 0.029976781741752275 -0.087914353339479334 0.018905431950538905 0.12619300109194992 -0.026289462581119562 0.14851220113418648 -0.075770705355352116 -0.065561363036686901 -0.050533254152263243 -0.059564571481922117 0.066395574979338304 -0.027867400855883774 0.12605233403894894 0.023754404521468736 0.080313186428283265 -0.0829956186894968 -0.063985976419389495 -0.08224730364272291 0.11846439295911147 0.13876993503986232 0.052525963365269795 0.1436315767673077
leaf_weight=158.34205913543701 47.944195568561554 40.816520556807518 25.735818579792976 8.0383497625589388 68.455889999866486 42.80791063606739 8.4909146428108198 48.588677585124969 15.756060242652895 50.461730152368546 39.672574728727341 8.3762829005718249 13.868137180805208 3.8254924565553656 55.281700015068054 31.612573713064194 17.672385275363922 47.396453052759171 4.8613024950027457 15.650126695632936 15.184093713760376 10.127547085285187 11.144530415534971 7.6858830451965323 30.79964491724968 14.399903714656828 3.5718164145946494 17.659866392612457 31.181518122553825 18.106816828250885
leaf_count=954 250 187 133 39 329 187 45 262 82 298 207 43 73 19 322 182 100 271 24 88 72 48 58 40 177 80 19 77 154 86
internal_value=-0.000544506 0.0607935 -0.0479048 -0.00482756 0.0174924 0.124437 0.0879229 -0.0818805 0.0670473 -0.0527582 0.0551695 0.0209365 0.0483536 0.0115039 -0.0494903 -0.0301247 -0.00431746 -0.0206642 -0.0478471 -0.00324861 0.122932 0.0851215 0.0210913 -0.00706335 -0.0304118 -0.0356122 -0.000676065 0.185239 0.0802658 0.113349
internal_weight=913.517 398.023 515.494 227.302 236.866 161.157 100.689 288.192 103.042 129.85 96.9993 34.5608 26.0699 17.6936 130.302 75.0208 43.4082 133.824 52.2578 81.566 66.1282 25.3116 34.5865 23.4419 79.3883 33.6218 19.2219 60.4678 57.3267 26.1452
internal_count=4906 1992 2914 1223 1241 751 487 1691 509 737 486 180 135 92 737 415 233 732 295 437 307 120 180 122 439 187 107 264 279 125
is_linear=0
shrinkage=0.1


Tree=3
num_leaves=31
num_cat=0
split_feature=11 10 10 16 16 16 16 8 8 12 34 33 137 80 140 54 0 13 12 82 64 79 5 12 54 84 0 14 0 0
split_gain=215.709 83.4146 66.1916 49.5693 35.3157 26.6594 18.935 17.6613 9.1939 9.02464 9.10152 8.30618 7.26385 7.111 6.74786 9.06626 13.124 6.88256 6.48213 6.28321 8.15365 5.97946 6.7333 6.73808 5.6842 5.56289 5.55677 6.87312 5.46451 5.3845
threshold=1.0000000180025095e-35 1.0000000180025095e-35 1.0000000180025095e-35 1.0000000180025095e-35 1.0000000180025095e-35 1.0000000180025095e-35 1.0000000180025095e-35 1.0000000180025095e-35 1.0000000180025095e-35 1.0000000180025095e-35 1.0000000180025095e-35 1.0000000180025095e-35 1.0000000180025095e-35 1.0000000180025095e-35 1.0000000180025095e-35 1.0000000180025095e-35 6.3449692726135263 1.0000000180025095e-35 1.0000000180025095e-35 1.0000000180025095e-35 1.0000000180025095e-35 1.0000000180025095e-35 1.0000000180025095e-35 1.0000000180025095e-35 1.0000000180025095e-35 1.0000000180025095e-35 7.8836412429809579 1.0000000180025095e-35 5.1663243770599374 10.310746192932131
decision_type=2 2 2 2 2 2 2 2 2 2 2 2 2 2 2 2 2 2 2 2 2 2 2 2 2 2 2 2 2 2
left_child=2 4 6 21 19 7 -1 -3 -8 11 -11 12 24 14 15 16 -5 -18 28 20 25 22 -4 -24 -6 -2 -26 -28 -9 -17
right_child=1 5 3 13 9 -7 8 18 -10 10 -12 -13 -14 -15 -16 29 17 -19 -20 -21 -22 -23 23 -25 26 -27 27 -29 -30 -31
leaf_value=-0.10173444835478825 -0.026027322593665848 0.1058916712800466 -0.074825914791807266 0.013147063719272234 0.1530417948314019 0.15892199152532588 -0.027877265335896014 -0.037237493429663586 -0.083512701439500792 -0.0055746921522151684 0.1226126838665199 0.015831414245099776 -0.01868263885461529 -0.039902234965648223 0.16762191731823062 0.057443414684471464 0.15915949987810929 0.05482416877039329 -0.054965326606904223 -0.079342578024095972 0.070507615592775172 0.016433763179597851 0.00071301987709694158 -0.078061025782590054 -0.023851020777342413 0.061943218265926372 0.060536591741320256 0.16736105563724826 0.069858483845585961 -0.01672853317359901
leaf_weight=148.65448075532913 98.129308313131332 68.90861502289772 64.085205256938934 17.782803848385811 18.881857872009277 63.257536217570305 78.074184790253639 6.2928668260574367 47.941906780004501 29.673020198941231 6.8101001679897299 15.704835206270216 4.8135769516229621 8.3404527902603132 5.1615793257951728 17.141033917665482 18.266927525401115 9.669104605913164 8.9266217797994596 15.218300163745878 11.098971858620642 13.707554653286932 32.576098218560219 16.287601515650749 4.1878622770309475 7.7564888298511496 16.160769090056419 9.6013393253088015 19.614924535155296 22.813909307122231
leaf_count=954 548 307 378 89 90 264 439 34 298 146 33 75 23 43 25 84 85 47 48 84 57 79 183 97 20 43 77 45 98 113
internal_value=-0.000679237 0.0535753 -0.0445853 -0.00447913 0.0155642 0.107755 -0.0775603 0.0765558 -0.0490434 0.0586141 0.0183533 0.079794 0.0985193 0.0484658 0.0565797 0.0498898 0.0803005 0.123047 0.0185243 -0.0188988 -0.0110358 -0.0459366 -0.0535059 -0.0255445 0.110072 -0.0195832 0.0829825 0.100349 0.0438454 0.0150919
internal_weight=905.54 405.037 500.503 225.832 238.036 167.001 274.671 103.743 126.016 105.833 36.4831 69.3502 53.6454 99.1758 90.8354 85.6738 45.7188 27.936 34.8344 132.203 116.985 126.656 112.949 48.8637 48.8318 105.886 29.95 25.7621 25.9078 39.9549
internal_count=4906 1992 2914 1223 1241 751 1691 487 737 509 179 330 255 486 443 418 221 132 180 732 648 737 658 280 232 591 142 122 132 197
is_linear=0
shrinkage=0.1


Tree=4
num_leaves=31
num_cat=0
split_feature=11 10 10 16 16 16 16 8 8 8 8 15 81 0 83 57 39 82 64 8 0 7 68 0 15 12 26 0 67 7
split_gain=176.157 64.8745 57.9405 40.3855 27.95 20.8509 17.9294 13.4802 8.28705 7.91869 5.87431 5.97111 5.8702 5.48391 6.15372 7.82748 6.54605 5.41451 6.4777 5.47361 5.9 5.03799 4.97943 5.1838 4.97713 4.85814 4.79855 4.79482 6.57651 5.18322
threshold=1.0000000180025095e-35 1.0000000180025095e-35 1.0000000180025095e-35 1.0000000180025095e-35 1.0000000180025095e-35 1.0000000180025095e-35 1.0000000180025095e-35 1.0000000180025095e-35 1.0000000180025095e-35 1.0000000180025095e-35 1.0000000180025095e-35 1.0000000180025095e-35 1.0000000180025095e-35 5.1663243770599374 1.0000000180025095e-35 1.0000000180025095e-35 1.0000000180025095e-35 1.0000000180025095e-35 1.0000000180025095e-35 1.0000000180025095e-35 16.661190986633304 1.0000000180025095e-35 1.0000000180025095e-35 13.351129055023195 1.0000000180025095e-35 1.0000000180025095e-35 1.0000000180025095e-35 16.880219459533695 1.0000000180025095e-35 1.0000000180025095e-35
decision_type=2 2 2 2 2 2 2 2 2 2 2 2 2 2 2 2 2 2 2 2 2 2 2 2 2 2 2 2 2 2
left_child=2 4 6 10 17 7 -1 27 24 22 11 25 -5 -9 15 -15 -17 18 19 20 -2 -20 23 -6 -8 -4 -24 28 -3 -30
right_child=1 5 3 12 9 -7 8 13 -10 -11 -12 -13 -14 14 -16 16 -18 -19 21 -21 -22 -23 26 -25 -26 -27 -28 -29 29 -31
leaf_value=-0.097951650313452043 -0.0075830148425466192 0.14072707189062286 0.02718403804372754 0.062552925108532928 0.069888844889724244 0.13917460146180716 -0.005569005385112593 -0.055987733786651554 -0.079310006900226812 0.012968374235820116 -0.068401728480617249 -0.058510961613062511 0.013367093327461941 0.15473915854297185 -0.060420737824954357 -0.025031627201196872 0.11082391044561367 -0.074659451373298033 0.0022123716201912741 -0.046934159247985163 0.1183557019044662 0.13570233890209696 0.071447655763480208 0.14899847328958424 -0.057975319529554661 -0.042214504624171124 -0.044534015017992548 -0.0011928847105525013 0.098442294562256394 0.021439310934179077
leaf_weight=139.43577906489372 60.844538494944572 24.37039215862751 25.738110423088074 60.267661571502686 48.031004443764687 64.908465728163719 47.671517610549927 8.0459136962890607 45.55973145365715 35.750748887658119 51.338071748614311 29.690309435129166 40.617918282747269 6.3490231782197997 5.1377680152654639 10.043484598398207 5.4829101413488397 14.588982611894606 6.3805847615003568 39.977579280734062 3.962155655026435 5.0767004638910294 7.7033417224884015 10.009125724434851 29.236350551247597 16.588455051183701 6.6438276022672653 5.0967521220445624 29.094536677002907 12.495856925845144
leaf_count=954 331 103 133 279 219 264 262 45 298 180 322 182 207 30 26 53 26 84 32 239 21 25 35 45 177 100 30 22 127 55
internal_value=-0.000770015 0.0475088 -0.0414864 -0.00417662 0.013857 0.0945295 -0.0734308 0.0672214 -0.0455125 0.0514742 -0.0425555 -0.0241307 0.04275 0.01648 0.0380647 0.0611954 0.0229437 -0.0172355 -0.0100284 -0.0178343 0.000116634 0.0613615 0.0704914 0.0835314 -0.0254911 -1.4356e-05 0.0177393 0.0922566 0.0994774 0.0753067
internal_weight=896.138 409.994 486.144 224.241 238.969 171.025 261.903 106.117 122.468 108.138 123.355 72.0169 100.886 35.0591 27.0132 21.8754 15.5264 130.831 116.242 104.784 64.8067 11.4573 72.3873 58.0401 76.9079 42.3266 14.3472 71.0575 65.9608 41.5904
internal_count=4906 1992 2914 1223 1241 751 1691 487 737 509 737 415 486 180 135 109 79 732 648 591 352 57 329 264 439 233 65 307 285 182
is_linear=0
shrinkage=0.1


Tree=5
num_leaves=31
num_cat=0
split_feature=11 10 10 16 16 16 16 8 8 12 69 33 34 0 8 42 137 12 54 8 15 12 68 0 0 82 64 8 0 56
split_gain=144.345 51.2771 50.7208 33.0126 22.2781 16.9433 16.7925 10.478 7.43948 6.73063 7.14463 6.08544 5.9914 5.71282 6.9098 8.0355 5.38768 5.30777 5.28617 5.18138 5.09105 4.95656 4.90679 6.72826 5.05778 4.65551 5.16345 4.61221 4.54516 7.97712
threshold=1.0000000180025095e-35 1.0000000180025095e-35 1.0000000180025095e-35 1.0000000180025095e-35 1.0000000180025095e-35 1.0000000180025095e-35 1.0000000180025095e-35 1.0000000180025095e-35 1.0000000180025095e-35 1.0000000180025095e-35 1.0000000180025095e-35 1.0000000180025095e-35 1.0000000180025095e-35 2.6652977466583256 1.0000000180025095e-35 1.0000000180025095e-35 1.0000000180025095e-35 1.0000000180025095e-35 1.0000000180025095e-35 1.0000000180025095e-35 1.0000000180025095e-35 1.0000000180025095e-35 1.0000000180025095e-35 9.0704994201660174 11.741273403167726 1.0000000180025095e-35 1.0000000180025095e-35 1.0000000180025095e-35 14.176591396331789 1.0000000180025095e-35
decision_type=2 2 2 2 2 2 2 2 2 2 2 2 2 2 2 2 2 2 2 2 2 2 2 2 2 2 2 2 2 2
left_child=2 4 5 19 25 -1 7 -3 -7 11 12 16 -11 -5 15 -15 -6 22 -19 20 -4 -9 23 -16 -25 26 27 -2 -21 -30
right_child=1 6 3 13 9 8 -8 21 -10 10 -12 -13 -14 14 17 -17 -18 18 -20 28 -22 -23 -24 24 -26 -27 -28 -29 29 -31
leaf_value=-0.094357646617087079 8.2754213476596278e-05 0.081176120841079516 -4.38058845333991e-05 -0.052008674525227366 0.088174758607478754 -0.023320834238455546 0.12361648025649824 0.036110937062817587 -0.075272323151931567 0.0069774070242289493 -0.08999557822812726 0.0089563812413868803 0.11270678052685806 0.084348124001135671 0.00065536994380848725 -0.0024273746282528728 -0.02186527011877739 0.020157995137533406 -0.11831502705783555 -0.079782604745065183 -0.054640773132043623 -0.051078874686822553 -0.059290132180208677 0.19706209582288547 0.050050572787747376 -0.070216133053346882 0.053694489483659583 -0.043477373074846233 0.12550531177036023 -0.065247198218347568
leaf_weight=130.72587177157402 64.797627910971642 72.571093484759331 42.249185994267464 6.6178519278764716 51.609378725290298 75.782958492636681 65.718571290373802 26.486456573009491 43.321420937776566 24.699806898832325 5.8974505811929694 16.077760368585587 6.844958469271659 46.748626753687859 10.299639299511915 13.827808246016501 4.8691775351762763 5.5474807024002057 5.4802660346031189 39.126750692725182 28.66867208480835 8.6491184979677183 4.4915093034505835 4.328835189342497 5.0942249298095703 13.992647662758825 11.747523888945578 38.898732110857964 3.2153829187154752 6.8903297185897827
leaf_count=954 352 307 233 32 232 439 264 132 298 119 29 75 31 220 49 65 23 27 28 256 182 48 21 20 24 84 57 239 21 45
internal_value=-0.000823059 0.0423709 -0.0385717 -0.00385777 0.0123777 -0.0695 0.0837802 0.0594736 -0.042217 0.0454665 0.0110322 0.0632361 0.0299198 0.0378509 0.0440572 0.0645398 0.0786879 0.00885009 -0.0486565 -0.0394172 -0.0221147 0.0146479 0.03504 0.0565221 0.117586 -0.015742 -0.00913929 -0.0162576 -0.0643409 -0.00455456
internal_weight=885.277 412.86 472.417 222.587 239.435 249.83 173.425 107.707 119.104 109.999 37.4422 72.5563 31.5448 102.436 95.8184 60.5764 56.4786 35.242 11.0277 120.15 70.9179 35.1356 24.2142 19.7227 9.42306 129.437 115.444 103.696 49.2325 10.1057
internal_count=4906 1992 2914 1223 1241 1691 751 487 737 509 179 330 150 486 454 285 255 169 55 737 415 180 114 93 44 732 648 591 322 66
is_linear=0
shrinkage=0.1


Tree=6
num_leaves=31
num_cat=0
split_feature=11 10 10 16 16 16 16 8 8 8 79 5 86 80 22 79 68 9 1 0 83 57 39 12 87 15 174 54 69 73
split_gain=118.602 44.2257 40.9133 26.9679 17.8038 16.0102 13.8726 8.23191 6.6706 5.97147 5.25401 5.90046 5.99862 4.826 5.84754 4.63865 5.35447 4.52906 4.4665 4.452 4.79436 5.60444 5.0481 4.37788 5.24797 5.51207 4.74054 4.48662 6.85052 5.89519
threshold=1.0000000180025095e-35 1.0000000180025095e-35 1.0000000180025095e-35 1.0000000180025095e-35 1.0000000180025095e-35 1.0000000180025095e-35 1.0000000180025095e-35 1.0000000180025095e-35 1.0000000180025095e-35 1.0000000180025095e-35 1.0000000180025095e-35 1.0000000180025095e-35 1.0000000180025095e-35 1.0000000180025095e-35 1.0000000180025095e-35 1.0000000180025095e-35 1.0000000180025095e-35 1.0000000180025095e-35 -1.0000000180025095e-35 5.1663243770599374 1.0000000180025095e-35 1.0000000180025095e-35 1.0000000180025095e-35 1.0000000180025095e-35 1.0000000180025095e-35 1.0000000180025095e-35 1.0000000180025095e-35 1.0000000180025095e-35 1.0000000180025095e-35 1.0000000180025095e-35
decision_type=2 2 2 2 2 2 2 2 2 2 2 2 2 2 2 2 2 2 2 2 2 2 2 2 2 2 2 2 2 2
left_child=1 5 4 10 23 -1 7 -4 -7 15 11 -3 -13 14 -5 16 -6 -12 -15 -9 21 -21 -23 24 25 27 -25 -2 29 -29
right_child=2 3 6 13 9 8 -8 19 -10 -11 17 12 -14 18 -16 -17 -18 -19 -20 20 -22 22 -24 26 -26 -27 -28 28 -30 -31
leaf_value=-0.090907487517966776 0.00040836583274634296 -0.065253809010783981 0.071796780788056 0.047687909610848254 0.062619954196935348 -0.021278233136172772 0.11090010799001782 -0.053228000478741461 -0.071374799581797044 0.0071666871154802761 -0.030797613657339209 -0.027362139730037729 0.11215609136081017 0.034949178875255997 -0.038920749740112136 0.13993674902924447 -0.0082990088207325757 0.086687984775446592 -0.11165267773298078 0.12801952813301803 -0.056461524608104899 -0.023949447811664429 0.093885295651571957 -0.044884973105331877 -0.10858117521984174 -0.022664997171758208 0.078196986763062928 0.1256164469099938 0.1640309935240907 -0.017072728550616697
leaf_weight=122.54505890607834 20.474412441253662 57.936158046126366 73.776332587003708 86.816027641296387 55.637857154011726 74.805504351854324 65.913279697299004 7.8684515208005896 41.228991240262985 36.555750012397766 7.1775992363691312 42.761957481503487 3.3210296630859366 4.0909613966941833 8.5646830946207029 6.1145605444908133 13.165263369679449 6.0444993525743484 4.2239881008863431 6.7502044588327452 4.9991947412490836 9.9637402147054654 5.7244105339050302 48.173799142241478 4.148249924182891 33.511574566364288 3.3466296195983878 4.3038072437047967 5.3280358910560599 8.8481842577457428
leaf_count=954 115 378 307 402 243 439 264 45 298 180 43 260 20 21 41 27 59 36 22 30 26 53 26 287 23 184 19 25 28 51
internal_value=-0.000857414 -0.035846 0.0379214 -0.00360791 0.0110754 -0.0657001 0.0746795 0.052793 -0.0390784 0.0403003 -0.036465 -0.0440125 -0.0173076 0.0335413 0.0399109 0.0564678 0.0490498 0.0229111 -0.0395245 0.0130824 0.0320986 0.0518296 0.019047 -0.0143494 0.000808319 0.00707022 -0.0368899 0.0326507 0.0683727 0.0296203
internal_weight=874.12 459.516 414.604 220.937 239.608 238.58 174.996 109.082 116.034 111.473 117.241 104.019 46.083 103.696 95.3807 74.9177 68.8031 13.2221 8.31495 35.306 27.4375 22.4384 15.6882 128.135 76.6143 72.466 51.5204 38.9544 18.48 13.152
internal_count=4906 2914 1992 1223 1241 1691 751 487 737 509 737 658 280 486 443 329 302 79 43 180 135 109 79 732 426 403 306 219 104 76
is_linear=0
shrinkage=0.1


Tree=7
num_leaves=31
num_cat=0
split_feature=11 10 10 16 16 16 16 8 8 12 69 78 79 5 12 15 33 140 54 0 13 0 14 12 73 12 15 67 8 73
split_gain=97.5006 38.5294 32.9993 22.063 15.0893 14.3019 11.5945 6.50078 5.96034 5.24326 5.43038 5.12731 5.06276 6.26504 5.75493 4.94128 4.69317 4.67633 5.47198 6.9257 7.42069 6.04046 5.14069 4.75567 4.78617 4.65797 4.39176 4.26293 4.242 4.62406
threshold=1.0000000180025095e-35 1.0000000180025095e-35 1.0000000180025095e-35 1.0000000180025095e-35 1.0000000180025095e-35 1.0000000180025095e-35 1.0000000180025095e-35 1.0000000180025095e-35 1.0000000180025095e-35 1.0000000180025095e-35 1.0000000180025095e-35 1.0000000180025095e-35 1.0000000180025095e-35 1.0000000180025095e-35 1.0000000180025095e-35 1.0000000180025095e-35 1.0000000180025095e-35 1.0000000180025095e-35 1.0000000180025095e-35 7.2210814952850351 1.0000000180025095e-35 10.310746192932131 1.0000000180025095e-35 1.0000000180025095e-35 1.0000000180025095e-35 1.0000000180025095e-35 1.0000000180025095e-35 1.0000000180025095e-35 1.0000000180025095e-35 1.0000000180025095e-35
decision_type=2 2 2 2 2 2 2 2 2 2 2 2 2 2 2 2 2 2 2 2 2 2 2 2 2 2 2 2 2 2
left_child=1 4 5 11 -1 -2 7 -4 26 16 15 12 13 -3 -15 -11 -7 18 19 -5 -21 23 27 24 -20 -14 -6 -23 -8 -30
right_child=2 3 6 17 8 9 28 -9 -10 10 -12 -13 25 14 -16 -17 -18 -19 21 20 -22 22 -24 -25 -26 -27 -28 -29 29 -31
leaf_value=-0.087565511403472795 -0.013105667774015986 -0.059048168680818504 0.06380535673884101 0.0076464357626443548 -0.00063471265877870667 0.064483688368660821 0.11867421976140713 0.011695765917620525 -0.067599846133383157 0.043695178229510828 -0.084626105164379919 -0.11174268534220565 0.087294723688437353 0.017561505628141686 -0.062048811033259078 -0.047154712871015775 0.0038411079302389742 0.10985540350175893 0.1388420036299487 0.11821786039878548 0.010873206588213873 0.044447068408638435 -0.10160093745889971 -0.044617377311820909 0.021920904355686641 -0.035985858969253236 -0.051067610988828893 -0.053446296944764493 0.02796982232413861 0.11993833563272005
leaf_weight=114.89889170229435 127.04398593306541 52.076087281107903 74.663402110338211 24.94885341823101 46.418893575668335 58.348703593015671 42.976495802402496 35.239680022001266 39.281358867883682 24.42757286131382 5.6746288686990729 7.8351658880710593 6.8515495210885984 29.136567622423172 13.191361263394354 7.930315449833869 16.334362283349037 6.8246909976005545 5.8884802162647256 18.106221452355385 9.9949293136596697 9.0130035132169759 7.7151947021484366 4.8984884619712821 8.6353672444820404 5.5454075038433075 27.493816584348679 8.7834735363721848 13.496269553899765 9.1892427653074265
leaf_count=954 732 354 307 119 262 255 173 180 298 113 29 51 39 171 88 37 75 31 27 78 46 43 38 23 39 34 177 42 54 37
internal_value=-0.000874137 -0.0332567 0.0340201 -0.00334276 -0.0620365 0.00989941 0.0669604 0.0470968 -0.0361231 0.0358289 0.00560556 -0.0336613 -0.027933 -0.0358229 -0.00724879 0.0214296 0.0512202 0.0298186 0.0242439 0.0459929 0.0800379 -0.00143339 -0.0334244 0.0405876 0.0693248 0.0321488 -0.0193946 -0.00386832 0.100208 0.0652236
internal_weight=862.862 447.538 415.325 219.445 228.093 239.76 175.565 109.903 113.194 112.716 38.0325 114.636 106.801 94.404 42.3279 32.3579 74.6831 104.809 97.984 53.05 28.1012 44.934 25.5117 19.4223 14.5238 12.397 73.9127 17.7965 65.662 22.6855
internal_count=4906 2914 1992 1223 1691 1241 751 487 737 509 179 737 686 613 259 150 330 486 455 243 124 212 123 89 66 73 439 85 264 91
is_linear=0
shrinkage=0.1


Tree=8
num_leaves=31
num_cat=0
split_feature=11 10 10 16 16 16 16 12 69 12 78 8 8 0 99 7 127 0 8 42 50 82 84 14 26 8 26 7 15 64
split_gain=80.3579 33.4329 26.7278 18.0755 14.1522 11.4733 9.87218 5.66103 5.79075 5.47744 4.65549 4.64699 4.64489 4.67362 4.61772 4.61538 5.76296 4.34966 5.4574 5.74926 4.13795 4.10514 4.64696 4.8746 4.09189 4.22587 4.07387 5.06614 4.06781 4.01814
threshold=1.0000000180025095e-35 1.0000000180025095e-35 1.0000000180025095e-35 1.0000000180025095e-35 1.0000000180025095e-35 1.0000000180025095e-35 1.0000000180025095e-35 1.0000000180025095e-35 1.0000000180025095e-35 1.0000000180025095e-35 1.0000000180025095e-35 1.0000000180025095e-35 1.0000000180025095e-35 17.006159782409672 1.0000000180025095e-35 1.0000000180025095e-35 1.0000000180025095e-35 2.6652977466583256 1.0000000180025095e-35 1.0000000180025095e-35 1.0000000180025095e-35 1.0000000180025095e-35 1.0000000180025095e-35 1.0000000180025095e-35 1.0000000180025095e-35 1.0000000180025095e-35 1.0000000180025095e-35 1.0000000180025095e-35 1.0000000180025095e-35 1.0000000180025095e-35
decision_type=2 2 2 2 2 2 2 2 2 2 2 2 2 2 2 2 2 2 2 2 2 2 2 2 2 2 2 2 2 2
left_child=1 4 5 10 -1 21 7 15 -9 14 12 -7 13 -3 -6 -4 24 -5 19 20 -19 22 29 -24 25 -17 27 -13 -8 -2
right_child=2 3 6 17 9 11 28 8 -10 -11 -12 26 -14 -15 -16 16 -18 18 -20 -21 -22 -23 23 -25 -26 -27 -28 -29 -30 -31
leaf_value=-0.084303576121480747 -0.018239891431064723 -0.0007208108712813677 0.076906465969467305 -0.051972781947923645 -0.0044449127845119984 0.045992494151932184 0.10725044668407271 0.029068793912225017 -0.072518739118967473 -0.06062560169247512 -0.10826644723092751 0.0012784987670421868 -0.051441071624449677 -0.10432059349669563 -0.080051307616384307 0.063172064942930567 -0.069567584395514609 0.048790074095355025 0.00075690603000745063 -0.0070139472098184295 0.11560368486127577 -0.064600067995556593 0.14702703664936242 -0.0093032217280885378 0.092832354160758912 -0.063239864530607356 -0.025476372399654425 0.12163147137245418 0.052285837145051611 0.043901505528311222
leaf_weight=107.78199662268162 93.231055244803429 58.098002880811691 47.136588975787163 6.6056089401245108 56.858195453882217 76.584589138627052 45.964223876595497 30.55683571100235 6.8733386248350135 44.236657440662384 7.3054773211479178 10.446627348661421 42.012455493211746 4.7072927355766288 9.4158803075551969 5.6890469938516652 5.212153658270835 36.523644000291824 35.942318499088287 13.956095606088637 12.422150015830992 13.223409458994864 3.9384698122739783 4.0411932617425919 10.309362605214119 4.9414394795894623 21.424262821674347 5.2578939646482459 19.043031975626945 11.712762519717215
leaf_count=954 548 355 204 32 378 329 187 137 31 294 51 51 301 30 65 23 24 165 169 65 55 84 22 22 44 24 104 25 77 56
internal_value=-0.00087363 -0.0308714 0.0305879 -0.00313001 -0.0585213 0.00888143 0.0602166 0.0420548 0.0104142 -0.0333756 -0.0310823 0.031917 -0.0257028 -0.00848567 -0.0151867 0.0582143 0.0245235 0.0265913 0.0318416 0.0496034 0.065747 -0.0118836 -0.00571051 0.0678557 0.0479438 0.00441117 0.00288372 0.0415728 0.0911493 -0.0113043
internal_weight=851.452 435.866 415.586 217.573 218.293 239.86 175.726 110.719 37.4302 110.511 112.123 113.713 104.818 62.8053 66.2741 73.2886 26.152 105.45 98.8442 62.9019 48.9458 126.147 112.923 7.97966 20.9398 10.6305 37.1288 15.7045 65.0073 104.944
internal_count=4906 2914 1992 1223 1691 1241 751 487 168 737 737 509 686 385 443 319 115 486 454 285 220 732 648 44 91 47 180 76 264 604
is_linear=0
shrinkage=0.1


Tree=9
num_leaves=31
num_cat=0
split_feature=11 10 10 16 16 16 16 8 140 8 61 0 78 79 5 12 81 12 34 8 12 6 40 13 12 9 78 132 42 15
split_gain=66.1343 28.9533 21.6996 14.7965 13.2653 9.23935 8.45293 5.44842 5.31204 4.71557 4.36709 5.77556 4.2353 4.16851 5.436 4.81433 4.07063 4.06294 4.9622 3.94411 4.11802 4.98519 4.72702 3.8638 4.0901 3.85801 3.79206 6.46589 4.23468 3.74834
threshold=1.0000000180025095e-35 1.0000000180025095e-35 1.0000000180025095e-35 1.0000000180025095e-35 1.0000000180025095e-35 1.0000000180025095e-35 1.0000000180025095e-35 1.0000000180025095e-35 1.0000000180025095e-35 1.0000000180025095e-35 1.0000000180025095e-35 4.7049965858459482 1.0000000180025095e-35 1.0000000180025095e-35 1.0000000180025095e-35 1.0000000180025095e-35 1.0000000180025095e-35 1.0000000180025095e-35 1.0000000180025095e-35 1.0000000180025095e-35 1.0000000180025095e-35 1.0000000180025095e-35 1.0000000180025095e-35 1.0000000180025095e-35 1.0000000180025095e-35 1.0000000180025095e-35 1.0000000180025095e-35 1.0000000180025095e-35 1.0000000180025095e-35 1.0000000180025095e-35
decision_type=2 2 2 2 2 2 2 2 2 2 2 2 2 2 2 2 2 2 2 2 2 2 2 2 2 2 2 2 2 2
left_child=1 4 5 12 -1 19 8 -6 9 10 11 -4 13 14 -3 -16 -5 -7 -19 20 -2 22 -22 24 -15 -11 27 28 -18 -21
right_child=2 3 6 16 7 17 -8 -9 -10 25 -12 -13 -14 23 15 -17 26 18 -20 29 21 -23 -24 -25 -26 -27 -28 -29 -30 -31
leaf_value=-0.081099830685436108 0.021445281746607276 -0.05351750321318887 0.1132526974162593 0.039804150101328456 -0.014695018817534426 0.041849658094448128 0.08313643016203924 -0.062119573539891559 -0.042261240894491951 -0.012202332019007481 0.093308322005920055 0.023306421842615027 -0.10503586690809055 0.13500081440864203 0.017925616599888981 -0.056436219540873724 0.025669036375651766 -0.015977658413523638 0.07408065436316684 -0.012707741916463344 -0.017079590706619178 -0.072563714988934824 0.11003404978032708 -0.043912076252983857 -0.0093827530368259821 0.058445030869877013 0.083267142686363094 -0.10693984647104425 -0.063758851141170997 -0.071899211097177132
leaf_weight=101.18110330402851 47.334509670734406 49.160797074437141 8.8241380900144559 63.429577797651291 71.627622649073601 76.177432432770729 64.191907227039337 36.605122596025467 7.7536598891019812 21.784737348556519 23.668460816144943 37.378766730427742 6.8031534403562537 4.5197940617799741 29.048158124089241 12.432689905166624 25.328008651733398 30.736730292439461 7.6387615352869025 29.903089687228203 14.579418301582338 13.028714388608934 3.6599238514900199 4.4547651559114456 3.4669768661260605 11.981085762381552 4.8369693011045447 5.9011426120996466 6.6947146505117408 16.658293962478638
leaf_count=954 250 354 36 279 439 330 264 298 34 112 96 152 51 26 171 88 121 146 33 189 88 80 19 25 22 57 23 29 34 106
internal_value=-0.000863564 -0.0285716 0.0275244 -0.00289113 -0.0550691 0.00796131 0.0542331 -0.0307344 0.0375769 0.04355 0.0583785 0.040485 -0.0286156 -0.0235721 -0.0310223 -0.0043622 0.0237286 0.0284828 0.00194873 -0.0108204 0.00284209 -0.02532 0.00842715 0.0307059 0.0723254 0.0128654 -0.000117126 -0.0107523 0.00697312 -0.0338847
internal_weight=840.79 425.491 415.3 216.077 209.414 239.717 175.583 108.233 111.391 103.637 69.8714 46.2029 109.886 103.083 90.6416 41.4808 106.19 114.553 38.3755 125.164 78.6026 31.2681 18.2393 12.4415 7.98677 33.7658 42.7608 37.9239 32.0227 46.5614
internal_count=4906 2914 1992 1223 1691 1241 751 737 487 453 284 188 737 686 613 259 486 509 179 732 437 187 107 73 48 169 207 184 155 295
is_linear=0
shrinkage=0.1


Tree=10
num_leaves=31
num_cat=0
split_feature=11 10 10 16 16 12 8 8 9 12 12 16 15 26 0 61 0 68 55 140 61 51 8 15 0 56 61 6 45 0
split_gain=54.487 24.9912 17.7024 12.3549 12.1364 8.04887 7.55038 7.54398 5.97042 5.16887 4.90571 4.61291 4.39098 6.73981 4.49653 4.13271 6.27128 4.06425 5.24718 4.0642 3.94778 6.96255 3.91345 4.47127 4.34111 6.75826 4.65203 3.8801 3.82622 4.40356
threshold=1.0000000180025095e-35 1.0000000180025095e-35 1.0000000180025095e-35 1.0000000180025095e-35 1.0000000180025095e-35 1.0000000180025095e-35 1.0000000180025095e-35 1.0000000180025095e-35 1.0000000180025095e-35 1.0000000180025095e-35 1.0000000180025095e-35 1.0000000180025095e-35 1.0000000180025095e-35 1.0000000180025095e-35 12.34633779525757 1.0000000180025095e-35 8.3682408332824725 1.0000000180025095e-35 1.0000000180025095e-35 1.0000000180025095e-35 1.0000000180025095e-35 1.0000000180025095e-35 1.0000000180025095e-35 1.0000000180025095e-35 14.176591396331789 1.0000000180025095e-35 1.0000000180025095e-35 1.0000000180025095e-35 1.0000000180025095e-35 4.0835044384002694
decision_type=2 2 2 2 2 2 2 2 2 2 2 2 2 2 2 2 2 2 2 2 2 2 2 2 2 2 2 2 2 2
left_child=1 3 6 -1 22 7 9 11 -9 17 15 -4 13 14 -8 -5 -17 20 -19 -12 -2 -22 23 -3 26 -26 -24 28 29 -11
right_child=2 4 5 10 -6 -7 12 8 -10 27 19 -13 -14 -15 -16 16 -18 18 -20 -21 21 -23 24 -25 25 -27 -28 -29 -30 -31
leaf_value=-0.077937691213828514 0.060592146986134333 0.0099164620316308464 0.063309857679123935 0.0093796228404995925 0.021200119268685313 0.017350957603419075 0.001280750892093039 0.0042950612946873138 0.08144635086967178 0.076399557598772538 -0.064481370239408947 0.11418830274406305 -0.048950489923396998 -0.032538791158221884 0.087587279311863428 -0.12171197271592815 -0.011069058793251459 -0.076233345105087016 0.029189758387898203 0.047491637075220174 -0.015370702959447145 0.10468945117549538 -0.094844091849530632 -0.043562245294570645 0.12882700900357069 -0.051872061480990585 -0.01642583773094269 -0.037155247659009322 0.064429902255320012 -0.029087693158477781
leaf_weight=95.077368825674057 51.443172588944435 39.806152418255806 46.580438479781151 39.118111528456211 106.76630392670631 55.121194139122963 14.15228407084942 29.1545519977808 15.291241496801375 5.0424931496381786 38.20490687340498 28.861261367797852 28.599095299839973 29.848184078931808 10.526644498109816 7.1626051664352444 17.988529302179813 6.9388728290796289 14.772393375635147 3.5420399233698836 20.316778197884563 6.336827114224433 21.310094855725765 25.745633400976658 3.171407610177992 5.9585147947072983 11.728578351438044 21.790778517723083 11.313272416591643 18.389083117246628
leaf_count=954 240 233 187 265 486 240 82 135 67 26 269 122 167 170 56 51 127 33 68 25 96 28 166 182 21 45 90 121 56 98
internal_value=-0.000851005 -0.0264378 0.0248038 -0.0517638 -0.00269317 0.0489785 0.00713651 0.06352 0.0308384 0.0200841 -0.0282906 0.0827741 -0.0172152 -0.000570324 0.0380943 -0.0109536 -0.0425782 0.0337688 -0.00450323 -0.054981 0.0444086 0.0131733 -0.0263748 -0.0110874 -0.0501393 0.0108963 -0.067006 -0.00407496 0.0166719 -0.00638676
internal_weight=830.059 415.58 414.479 201.094 214.487 175.009 239.47 119.887 44.4458 156.344 106.016 75.4417 83.1262 54.5271 24.6789 64.2692 25.1511 99.808 21.7113 41.7469 78.0968 26.6536 107.72 65.5518 42.1686 9.12992 33.0387 56.5356 34.7448 23.4316
internal_count=4906 2914 1992 1691 1223 751 1241 511 202 766 737 309 475 308 138 443 178 465 101 294 364 124 737 415 322 66 256 301 180 124
is_linear=0
shrinkage=0.1


Tree=11
num_leaves=31
num_cat=0
split_feature=11 10 10 16 16 16 16 8 140 78 15 64 12 67 0 50 22 9 1 5 15 14 12 7 0 39 1 127 26 8
split_gain=44.8389 21.5341 14.465 11.4522 9.96105 7.23112 6.80064 4.89207 4.28763 3.83881 3.73087 4.00966 3.72517 5.97306 4.49745 7.18637 4.76225 4.57573 5.58277 4.78879 3.70714 3.70519 3.69621 4.69748 4.92526 4.80787 5.92746 4.50785 4.12496 3.86637
threshold=1.0000000180025095e-35 1.0000000180025095e-35 1.0000000180025095e-35 1.0000000180025095e-35 1.0000000180025095e-35 1.0000000180025095e-35 1.0000000180025095e-35 1.0000000180025095e-35 1.0000000180025095e-35 1.0000000180025095e-35 1.0000000180025095e-35 1.0000000180025095e-35 1.0000000180025095e-35 1.0000000180025095e-35 12.34633779525757 1.0000000180025095e-35 1.0000000180025095e-35 1.0000000180025095e-35 -0.030344513244926926 1.0000000180025095e-35 1.0000000180025095e-35 1.0000000180025095e-35 1.0000000180025095e-35 1.0000000180025095e-35 5.845311403274537 1.0000000180025095e-35 -0.12221461907029151 1.0000000180025095e-35 1.0000000180025095e-35 1.0000000180025095e-35
decision_type=2 2 2 2 2 2 2 2 2 2 2 2 2 2 2 2 2 2 2 2 2 2 2 2 2 2 2 2 2 2
left_child=1 3 5 -1 9 -2 8 10 22 -3 11 -5 14 -14 16 21 17 18 19 -6 -8 -16 23 24 29 -26 -27 28 -25 -4
right_child=2 4 6 7 12 -7 20 -9 -10 -11 -12 -13 13 -15 15 -17 -18 -19 -20 -21 -22 -23 -24 27 25 26 -28 -29 -30 -31
leaf_value=-0.074805201610110283 -0.010357089798594911 -0.019550905032379554 0.17515481387340687 0.015136189028497622 0.045074203361598224 0.024429108678953856 0.086565618851232651 -0.056964691024319031 -0.042372262778017956 -0.10103499239828469 -0.041572702795193449 -0.098079650342476149 0.046486346512362088 -0.040185755216455413 -6.8402821595326793e-05 0.095716562551498519 -0.033478225449001142 0.10202124301751903 0.096831868847868513 -0.065596427984376107 0.033140559582761409 -0.092073845092262616 0.008604747790456951 -0.012830411675169712 0.016831656367473552 0.010403265392769499 0.15115416195739559 -0.071023649358784524 0.078696829588703388 0.060865575538295448
leaf_weight=89.448175996541977 124.22200191020966 99.60667260736227 6.4593897312879545 41.231097042560577 9.4263688325882011 115.15117058157921 43.827132880687714 34.263389401137829 7.7233016341924658 6.1379176005721083 25.221428096294403 3.3850073069334021 12.578444600105284 21.614894673228264 12.751316964626318 5.7393720597028723 6.0356552004814139 16.766556978225708 9.1945944130420667 6.6809906661510459 18.458348333835602 6.664898380637168 35.466143071651459 9.422159150242809 19.756574079394341 4.9214445203542709 7.6319228261709195 5.0325748771429053 10.314209654927254 5.4637763649225235
leaf_count=954 732 686 26 242 42 509 187 298 34 51 177 20 58 101 57 25 28 74 40 30 77 31 157 42 83 20 31 23 43 28
internal_value=-0.000835872 -0.0244147 0.0223382 -0.0485636 -0.00249141 0.00637691 0.0442363 -0.0260156 0.0295261 -0.0242806 -0.0108314 0.00654655 0.0189514 -0.00830235 0.0316718 -0.00259116 0.0495892 0.0615071 0.03466 -0.000829624 0.0707331 -0.0316506 0.0348415 0.0483269 0.0678515 0.0475808 0.0959739 0.0134593 0.0350016 0.122782
internal_weight=820.597 406.747 413.85 193.549 213.198 239.373 174.477 104.101 112.191 105.745 69.8375 44.6161 107.453 34.1933 73.2598 25.1556 48.1042 42.0685 25.302 16.1074 62.2855 19.4162 104.468 69.0021 44.2331 32.3099 12.5534 24.7689 19.7364 11.9232
internal_count=4906 2914 1992 1691 1223 1241 751 737 487 737 439 262 486 159 327 113 214 186 112 72 264 88 453 296 188 134 51 108 85 54
is_linear=0
shrinkage=0.1


Tree=12
num_leaves=31
num_cat=0
split_feature=11 10 12 16 8 16 10 1 15 5 0 80 9 0 12 13 16 99 7 53 73 15 61 54 81 26 39 8 0 42
split_gain=36.9416 18.5184 13.2022 10.5386 9.26054 8.12644 7.30087 5.9947 5.94013 5.83645 13.3303 4.96021 6.48662 5.48002 4.28639 4.25957 4.09687 4.09642 4.06998 3.92026 5.55466 5.11346 4.39384 4.76572 4.97866 4.237 4.21894 3.68797 4.80929 6.60753
threshold=1.0000000180025095e-35 1.0000000180025095e-35 1.0000000180025095e-35 1.0000000180025095e-35 1.0000000180025095e-35 1.0000000180025095e-35 1.0000000180025095e-35 0.93231424689292919 1.0000000180025095e-35 1.0000000180025095e-35 8.7460646629333514 1.0000000180025095e-35 1.0000000180025095e-35 13.474332809448244 1.0000000180025095e-35 1.0000000180025095e-35 1.0000000180025095e-35 1.0000000180025095e-35 1.0000000180025095e-35 1.0000000180025095e-35 1.0000000180025095e-35 1.0000000180025095e-35 1.0000000180025095e-35 1.0000000180025095e-35 1.0000000180025095e-35 1.0000000180025095e-35 1.0000000180025095e-35 1.0000000180025095e-35 4.0835044384002694 1.0000000180025095e-35
decision_type=2 2 2 2 2 2 2 2 2 2 2 2 2 2 2 2 2 2 2 2 2 2 2 2 2 2 2 2 2 2
left_child=1 3 4 -1 6 -3 -2 9 27 11 -11 12 -6 18 17 -10 -8 19 -14 21 25 22 23 24 26 -21 -5 28 -4 -30
right_child=2 5 8 14 7 -7 16 -9 15 10 -12 -13 13 -15 -16 -17 -18 -19 -20 20 -22 -23 -24 -25 -26 -27 -28 -29 29 -31
leaf_value=-0.071694398355467717 0.029310123413737257 -0.022228714487932 0.084654305257811924 0.0029550689826583062 0.012773450026794052 0.016946189401440527 0.052604508494288132 -0.11199023654265459 -0.055038109722594444 -0.10052858240990091 0.034411443342372998 -0.074109851095677082 0.14195991161429494 -0.0060307962711047313 -0.0497211144637799 0.012486237578452847 0.101339050255603 -0.072387754744152905 0.03098268883656077 0.18372108183130187 -0.043082012085640192 -0.061257031866285151 -0.045383681698449842 0.13212447313069128 -0.04592979752529102 0.032839009508488053 0.14695916493826508 -0.018623972738601269 -0.010575536456364304 0.067051471040607852
leaf_weight=84.268519386649132 100.68028171360493 104.10676390677691 10.567003652453421 4.5919556617736834 36.851440593600273 107.76541270315647 46.453929305076599 3.9760046154260626 31.206741563975811 12.725690945982935 17.236787095665932 4.2081598937511435 11.687353581190115 5.3541100174188605 39.50207231938839 13.33373925834894 27.438068568706512 8.4577104523777944 4.6074108630418769 3.5737664103507978 3.8248372972011566 13.886908769607542 9.0291956961154956 4.2862318605184546 7.4757674783468238 3.8837503790855408 3.6529250144958496 31.829678520560265 39.52052029967308 15.175661087036131
leaf_count=954 465 737 49 28 184 486 187 19 164 72 88 21 59 26 294 70 122 65 24 24 28 106 64 29 48 28 23 179 192 71
internal_value=-0.00080271 -0.0225294 0.0201585 -0.0455157 0.033081 -0.00230302 0.0468298 0.00824675 -0.00458737 0.0134055 -0.0229004 0.0307526 0.0382958 0.0817408 -0.0239229 -0.0348239 0.0707009 -0.00765993 0.110581 0.00243961 0.054894 -0.0113481 0.0125216 0.0386545 0.0131699 0.105144 0.0667566 0.00928335 0.0228941 0.0109624
internal_weight=811.158 398.306 412.853 186.434 271.219 211.872 174.572 96.647 141.633 92.671 29.9625 62.7085 58.5003 21.6489 102.165 44.5405 73.892 62.663 16.2948 54.2053 11.2824 42.923 29.0361 20.0069 15.7206 7.45752 8.24488 97.0929 65.2632 54.6962
internal_count=4906 2914 1992 1691 1267 1223 774 493 725 474 160 314 293 109 737 234 309 443 83 378 80 298 192 128 99 52 51 491 312 263
is_linear=0
shrinkage=0.1


Tree=13
num_leaves=31
num_cat=0
split_feature=11 10 10 16 16 16 8 12 5 74 8 0 16 140 54 0 0 14 81 67 87 82 84 14 78 8 128 0 0 1
split_gain=30.3668 15.9487 10.7898 9.61743 6.63362 5.62062 5.48781 4.29132 4.99288 4.8131 4.27628 3.79805 3.7433 3.66949 4.53008 5.41888 4.25782 3.92268 3.90642 6.33573 3.63074 3.75538 4.74405 4.91025 3.54367 3.60423 4.69284 4.51398 4.88541 3.71315
threshold=1.0000000180025095e-35 1.0000000180025095e-35 1.0000000180025095e-35 1.0000000180025095e-35 1.0000000180025095e-35 1.0000000180025095e-35 1.0000000180025095e-35 1.0000000180025095e-35 1.0000000180025095e-35 1.0000000180025095e-35 1.0000000180025095e-35 3.5414099693298344 1.0000000180025095e-35 1.0000000180025095e-35 1.0000000180025095e-35 14.591375827789308 10.310746192932131 1.0000000180025095e-35 1.0000000180025095e-35 1.0000000180025095e-35 1.0000000180025095e-35 1.0000000180025095e-35 1.0000000180025095e-35 1.0000000180025095e-35 1.0000000180025095e-35 1.0000000180025095e-35 1.0000000180025095e-35 6.5010266304016122 8.9486651420593279 -0.081146854907274232
decision_type=2 2 2 2 2 2 2 2 2 2 2 2 2 2 2 2 2 2 2 2 2 2 2 2 2 2 2 2 2 2
left_child=1 3 5 -1 24 20 7 12 9 -9 -5 -8 -4 14 15 -6 -16 18 19 -18 21 22 -2 -24 25 26 27 -3 29 -29
right_child=2 4 6 10 13 -7 11 8 -10 -11 -12 -13 -14 -15 16 -17 17 -19 -20 -21 -22 -23 23 -25 -26 -27 -28 28 -30 -31
leaf_value=-0.068600818120060456 -0.0065195342691872328 -0.06856633006362127 0.047434587365611597 -0.0078881592136790593 0.016085580327414934 0.020271982789304262 -0.078007221465041104 0.077225698965096734 -0.022551501530221785 -0.016632761555889879 -0.05209815004314388 0.019468567078466167 0.094539093561798793 0.084361018625107295 0.021536551060852626 0.10216971969442255 0.090398179041515495 -0.10016266428004444 -0.085627534900763608 -0.049731927034851027 -0.0912463313748028 -0.058925020106362636 0.15718852691188084 -0.0038586781919790186 -0.097543009610675621 -0.04017401574920082 0.091194486075299508 0.024982434755748011 -0.013592869504205289 0.15484099503399892
leaf_weight=79.5120999366045 98.755444139242172 10.357759803533552 46.369377434253693 68.286539949476719 46.093684822320938 115.99840360879898 4.3188051730394355 18.892212882637981 14.697436481714247 7.6865070164203635 32.19369425624609 53.697396144270897 26.518908977508545 7.1590014398097983 20.339349955320358 8.6912676990032178 6.012573137879377 7.5680993497371665 5.4591600596904746 6.9631210416555405 5.3107006549835196 12.351265698671339 3.7370552420616141 3.8370766788721085 5.6153031960129729 37.397414639592171 5.0962559133768073 7.1515459567308426 33.846620105206966 3.1814752072095853
leaf_count=954 576 66 187 439 206 509 24 78 61 32 298 247 122 31 89 37 26 38 27 32 32 83 20 21 51 301 34 44 221 20
internal_value=-0.000783245 -0.02075 0.0181543 -0.0426156 -0.00209175 0.00444983 0.037256 0.0499828 0.024219 0.050082 -0.022053 0.0122123 0.0645726 0.0151741 0.0102762 0.0297423 -0.0127361 -0.0395439 -0.014658 0.0152004 -0.0103524 -0.00673253 -0.000669836 0.0756016 -0.0203063 -0.0158365 -0.000574005 -0.00914933 0.00478078 0.0649651
internal_weight=803.096 390.925 412.171 179.992 210.933 239.99 172.181 114.164 41.2762 26.5787 100.48 58.0162 72.8883 108.286 101.127 54.785 46.3423 26.003 18.4349 12.9757 123.992 118.681 106.33 7.57413 102.646 97.0311 59.6337 54.5374 44.1796 10.333
internal_count=4906 2914 1992 1691 1223 1241 751 480 171 110 737 271 309 486 455 243 212 123 85 58 732 700 617 41 737 686 385 351 285 64
is_linear=0
shrinkage=0.1


Tree=14
num_leaves=31
num_cat=0
split_feature=12 8 11 15 178 8 11 16 79 174 1 8 10 56 134 0 0 5 0 10 55 5 67 69 16 5 6 97 10 64
split_gain=25.101 16.3682 13.1475 8.69392 9.61317 6.77464 5.92069 5.69482 5.83244 5.45782 5.09176 4.8101 4.67156 4.62114 6.86854 4.98956 4.64804 4.58473 11.2113 4.3786 7.0272 5.63476 5.36236 4.22343 4.2169 4.08212 6.48204 6.13572 4.99568 4.31801
threshold=1.0000000180025095e-35 1.0000000180025095e-35 1.0000000180025095e-35 1.0000000180025095e-35 1.0000000180025095e-35 1.0000000180025095e-35 1.0000000180025095e-35 1.0000000180025095e-35 1.0000000180025095e-35 1.0000000180025095e-35 0.93231424689292919 1.0000000180025095e-35 1.0000000180025095e-35 1.0000000180025095e-35 1.0000000180025095e-35 9.2238192558288592 10.513347148895265 1.0000000180025095e-35 8.7460646629333514 1.0000000180025095e-35 1.0000000180025095e-35 1.0000000180025095e-35 1.0000000180025095e-35 1.0000000180025095e-35 1.0000000180025095e-35 1.0000000180025095e-35 1.0000000180025095e-35 1.0000000180025095e-35 1.0000000180025095e-35 1.0000000180025095e-35
decision_type=2 2 2 2 2 2 2 2 2 2 2 2 2 2 2 2 2 2 2 2 2 2 2 2 2 2 2 2 2 2
left_child=2 9 3 4 7 12 23 8 11 25 17 19 -4 24 15 -15 -17 -7 -19 -1 -21 -22 -23 -3 -5 26 27 28 -2 -28
right_child=1 6 5 13 -6 10 -8 -9 -10 -11 -12 -13 -14 14 -16 16 -18 18 -20 20 21 22 -24 -25 -26 -27 29 -29 -30 -31
leaf_value=-0.062418265510790709 -0.018135998853011634 -0.096205382684015808 0.025702778050427366 -0.034715840132576135 0.18088657479441225 0.026358394335596166 -0.030823678341032137 0.023134478392043495 0.072349369830461252 0.069555453382909319 -0.10589512386114548 -0.064193043185862331 0.059039823564424491 -0.10083684161948843 0.074809639430927596 0.048411810037185914 -0.051119752250673348 -0.095098210575019354 0.030124608605987688 0.12063227453824953 -0.090175115175672282 -0.044336364144983896 0.1078058676160752 -0.02875257603069455 0.032797077995869527 -0.030726625947834964 -0.019532277613899026 0.10573574240990845 0.039703792379328431 -0.13343671808820182
leaf_weight=8.5077848732471484 31.219223737716675 40.461963161826134 101.3451737165451 18.583990857005119 3.2441163659095755 63.257397316396236 43.434084229171276 85.619921766221523 6.404405750334262 8.7772668823599798 3.8703988641500464 21.964278101921082 71.82562780380249 17.174068756401539 4.2926621139049521 5.6145410090684882 28.55131834000349 12.14214336872101 17.389029309153557 5.4145218431949624 5.7359529435634604 4.3945834040641785 4.8993479907512665 12.046004198491572 18.423357605934143 67.218050114810467 42.820258162915707 7.4550743848085395 28.624504372477531 3.6086210161447516
leaf_count=108 214 387 465 182 25 314 253 475 46 50 19 218 309 136 34 46 227 72 88 28 36 23 25 109 107 428 268 45 143 26
internal_value=-0.000755391 -0.0244763 0.0125665 -0.0045225 0.010666 0.0276918 -0.0581373 0.00680279 -0.0175918 -0.00745402 0.00648309 -0.0289048 0.0395299 -0.0284899 -0.0467059 -0.0568662 -0.0347635 0.0111706 -0.0213625 -0.00213375 0.0229532 -0.0122357 0.0358663 -0.0807308 -0.0011059 -0.0111896 0.000357676 0.0201872 0.00952998 -0.0283853
internal_weight=794.32 285.665 508.655 238.825 146.185 269.83 95.9421 142.941 57.3209 189.723 96.659 50.9165 173.171 92.6399 55.6326 51.3399 34.1659 92.7886 29.5312 28.9522 20.4444 15.0299 9.29393 52.508 37.0073 180.946 113.728 67.2988 59.8437 46.4289
internal_count=4906 1923 2983 1716 984 1267 749 959 484 1174 493 438 774 732 443 409 273 474 160 220 112 84 48 496 289 1124 696 402 357 294
is_linear=0
shrinkage=0.1


Tree=15
num_leaves=31
num_cat=0
split_feature=11 10 8 16 10 16 87 83 0 0 80 1 6 88 108 0 12 67 1 0 1 82 174 12 22 0 6 134 15 13
split_gain=21.4094 13.0195 8.23024 7.96748 5.38998 4.91455 4.25657 4.04423 5.2431 5.08308 4.57237 4.03053 3.69875 4.95374 4.49378 3.6442 3.42735 3.82994 4.42016 3.5514 3.42617 3.41221 4.13216 5.79707 3.45309 4.35286 4.02013 3.36863 4.02477 3.55278
threshold=1.0000000180025095e-35 1.0000000180025095e-35 1.0000000180025095e-35 1.0000000180025095e-35 1.0000000180025095e-35 1.0000000180025095e-35 1.0000000180025095e-35 1.0000000180025095e-35 12.643394947052004 17.30732345581055 1.0000000180025095e-35 -0.53988897800445546 1.0000000180025095e-35 1.0000000180025095e-35 1.0000000180025095e-35 16.495551109313968 1.0000000180025095e-35 1.0000000180025095e-35 -0.12905924022197721 11.296372413635256 -0.64696934819221485 1.0000000180025095e-35 1.0000000180025095e-35 1.0000000180025095e-35 1.0000000180025095e-35 12.34633779525757 1.0000000180025095e-35 1.0000000180025095e-35 1.0000000180025095e-35 1.0000000180025095e-35
decision_type=2 2 2 2 2 2 2 2 2 2 2 2 2 2 2 2 2 2 2 2 2 2 2 2 2 2 2 2 2 2
left_child=1 3 4 -1 6 -3 -2 9 -9 10 15 20 13 -5 -14 -4 -13 19 -19 -18 -6 22 23 24 25 27 -27 28 29 -7
right_child=2 5 7 12 11 21 -8 8 -10 -11 -12 16 14 -15 -16 -17 17 18 -20 -21 -22 -23 -24 -25 -26 26 -28 -29 -30 -31
leaf_value=-0.063505715741187199 0.016220705387043673 -0.017101479650049808 0.0097440564689891401 -0.0099414699549491004 0.053035798454007049 0.14415780725813673 -0.081657457390420574 -0.074698102201576508 0.027179914236284287 -0.08606852931279968 -0.063653371211409196 0.048447130947255966 -0.051808528643140866 0.12666859016874815 0.073539858375467518 0.10339810592098611 0.091466480087569302 -0.089632979262268458 0.011599173812059486 -0.014651358009914192 0.14928861677717331 -0.034709564296914033 0.10540055310247098 -0.02291275448672658 -0.042771407319785015 -0.041261453368187616 0.051490682711618531 0.0048271015784974551 0.025951647412024804 0.056123682150581201
leaf_weight=72.454235762357712 153.44839869439602 99.464599065482616 97.370771884918213 54.053323611617088 9.9510118514299375 9.9769023507833481 4.5756039023399344 16.015026874840263 7.3791780322790137 6.0702277272939673 8.2530400007963163 61.816823661327362 38.459659516811371 2.7914889231324187 3.0898329168558112 4.3399717509746543 8.2607790231704694 6.0524560809135446 15.009753674268723 5.1012139916419974 5.8852994143962851 12.827949106693266 5.3748364150524131 27.697025969624519 5.6042063236236563 10.413728401064873 8.4767358601093292 8.7470778524875623 10.412057921290399 8.4812291413545609
leaf_count=954 743 737 523 410 44 42 23 88 37 32 46 267 284 19 24 20 34 25 63 21 26 63 23 129 26 46 38 38 45 36
internal_value=-0.000746131 -0.0178971 0.015098 -0.0383401 0.0252834 -0.00106317 0.0133866 -0.0046331 -0.042563 0.00301413 0.00793168 0.0420572 -0.019809 -0.00323293 -0.042487 0.0137403 0.0343647 0.00907634 -0.017491 0.0509538 0.0888065 0.013706 0.020231 0.0151338 0.0320996 0.039525 0.0003593 0.059193 0.0756648 0.103707
internal_weight=787.854 378.325 409.53 170.849 270.101 207.476 158.024 139.428 23.3942 116.034 109.964 112.077 98.3943 56.8448 41.5495 101.711 96.241 34.4242 21.0622 13.362 15.8363 108.012 95.1838 89.809 62.1119 56.5077 18.8905 37.6173 28.8702 18.4581
internal_count=4906 2914 1992 1691 1246 1223 766 746 125 621 589 480 737 429 308 543 410 143 88 55 70 486 423 400 271 245 84 161 123 78
is_linear=0
shrinkage=0.1


Tree=16
num_leaves=31
num_cat=0
split_feature=12 8 11 15 178 11 8 86 42 16 77 69 56 134 0 95 0 14 6 32 55 174 53 0 10 10 134 5 88 21
split_gain=19.2343 13.4196 8.68975 6.66176 7.09482 5.29232 4.76202 5.17068 6.28894 4.42367 4.25855 4.00685 3.99899 5.75536 4.62818 4.30689 5.3451 7.44435 4.26641 3.9174 4.48079 3.85474 3.77574 3.94323 3.77286 3.49256 3.75414 3.31123 3.25556 4.27971
threshold=1.0000000180025095e-35 1.0000000180025095e-35 1.0000000180025095e-35 1.0000000180025095e-35 1.0000000180025095e-35 1.0000000180025095e-35 1.0000000180025095e-35 1.0000000180025095e-35 1.0000000180025095e-35 1.0000000180025095e-35 1.0000000180025095e-35 1.0000000180025095e-35 1.0000000180025095e-35 1.0000000180025095e-35 9.2238192558288592 1.0000000180025095e-35 11.998631000518801 1.0000000180025095e-35 1.0000000180025095e-35 1.0000000180025095e-35 1.0000000180025095e-35 1.0000000180025095e-35 1.0000000180025095e-35 16.119096755981449 1.0000000180025095e-35 1.0000000180025095e-35 1.0000000180025095e-35 1.0000000180025095e-35 1.0000000180025095e-35 1.0000000180025095e-35
decision_type=2 2 2 2 2 2 2 2 2 2 2 2 2 2 2 2 2 2 2 2 2 2 2 2 2 2 2 2 2 2
left_child=2 10 3 4 6 11 7 8 28 -4 21 -3 22 14 -14 16 17 -16 -18 27 -21 -2 -5 -24 -13 26 -11 -7 29 -1
right_child=1 5 9 12 -6 19 -8 -9 -10 25 -12 24 13 -15 15 -17 18 -19 -20 20 -22 -23 23 -25 -26 -27 -28 -29 -30 -31
leaf_value=0.023785663368838028 -0.0076224096403954868 -0.092118921759671846 0.0118032614858856 -0.016090357538140827 0.15008857575289264 -0.061750312027569712 -0.016099697923105748 0.12608497600059246 -0.051702017554720696 0.031810249749549983 -0.11153929600221268 -0.090008913074193841 -0.096302747345522965 0.067435335012251671 0.11825782292594374 -0.093199508598427891 -0.089583727820117628 -0.066030255614537986 0.018199718497028557 -0.047461348795961991 0.10056121457263034 0.059473707321816331 0.11372770693753922 -0.034089871792269459 0.025270627128557939 0.061333220195525576 -0.047929525204443948 0.0075354409002008176 -0.063855686199541503 0.10844151350267268
leaf_weight=58.679210789501667 174.35365653038025 36.76574582606554 149.90069103986025 28.184806697070599 3.5333873108029357 24.827331647276878 55.773654520511627 4.4770557433366767 11.824919506907461 71.66458585858345 3.7812901213765135 5.0059493482112867 15.868135109543799 4.4027691483497611 5.896591782569887 8.2255359590053541 9.1129838749766332 3.4888950437307358 6.1514678969979277 3.7084644585847837 4.5591656342148781 9.0047072842717153 5.1575324088335028 2.7760555073618889 6.5584938824176788 40.826337665319443 6.434292495250701 9.5512224957346898 3.7134190276265135 6.6483242064714423
leaf_count=353 1098 387 745 232 25 149 446 28 72 303 26 62 136 34 43 67 81 31 51 20 26 50 36 21 47 192 27 58 20 40
internal_value=-0.000707932 -0.0218094 0.0109654 -0.00312876 0.0101283 -0.0533141 0.00662384 0.0214742 0.0156826 0.0232292 -0.00649362 -0.0759704 -0.0246113 -0.0420599 -0.0519501 -0.0305422 -0.00963388 0.0497519 -0.0461477 -0.027638 0.0341654 -0.00432733 0.00106359 0.0620046 -0.0246309 0.0376311 0.0252408 -0.042501 0.0272238 0.032401
internal_weight=780.857 278.116 502.741 233.915 144.65 90.9764 141.117 85.3429 80.8659 268.826 187.14 48.3302 89.2648 53.1464 48.7436 32.8755 24.6499 9.38549 15.2645 42.6462 8.26763 183.358 36.1184 7.93359 11.5644 118.925 78.0989 34.3786 69.041 65.3275
internal_count=4906 1923 2983 1716 984 749 959 513 485 1267 1174 496 732 443 409 273 206 74 132 253 46 1148 289 57 109 522 330 207 413 393
is_linear=0
shrinkage=0.1


Tree=17
num_leaves=31
num_cat=0
split_feature=8 12 11 10 15 262 1 84 0 1 12 16 81 11 53 0 0 1 79 7 16 1 7 6 26 42 0 133 40 0
split_gain=16.6676 11.1172 7.68767 5.52305 5.12197 4.95824 4.78467 4.60724 4.50695 5.14856 4.22408 3.94191 3.74136 6.11468 6.08142 4.62053 3.67753 5.22111 4.32147 5.82406 3.78796 4.45273 4.56173 3.76745 4.32775 4.04614 3.90172 3.476 3.43541 3.42728
threshold=1.0000000180025095e-35 1.0000000180025095e-35 1.0000000180025095e-35 1.0000000180025095e-35 1.0000000180025095e-35 1.0000000180025095e-35 0.93231424689292919 1.0000000180025095e-35 4.0835044384002694 -0.51950716972351063 1.0000000180025095e-35 1.0000000180025095e-35 1.0000000180025095e-35 1.0000000180025095e-35 1.0000000180025095e-35 5.3018479347229013 8.7460646629333514 -0.14837630838155744 1.0000000180025095e-35 1.0000000180025095e-35 1.0000000180025095e-35 0.64194995164871227 1.0000000180025095e-35 1.0000000180025095e-35 1.0000000180025095e-35 1.0000000180025095e-35 12.462697029113771 1.0000000180025095e-35 1.0000000180025095e-35 2.2505134344100957
decision_type=2 2 2 2 2 2 2 2 2 2 2 2 2 2 2 2 2 2 2 2 2 2 2 2 2 2 2 2 2 2
left_child=2 6 3 11 7 8 16 12 27 -10 28 -1 13 -3 15 -15 17 -2 20 -20 -18 23 -23 24 -22 -26 -25 -4 -11 -29
right_child=1 4 5 -5 -6 -7 -8 -9 9 10 -12 -13 -14 14 -16 -17 18 -19 19 -21 21 22 -24 26 25 -27 -28 29 -30 -31
leaf_value=-0.04651052348506457 -0.010055937465754282 -0.061985818773300311 0.07959082475831887 0.010543003331967457 -0.087457681253418851 -0.070405998914358045 -0.091867847765898528 0.07875387834444697 -0.090989993593705576 0.03768668511660779 0.0018014894981085731 -0.0058795493425007148 -0.072161614738517565 -0.041285960625280345 -0.082167270816636481 0.090558844949172046 -0.017944445088566439 -0.088369694225497647 0.13998278626748287 -0.026157872387835169 0.12427967456578121 -0.08214726152075684 0.044187036351939393 -0.050548912410222462 0.087391161145600693 -0.029063497117908257 0.062334717203900006 0.079627203679720718 -0.0034811922832936287 -0.021259424868096923
leaf_weight=37.034185230731964 70.321535028517246 17.731646522879601 23.221688583493233 130.77240097522736 25.725092992186546 5.7313997745513907 6.3666399642825118 3.4020175635814658 4.2313305586576453 118.26754745841026 78.928284719586372 67.213409923017025 23.200612314045429 3.6609524339437511 4.3096171319484702 9.703070864081381 44.385277554392815 9.6856106966733915 5.4624243304133397 3.4379118755459785 8.3223108351230621 6.8495997413992864 4.9048203602433205 6.9759271740913373 6.0897868052124977 5.8490999564528465 5.4572675079107285 5.4189982563257209 24.463186800479889 8.8938509076833707
leaf_count=510 488 187 108 719 237 27 45 25 20 530 385 439 197 21 26 56 337 70 35 22 45 40 27 36 32 34 32 25 109 42
internal_value=-0.0006908 -0.0206496 0.0100705 -0.00314412 -0.0499447 0.0216092 -0.00668959 -0.0343817 0.0236112 0.0182794 0.0203652 -0.0203138 -0.0409491 -0.020496 0.02113 0.0544412 -0.00363853 -0.0195365 0.00937587 0.075808 0.00272 0.0233549 -0.0294312 0.0423328 0.0689245 0.0303377 -0.00100122 0.0556995 0.0306308 0.0169373
internal_weight=776.018 271.841 504.176 235.02 87.733 269.156 184.108 62.0079 263.425 225.89 221.659 104.248 58.6059 35.4053 17.6736 13.364 177.742 80.0071 97.7344 8.90034 88.8341 44.4488 11.7544 32.6944 20.2612 11.9389 12.4332 37.5345 142.731 14.3128
internal_count=4906 1992 2914 1668 749 1246 1243 512 1219 1044 1024 949 487 290 103 77 1198 558 640 57 583 246 67 179 111 66 68 175 639 67
is_linear=0
shrinkage=0.1


Tree=18
num_leaves=31
num_cat=0
split_feature=8 12 188 12 15 41 15 32 7 167 95 140 14 5 1 5 10 6 97 11 42 0 26 74 26 51 0 73 58 88
split_gain=13.7306 9.54635 6.97199 6.59939 4.66751 4.62328 5.91147 7.7198 6.76483 4.60304 5.63048 7.81912 4.46221 4.28903 4.09972 4.07656 4.75107 3.98479 5.44004 3.90399 5.22096 3.8571 4.10672 3.77851 5.16267 4.17811 4.07378 3.74146 6.45025 3.71483
threshold=1.0000000180025095e-35 1.0000000180025095e-35 1.0000000180025095e-35 1.0000000180025095e-35 1.0000000180025095e-35 1.0000000180025095e-35 1.0000000180025095e-35 1.0000000180025095e-35 1.0000000180025095e-35 1.0000000180025095e-35 1.0000000180025095e-35 1.0000000180025095e-35 1.0000000180025095e-35 1.0000000180025095e-35 0.93231424689292919 1.0000000180025095e-35 1.0000000180025095e-35 1.0000000180025095e-35 1.0000000180025095e-35 1.0000000180025095e-35 1.0000000180025095e-35 10.380561351776125 1.0000000180025095e-35 1.0000000180025095e-35 1.0000000180025095e-35 1.0000000180025095e-35 9.0704994201660174 1.0000000180025095e-35 1.0000000180025095e-35 1.0000000180025095e-35
decision_type=2 2 2 2 2 2 2 2 2 2 2 2 2 2 2 2 2 2 2 2 2 2 2 2 2 2 2 2 2 2
left_child=2 14 3 5 13 6 9 8 19 10 11 27 -12 -3 -2 16 17 18 -5 -8 -21 22 -9 24 25 -18 -25 28 29 -1
right_child=1 4 -4 15 -6 -7 7 21 -10 -11 12 -13 -14 -15 -16 -17 23 -19 -20 20 -22 -23 -24 26 -26 -27 -28 -29 -30 -31
leaf_value=0.03817162042503365 -0.0033345319130370617 -0.050634777064504838 -0.096087533545276549 -0.0064802306421663366 -0.083769304918432319 -0.021126976091531163 -0.013742645597081521 0.18860155802010525 -0.039599331185608648 -0.045937259318076198 0.038592190564211391 -0.049646651153552893 0.14400524864671335 0.0058647158675618795 -0.08689121152317851 -0.024131776006573416 0.13426986264578486 -0.043472871034259182 0.10697220296878492 0.053601690491478698 -0.047644899694633952 0.004039766388053782 0.057488531380186364 0.073014531650342621 0.016037343346902971 0.024805525069332264 -0.038642700433628906 0.013193159456506868 0.089144162782231265 -0.062362312738506169
leaf_weight=64.280183434486389 176.93217673897743 40.407847870141268 6.2270637452602378 32.123061299324036 24.249433413147926 26.043220013380051 27.43036799877882 3.8439072109758836 35.98951805382967 6.8111802488565436 7.6245179623365411 10.904112644493578 8.4841663241386414 20.129151836037636 6.0736486986279479 67.802668288350105 9.0683194175362569 24.622093513607979 4.866757631301879 29.861954152584076 6.1404927521944037 5.6499940901994696 6.3113273195922375 4.3737078160047558 22.508777990937233 5.6651901900768271 12.919988587498663 41.475034318864346 28.400330863893032 3.8983784690499297
leaf_count=328 1198 333 37 222 237 150 205 24 217 37 41 58 47 179 45 443 42 187 31 134 27 38 35 23 119 26 65 211 147 20
internal_value=-0.000664963 -0.018959 0.0090683 0.0103856 -0.0466979 0.0192165 0.022876 0.00535099 -0.00496909 0.0346249 0.0379491 0.0318756 0.0941114 -0.0318481 -0.00610763 -0.00464775 0.00672627 -0.012302 0.00844673 0.0146789 0.0363333 0.0702692 0.107117 0.0282234 0.0461602 0.0921797 -0.0104037 0.0383146 0.0491028 0.0324232
internal_weight=771.119 267.792 503.326 497.099 84.7864 313.149 287.105 115.228 99.4223 171.878 165.067 148.958 16.1087 60.537 183.006 183.951 116.148 61.6119 36.9898 63.4328 36.0024 15.8052 10.1552 54.536 37.2423 14.7335 17.2937 138.054 96.5789 68.1786
internal_count=4906 1992 2914 2877 749 1719 1569 680 583 889 852 764 88 512 1243 1158 715 440 253 366 161 97 59 275 187 68 88 706 495 348
is_linear=0
shrinkage=0.1


Tree=19
num_leaves=31
num_cat=0
split_feature=11 107 8 12 10 16 40 42 113 32 0 113 78 16 16 95 15 55 81 140 6 0 55 61 14 7 5 69 5 67
split_gain=12.466 10.6509 9.08155 7.25775 6.3017 4.84608 4.48127 5.05923 4.4717 4.41017 4.32835 3.90741 3.92654 3.86475 3.8006 4.02428 3.67111 3.58686 3.52053 3.51156 3.4414 4.28764 6.59273 4.04746 3.50965 3.31097 6.55192 3.29687 3.60856 4.64505
threshold=1.0000000180025095e-35 1.0000000180025095e-35 1.0000000180025095e-35 1.0000000180025095e-35 1.0000000180025095e-35 1.0000000180025095e-35 1.0000000180025095e-35 1.0000000180025095e-35 1.0000000180025095e-35 1.0000000180025095e-35 16.880219459533695 1.0000000180025095e-35 1.0000000180025095e-35 1.0000000180025095e-35 1.0000000180025095e-35 1.0000000180025095e-35 1.0000000180025095e-35 1.0000000180025095e-35 1.0000000180025095e-35 1.0000000180025095e-35 1.0000000180025095e-35 12.510609149932863 1.0000000180025095e-35 1.0000000180025095e-35 1.0000000180025095e-35 1.0000000180025095e-35 1.0000000180025095e-35 1.0000000180025095e-35 1.0000000180025095e-35 1.0000000180025095e-35
decision_type=2 2 2 2 2 2 2 2 2 2 2 2 2 2 2 2 2 2 2 2 2 2 2 2 2 2 2 2 2 2
left_child=1 2 5 10 13 6 7 16 14 11 -4 12 20 -2 19 17 -1 -16 25 -6 21 -7 -23 -24 -22 26 -11 -5 -29 -30
right_child=4 -3 3 27 8 9 -8 -9 -10 18 -12 -13 -14 -15 15 -17 -18 -19 -20 -21 24 22 23 -25 -26 -27 -28 28 29 -31
leaf_value=-0.0019432455797570301 -0.011285515202478658 0.1915356224878195 -0.015360608629259193 -0.087811796231435035 0.02450104080846344 0.034502883472317065 -0.069140145349898749 0.052369304306093746 -0.039043853306374526 0.030273730617134356 -0.12007608258100139 -0.071887331207548089 0.070754666576125488 0.01415072474110902 0.081411946785606037 0.14312098144931026 -0.048295656496141572 0.024000299928086988 -0.010585433950277825 -0.047345439347594769 -0.0040687186314757335 0.06380502038048616 -0.12171602314740404 -0.01040126509004344 -0.070123209262480446 0.0058524541128668443 0.16875728068589391 -0.070652464432368084 0.1488738594178925 -0.063305802173320866
leaf_weight=41.395791027694941 123.29263712465763 2.5012889206409445 81.495301149785519 30.957114938646555 96.225813925266266 35.951871879398823 16.039301734417677 10.818518724292515 9.8201680183410627 7.4632762745022792 4.148230515420436 7.228683538734912 8.1527951434254629 115.87059850990772 16.699439197778702 4.4786212742328635 29.096169415861368 31.238931372761726 8.4886236339807528 7.3203527778387061 25.052681088447571 5.8677625507116327 6.2737473621964455 6.814422607421875 11.847788743674753 6.2402868121862403 6.3006415292620659 6.2627852000296098 2.2059953361749649 1.9383692294359205
leaf_count=348 732 20 701 383 426 196 154 95 44 40 43 40 44 509 81 22 320 145 47 33 138 29 37 36 67 34 34 66 21 21
internal_value=-0.000634878 -0.0141043 -0.0155329 -0.0370457 0.011424 -0.00380795 -0.0208327 -0.0113036 0.0264073 0.00840703 -0.0204326 -0.000888126 0.00424618 0.00103792 0.0305284 0.0524689 -0.0210756 0.0439998 0.0433753 0.0194217 -0.00165993 0.0142119 -0.0242722 -0.0637594 -0.0252771 0.0662731 0.0936667 -0.0714427 -0.0227513 0.0496349
internal_weight=767.488 362.541 360.04 127.008 404.947 233.032 97.3498 81.3105 165.783 135.683 85.6435 107.19 99.9611 239.163 155.963 52.417 70.492 47.9384 28.4928 103.546 91.8083 54.9078 18.9559 13.0882 36.9005 20.0042 13.7639 41.3643 10.4071 4.14436
internal_count=4906 2914 2894 1235 1992 1659 917 763 751 742 744 587 547 1241 707 248 668 226 155 459 503 298 102 73 205 108 74 491 108 42
is_linear=0
shrinkage=0.1


Tree=20
num_leaves=31
num_cat=0
split_feature=12 8 10 9 105 0 15 11 0 5 77 0 35 13 40 113 74 42 86 0 11 45 0 5 0 134 54 9 10 5
split_gain=10.5537 7.02906 5.57943 5.47572 4.98302 4.46066 4.2864 3.86106 3.76504 4.02371 3.58202 3.42444 3.39344 4.28547 3.62357 3.3408 3.93441 3.75339 8.97208 4.33992 3.30032 3.26724 4.29559 4.32217 4.37719 4.11432 3.45756 3.36981 3.25949 3.25225
threshold=1.0000000180025095e-35 1.0000000180025095e-35 1.0000000180025095e-35 1.0000000180025095e-35 1.0000000180025095e-35 17.229294776916507 1.0000000180025095e-35 1.0000000180025095e-35 3.7193702459335332 1.0000000180025095e-35 1.0000000180025095e-35 6.566735267639161 1.0000000180025095e-35 1.0000000180025095e-35 1.0000000180025095e-35 1.0000000180025095e-35 1.0000000180025095e-35 1.0000000180025095e-35 1.0000000180025095e-35 4.2108144760131845 1.0000000180025095e-35 1.0000000180025095e-35 7.9493498802185067 1.0000000180025095e-35 16.495551109313968 1.0000000180025095e-35 1.0000000180025095e-35 1.0000000180025095e-35 1.0000000180025095e-35 1.0000000180025095e-35
decision_type=2 2 2 2 2 2 2 2 2 2 2 2 2 2 2 2 2 2 2 2 2 2 2 2 2 2 2 2 2 2
left_child=2 10 7 4 5 12 8 -1 -3 -10 29 -11 14 -14 -4 16 17 19 -19 -5 -15 25 26 24 -24 -9 27 -23 -13 -2
right_child=1 6 3 15 -6 -7 -8 21 9 11 -12 28 13 20 -16 -17 -18 18 -20 -21 -22 22 23 -25 -26 -27 -28 -29 -30 -31
leaf_value=-0.018355762406242569 0.006133261394305538 -0.10357046016131542 0.026609819593227307 0.0091453988264651349 -0.081872525384310849 -0.081866558234068756 -0.078873257041221334 0.021424628364868015 -0.038781113239885867 0.097722494118223341 -0.10607359577493598 -0.045391113289444451 0.017593626122043727 -0.096574159010556909 -0.072344498062696577 -0.042791887283535265 0.014676034188913799 -0.070436362725554411 0.10626972867771903 0.08516645778006933 -0.002890507790067815 0.036886318432233819 -0.12030373383814728 0.0036012029200235968 0.0011040179145947772 -0.049635329296752045 0.088675461230691241 -0.071285685267462581 0.053956329105937756 -0.021714075839917867
leaf_weight=95.493822172284126 114.56216153502464 5.8059637770056716 98.49814634770155 9.4076457545161229 6.114481955766677 5.0614819303154936 22.173035737127066 105.27328082174063 34.244589615613222 4.2807915881276157 3.5089152976870528 8.0777898803353292 19.580722346901894 8.1348814442753774 3.8450127542018881 4.9849823638796797 34.900613278150558 6.6030387133359891 5.0870119407773018 37.220035336911678 6.9927499294280997 6.856473885476591 9.2339071780443174 10.736134558916092 4.3774055689573297 8.8314860910177213 5.2966367527842513 4.9655312523245811 5.5863016173243514 66.157835390418768
leaf_count=950 712 64 518 54 33 27 237 504 293 33 26 83 94 47 21 24 186 33 23 186 31 35 50 52 20 44 26 25 39 436
internal_value=-0.000615481 -0.0167599 0.00796456 0.0186538 0.00652067 0.0103238 -0.0414769 -0.00252736 -0.0271794 -0.0186811 -0.00600405 0.0196761 0.0137285 -0.0132918 0.0228921 0.0369674 0.0412326 0.0571256 0.0064586 0.0698284 -0.0532689 0.00718856 -0.0168513 -0.0438394 -0.0812589 0.0159247 0.0215333 -0.00854857 -0.00477482 -0.00406107
internal_weight=761.893 264.397 497.495 246.431 148.227 142.113 80.1685 251.065 57.9954 52.1895 184.229 17.9449 137.052 34.7084 102.343 98.2033 93.2183 58.3177 11.6901 46.6277 15.1276 155.571 41.4661 24.3474 13.6113 114.105 17.1186 11.822 13.6641 180.72
internal_count=4906 1923 2983 1277 771 738 749 1706 512 448 1174 155 711 172 539 506 482 296 56 240 78 756 208 122 70 548 86 60 122 1148
is_linear=0
shrinkage=0.1


Tree=21
num_leaves=31
num_cat=0
split_feature=11 10 16 10 64 15 16 15 16 0 78 87 81 84 7 5 9 79 56 15 0 79 128 0 5 1 13 9 12 26
split_gain=9.59435 8.06417 5.79222 4.697 3.51209 3.70944 3.43889 3.33724 3.27968 3.27132 3.15994 3.00181 3.18607 3.54544 6.7448 3.68143 5.73172 3.60878 5.06106 3.47019 3.0898 2.96407 4.32343 5.47054 4.89272 4.1674 3.63252 3.53244 3.58468 5.37287
threshold=1.0000000180025095e-35 1.0000000180025095e-35 1.0000000180025095e-35 1.0000000180025095e-35 1.0000000180025095e-35 1.0000000180025095e-35 1.0000000180025095e-35 1.0000000180025095e-35 1.0000000180025095e-35 2.6652977466583256 1.0000000180025095e-35 1.0000000180025095e-35 1.0000000180025095e-35 1.0000000180025095e-35 1.0000000180025095e-35 1.0000000180025095e-35 1.0000000180025095e-35 1.0000000180025095e-35 1.0000000180025095e-35 1.0000000180025095e-35 3.2429842948913579 1.0000000180025095e-35 1.0000000180025095e-35 6.5010266304016122 1.0000000180025095e-35 -0.67830252647399891 1.0000000180025095e-35 1.0000000180025095e-35 1.0000000180025095e-35 1.0000000180025095e-35
decision_type=2 2 2 2 2 2 2 2 2 2 2 2 2 2 2 2 2 2 2 2 2 2 2 2 2 2 2 2 2 2
left_child=1 2 -1 11 5 -4 -5 -8 10 -10 21 12 20 15 -15 16 17 18 -14 -18 -2 22 23 -3 -25 -24 -23 28 29 -26
right_child=3 8 4 6 -6 -7 7 -9 9 -11 -12 -13 13 14 -16 -17 19 -19 -20 -21 -22 26 25 24 27 -27 -28 -29 -30 -31
leaf_value=-0.053654348696614951 0.063397541801544929 -0.078286367612439262 0.0058339611106916853 0.012794124136399325 -0.086831527701517433 -0.037821386191410171 0.059813584154609856 0.005987889345791024 -0.055494225238717693 0.017226010329060484 -0.092445694939284132 -0.058252884794535213 0.041638425264565022 -0.021517206022100985 0.09832594490464161 0.0054060032617505001 -0.044615881166096938 0.061232389860770647 -0.071045966481007555 -0.12813978653663671 0.0084638022068633818 0.078764653434931664 -0.014462459865729122 -0.037327141978009348 0.10242959609219891 0.13802659901690129 -0.037721621335727713 0.062887683911526507 -0.077800662835999845 -0.04136538690469628
leaf_weight=61.17161063849926 11.161556258797644 14.36355050653219 57.727595277130604 109.73551996052265 6.1915966793894759 29.365065835416317 38.037178322672844 16.522277861833572 6.5955459326505652 99.633046761155128 4.7394216246902934 8.2500124275684339 6.3856360912323042 11.573697157204153 7.9028026238083831 31.364322923123837 12.657202653586864 6.0515751838684073 10.60558545589447 8.1948861554265022 123.85812280327082 7.6682289540767652 3.7580656632781029 29.725783973932266 4.7562763318419439 3.4260968491435042 4.1129338890314102 11.68635044246912 5.1817839592695245 5.7276191934943199
leaf_count=954 55 118 424 487 51 262 187 77 32 454 51 47 35 56 39 170 68 33 57 46 635 48 30 253 30 27 25 72 45 38
internal_value=-0.000589595 -0.0125512 -0.0297405 0.00999032 -0.0140589 -0.00888533 0.0229955 0.0435135 0.000633135 0.0127109 -0.0128515 0.00101285 0.00314096 -0.0109175 0.0271105 -0.0207588 -0.0394544 -0.00507941 -0.028697 -0.0774408 0.013005 -0.00867888 -0.0156879 -0.023124 -0.00924245 0.0582589 0.038098 0.0212796 -0.00975942 0.0238707
internal_weight=758.131 355.831 154.456 402.3 93.2843 87.0927 164.295 54.5595 201.375 106.229 95.1461 238.005 229.755 94.7357 19.4765 75.2592 43.8949 23.0428 16.9912 20.8521 135.02 90.4067 78.6255 71.4414 57.0778 7.18416 11.7812 27.352 15.6657 10.4839
internal_count=4906 2914 1691 1992 737 686 751 264 1223 486 737 1241 1194 504 95 409 239 125 92 114 690 686 613 556 438 57 73 185 113 68
is_linear=0
shrinkage=0.1


Tree=22
num_leaves=31
num_cat=0
split_feature=8 188 12 16 11 113 69 176 10 237 0 0 15 81 5 10 1 32 55 1 0 1 56 0 9 0 9 7 26 0
split_gain=9.05789 5.69293 5.58073 4.65528 3.84363 3.83461 3.80639 3.38765 3.30884 3.29836 4.36406 7.2467 4.0315 4.32282 6.15529 3.23331 3.14107 3.11388 3.87637 3.10987 2.96583 4.38462 3.57216 4.43098 4.97688 4.78694 3.68551 8.49235 5.12841 5.06713
threshold=1.0000000180025095e-35 1.0000000180025095e-35 1.0000000180025095e-35 1.0000000180025095e-35 1.0000000180025095e-35 1.0000000180025095e-35 1.0000000180025095e-35 1.0000000180025095e-35 1.0000000180025095e-35 1.0000000180025095e-35 4.0561258792877206 4.3367555141448983 1.0000000180025095e-35 1.0000000180025095e-35 1.0000000180025095e-35 1.0000000180025095e-35 -0.63966840505599964 1.0000000180025095e-35 1.0000000180025095e-35 0.93231424689292919 8.7460646629333514 -0.14837630838155744 1.0000000180025095e-35 10.843257904052736 1.0000000180025095e-35 11.377138614654543 1.0000000180025095e-35 1.0000000180025095e-35 1.0000000180025095e-35 13.600273609161379
decision_type=2 2 2 2 2 2 2 2 2 2 2 2 2 2 2 2 2 2 2 2 2 2 2 2 2 2 2 2 2 2
left_child=1 3 7 9 6 -5 -4 19 -8 10 12 -12 15 -14 -15 16 -1 -6 -19 20 21 -2 26 24 -24 -25 27 -22 -28 -29
right_child=2 -3 4 5 17 -7 8 -9 -10 -11 11 -13 13 14 -16 -17 -18 18 -20 -21 22 -23 23 25 -26 -27 28 29 -30 -31
leaf_value=0.068801370775439422 -0.0077522122566950225 -0.090120032044213982 -0.080172914750365989 0.021406769306798721 -0.030704371252040948 -0.032454758185711578 -0.081037660040649467 -0.097307588368250097 0.037868204963295224 -0.086220865227846805 -0.13620102047520605 -0.0021457205625355896 -0.050152997840522663 -0.036436454924579635 0.18240076026187654 0.10930723279544474 -0.058371859984507217 -0.039908980092059954 0.10020756466909914 -0.079226275846258506 0.012101532382881097 -0.082982190738309147 -0.0075065396239783581 -0.12762406239943297 0.0927502896361488 -0.0081652451837815176 -0.10266308970169842 0.070066768404473262 0.062246956858117854 0.25113730399183176
leaf_weight=5.3857161775231379 68.0882453545928 5.9233347773551932 27.738734517246485 229.57365383207798 31.470510117709637 14.02549311518669 3.804916497319935 3.9873491264879695 6.0797516703605652 4.479606792330741 4.1127824485301963 206.53481232747436 8.312157906591894 2.7358905747532836 2.4241639822721481 8.9303707480430603 3.0375454947352392 3.5029338747262937 4.524988017976284 5.342213347554206 9.3625871166586894 8.7419955804944021 10.674077376723289 3.6113540679216376 9.2355153933167458 47.154817562550306 3.4596166610717765 3.008315496146678 4.1452854052186012 3.1783144511282444
leaf_count=36 480 37 387 1153 207 74 62 27 47 30 29 1369 67 26 18 45 30 20 26 43 61 67 71 27 57 319 20 19 30 22
internal_value=-0.00057485 0.00732802 -0.0158043 0.00850709 -0.0383115 0.0183056 -0.0611855 -0.00616051 -0.00790236 -0.00119767 0.000379603 -0.00476308 0.035522 -0.00552221 0.066372 0.067386 0.0229409 -0.0165233 0.0390686 -0.00409556 -0.00174373 -0.0163121 0.0101852 -0.000982727 0.0389999 -0.0166632 0.0442744 0.0721758 -0.0127738 0.16309
internal_weight=752.587 495.476 257.112 489.552 77.1218 243.599 37.6234 179.99 9.88467 245.953 241.473 210.648 30.8258 13.4722 5.16005 17.3536 8.42326 39.4984 8.02792 176.002 170.66 76.8302 93.8299 70.6758 19.9096 50.7662 23.1541 15.5492 7.6049 6.18663
internal_count=4906 2914 1992 2877 749 1227 496 1243 109 1650 1620 1398 222 111 44 111 66 253 46 1216 1173 547 626 474 128 346 152 102 50 41
is_linear=0
shrinkage=0.1


Tree=23
num_leaves=31
num_cat=0
split_feature=11 107 8 12 262 16 0 10 9 15 24 81 60 55 0 67 16 0 126 32 5 0 22 21 7 15 60 1 0 81
split_gain=7.73927 8.12361 5.95911 5.04685 4.07825 3.93193 3.76959 3.27285 3.51142 3.17143 4.58944 3.12278 4.33773 3.9514 5.19638 3.51755 2.92769 4.16849 3.76238 3.57043 2.8775 5.42271 4.86609 5.96871 3.9439 3.24314 6.83977 4.07017 4.2604 2.82142
threshold=1.0000000180025095e-35 1.0000000180025095e-35 1.0000000180025095e-35 1.0000000180025095e-35 1.0000000180025095e-35 1.0000000180025095e-35 16.880219459533695 1.0000000180025095e-35 1.0000000180025095e-35 1.0000000180025095e-35 1.0000000180025095e-35 1.0000000180025095e-35 1.0000000180025095e-35 1.0000000180025095e-35 16.286105155944828 1.0000000180025095e-35 1.0000000180025095e-35 16.495551109313968 1.0000000180025095e-35 1.0000000180025095e-35 1.0000000180025095e-35 15.51813840866089 1.0000000180025095e-35 1.0000000180025095e-35 1.0000000180025095e-35 1.0000000180025095e-35 1.0000000180025095e-35 -1.0000000180025095e-35 10.709103107452394 1.0000000180025095e-35
decision_type=2 2 2 2 2 2 2 2 2 2 2 2 2 2 2 2 2 2 2 2 2 2 2 2 2 2 2 2 2 2
left_child=1 2 16 6 5 11 -4 -7 -9 10 -5 13 -13 14 15 -2 17 18 -1 20 22 25 23 24 -18 26 -22 -28 -29 -21
right_child=4 -3 3 9 -6 7 -8 8 -10 -11 -12 12 -14 -15 -16 -17 19 -19 -20 29 21 -23 -24 -25 -26 -27 27 28 -30 -31
leaf_value=-0.014102444056501774 0.023041538689659174 0.16101143628771319 -0.012972763016376013 0.092585363693371905 -0.064488573659459411 0.012511253624451164 -0.11718032298877033 0.027022898332440357 0.085503444615377677 -0.11030809966907817 -0.057155471723597431 0.011932766132807228 -0.031025388184580546 0.023789861666943472 0.083721657875034106 -0.044564661895677878 0.035476752680738563 -0.089560781476133014 0.12345653474386711 0.05742836490400266 -0.054868387488420982 -0.12075311759171287 -0.061652538759926413 0.10588902958380063 -0.02177914140222877 -0.048349743148988308 0.12069023617444062 -0.065348309084775721 0.071119046959385979 -0.01129759563156011
leaf_weight=83.893891111016273 10.698035329580305 2.7108342796564093 79.216590888798237 2.2471591569483307 7.4237883612513533 113.31796626746655 3.6304199993610373 38.10051666200161 14.054930001497267 10.022352229803799 22.958359651267529 42.176307879388332 53.097967326641083 88.903989039361477 4.9083598405122748 27.425980091094971 25.896950848400593 7.2984041757881633 2.0365805923938742 20.353028535842896 9.3520137965679169 4.9563693627715102 8.034219376742838 7.2993853241205207 22.468361176550388 13.788960151374338 5.6937997043132755 3.9591299146413821 5.4186943918466568 8.4549352675676364
leaf_count=820 54 20 701 22 38 498 43 186 72 162 307 223 290 465 23 143 140 78 19 108 50 29 46 35 126 83 29 21 28 47
internal_value=-0.00055927 -0.0114266 -0.0127738 -0.0310207 0.0089387 0.0103269 -0.0175392 0.0220524 0.0427823 -0.0627256 -0.0438056 0.00178739 -0.0120085 0.0117497 -0.0131249 -0.0255936 -0.00336166 -0.0170047 -0.0108423 0.00601308 -0.00240943 -0.0223421 0.011099 0.0215994 0.00887822 -0.00957764 0.0123121 0.0539979 0.0135053 0.0372578
internal_weight=749.798 349.69 346.98 118.075 400.108 392.684 82.847 165.473 52.1554 35.2279 25.2055 227.211 95.2743 131.936 43.0324 38.124 228.905 93.2289 85.9305 135.676 106.868 43.169 63.6989 55.6647 48.3653 38.2126 24.4236 15.0716 9.37782 28.808
internal_count=4906 2914 2894 1235 1992 1954 744 756 258 491 329 1198 513 685 220 197 1659 917 839 742 587 240 347 301 266 211 128 78 49 155
is_linear=0
shrinkage=0.1


end of trees

feature_importances:
Column_0=75
Column_16=70
Column_8=65
Column_12=52
Column_10=45
Column_15=35
Column_11=28
Column_5=24
Column_1=19
Column_7=13
Column_9=13
Column_81=13
Column_14=12
Column_26=11
Column_6=10
Column_54=10
Column_64=10
Column_67=10
Column_42=9
Column_79=9
Column_13=8
Column_55=8
Column_69=8
Column_78=8
Column_140=8
Column_56=7
Column_40=6
Column_61=6
Column_73=6
Column_82=6
Column_32=5
Column_39=5
Column_84=5
Column_134=5
Column_22=4
Column_68=4
Column_74=4
Column_80=4
Column_87=4
Column_113=4
Column_174=4
Column_21=3
Column_33=3
Column_34=3
Column_53=3
Column_83=3
Column_86=3
Column_88=3
Column_95=3
Column_45=2
Column_50=2
Column_51=2
Column_57=2
Column_60=2
Column_77=2
Column_97=2
Column_99=2
Column_107=2
Column_127=2
Column_128=2
Column_137=2
Column_178=2
Column_188=2
Column_262=2
Column_24=1
Column_31=1
Column_35=1
Column_41=1
Column_58=1
Column_105=1
Column_108=1
Column_126=1
Column_130=1
Column_132=1
Column_133=1
Column_167=1
Column_176=1
Column_237=1

parameters:
[boosting: gbdt]
[objective: binary]
[metric: binary_logloss]
[tree_learner: serial]
[device_type: cpu]
[data_sample_strategy: bagging]
[data: ]
[valid: ]
[num_iterations: 300]
[learning_rate: 0.1]
[num_leaves: 31]
[num_threads: 0]
[seed: 0]
[deterministic: 0]
[force_col_wise: 0]
[force_row_wise: 0]
[histogram_pool_size: -1]
[max_depth: -1]
[min_data_in_leaf: 20]
[min_sum_hessian_in_leaf: 0.001]
[bagging_fraction: 1]
[pos_bagging_fraction: 1]
[neg_bagging_fraction: 1]
[bagging_freq: 0]
[bagging_seed: 7719]
[bagging_by_query: 0]
[feature_fraction: 1]
[feature_fraction_bynode: 1]
[feature_fraction_seed: 2437]
[extra_trees: 0]
[extra_seed: 11797]
[early_stopping_round: 0]
[early_stopping_min_delta: 0]
[first_metric_only: 0]
[max_delta_step: 0]
[lambda_l1: 0]
[lambda_l2: 0]
[linear_lambda: 0]
[min_gain_to_split: 0]
[drop_rate: 0.1]
[max_drop: 50]
[skip_drop: 0.5]
[xgboost_dart_mode: 0]
[uniform_drop: 0]
[drop_seed: 21238]
[top_rate: 0.2]
[other_rate: 0.1]
[min_data_per_group: 100]
[max_cat_threshold: 32]
[cat_l2: 10]
[cat_smooth: 10]
[max_cat_to_onehot: 4]
[top_k: 20]
[monotone_constraints: ]
[monotone_constraints_method: basic]
[monotone_penalty: 0]
[feature_contri: ]
[forcedsplits_filename: ]
[refit_decay_rate: 0.9]
[cegb_tradeoff: 1]
[cegb_penalty_split: 0]
[cegb_penalty_feature_lazy: ]
[cegb_penalty_feature_coupled: ]
[path_smooth: 0]
[interaction_constraints: ]
[verbosity: -1]
[saved_feature_importance_type: 0]
[use_quantized_grad: 0]
[num_grad_quant_bins: 4]
[quant_train_renew_leaf: 0]
[stochastic_rounding: 1]
[linear_tree: 0]
[max_bin: 255]
[max_bin_by_feature: ]
[min_data_in_bin: 3]
[bin_construct_sample_cnt: 200000]
[data_random_seed: 38]
[is_enable_sparse: 1]
[enable_bundle: 1]
[use_missing: 1]
[zero_as_missing: 0]
[feature_pre_filter: 1]
[pre_partition: 0]
[two_round: 0]
[header: 0]
[label_column: ]
[weight_column: ]
[group_column: ]
[ignore_column: ]
[categorical_feature: ]
[forcedbins_filename: ]
[precise_float_parser: 0]
[parser_config_file: ]
[objective_seed: 8855]
[num_class: 1]
[is_unbalance: 0]
[scale_pos_weight: 1]
[sigmoid: 1]
[boost_from_average: 1]
[reg_sqrt: 0]
[alpha: 0.9]
[fair_c: 1]
[poisson_max_delta_step: 0.7]
[tweedie_variance_power: 1.5]
[lambdarank_truncation_level: 30]
[lambdarank_norm: 1]
[label_gain: ]
[lambdarank_position_bias_regularization: 0]
[eval_at: ]
[multi_error_top_k: 1]
[auc_mu_weights: ]
[num_machines: 1]
[local_listen_port: 12400]
[time_out: 120]
[machine_list_filename: ]
[machines: ]
[gpu_platform_id: -1]
[gpu_device_id: -1]
[gpu_device_id_list: ]
[gpu_use_dp: 0]
[num_gpu: 1]

end of parameters

pandas_categorical:null
