tree
version=v4
num_class=1
num_tree_per_iteration=1
label_index=0
max_feature_idx=567
objective=binary sigmoid:1
feature_names=Column_0 Column_1 Column_2 Column_3 Column_4 Column_5 Column_6 Column_7 Column_8 Column_9 Column_10 Column_11 Column_12 Column_13 Column_14 Column_15 Column_16 Column_17 Column_18 Column_19 Column_20 Column_21 Column_22 Column_23 Column_24 Column_25 Column_26 Column_27 Column_28 Column_29 Column_30 Column_31 Column_32 Column_33 Column_34 Column_35 Column_36 Column_37 Column_38 Column_39 Column_40 Column_41 Column_42 Column_43 Column_44 Column_45 Column_46 Column_47 Column_48 Column_49 Column_50 Column_51 Column_52 Column_53 Column_54 Column_55 Column_56 Column_57 Column_58 Column_59 Column_60 Column_61 Column_62 Column_63 Column_64 Column_65 Column_66 Column_67 Column_68 Column_69 Column_70 Column_71 Column_72 Column_73 Column_74 Column_75 Column_76 Column_77 Column_78 Column_79 Column_80 Column_81 Column_82 Column_83 Column_84 Column_85 Column_86 Column_87 Column_88 Column_89 Column_90 Column_91 Column_92 Column_93 Column_94 Column_95 Column_96 Column_97 Column_98 Column_99 Column_100 Column_101 Column_102 Column_103 Column_104 Column_105 Column_106 Column_107 Column_108 Column_109 Column_110 Column_111 Column_112 Column_113 Column_114 Column_115 Column_116 Column_117 Column_118 Column_119 Column_120 Column_121 Column_122 Column_123 Column_124 Column_125 Column_126 Column_127 Column_128 Column_129 Column_130 Column_131 Column_132 Column_133 Column_134 Column_135 Column_136 Column_137 Column_138 Column_139 Column_140 Column_141 Column_142 Column_143 Column_144 Column_145 Column_146 Column_147 Column_148 Column_149 Column_150 Column_151 Column_152 Column_153 Column_154 Column_155 Column_156 Column_157 Column_158 Column_159 Column_160 Column_161 Column_162 Column_163 Column_164 Column_165 Column_166 Column_167 Column_168 Column_169 Column_170 Column_171 Column_172 Column_173 Column_174 Column_175 Column_176 Column_177 Column_178 Column_179 Column_180 Column_181 Column_182 Column_183 Column_184 Column_185 Column_186 Column_187 Column_188 Column_189 Column_190 Column_191 Column_192 Column_193 Column_194 Column_195 Column_196 Column_197 Column_198 Column_199 Column_200 Column_201 Column_202 Column_203 Column_204 Column_205 Column_206 Column_207 Column_208 Column_209 Column_210 Column_211 Column_212 Column_213 Column_214 Column_215 Column_216 Column_217 Column_218 Column_219 Column_220 Column_221 Column_222 Column_223 Column_224 Column_225 Column_226 Column_227 Column_228 Column_229 Column_230 Column_231 Column_232 Column_233 Column_234 Column_235 Column_236 Column_237 Column_238 Column_239 Column_240 Column_241 Column_242 Column_243 Column_244 Column_245 Column_246 Column_247 Column_248 Column_249 Column_250 Column_251 Column_252 Column_253 Column_254 Column_255 Column_256 Column_257 Column_258 Column_259 Column_260 Column_261 Column_262 Column_263 Column_264 Column_265 Column_266 Column_267 Column_268 Column_269 Column_270 Column_271 Column_272 Column_273 Column_274 Column_275 Column_276 Column_277 Column_278 Column_279 Column_280 Column_281 Column_282 Column_283 Column_284 Column_285 Column_286 Column_287 Column_288 Column_289 Column_290 Column_291 Column_292 Column_293 Column_294 Column_295 Column_296 Column_297 Column_298 Column_299 Column_300 Column_301 Column_302 Column_303 Column_304 Column_305 Column_306 Column_307 Column_308 Column_309 Column_310 Column_311 Column_312 Column_313 Column_314 Column_315 Column_316 Column_317 Column_318 Column_319 Column_320 Column_321 Column_322 Column_323 Column_324 Column_325 Column_326 Column_327 Column_328 Column_329 Column_330 Column_331 Column_332 Column_333 Column_334 Column_335 Column_336 Column_337 Column_338 Column_339 Column_340 Column_341 Column_342 Column_343 Column_344 Column_345 Column_346 Column_347 Column_348 Column_349 Column_350 Column_351 Column_352 Column_353 Column_354 Column_355 Column_356 Column_357 Column_358 Column_359 Column_360 Column_361 Column_362 Column_363 Column_364 Column_365 Column_366 Column_367 Column_368 Column_369 Column_370 Column_371 Column_372 Column_373 Column_374 Column_375 Column_376 Column_377 Column_378 Column_379 Column_380 Column_381 Column_382 Column_383 Column_384 Column_385 Column_386 Column_387 Column_388 Column_389 Column_390 Column_391 Column_392 Column_393 Column_394 Column_395 Column_396 Column_397 Column_398 Column_399 Column_400 Column_401 Column_402 Column_403 Column_404 Column_405 Column_406 Column_407 Column_408 Column_409 Column_410 Column_411 Column_412 Column_413 Column_414 Column_415 Column_416 Column_417 Column_418 Column_419 Column_420 Column_421 Column_422 Column_423 Column_424 Column_425 Column_426 Column_427 Column_428 Column_429 Column_430 Column_431 Column_432 Column_433 Column_434 Column_435 Column_436 Column_437 Column_438 Column_439 Column_440 Column_441 Column_442 Column_443 Column_444 Column_445 Column_446 Column_447 Column_448 Column_449 Column_450 Column_451 Column_452 Column_453 Column_454 Column_455 Column_456 Column_457 Column_458 Column_459 Column_460 Column_461 Column_462 Column_463 Column_464 Column_465 Column_466 Column_467 Column_468 Column_469 Column_470 Column_471 Column_472 Column_473 Column_474 Column_475 Column_476 Column_477 Column_478 Column_479 Column_480 Column_481 Column_482 Column_483 Column_484 Column_485 Column_486 Column_487 Column_488 Column_489 Column_490 Column_491 Column_492 Column_493 Column_494 Column_495 Column_496 Column_497 Column_498 Column_499 Column_500 Column_501 Column_502 Column_503 Column_504 Column_505 Column_506 Column_507 Column_508 Column_509 Column_510 Column_511 Column_512 Column_513 Column_514 Column_515 Column_516 Column_517 Column_518 Column_519 Column_520 Column_521 Column_522 Column_523 Column_524 Column_525 Column_526 Column_527 Column_528 Column_529 Column_530 Column_531 Column_532 Column_533 Column_534 Column_535 Column_536 Column_537 Column_538 Column_539 Column_540 Column_541 Column_542 Column_543 Column_544 Column_545 Column_546 Column_547 Column_548 Column_549 Column_550 Column_551 Column_552 Column_553 Column_554 Column_555 Column_556 Column_557 Column_558 Column_559 Column_560 Column_561 Column_562 Column_563 Column_564 Column_565 Column_566 Column_567
feature_infos=[2.0013689994812012:17.993154525756836] [-0.7776256799697876:0.99923950433731079] none none none [0:1] [0:1] [0:1] [0:1] [0:1] [0:1] [0:1] [0:1] [0:1] [0:1] [0:1] [0:1] [0:1] [0:1] [0:1] [0:1] [0:1] [0:1] [0:1] [0:1] [0:1] [0:1] [0:1] [0:1] [0:1] [0:1] [0:1] [0:1] [0:1] [0:1] [0:1] [0:1] [0:1] [0:1] [0:1] [0:1] [0:1] [0:1] [0:1] [0:1] [0:1] [0:1] [0:1] [0:1] [0:1] [0:1] [0:1] [0:1] [0:1] [0:1] [0:1] [0:1] [0:1] [0:1] [0:1] [0:1] [0:1] [0:1] [0:1] [0:1] [0:1] [0:1] [0:1] [0:1] [0:1] [0:1] [0:1] [0:1] [0:1] [0:1] [0:1] [0:1] [0:1] [0:1] [0:1] [0:1] [0:1] [0:1] [0:1] [0:1] [0:1] [0:1] [0:1] [0:1] [0:1] [0:1] [0:1] [0:1] [0:1] [0:1] [0:1] [0:1] [0:1] [0:1] [0:1] [0:1] [0:1] [0:1] [0:1] [0:1] [0:1] [0:1] [0:1] [0:1] none none none none [0:1] [0:1] none [0:1] none [0:1] none none [0:1] none none none none [0:1] [0:1] [0:1] [0:1] [0:1] none [0:1] [0:1] [0:1] [0:1] none [0:1] [0:1] [0:1] [0:1] [0:1] [0:1] [0:1] [0:1] [0:1] [0:1] [0:1] [0:1] [0:1] [0:1] [0:1] [0:1] [0:1] [0:1] [0:1] [0:1] none none none none none none none none none none [0:1] [0:1] none none none none none [0:1] [0:1] [0:1] [0:1] [0:1] [0:1] [0:1] [0:1] [0:1] [0:1] [0:1] [0:1] [0:1] [0:1] [0:1] [0:1] [0:1] [0:1] [0:1] [0:1] [0:1] [0:1] [0:1] [0:1] [0:1] [0:1] [0:1] [0:1] none none [0:1] [0:1] [0:1] none [0:1] [0:1] [0:1] [0:1] [0:1] none [0:1] none none [0:1] none [0:1] [0:1] [0:1] [0:1] [0:1] [0:1] [0:1] [0:1] [0:1] [0:1] [0:1] [0:1] [0:1] [0:1] [0:1] [0:1] [0:1] [0:1] [0:1] [0:1] [0:1] [0:1] [0:1] [0:1] [0:1] none none none none none none none none none none none none none none none none none [0:1] [0:1] [0:1] [0:1] [0:1] [0:1] [0:1] [0:1] [0:1] [0:1] none [0:1] [0:1] [0:1] [0:1] none [0:1] [0:1] none none none [0:1] [0:1] none none none none none [0:1] [0:1] [0:1] [0:1] [0:1] [0:1] [0:1] none none none [0:1] none [0:1] [0:1] [0:1] none [0:1] [0:1] [0:1] [0:1] none none [0:1] [0:1] none none none none [0:1] [0:1] none none none [0:1] none none [0:1] [0:1] none none [0:1] [0:1] none none none none none none none none none none none none none none none none none none none none none none none none none none none none none none none none none none none none none none none none none none none none none none none none none none none none none none none none none none none none none none none none none none none none none none none none none none none none none none none none none none none none none none none none none none none none none none none none none none none none none none none none none none none none none none none none none none none none none none none none none none none none none none none none none none none none none none none none none none none none none none none none none none none none none none none none none none none none none none none none none none none none none none none none none none none none none none none none none none none none none none none none none none none none none none none none none none none none none none none none none none none none none none none none none none none none none none none none none none none none none none none none none none none none none none none none none none none none none
tree_sizes=3365 3438 3453 3465 3458 3449 3466 3469 3471 3478 3471 3476 3467 3477 3470 3490 3477 3465

Tree=0
num_leaves=31
num_cat=0
split_feature=0 1 1 69 132 108 0 64 108 126 0 47 0 82 72 0 186 0 61 0 174 62 0 67 7 81 168 0 94 67
split_gain=225.059 34.6219 28.8255 10.7605 10.5213 9.65542 12.5105 10.0575 8.74246 8.50081 8.55753 7.49047 6.38641 6.37247 5.62875 5.53021 5.47752 5.56174 7.14063 5.39498 5.2323 5.20512 5.03764 8.87609 4.6321 4.1178 3.97826 5.30521 4.38802 4.58925
threshold=11.190965175628664 -0.27872842550277704 0.74416303634643566 1.0000000180025095e-35 1.0000000180025095e-35 1.0000000180025095e-35 11.880903720855715 1.0000000180025095e-35 1.0000000180025095e-35 1.0000000180025095e-35 12.412046909332277 1.0000000180025095e-35 12.123203277587892 1.0000000180025095e-35 1.0000000180025095e-35 10.843257904052736 1.0000000180025095e-35 17.229294776916507 1.0000000180025095e-35 6.8391511440277108 1.0000000180025095e-35 1.0000000180025095e-35 12.581793308258058 1.0000000180025095e-35 1.0000000180025095e-35 1.0000000180025095e-35 1.0000000180025095e-35 8.7460646629333514 1.0000000180025095e-35 1.0000000180025095e-35
decision_type=2 2 2 2 2 2 2 2 2 2 2 2 2 2 2 2 2 2 2 2 2 2 2 2 2 2 2 2 2 2
left_child=1 -1 5 8 11 7 -7 9 16 10 12 15 21 14 -5 26 17 -4 -19 24 -16 25 23 -12 -6 -2 28 -28 -3 -30
right_child=2 4 3 13 19 6 -8 -9 -10 -11 22 -13 -14 -15 20 -17 -18 18 -20 -21 -22 -23 -24 -25 -26 -27 27 -29 29 -31
leaf_value=-1.1504383535411016 -1.0640078940111053 -1.1005233369622069 -1.0716390126697943 -0.8613471856324918 -1.0318235631519708 -0.94226299960050974 -1.1364692014228319 -0.99274258996587861 -0.87537754236639587 -0.92923600853847899 -1.0585855339207078 -1.1320191799635935 -1.1536462842554922 -1.0608900369591268 -0.96955178184599511 -1.1600580064188353 -0.9344969087750683 -0.92698628146362161 -1.0873918219009453 -1.1021150357575114 -0.85947647140130456 -1.047921078370577 -1.0424079933898707 -0.84887575742457722 -0.89178340923514077 -1.175731105040341 -1.1138936068427641 -0.98945044276813721 -1.1063216682879586 -1.0060266926936072
leaf_weight=292.2444664388895 6.4146622717380506 125.6519139111042 26.979314848780632 6.4146622717380515 5.8486626595258695 3.9619972854852703 20.375986039638519 39.619972854852676 3.7733307480812064 5.8486626595258704 4.3393303602933866 72.8252834379673 10.565326094627379 5.65999612212181 51.128631636500359 11.697325319051741 4.9053299725055686 7.169328421354292 4.5279968976974487 5.0939965099096289 4.7166634351015082 35.469309031963348 122.8219158500433 3.7733307480812073 3.9619972854852676 6.7919953465461731 5.65999612212181 8.678660720586775 7.9239945709705362 10.753992632031441
leaf_count=1549 34 666 143 34 31 21 108 210 20 31 23 386 56 30 271 62 26 38 24 27 25 188 651 20 21 36 30 46 42 57
internal_value=-1.08615 -1.12687 -1.02643 -0.984811 -1.10018 -1.04489 -1.10485 -1.0387 -1.0214 -1.04798 -1.05164 -1.10518 -1.08317 -0.9593 -0.950064 -1.0937 -1.03404 -1.04667 -0.989079 -1.01862 -0.960255 -1.06788 -1.03737 -0.961046 -0.975269 -1.12147 -1.08881 -1.03857 -1.0938 -1.04858
internal_weight=925.598 550.34 375.258 115.275 258.096 259.982 24.338 235.645 47.3553 196.025 190.176 243.191 59.2413 67.92 62.26 170.366 43.582 38.6766 11.6973 14.9047 55.8453 48.676 130.935 8.11266 9.81066 13.2067 158.669 14.3387 144.33 18.678
internal_count=4906 2917 1989 611 1368 1378 129 1249 251 1039 1008 1289 314 360 330 903 231 205 62 79 296 258 694 43 52 70 841 76 765 99
is_linear=0
shrinkage=1


Tree=1
num_leaves=31
num_cat=0
split_feature=0 1 1 132 108 0 39 69 102 47 64 10 64 8 0 0 61 0 53 191 67 0 81 10 9 5 83 0 6 41
split_gain=180.361 29.8451 21.0219 8.33892 7.56713 9.75437 7.91481 7.53367 6.32852 6.29812 5.98402 5.14866 7.50323 6.31722 4.82291 4.76442 6.9425 4.69084 4.42594 4.41042 4.40089 6.83922 4.37207 4.27645 7.08451 4.93614 4.17184 4.08028 3.92643 3.82714
threshold=11.190965175628664 -0.27872842550277704 0.74416303634643566 1.0000000180025095e-35 1.0000000180025095e-35 11.880903720855715 1.0000000180025095e-35 1.0000000180025095e-35 1.0000000180025095e-35 1.0000000180025095e-35 1.0000000180025095e-35 1.0000000180025095e-35 1.0000000180025095e-35 1.0000000180025095e-35 16.56947231292725 17.229294776916507 1.0000000180025095e-35 10.843257904052736 1.0000000180025095e-35 1.0000000180025095e-35 1.0000000180025095e-35 11.43189573287964 1.0000000180025095e-35 1.0000000180025095e-35 1.0000000180025095e-35 1.0000000180025095e-35 1.0000000180025095e-35 12.203969955444338 1.0000000180025095e-35 1.0000000180025095e-35
decision_type=2 2 2 2 2 2 2 2 2 2 2 2 2 2 2 2 2 2 2 2 2 2 2 2 2 2 2 2 2 2
left_child=1 -1 4 9 6 -6 10 8 15 17 27 12 -9 14 -13 19 -17 -3 -16 -4 21 -8 -5 -12 25 -25 -22 -2 -15 -29
right_child=2 3 7 22 5 -7 20 11 -10 -11 23 13 -14 28 18 16 -18 -19 -20 -21 26 -23 -24 24 -26 -27 -28 29 -30 -31
leaf_value=-0.059884577299737431 -0.057119340927173461 -0.002426323236201863 0.031907820402707579 0.012204171006626576 0.12060069541627219 -0.046517373293083614 0.080950484920438479 0.06261880194006321 -0.062843160416851215 -0.042301664296704948 0.061487160291164904 0.09873577430545509 0.16133575067316999 0.13678243441616353 0.29181993984762911 0.16593697218239842 0.010179681231171378 -0.069209533437880347 0.16667627863578977 0.14613699030917457 0.051057866998556668 -0.032785201136016032 0.11983608722820711 0.14262324146316135 0.22792537635422258 0.0011945900975791767 -0.049642214401501517 0.042839546032900411 0.016984732916854133 0.13360989385409053
leaf_weight=282.86679880321026 3.9339095801115027 158.44598969817162 27.574060678482059 8.7557004839181882 4.237693369388583 19.864997863769531 6.4934750348329535 33.361562132835388 4.0868277102708808 71.161319762468338 23.672447204589844 5.4607614725828197 10.009690433740614 5.8123784661293048 4.4147861152887327 9.1592114865779859 4.1620404571294776 11.265381902456282 7.8534167259931564 3.8522924929857245 31.739145040512085 28.456860154867172 6.6331636905670157 5.7208414077758771 4.9317598342895499 4.3399486541748047 4.7267132252454749 122.2554626762867 5.1689325571060181 4.8284570872783652
leaf_count=1549 21 841 144 45 21 108 34 167 21 386 120 27 50 29 22 45 22 62 39 19 166 149 34 29 25 22 25 633 26 25
internal_value=-0.000125803 -0.0374901 0.0520452 -0.0127706 0.0362898 -0.017135 0.0416306 0.0866011 0.0562755 -0.0173301 0.0533851 0.107146 0.0854018 0.139995 0.176912 0.0671547 0.117273 -0.00685937 0.21171 0.0459102 0.0137024 -0.0116541 0.0585975 0.0879538 0.129743 0.0816148 0.0380051 0.0431834 0.0803933 0.0462883
internal_weight=925.246 539.128 386.118 256.262 265.202 24.1027 241.099 120.916 48.8344 240.873 169.683 72.0815 43.3713 28.7103 17.729 44.7476 13.3213 169.711 12.2682 31.4264 71.4162 34.9503 15.3889 38.665 14.9925 10.0608 36.4659 131.018 10.9813 127.084
internal_count=4906 2917 1989 1368 1378 129 1249 611 251 1289 875 360 217 143 88 230 67 903 61 163 374 183 79 196 76 51 191 679 55 658
is_linear=0
shrinkage=0.1


Tree=2
num_leaves=31
num_cat=0
split_feature=0 0 1 168 46 32 10 102 12 94 0 0 14 64 126 22 0 0 65 55 26 93 42 0 13 12 30 5 1 12
split_gain=145.261 25.1991 16.0259 7.31539 7.03194 5.48066 8.88879 5.21253 4.9873 4.96596 5.98482 5.70808 5.5514 4.88165 6.59535 6.69675 7.19358 6.01292 5.62163 4.79032 4.28106 4.83513 6.79148 6.25628 4.77749 7.07362 4.24324 4.7506 5.15604 3.99023
threshold=11.108829498291017 5.542778968811036 0.74416303634643566 1.0000000180025095e-35 1.0000000180025095e-35 1.0000000180025095e-35 1.0000000180025095e-35 1.0000000180025095e-35 1.0000000180025095e-35 1.0000000180025095e-35 8.6844625473022479 10.843257904052736 1.0000000180025095e-35 1.0000000180025095e-35 1.0000000180025095e-35 1.0000000180025095e-35 12.412046909332277 12.123203277587892 1.0000000180025095e-35 1.0000000180025095e-35 1.0000000180025095e-35 1.0000000180025095e-35 1.0000000180025095e-35 15.132101058959963 1.0000000180025095e-35 1.0000000180025095e-35 1.0000000180025095e-35 1.0000000180025095e-35 0.91649556159973156 1.0000000180025095e-35
decision_type=2 2 2 2 2 2 2 2 2 2 2 2 2 2 2 2 2 2 2 2 2 2 2 2 2 2 2 2 2 2
left_child=1 -1 4 9 -2 6 7 26 -8 11 12 29 -11 14 15 16 17 -6 -18 -20 24 22 23 -22 25 -15 -4 -28 -29 -3
right_child=2 3 5 -5 13 -7 8 -9 -10 10 -12 -13 -14 20 -16 -17 18 -19 19 -21 21 -23 -24 -25 -26 -27 27 28 -30 -31
leaf_value=-0.060273301641308577 -0.091135813219425044 -0.011347067168412477 -0.01008437395082978 0.038803097022648614 0.0084460268171735377 0.047159594662345483 0.099681236553342045 -0.043327241585920065 0.18008645106819776 -0.099195737214972837 0.059098554664122241 -0.094157903473106278 0.056200969709343684 0.21089107336493851 0.12467538123144051 0.14314804655464183 0.040910381360433803 -0.071025780866721608 0.066602063266483755 -0.064176823236596181 -0.094845402074308402 -0.066005417424938609 0.10687162322905847 0.069785905060269826 0.047017541687953801 0.056462292412089471 0.11340342549078911 -0.022631773419826903 0.095683021546079008 -0.037783730721329838
leaf_weight=222.9035559296608 4.5808265507221213 150.38115136325359 5.3359942436218253 22.579585120081902 54.932317122817039 45.415592059493065 19.792600676417351 4.1944072395563117 12.641358092427252 6.0599321722984332 16.004085972905159 11.279488891363142 3.704069972038269 6.2719883918762207 6.7802216112613669 4.6538955420255652 129.62420548498631 11.516441702842711 3.9330229163169834 9.7297586798667908 4.4541021436452901 4.060829669237136 10.948909729719162 4.7913801372051239 11.274583742022514 5.6273284554481506 23.190039813518524 6.8582875430583936 7.9563457667827606 92.03491872549057
leaf_count=1260 24 816 26 120 286 224 95 21 60 33 84 64 20 31 33 24 663 63 20 50 22 20 54 24 56 28 113 34 38 500
internal_value=-0.000211416 -0.0347692 0.0453044 -0.0159475 0.0317194 0.0749026 0.0906582 0.0631189 0.13102 -0.0203711 0.0214557 -0.0246195 -0.0402445 0.0338146 0.0275716 0.0245007 0.021868 -0.00532748 0.0344797 -0.0265303 0.0629266 0.0335602 0.0535816 -0.00952685 0.0936632 0.13786 0.0734205 0.0851448 0.0409104 -0.0213839
internal_weight=923.511 524.947 398.564 302.043 273.18 125.385 79.969 47.5351 32.434 279.464 25.7681 253.696 9.764 268.599 221.17 214.39 209.736 66.4488 143.287 13.6628 47.4291 24.2552 20.1944 9.24548 23.1739 11.8993 43.3407 38.0047 14.8146 242.416
internal_count=4906 2897 2009 1637 1398 611 387 232 155 1517 137 1380 53 1374 1139 1106 1082 349 733 70 235 120 100 46 115 59 211 185 72 1316
is_linear=0
shrinkage=0.1


Tree=3
num_leaves=31
num_cat=0
split_feature=0 1 1 132 46 47 69 108 83 8 10 67 96 53 99 70 7 0 15 87 68 9 61 47 0 15 86 16 56 26
split_gain=117.27 22.2392 12.2141 6.83379 5.79318 5.63647 4.94944 5.53276 4.40824 7.17256 6.0527 5.78281 8.32613 7.86441 7.18597 6.10459 5.7771 5.73298 5.70045 6.94402 5.35728 5.02725 10.2226 5.44916 4.93068 4.69958 11.7206 5.48542 7.90319 4.57357
threshold=11.108829498291017 -0.27872842550277704 0.74416303634643566 1.0000000180025095e-35 1.0000000180025095e-35 1.0000000180025095e-35 1.0000000180025095e-35 1.0000000180025095e-35 1.0000000180025095e-35 1.0000000180025095e-35 1.0000000180025095e-35 1.0000000180025095e-35 1.0000000180025095e-35 1.0000000180025095e-35 1.0000000180025095e-35 1.0000000180025095e-35 1.0000000180025095e-35 13.600273609161379 1.0000000180025095e-35 1.0000000180025095e-35 1.0000000180025095e-35 1.0000000180025095e-35 1.0000000180025095e-35 1.0000000180025095e-35 14.680356025695803 1.0000000180025095e-35 1.0000000180025095e-35 1.0000000180025095e-35 1.0000000180025095e-35 1.0000000180025095e-35
decision_type=2 2 2 2 2 2 2 2 2 2 2 2 2 2 2 2 2 2 2 2 2 2 2 2 2 2 2 2 2 2
left_child=1 -1 4 5 -2 -3 7 -4 9 10 18 14 13 15 17 -13 -15 -12 20 21 -6 23 -23 -20 -10 29 27 28 -27 -11
right_child=2 3 6 -5 8 -7 -8 -9 24 25 11 12 -14 16 -16 -17 -18 -19 19 -21 -22 22 -24 -25 -26 26 -28 -29 -30 -31
leaf_value=-0.052043704300046928 -0.086069657463794885 -0.0050749510073982143 0.031258960750863637 0.053457993007384935 0.03602072321883918 -0.03971683960102055 0.081259245169546079 0.14881626511096194 -0.019296645264267401 0.025560588672309578 0.029187976995596061 0.093600695969929246 0.23270800140524173 0.17820812383510573 -0.038704724105043609 -0.0527925134883667 0.058666972496256957 0.14517907546305764 0.054549240780102842 0.17990846374445685 -0.03662959646876799 0.19605099007205126 -0.0012288296254340698 -0.059805257631402348 0.063456747687562445 -0.0010090016144949849 -0.050048208500598247 0.0077875783563503267 0.15564495726085198 -0.027261912387843312
leaf_weight=266.22231815755367 4.376206398010253 168.01621617376804 47.054123401641846 15.67198324203491 25.832747831940651 65.192484155297279 77.6401437073946 4.3758342415094367 31.507646709680557 32.967287063598633 10.815537199378015 5.5950796753168124 4.2829917669296256 9.4488416463136691 8.095344230532648 5.8026530295610428 7.0659166574478141 7.0315217077732077 11.390241742134096 4.395140051841735 16.719383418560028 5.3826775699853915 5.1298460215330124 6.5708898901939383 9.3327461630105955 4.3734513223171279 9.1724429875612241 6.8157992810010901 12.215820789337158 32.600565478205681
leaf_count=1549 24 903 231 79 130 366 360 20 162 166 55 28 21 47 41 29 35 35 57 22 84 27 26 34 46 22 47 34 61 165
internal_value=-0.000275849 -0.0319534 0.0399153 -0.0104633 0.0280737 -0.0147589 0.0653214 0.0412611 0.0299065 0.0352459 0.0503282 0.074575 0.102886 0.0829651 0.0394407 0.019071 0.127062 0.074887 0.0316377 0.0629185 0.0074753 0.0448601 0.0997834 0.0127139 -0.000386043 0.0147214 0.0457657 0.0833151 0.114346 -0.000702943
internal_weight=921.094 515.103 405.991 248.881 276.921 233.209 129.07 51.43 272.545 231.704 133.559 58.1379 32.1955 27.9125 25.9424 11.3977 16.5148 17.8471 75.4209 32.8688 42.5521 28.4737 10.5125 17.9611 40.8404 98.1454 32.5775 23.4051 16.5893 65.5679
internal_count=4906 2897 2009 1348 1398 1269 611 251 1374 1166 671 291 160 139 131 57 82 90 380 166 214 144 53 91 208 495 164 117 83 331
is_linear=0
shrinkage=0.1


Tree=4
num_leaves=31
num_cat=0
split_feature=0 0 1 140 168 53 0 126 0 108 0 67 0 16 0 13 94 0 67 54 103 1 130 61 1 1 12 81 6 88
split_gain=94.7724 19.3196 9.97612 6.66121 5.90747 4.82195 5.63526 4.39553 5.12852 5.60735 4.28899 4.26903 5.96984 4.48716 4.40461 4.05149 4.01056 5.14073 5.10491 3.8901 3.67928 3.67756 3.66189 7.72647 7.26666 8.2804 5.28047 3.98175 3.90966 4.90564
threshold=11.108829498291017 5.542778968811036 0.85185185074806224 1.0000000180025095e-35 1.0000000180025095e-35 1.0000000180025095e-35 17.229294776916507 1.0000000180025095e-35 12.412046909332277 1.0000000180025095e-35 13.419575691223146 1.0000000180025095e-35 11.43189573287964 1.0000000180025095e-35 12.123203277587892 1.0000000180025095e-35 1.0000000180025095e-35 10.843257904052736 1.0000000180025095e-35 1.0000000180025095e-35 1.0000000180025095e-35 0.81200090050697338 1.0000000180025095e-35 1.0000000180025095e-35 -0.27872842550277704 -0.24967678636312482 1.0000000180025095e-35 1.0000000180025095e-35 1.0000000180025095e-35 1.0000000180025095e-35
decision_type=2 2 2 2 2 2 2 2 2 2 2 2 2 2 2 2 2 2 2 2 2 2 2 2 2 2 2 2 2 2
left_child=1 -1 7 5 16 6 -4 8 11 20 -11 12 -2 14 19 -7 17 22 -18 -14 21 -10 24 26 -3 27 -24 -26 29 -27
right_child=2 4 3 -5 -6 15 -8 -9 9 10 -12 -13 13 -15 -16 -17 18 -19 -20 -21 -22 -23 23 -25 25 28 -28 -29 -30 -31
leaf_value=-0.05259064449305198 0.048947757665323555 -0.068197371870597448 0.040126996085007124 0.16917336773133976 0.035954187593831705 0.065121661202479295 0.12976854630710039 0.093128411276989842 0.038855764119151669 0.067057837366931369 -0.044269747421884387 0.024925233126144954 -0.048188996031345799 -0.10198650055142906 -0.091693925349643046 0.0036088080584181156 -0.02880679905394172 -0.088952992715872092 0.060586012202129808 0.072442042745637661 0.1272925802708515 -0.0086205305265623644 0.12719057377216933 -0.099504710353031489 0.010119280732023688 -0.036478936818853148 -0.0084022965391729511 0.1209384110436018 -0.0020885456431902691 0.071080976961016312
leaf_weight=209.31109696626663 8.5501474887132627 28.553926214575768 12.360427260398867 5.9489345103502265 22.834447294473648 24.374148562550545 16.209610804915428 9.9770839065313321 208.93450839817524 4.4877085685730007 15.119931340217589 39.444960102438927 4.6859017759561556 9.5157161206007022 5.1339103430509558 19.096179023385048 11.579152300953865 10.622938007116316 14.25009922683239 6.2240369468927383 4.4178494811058036 17.697739571332932 6.6622344553470594 3.5593880861997595 6.8031028807163221 101.88021147251129 5.0485168397426605 6.1943429857492447 74.179798975586891 4.4244249463081351
leaf_count=1260 43 168 58 27 120 112 72 46 1016 24 79 202 25 51 29 88 63 64 74 32 21 84 39 21 35 559 30 32 408 24
internal_value=-0.000327818 -0.0293285 0.0352674 0.0674719 -0.012912 0.0590736 0.0909864 0.0277518 0.02574 0.0325531 -0.0187896 0.00252242 -0.0233845 -0.047581 -0.0153127 0.0380995 -0.016988 -0.0208947 0.0205116 0.0206301 0.0369102 0.0351483 -0.0178481 0.0295203 -0.0211058 -0.0141561 0.0687363 0.0629336 -0.0197076 -0.0320023
internal_weight=918.082 505.904 412.179 77.9893 296.593 72.0404 28.57 334.189 324.212 250.658 19.6076 73.5547 34.1097 25.5596 16.0438 43.4703 273.758 247.929 25.8293 10.9099 231.05 226.632 237.306 15.2701 222.036 193.482 11.7108 12.9974 180.484 106.305
internal_count=4906 2897 2009 357 1637 330 130 1652 1606 1224 103 382 180 137 86 200 1517 1380 137 57 1121 1100 1316 90 1226 1058 69 67 991 583
is_linear=0
shrinkage=0.1


Tree=5
num_leaves=31
num_cat=0
split_feature=1 0 0 10 147 69 8 42 1 206 61 5 64 45 16 13 74 53 70 0 54 1 97 74 26 16 12 8 67 1
split_gain=77.3011 13.38 10.6936 6.55765 5.86926 5.66253 6.71109 4.6706 6.80956 4.34046 4.92827 6.56512 9.91294 9.82672 7.02277 7.58844 4.90222 4.658 7.68401 4.39107 4.16152 4.03661 3.99757 4.82907 4.49416 4.33056 3.93991 6.20132 3.75259 6.26608
threshold=0.13636017590761187 5.542778968811036 13.726214885711672 1.0000000180025095e-35 1.0000000180025095e-35 1.0000000180025095e-35 1.0000000180025095e-35 1.0000000180025095e-35 0.78462240099906932 1.0000000180025095e-35 1.0000000180025095e-35 1.0000000180025095e-35 1.0000000180025095e-35 1.0000000180025095e-35 1.0000000180025095e-35 1.0000000180025095e-35 1.0000000180025095e-35 1.0000000180025095e-35 1.0000000180025095e-35 15.868583202362062 1.0000000180025095e-35 0.69503384828567516 1.0000000180025095e-35 1.0000000180025095e-35 1.0000000180025095e-35 1.0000000180025095e-35 1.0000000180025095e-35 1.0000000180025095e-35 1.0000000180025095e-35 -0.35188987851142878
decision_type=2 2 2 2 2 2 2 2 2 2 2 2 2 2 2 2 2 2 2 2 2 2 2 2 2 2 2 2 2 2
left_child=1 -1 22 9 28 -5 -7 8 -8 10 11 12 16 14 15 21 20 18 -12 -20 26 -13 -2 25 -25 -24 -4 -28 29 -3
right_child=2 4 3 5 -6 6 7 -9 -10 -11 17 13 -14 -15 -16 -17 -18 -19 19 -21 -22 -23 23 24 -26 -27 27 -29 -30 -31
leaf_value=-0.04890040651374486 0.0056746114934089695 0.064402011586879679 0.082198639029310891 0.031121258645451996 -0.11317551907701867 0.10570142640052874 0.11928023305612379 -0.033757044958578175 0.0013152032028593522 0.12157996933837129 0.16266449861814036 0.13588444122475082 0.13751343147894929 0.091591511740986828 -0.085763021888753399 -0.058246896144575948 0.10645487140341181 -0.017432847185020774 0.063497073011628449 -0.052012982940364133 -0.0436247303985762 0.015544646138420349 0.12727857365042541 0.052681609539494016 -0.048069556043120035 0.0098045207028069972 0.067490140036324378 -0.096160816320428374 -0.002321523787171141 -0.035688535136751007
leaf_weight=202.93874233961105 177.41441330313683 6.7662854194641104 11.003195270895961 38.719950780272484 5.8575359135866156 38.970486596226692 10.51443830132485 6.4368741512298575 9.1534125208854658 4.8725958317518225 4.2094288319349298 5.0118330270051956 13.502579435706137 10.859027490019797 10.411696597933771 8.0212596654891968 7.9658037573099127 38.050943225622177 6.7847084105014801 6.3911274075508118 7.9648800790309897 6.280209019780159 9.3615028262138349 10.40901753306389 7.704404577612876 4.7203508317470542 5.1514796167612076 4.2060856521129608 152.32079330086708 82.733847230672836
leaf_count=1260 913 40 52 185 33 175 49 31 41 23 20 24 61 50 50 38 38 182 33 30 38 30 47 52 39 24 24 20 843 461
internal_value=-0.000362106 -0.029864 0.0282832 0.0420597 -0.0142662 0.0614013 0.0794181 0.040181 0.0643793 0.0287368 0.0256343 0.0400327 0.0643648 0.0101788 -0.0195626 0.0161257 0.0371491 0.00216061 0.0450446 0.00746727 0.0176587 0.068956 0.0115575 0.0439759 0.00982788 0.0879003 0.0416321 -0.00606852 -0.0118704 -0.0281216
internal_weight=914.709 450.617 464.092 254.482 247.678 103.795 65.0752 26.1047 19.6679 150.687 145.814 90.378 49.794 40.584 29.725 19.3133 36.2914 55.4362 17.3853 13.1758 28.3256 11.292 209.61 32.1953 18.1134 14.0819 20.3608 9.35757 241.821 89.5001
internal_count=4906 2637 2269 1194 1377 481 296 121 90 713 690 425 233 192 142 92 172 265 83 63 134 54 1075 162 91 71 96 44 1344 501
is_linear=0
shrinkage=0.1


Tree=6
num_leaves=31
num_cat=0
split_feature=0 1 137 1 102 132 108 0 47 22 64 104 54 0 0 0 11 132 12 82 295 0 14 282 0 13 81 7 0 76
split_gain=62.8975 14.695 7.21097 6.60424 5.38631 4.93597 4.69414 7.28849 4.27968 4.13462 4.592 4.2262 7.7269 3.80921 3.79448 5.69193 5.84611 4.5811 5.92955 3.737 3.61514 3.385 3.33226 3.33196 3.31598 3.30757 3.90377 3.15759 3.15076 5.60711
threshold=11.190965175628664 -0.27872842550277704 1.0000000180025095e-35 0.74416303634643566 1.0000000180025095e-35 1.0000000180025095e-35 1.0000000180025095e-35 11.880903720855715 1.0000000180025095e-35 1.0000000180025095e-35 1.0000000180025095e-35 1.0000000180025095e-35 1.0000000180025095e-35 12.412046909332277 3.0691307783126835 4.1437373161315927 1.0000000180025095e-35 1.0000000180025095e-35 1.0000000180025095e-35 1.0000000180025095e-35 1.0000000180025095e-35 3.7686516046524052 1.0000000180025095e-35 1.0000000180025095e-35 6.8391511440277108 1.0000000180025095e-35 1.0000000180025095e-35 1.0000000180025095e-35 10.709103107452394 1.0000000180025095e-35
decision_type=2 2 2 2 2 2 2 2 2 2 2 2 2 2 2 2 2 2 2 2 2 2 2 2 2 2 2 2 2 2
left_child=1 14 3 6 20 8 9 -8 28 10 11 13 -13 -2 19 16 21 25 -19 -1 23 -16 -23 -5 27 -17 -27 -7 29 -3
right_child=2 5 -4 4 -6 24 7 -9 -10 -11 -12 12 -14 -15 15 17 -18 18 -20 -21 -22 22 -24 -25 -26 26 -28 -29 -30 -31
leaf_value=-0.073224946073150707 -0.012195443574685242 0.0056157828125011156 0.13651070069077059 0.042868753644794449 -0.034489520335922778 0.032153349207586571 0.088522156444223329 -0.051112172464281291 -0.032523274455739014 0.11553351309548798 0.049007054350601362 -0.019094141630659096 0.15434109587370201 0.019070800484171976 -0.057630570992983757 -0.089866392962672917 0.024060175006800997 -0.0087850479280916771 -0.067347838323029305 0.010559062265157562 0.1363002941731436 0.074392638049469786 -0.05028370961877078 0.12107801008503921 -0.019572900511430597 0.023879039005573241 -0.067093663057586725 0.1415057288802298 -0.042802343820086658 -0.10910962454580786
leaf_weight=51.133988589048386 54.03096167743206 143.83259579539299 6.0539300739765158 115.56479226052761 8.051326319575308 6.3538724184036273 4.6239129453897503 19.51329243183136 66.587610349059105 4.6190006583929053 44.88851198554039 4.6909573525190336 5.6782512664794922 139.75050178170204 24.081450283527374 31.740741491317749 27.678030520677567 46.009171694517136 27.697511866688728 5.9421760439872733 4.6610295623540869 4.5348185598850232 4.0656993985176086 5.7167960852384558 5.1874091923236838 6.7509195208549508 15.656030938029289 4.5183442384004593 17.366792783141136 4.3901279568672171
leaf_count=327 281 778 29 520 38 31 21 106 386 22 206 22 27 672 154 201 177 282 173 38 20 29 26 25 27 43 99 21 101 24
internal_value=-0.000385137 -0.0245576 0.0281657 0.0265728 0.0448073 -0.00740471 0.0177775 -0.0243627 -0.0111133 0.0217874 0.0200486 0.0136813 0.0758802 0.010353 -0.0419165 -0.0350673 -0.00975763 -0.047016 -0.0307918 -0.0645022 0.0498767 -0.0383976 0.0154547 0.0465553 0.0462114 -0.0691007 -0.0396848 0.0775987 -0.00250385 0.00221779
internal_weight=911.371 493.527 417.843 411.789 133.994 248.237 277.795 24.1372 232.177 253.658 249.039 204.151 10.3692 193.781 245.291 188.214 60.36 127.854 73.7067 57.0762 125.943 32.682 8.60052 121.282 16.0596 54.1477 22.407 10.8722 165.59 148.223
internal_count=4906 2917 1989 1960 603 1368 1357 127 1289 1230 1208 1002 49 953 1549 1184 386 798 455 365 565 209 55 545 79 343 142 52 903 802
is_linear=0
shrinkage=0.1


Tree=7
num_leaves=31
num_cat=0
split_feature=1 0 1 147 46 24 167 67 0 77 1 132 99 83 61 55 0 15 5 62 6 0 11 52 101 19 139 0 0 16
split_gain=52.1025 9.98889 6.83964 5.22725 4.26717 3.66646 3.4041 3.4115 6.40721 3.56901 3.55587 3.49139 3.21218 4.16564 4.51616 4.17869 7.50443 4.82187 5.36241 3.73215 8.81605 4.34339 3.58711 3.16182 4.04009 3.92963 5.24211 5.8891 4.88793 6.35429
threshold=0.13636017590761187 5.542778968811036 0.74416303634643566 1.0000000180025095e-35 1.0000000180025095e-35 1.0000000180025095e-35 1.0000000180025095e-35 1.0000000180025095e-35 5.7987680435180673 1.0000000180025095e-35 -0.27872842550277704 1.0000000180025095e-35 1.0000000180025095e-35 1.0000000180025095e-35 1.0000000180025095e-35 1.0000000180025095e-35 7.1540040969848642 1.0000000180025095e-35 1.0000000180025095e-35 1.0000000180025095e-35 1.0000000180025095e-35 6.566735267639161 1.0000000180025095e-35 1.0000000180025095e-35 1.0000000180025095e-35 1.0000000180025095e-35 1.0000000180025095e-35 10.709103107452394 12.881587982177736 1.0000000180025095e-35
decision_type=2 2 2 2 2 2 2 2 2 2 2 2 2 2 2 2 2 2 2 2 2 2 2 2 2 2 2 2 2 2
left_child=1 5 4 6 -2 -1 7 8 -3 12 -10 -12 13 14 19 16 -15 18 -17 -9 21 -21 -14 24 25 26 27 -6 -29 -30
right_child=2 3 -4 -5 23 -7 -8 9 10 -11 11 -13 22 15 -16 17 -18 -19 -20 20 -22 -23 -24 -25 -26 -27 -28 28 29 -31
leaf_value=0.044184398632110683 -0.084340285820738686 0.070585823515969925 0.04139782119258531 -0.1085717507182201 0.068024253307303814 -0.044593935365348412 0.037188278615156188 -0.019154721472647022 -0.08867188296052729 -0.10252894403696627 -0.034861576472877069 0.045903735538281878 0.070227871224387325 0.07455693615782423 -0.050516752760751439 0.18176174665363196 -0.10836649365714866 -0.011973556825398931 0.023868087810506238 0.072839228573266149 0.1053337869871786 -0.057598988837510627 -0.014610777062727702 0.025052426751040632 -0.088814380262093373 -0.071092265772293939 -0.042014195607001675 -0.0027723440967730557 -0.00085729151867938854 0.10506361611836477
leaf_weight=4.7704698592424384 4.2768328338861457 6.0222525596618643 137.5844958871603 5.4675690531730643 20.244808956980705 187.20149214565754 14.551536276936529 44.051496669650078 11.176446810364721 3.5285522639751425 60.229980960488319 5.8744338899850836 12.239183828234673 4.263408362865448 27.47086264193058 4.8045192062854749 4.731963723897934 5.0240187346935281 3.8944931775331497 3.4998458325862893 9.304456040263176 9.4341760873794538 8.4071118235588074 181.3236800134182 4.4187127053737631 5.9814569205045691 16.056918054819107 79.076316654682159 11.824722871184349 10.870391622185707
leaf_count=31 24 35 611 33 107 1229 77 251 71 20 344 29 65 23 155 27 27 28 22 21 52 52 45 865 24 31 86 413 56 52
internal_value=-0.000401566 -0.0253232 0.0226332 -0.011896 0.0149052 -0.0423878 -0.00967979 -0.012725 -0.0287625 -0.00322676 -0.0365044 -0.0276843 -0.000671487 -0.00711522 -0.016424 0.0313031 -0.0216689 0.066026 0.111074 -0.00229587 0.0310993 -0.0223034 0.0356818 0.0161923 0.00537172 0.00826078 0.0116984 0.0187668 0.00896832 0.0498762
internal_weight=907.607 435.948 471.658 243.976 334.074 191.972 238.509 223.957 83.3031 140.654 77.2809 66.1044 137.126 116.479 93.7608 22.7184 8.99537 13.723 8.69901 66.29 22.2385 12.934 20.6463 329.797 148.473 144.055 138.073 122.016 101.771 22.6951
internal_count=4906 2637 2269 1377 1658 1260 1344 1267 479 788 444 373 768 658 531 127 50 77 49 376 125 73 110 1634 769 745 714 628 521 108
is_linear=0
shrinkage=0.1


Tree=8
num_leaves=31
num_cat=0
split_feature=1 1 1 140 1 55 0 11 22 82 6 9 81 39 1 6 73 73 12 13 1 168 0 21 51 206 101 26 73 11
split_gain=42.5284 8.52047 5.7646 4.78928 4.26414 4.76931 3.49319 5.17079 8.92488 4.81159 4.46424 8.82403 4.52543 4.031 8.23218 3.90634 5.57032 5.03875 4.80599 5.25972 3.98197 3.41075 3.68955 3.40612 3.38334 4.06264 3.87051 3.71082 4.51055 5.89572
threshold=0.13636017590761187 -0.27872842550277704 0.85185185074806224 1.0000000180025095e-35 -0.24207163602113721 1.0000000180025095e-35 2.6652977466583256 1.0000000180025095e-35 1.0000000180025095e-35 1.0000000180025095e-35 1.0000000180025095e-35 1.0000000180025095e-35 1.0000000180025095e-35 1.0000000180025095e-35 -0.36938171088695521 1.0000000180025095e-35 1.0000000180025095e-35 1.0000000180025095e-35 1.0000000180025095e-35 1.0000000180025095e-35 -0.54931932687759388 1.0000000180025095e-35 8.7460646629333514 1.0000000180025095e-35 1.0000000180025095e-35 1.0000000180025095e-35 1.0000000180025095e-35 1.0000000180025095e-35 1.0000000180025095e-35 1.0000000180025095e-35
decision_type=2 2 2 2 2 2 2 2 2 2 2 2 2 2 2 2 2 2 2 2 2 2 2 2 2 2 2 2 2 2
left_child=1 6 24 23 5 -3 10 -8 9 13 -1 12 -12 14 15 16 18 -17 19 -9 -21 -6 -23 -4 26 27 -2 -26 -29 -30
right_child=2 4 3 -5 21 -7 7 8 -10 -11 11 -13 -14 -15 -16 17 -18 -19 -20 20 -22 22 -24 -25 25 -27 -28 28 29 -31
leaf_value=-0.09956262744363957 0.0068369032844691124 0.085018983683784452 0.044959968755284491 0.12712576806573692 -0.016575732686119494 -0.01656799974288261 -0.044854234841364402 0.036567057007534709 -0.083024456157991547 -0.071976117816190011 -0.023223773555911802 -0.12175664204996464 0.122278215036184 -0.062588688198413595 0.15443024204600508 -0.073801822826316824 -0.034922764532721896 0.046440597050042047 -0.0048272372444694983 0.076596111997717042 0.22845051392089299 -0.0040988952258721708 0.10509412570854858 -0.020766996762597648 0.033252129431472328 0.11771739962426897 -0.08766720085716935 0.023534183779623023 0.010835286780612694 -0.069507169840863692
leaf_weight=18.122717186808586 161.55585442483425 9.9327658414840698 67.03144633769989 6.4277025908231726 163.49055883288383 8.6426685899496078 116.55440427362919 9.4300413727760262 14.757768914103506 7.7028639465570441 5.0899641960859281 5.7192753702402106 3.6852255314588547 6.5167735815048209 4.2418528348207536 10.155531004071234 10.200352758169172 5.3058093339204779 9.3302120566368121 3.5046084821224213 3.404072329401969 8.4113831967115384 4.8954240232706061 8.9354982376098615 118.83186392486095 4.44815869629383 4.4532353132963172 64.608998641371727 24.114921167492867 14.702300339937208
leaf_count=124 824 47 290 27 925 48 774 63 96 50 35 39 25 42 25 67 67 35 62 23 22 44 24 40 556 20 25 303 114 70
internal_value=-0.000416366 -0.023237 0.020194 0.0442419 -0.00782448 0.0377532 -0.0361206 -0.0311971 -0.0123703 0.00256973 -0.0664769 -0.0251092 0.0378812 0.011818 0.0205434 0.00947923 0.0275909 -0.0325387 0.0524327 0.0851309 0.151418 -0.0126132 0.036072 0.0372289 0.0151486 0.0230913 0.00430181 0.0211975 0.00734724 -0.019595
internal_weight=904.204 429.094 475.11 82.3946 195.373 18.5754 233.721 201.104 84.5499 69.7921 32.6172 14.4945 8.77519 62.0893 55.5725 51.3306 35.8693 15.4613 25.6689 16.3387 6.90868 176.797 13.3068 75.9669 392.715 226.706 166.009 222.258 103.426 38.8172
internal_count=4906 2637 2269 357 1088 95 1549 1326 552 456 223 99 60 406 364 339 237 102 170 108 45 993 68 330 1912 1063 849 1043 487 184
is_linear=0
shrinkage=0.1


Tree=9
num_leaves=31
num_cat=0
split_feature=0 0 277 10 212 0 168 266 69 8 67 13 1 95 79 54 73 70 0 9 40 14 0 26 168 68 63 0 13 73
split_gain=34.8583 7.30435 5.25086 5.83528 4.88339 4.85404 6.00856 4.38258 4.31733 5.73592 4.65469 7.81821 4.14129 4.09137 5.53997 5.1458 4.49138 6.22229 4.03675 4.29156 3.89991 4.14109 3.38021 3.49746 5.14221 4.37208 5.1764 4.39046 3.52722 8.30643
threshold=8.4175219535827654 13.726214885711672 1.0000000180025095e-35 1.0000000180025095e-35 1.0000000180025095e-35 3.0691307783126835 1.0000000180025095e-35 1.0000000180025095e-35 1.0000000180025095e-35 1.0000000180025095e-35 1.0000000180025095e-35 1.0000000180025095e-35 -0.070803865790367113 1.0000000180025095e-35 1.0000000180025095e-35 1.0000000180025095e-35 1.0000000180025095e-35 1.0000000180025095e-35 8.8049278259277362 1.0000000180025095e-35 1.0000000180025095e-35 1.0000000180025095e-35 9.2238192558288592 1.0000000180025095e-35 1.0000000180025095e-35 1.0000000180025095e-35 1.0000000180025095e-35 12.34633779525757 1.0000000180025095e-35 1.0000000180025095e-35
decision_type=2 2 2 2 2 2 2 2 2 2 2 2 2 2 2 2 2 2 2 2 2 2 2 2 2 2 2 2 2 2
left_child=5 4 3 -3 13 6 -1 12 -5 -10 11 -11 -7 18 15 -15 20 -18 19 -2 21 -17 -20 25 -25 27 -27 28 -24 -30
right_child=1 2 -4 8 -6 7 -8 -9 9 10 -12 -13 -14 14 -16 16 17 -19 22 -21 -22 -23 23 24 -26 26 -28 -29 29 -31
leaf_value=-0.06288786103451692 0.089715188162300563 0.016094702767290799 -0.074402019036052688 0.020411672368639715 -0.10925853912019901 -0.021077384524557211 0.085983822459983122 0.096649120403161745 0.086040280193048976 0.11209314421133981 -0.026569058390507518 -0.028908815055976391 -0.12880248988631096 -0.055489021288555151 0.13958900293298246 0.09815468617182628 -0.033108569570139287 0.078733401887799884 -0.045508360853005497 -0.010568553123244246 0.15194613408450186 -0.018155099655129174 -0.0091007814207114419 -0.016286573870139334 0.075312748590900064 -0.043591416935708033 0.07615174826682318 0.069097931373208465 -0.018667755585561132 0.10112029948433301
leaf_weight=48.635624632239342 9.9334090799093264 153.49545259773731 5.0468674898147574 39.725646033883095 3.7622764706611624 270.13083039224148 2.8711535185575476 3.1222669780254355 40.034225195646286 10.429433822631838 10.27615210413933 6.3125091642141333 3.6164052486419669 7.3562576323747626 4.3228410333394995 6.6671662628650683 14.30096371471882 7.6275353133678427 17.528196007013321 7.4811388403177252 4.6836360096931449 5.6597013026475906 32.065873056650162 113.2382470369339 6.4793351888656607 20.277094095945362 4.3921398818492881 18.125601544976234 11.408470794558525 11.75175304710865
leaf_count=346 55 698 23 182 20 1711 19 19 171 46 46 28 21 38 22 33 73 37 98 42 22 28 173 595 32 99 20 85 63 61
internal_value=-0.000428773 0.0144714 0.0266242 0.0285832 0.00397068 -0.0264008 -0.0545893 -0.0211569 0.0465356 0.0620129 0.0264102 0.0589287 -0.0225005 0.00537523 0.0313249 0.0212157 0.0357066 0.00579417 0.000176887 0.0466342 0.0742671 0.0447527 -0.0032619 0.000138986 -0.0113291 0.0141454 -0.0222722 0.0263932 0.0123772 0.042114
internal_weight=900.758 572.382 265.32 260.273 307.062 328.376 51.5068 276.87 106.778 67.0523 27.0181 16.7419 273.747 303.299 50.6181 46.2953 38.939 21.9285 252.681 17.4145 17.0105 12.3269 235.267 217.739 119.718 98.0209 24.6692 73.3517 55.2261 23.1602
internal_count=4906 2790 1194 1171 1596 2116 365 1751 473 291 120 74 1732 1576 253 231 193 110 1323 97 83 61 1226 1128 627 501 119 382 297 124
is_linear=0
shrinkage=0.1


Tree=10
num_leaves=31
num_cat=0
split_feature=1 148 64 0 1 1 97 0 168 92 1 30 0 102 12 62 105 81 83 61 26 1 83 0 0 1 130 10 1 0
split_gain=28.718 6.64665 6.22778 4.24993 4.06998 6.44913 4.30817 3.96332 4.97901 3.92441 3.83794 3.74723 3.44576 3.42179 5.02615 3.48482 8.07163 4.27313 4.12017 3.97622 3.64907 3.60426 5.29343 4.5706 4.1564 3.90726 6.31637 3.69904 4.68414 7.40822
threshold=-0.10076811909675597 1.0000000180025095e-35 1.0000000180025095e-35 16.735113143920902 0.75739601254463207 0.7774735987186433 1.0000000180025095e-35 3.0691307783126835 1.0000000180025095e-35 1.0000000180025095e-35 -0.11521788686513899 1.0000000180025095e-35 12.643394947052004 1.0000000180025095e-35 1.0000000180025095e-35 1.0000000180025095e-35 1.0000000180025095e-35 1.0000000180025095e-35 1.0000000180025095e-35 1.0000000180025095e-35 1.0000000180025095e-35 -0.27872842550277704 1.0000000180025095e-35 4.1437373161315927 3.9917863607406621 -0.40056277811527247 1.0000000180025095e-35 1.0000000180025095e-35 -0.16024032235145566 6.8391511440277108
decision_type=2 2 2 2 2 2 2 2 2 2 2 2 2 2 2 2 2 2 2 2 2 2 2 2 2 2 2 2 2 2
left_child=7 2 4 12 6 -6 9 8 -1 11 13 -2 -4 15 -15 16 21 -17 -19 20 -20 23 27 24 -9 -25 -27 28 29 -23
right_child=1 -3 3 -5 5 -7 -8 10 -10 -11 -12 -13 -14 14 -16 17 -18 18 19 -21 -22 22 -24 25 -26 26 -28 -29 -30 -31
leaf_value=-0.059167650757472469 -0.089894133992303268 -0.10356829062967471 0.10611961659318153 0.081655102229885118 0.10012342885262578 0.018422487496122696 0.029900225885387613 -0.009002071063028784 0.073189074504220228 0.097962636291960462 -0.097123005090973241 0.00048365706646598291 0.020135501505023388 0.070669628788285421 -0.057196984058134871 -0.015659378333148604 0.14523730968707146 -0.072475887729277017 -0.042216442061945469 -0.05523827478554677 0.088197977616849957 0.085555776385403515 0.091084148129374182 -0.071872619436948545 0.1022632084200804 -0.064148455246227698 0.041626400487291736 -0.048137766697936249 0.11738364419211667 -0.071992750197642605
leaf_weight=46.631081581115723 4.6516840010881415 4.8951860815286627 5.0561780035495749 18.124517142772675 10.793138265609739 92.152746587991714 57.961858615279198 21.301687672734264 3.0266536176204673 4.0751093924045554 6.3337790369987479 333.05543814599514 59.581891879439354 9.563120946288107 4.5304652303457251 68.390145510435104 3.3238753825426093 37.11468668282032 3.671920120716095 11.494198560714722 5.1612381935119629 5.1338778138160723 6.9969106912612906 24.46960312128067 3.9855164289474478 11.964889392256737 10.688970968127251 12.023460492491724 4.1043753623962393 7.1291318386793137
leaf_count=346 26 24 23 76 47 401 285 146 19 19 37 1717 265 58 30 448 21 245 24 74 33 24 38 172 26 80 66 69 25 42
internal_value=-0.000429275 0.0124719 0.0134422 0.0388609 0.00925727 0.0269882 0.00469102 -0.0252345 -0.0511005 0.000415861 -0.0202441 -0.000761235 0.0268614 -0.0183045 0.0295662 -0.0211518 -0.00824694 -0.032548 -0.0526556 -0.0164667 0.0339851 -0.0129795 0.0131768 -0.0257623 0.00853445 -0.0441665 -0.0142398 -0.00602338 0.0249138 -0.00603546
internal_weight=897.387 590.348 585.453 82.7626 502.69 102.946 399.744 307.04 49.6577 341.782 257.382 337.707 64.6381 251.048 14.0936 236.954 111.122 125.832 57.442 20.3274 8.83316 107.798 35.3878 72.4107 25.2872 47.1235 22.6539 28.3908 16.3674 12.263
internal_count=4906 2883 2859 364 2495 448 2047 2023 365 1762 1658 1743 288 1621 88 1533 709 824 376 131 57 688 198 490 172 318 146 160 91 66
is_linear=0
shrinkage=0.1


Tree=11
num_leaves=31
num_cat=0
split_feature=1 0 147 0 53 116 11 8 13 126 24 64 63 1 73 5 42 9 10 93 167 67 0 1 1 21 62 1 11 14
split_gain=23.7053 5.73996 4.64088 3.93104 6.21224 4.02781 3.88029 5.94257 4.04317 3.48422 3.28289 2.85454 3.84257 3.99148 6.03203 3.86559 3.04201 2.96894 3.28888 2.69529 2.63842 2.67024 5.26439 2.91283 4.79209 4.70746 7.56299 2.7789 3.71537 5.38944
threshold=0.13636017590761187 5.542778968811036 1.0000000180025095e-35 17.229294776916507 1.0000000180025095e-35 1.0000000180025095e-35 1.0000000180025095e-35 1.0000000180025095e-35 1.0000000180025095e-35 1.0000000180025095e-35 1.0000000180025095e-35 1.0000000180025095e-35 1.0000000180025095e-35 0.6562476158142091 1.0000000180025095e-35 1.0000000180025095e-35 1.0000000180025095e-35 1.0000000180025095e-35 1.0000000180025095e-35 1.0000000180025095e-35 1.0000000180025095e-35 1.0000000180025095e-35 5.7987680435180673 -0.26367023587226862 -0.23431439697742459 1.0000000180025095e-35 1.0000000180025095e-35 -0.088143587112426744 1.0000000180025095e-35 1.0000000180025095e-35
decision_type=2 2 2 2 2 2 2 2 2 2 2 2 2 2 2 2 2 2 2 2 2 2 2 2 2 2 2 2 2 2
left_child=1 10 20 5 -5 9 7 -6 -8 11 -1 -2 13 15 -15 -13 17 18 -14 -18 21 22 -3 -24 -25 27 -27 -26 -29 -30
right_child=3 2 -4 4 6 -7 8 -9 -10 -11 -12 12 16 14 -16 -17 19 -19 -20 -21 -22 -23 23 24 25 26 -28 28 29 -31
leaf_value=0.051630507249044888 0.0071584456190747344 0.065971771596135445 -0.10325141923085815 0.08777126549426012 0.032008818465459471 -0.081084429111404469 0.094905150454238696 -0.082833461850961479 -0.011753236277109828 0.063464651405896841 -0.034022028720654969 0.065174493744472858 -0.093546657449563766 0.15344489871584735 0.0097752611198540056 -0.038138588314766214 0.059447423190598092 0.028882018246040142 0.011077878877436595 -0.019358205687889308 0.035305339896658947 -0.00017123756385687056 -0.074953565478915546 0.069509485186164927 -0.072697901002133247 0.14816039041851345 -0.037783764233659131 -0.052832147759095428 0.085440254831130824 -0.053005232541510738
leaf_weight=4.595460668206214 343.14225861430168 6.1198638975620261 4.9969671964645377 18.16861067712307 10.934042960405352 4.6485774368047705 9.078061029314993 7.6640402227640143 5.8408540189266196 13.007542595267294 170.46319046616554 9.0210828930139559 6.9678735435009003 7.8700629621744138 4.6484521329402924 6.0508376508951178 15.139632672071459 8.353966549038887 5.2823001444339752 6.0841079503297797 14.598671928048132 137.68465051054955 12.306790098547934 5.2714827656745902 18.856063544750207 3.6054275780916196 5.5616089701652527 16.866226598620422 6.0648597180843371 5.2422225177288055
leaf_count=31 1666 35 33 75 46 23 38 33 25 57 1229 40 32 34 20 27 66 36 23 28 77 788 84 28 117 21 33 96 35 30
internal_value=-0.000433946 -0.0180387 -0.00790095 0.0146257 0.0406832 0.0114951 0.0151581 -0.0153163 0.0531477 0.0125064 -0.0317736 0.0108998 0.0293935 0.0583621 0.100097 0.023698 0.0102852 -0.0170852 -0.0484323 0.0368566 -0.0058488 -0.00861007 -0.023153 -0.0305462 -0.0216551 -0.0302068 0.0353487 -0.042985 -0.0230985 0.0212538
internal_weight=894.136 412.233 237.175 481.902 51.6856 430.217 33.517 18.5981 14.9189 425.568 175.059 412.561 69.4183 27.5904 12.5185 15.0719 41.8279 20.6041 12.2502 21.2237 232.178 217.579 79.8945 73.7747 61.4679 56.1964 9.16704 47.0294 28.1733 11.3071
internal_count=4906 2637 1377 2269 217 2052 142 79 63 2029 1260 1972 306 121 54 67 185 91 55 94 1344 1267 479 444 360 332 54 278 161 65
is_linear=0
shrinkage=0.1


Tree=12
num_leaves=31
num_cat=0
split_feature=1 0 212 277 10 32 140 0 12 0 67 7 39 68 0 132 6 105 0 26 10 16 0 51 0 54 0 16 31 5
split_gain=19.5765 6.1636 4.36213 4.33969 4.60812 4.29856 4.01337 4.59527 6.72877 3.86556 3.29865 4.90748 10.7753 4.25226 4.94681 4.12388 3.55081 7.14503 5.46345 4.22706 4.72703 9.71711 4.57358 4.13293 11.9385 7.19332 5.58245 6.86936 5.31814 4.46268
threshold=-0.27872842550277704 13.726214885711672 1.0000000180025095e-35 1.0000000180025095e-35 1.0000000180025095e-35 1.0000000180025095e-35 1.0000000180025095e-35 15.868583202362062 1.0000000180025095e-35 16.735113143920902 1.0000000180025095e-35 1.0000000180025095e-35 1.0000000180025095e-35 1.0000000180025095e-35 12.992471218109133 1.0000000180025095e-35 1.0000000180025095e-35 1.0000000180025095e-35 6.9705681800842294 1.0000000180025095e-35 1.0000000180025095e-35 1.0000000180025095e-35 12.746064186096193 1.0000000180025095e-35 12.992471218109133 1.0000000180025095e-35 9.3497605323791522 1.0000000180025095e-35 1.0000000180025095e-35 1.0000000180025095e-35
decision_type=2 2 2 2 2 2 2 2 2 2 2 2 2 2 2 2 2 2 2 2 2 2 2 2 2 2 2 2 2 2
left_child=-1 2 10 4 -3 6 7 -6 -9 -7 11 13 -13 14 -2 -14 19 18 -18 20 22 -22 -12 25 -25 28 27 29 -20 -27
right_child=1 3 -4 -5 5 9 -8 8 -10 -11 16 12 15 -15 -16 -17 17 -19 23 -21 21 -23 -24 24 -26 26 -28 -29 -30 -31
leaf_value=-0.026647292684026609 -0.023174669810474155 0.01040367275995812 -0.10669747074653145 -0.072833877174607015 0.021803830759673307 -0.047929228530000541 0.11159913228096843 0.033762503032857175 0.13330892623360138 0.041660642158594441 -0.025739875227388243 0.047797040685018499 -0.043756103221858911 -0.073941007256907762 0.068014784526399835 0.069362678589108412 0.098440334194971404 0.13512959550673259 -0.076070517083058731 -0.014332661091676434 0.0031128319723537899 0.13449175187543075 0.082052144537740845 0.14793904536582139 -0.030863194404881805 0.080123875786568835 -0.0042475733819007664 0.17743211623932942 0.0075302625718563221 -0.04526385606639468
leaf_weight=215.74165707081556 71.152491375803947 155.61649957299232 3.7835229188203803 4.975467547774314 51.84216320514679 10.173456788063051 8.563736364245413 17.85693234205246 10.95653457939625 9.145587280392645 22.419772207736973 36.336754575371742 29.179016709327698 14.858769729733465 6.4916435778141013 3.6229802370071402 7.5202574729919425 5.3938290178775778 16.317598596215248 91.473177626729012 14.449266999959946 9.2232693731784821 4.7745155394077292 7.3653780817985517 7.574534609913826 7.4721929132938403 23.149047762155533 4.4878700375556937 14.257953584194185 4.5772454291582108
leaf_count=1549 399 698 21 23 232 45 37 75 45 39 118 192 164 74 30 17 38 27 92 496 73 44 22 34 35 40 119 24 79 25
internal_value=-0.000424558 0.00795654 0.000175388 0.0196915 0.0214342 0.0372492 0.0465097 0.0395987 0.0716158 -0.00551761 0.001181 -0.00986597 0.0102884 -0.0249298 -0.0155505 -0.0312621 0.00860711 0.0232437 0.0167351 -0.00148198 0.0216272 0.0543006 -0.00681477 0.00952342 0.0572863 -0.000632487 0.0274523 0.0718261 -0.0370859 0.0324926
internal_weight=890.753 675.011 405.881 269.13 264.155 108.538 89.2194 80.6556 28.8135 19.319 402.098 161.642 69.1388 92.5029 77.6441 32.802 240.456 98.1159 92.7221 142.34 50.8668 23.6725 27.1943 85.2018 14.9399 70.2619 39.6864 16.5373 30.5756 12.0494
internal_count=4906 3357 2163 1194 1171 473 389 352 120 84 2142 876 373 503 429 181 1266 513 486 753 257 117 140 448 69 379 208 89 171 65
is_linear=0
shrinkage=0.1


Tree=13
num_leaves=31
num_cat=0
split_feature=1 148 295 277 0 10 32 0 6 9 132 1 0 12 61 11 8 81 0 12 79 102 38 11 62 60 0 79 0 94
split_gain=16.5236 5.33745 3.61275 3.94265 3.44278 4.38055 3.60579 3.37919 4.45129 8.50067 4.65742 3.33544 3.21011 3.78322 5.40166 3.28371 4.72333 3.34498 3.14867 3.06985 2.93736 2.93184 2.9343 2.72864 2.68697 4.60408 3.75964 3.88154 2.78086 2.74242
threshold=-0.10076811909675597 1.0000000180025095e-35 1.0000000180025095e-35 1.0000000180025095e-35 13.726214885711672 1.0000000180025095e-35 1.0000000180025095e-35 2.6652977466583256 1.0000000180025095e-35 1.0000000180025095e-35 1.0000000180025095e-35 -0.11521788686513899 15.798768043518068 1.0000000180025095e-35 1.0000000180025095e-35 1.0000000180025095e-35 1.0000000180025095e-35 1.0000000180025095e-35 16.735113143920902 1.0000000180025095e-35 1.0000000180025095e-35 1.0000000180025095e-35 1.0000000180025095e-35 1.0000000180025095e-35 1.0000000180025095e-35 1.0000000180025095e-35 8.2737851142883319 1.0000000180025095e-35 8.4175219535827654 1.0000000180025095e-35
decision_type=2 2 2 2 2 2 2 2 2 2 2 2 2 2 2 2 2 2 2 2 2 2 2 2 2 2 2 2 2 2
left_child=7 2 3 4 24 20 12 8 -1 10 -10 -9 15 -14 -15 -7 19 -18 -8 -17 21 22 -6 -23 -2 -26 -27 28 -28 -29
right_child=1 -3 -4 -5 5 6 18 11 9 -11 -12 -13 13 14 -16 16 17 -19 -20 -21 -22 23 -24 -25 25 26 27 29 -30 -31
leaf_value=-0.089896749199678216 -0.014162349802488441 -0.097410338397131285 0.095970731340345186 -0.082831195051666084 -0.045952574587206522 0.049487868159042887 -0.043795577426312356 -0.014673030353397207 -0.034521686637050714 -0.11655227049584936 0.11815516350773414 -0.091057456035801093 0.040921339250557895 0.17771413455203006 0.043756209258254825 0.070576971894081381 -0.10739614915779823 0.012066970100369686 0.037156825488604599 -0.025009669202996177 -0.048591552723627196 0.0076854566645105579 0.018564019403105907 -0.099981871825993884 0.10799257710030247 0.080497440880701043 -0.080826292652203494 0.026958680137746823 0.0011879148147225071 0.11873647415022281
leaf_weight=15.030196987092495 70.266029685735703 4.6615432649850836 4.8497105538845053 4.60792551934719 7.4666104316711417 32.00225193798542 10.028186693787577 259.81497194617987 3.5198571979999524 4.7182055264711389 4.6212079375982285 5.8452924638986579 19.197423502802849 6.1748233288526553 5.8733877390623093 9.3698858767747861 5.273797795176506 4.2187831997871399 9.2242482155561429 5.2381821870803842 8.7309028804302198 5.0338626354932767 126.21042768657207 4.4212327003479004 4.5184351950883856 6.6150560081005088 4.2178217321634284 22.985171139240268 208.74067896604538 3.7930987775325766
leaf_count=124 374 24 20 22 35 142 45 1763 26 39 34 37 80 25 24 40 25 19 39 23 40 23 561 21 24 37 25 120 1077 18
internal_value=-0.00042236 0.00917329 0.0100167 0.00930321 0.0100357 0.0186265 0.034165 -0.01983 -0.0529438 -0.00975245 0.0521441 -0.0163537 0.0427995 0.0684875 0.112411 0.028493 0.000614727 -0.0543032 -0.00500957 0.0363014 0.00771919 0.0111541 0.0149604 -0.0426601 0.00312143 0.00796243 0.00612774 0.00407565 -0.000436445 0.0399589
internal_weight=887.269 593.719 589.058 584.208 579.6 258.464 106.601 293.55 27.8895 12.8593 8.14107 265.66 87.3485 31.2456 12.0482 56.1029 24.1006 9.49258 19.2524 14.6081 151.863 143.132 133.677 9.4551 321.136 250.87 246.352 239.737 212.959 26.7783
internal_count=4906 2883 2859 2839 2817 1142 462 2023 223 99 60 1800 378 129 49 249 107 44 84 63 680 640 596 44 1675 1301 1277 1240 1102 138
is_linear=0
shrinkage=0.1


Tree=14
num_leaves=31
num_cat=0
split_feature=1 293 0 102 54 101 7 0 137 295 277 11 22 128 5 9 129 0 13 49 7 8 16 16 14 0 67 26 8 1
split_gain=13.8058 3.82578 4.67188 3.27228 3.18642 4.30239 4.31896 3.73289 3.06879 2.84447 3.35257 2.82421 5.75521 5.47124 8.09451 8.07711 4.83305 4.48447 4.3082 7.2992 4.64956 4.30487 5.78996 4.15341 5.50766 5.7406 3.53451 3.64987 3.79506 3.30384
threshold=0.13636017590761187 1.0000000180025095e-35 2.6652977466583256 1.0000000180025095e-35 1.0000000180025095e-35 1.0000000180025095e-35 1.0000000180025095e-35 8.4750170707702654 1.0000000180025095e-35 1.0000000180025095e-35 1.0000000180025095e-35 1.0000000180025095e-35 1.0000000180025095e-35 1.0000000180025095e-35 1.0000000180025095e-35 1.0000000180025095e-35 1.0000000180025095e-35 3.0691307783126835 1.0000000180025095e-35 1.0000000180025095e-35 1.0000000180025095e-35 1.0000000180025095e-35 1.0000000180025095e-35 1.0000000180025095e-35 1.0000000180025095e-35 7.0814509391784677 1.0000000180025095e-35 1.0000000180025095e-35 1.0000000180025095e-35 -0.16723705083131787
decision_type=2 2 2 2 2 2 2 2 2 2 2 2 2 2 2 2 2 2 2 2 2 2 2 2 2 2 2 2 2 2
left_child=1 2 -1 11 5 6 -5 -6 9 10 -2 16 13 18 17 -16 23 -15 -13 21 -21 22 -20 -4 26 -26 27 28 -25 -28
right_child=8 -3 3 4 7 -7 -8 -9 -10 -11 -12 12 -14 14 15 -17 -18 -19 19 20 -22 -23 -24 24 25 -27 29 -29 -30 -31
leaf_value=-0.055860613430008754 0.0099976116871731795 0.086299135374545033 -0.025425280291145352 -0.022444278184857464 0.020834634084771812 -0.099140725856339762 0.12264488678030622 0.15034924685256101 0.075314567298562174 0.0859942986220818 -0.077068301646587956 -0.019857437437310679 -0.056748052889188327 -0.088850701013954869 0.040379640449026831 0.27502425509090744 -0.042545076774037592 0.052908819212685365 0.060320721483293593 -0.098427061595620244 0.021991625591715212 0.095740129525580309 -0.049059786879483647 -0.028519331305465679 0.055951319832469273 -0.064856634322798021 0.0059761774413757216 -0.09226528194056044 0.1043722042681689 0.093708652692093858
leaf_weight=26.274498395621777 467.80154602229595 3.755042389035224 74.163749493658543 5.7343731150031072 6.039550706744194 3.67052847146988 3.1946997418999672 3.5238225162029266 7.2943200767040244 4.8697927743196479 4.4648571014404288 69.870433077216148 18.244733214378357 3.4492573365569097 3.102949231863021 2.7825533449649811 74.418776385486126 6.321033850312233 12.67771986871958 7.0183295607566816 5.9036148637533188 11.16333393007517 7.8273739069700232 4.9114508405327815 5.5060225576162365 13.771267682313917 6.464855611324313 3.4182642996311179 3.8205910176038742 12.7733047157526
leaf_count=219 2194 24 445 36 37 23 20 19 33 20 22 438 127 27 22 20 559 44 77 44 36 68 50 30 36 80 38 24 24 70
internal_value=-0.000408897 -0.0141633 -0.0151158 -0.0122206 0.0250349 -0.00799939 0.0294666 0.068557 0.0109426 0.00995853 0.00917448 -0.014596 -0.00415021 0.00322498 0.0586706 0.151315 -0.0223739 0.00286271 -0.0043588 0.0199266 -0.0434117 0.0457711 0.0185671 -0.0103486 0.0117204 -0.0303512 0.0375587 -0.00466613 0.0296256 0.0642267
internal_weight=884.233 399.802 396.047 369.773 22.163 12.5996 8.92907 9.56337 484.431 477.136 472.266 347.61 148.361 130.117 15.6558 5.8855 199.248 9.77029 114.461 44.5904 12.9219 31.6684 20.5051 124.83 50.6658 19.2773 31.3885 12.1503 8.73204 19.2382
internal_count=4906 2637 2613 2394 135 79 56 56 2269 2236 2216 2259 953 826 113 42 1306 71 713 275 80 195 127 747 302 116 186 78 54 108
is_linear=0
shrinkage=0.1


Tree=15
num_leaves=31
num_cat=0
split_feature=1 148 147 1 212 46 226 113 9 0 0 11 61 1 12 6 73 7 1 130 69 108 8 5 32 70 9 15 12 72
split_gain=11.6578 4.16285 4.22982 3.60258 3.72163 4.36228 2.97531 2.73438 2.91029 3.51459 4.93922 8.96161 3.20734 3.03694 3.72066 3.54975 3.24275 2.81279 3.74154 4.15212 2.60063 3.73738 3.20585 4.81349 4.54549 4.36256 3.81225 3.24567 4.60061 2.94291
threshold=-0.27872842550277704 1.0000000180025095e-35 1.0000000180025095e-35 0.74416303634643566 1.0000000180025095e-35 1.0000000180025095e-35 1.0000000180025095e-35 1.0000000180025095e-35 1.0000000180025095e-35 2.7310061454772954 4.273785114288331 1.0000000180025095e-35 1.0000000180025095e-35 -0.43067914247512812 1.0000000180025095e-35 1.0000000180025095e-35 1.0000000180025095e-35 1.0000000180025095e-35 -0.39508707821369166 1.0000000180025095e-35 1.0000000180025095e-35 1.0000000180025095e-35 1.0000000180025095e-35 1.0000000180025095e-35 1.0000000180025095e-35 1.0000000180025095e-35 1.0000000180025095e-35 1.0000000180025095e-35 1.0000000180025095e-35 1.0000000180025095e-35
decision_type=2 2 2 2 2 2 2 2 2 2 2 2 2 2 2 2 2 2 2 2 2 2 2 2 2 2 2 2 2 2
left_child=6 2 3 4 5 -2 7 8 17 -10 11 -11 -13 -12 15 16 -15 -1 -19 -20 21 22 23 24 26 -25 -5 28 -24 -22
right_child=1 -3 -4 20 -6 -7 -8 -9 9 10 13 12 -14 14 -16 -17 -18 18 19 -21 29 -23 27 25 -26 -27 -28 -29 -30 -31
leaf_value=0.0011370929298631196 -0.10191163970632333 -0.080879368753519879 -0.062863138481678557 0.050067326566080067 -0.088942957004878725 0.0052897830037429289 -0.11789384290696681 0.042793052624195443 -0.093454464499805434 -0.050892317629867213 -0.089207984351595063 0.033703893380524728 0.14640537721179356 -0.002156102408207853 -0.08501277129178969 -0.061696996625734218 0.12297453612828124 -0.045243980296080545 -0.032297220338720477 0.087054857623356866 0.088792163227972357 0.08917769657242533 -0.052473805284622935 0.10139854415180832 -0.12025362555949069 -0.018600217252417409 -0.077189163810817918 0.090902927564419214 0.058683494980197329 0.026636400376325826
leaf_weight=68.500388383865356 3.8241598457097998 5.4785155802965155 8.6418371349573118 4.6483791023492831 4.2979755997657767 513.22182806581259 3.135594628751277 6.761074647307395 9.638191804289816 14.85743709653616 14.012789137661452 10.273336514830588 3.348092809319497 7.5367274433374494 8.5593465790152532 6.5658733397722235 2.8557721301913261 38.290928706526756 6.7868830040097219 5.1090078502893448 8.4690601676702482 4.8284531682729712 7.4913123846054095 4.4578114748001108 7.1213322132825843 9.4563191384077072 4.7695154994726181 5.8088706135749808 7.402800515294075 75.762567952275276
leaf_count=508 23 30 51 20 24 2630 25 50 89 115 110 71 23 53 63 45 20 297 49 31 35 20 33 19 33 42 21 25 33 318
internal_value=-0.000415925 0.00593594 0.00664561 0.00755359 0.00372658 0.0044969 -0.0212267 -0.0197342 -0.0218875 -0.0369399 -0.0289308 0.00281966 0.0614055 -0.0518046 -0.031265 -0.00413703 0.0322288 -0.0120399 -0.0300252 0.0189617 0.0217829 0.00507808 -0.00285977 -0.0235003 -0.0599659 0.019845 -0.0143793 0.0275017 0.00277456 0.0328858
internal_weight=881.912 675.681 670.202 661.56 521.344 517.046 206.231 203.096 196.335 77.6476 68.0094 28.4789 13.6214 39.5305 25.5177 16.9584 10.3925 118.687 50.1868 11.8959 140.216 55.9848 51.1563 30.4534 16.5392 13.9141 9.41789 20.703 14.8941 84.2316
internal_count=4906 3357 3327 3276 2677 2653 1549 1524 1474 589 500 209 94 291 181 118 73 885 377 80 599 246 226 135 74 61 41 91 66 353
is_linear=0
shrinkage=0.1


Tree=16
num_leaves=31
num_cat=0
split_feature=0 137 22 0 0 99 0 0 113 7 16 7 81 95 82 8 0 16 67 5 13 26 10 11 64 126 54 26 63 0
split_gain=9.81136 3.42191 3.48858 2.99138 2.89586 3.10291 2.86502 7.23582 5.59582 4.4672 4.43267 5.33874 3.9504 3.50118 3.92454 3.01695 2.97956 4.93997 3.80285 3.89673 3.95833 3.66169 3.84028 3.48643 2.80045 3.2288 4.67558 2.67701 3.5984 4.37463
threshold=11.108829498291017 1.0000000180025095e-35 1.0000000180025095e-35 5.542778968811036 10.843257904052736 1.0000000180025095e-35 4.1437373161315927 3.7686516046524052 1.0000000180025095e-35 1.0000000180025095e-35 1.0000000180025095e-35 1.0000000180025095e-35 1.0000000180025095e-35 1.0000000180025095e-35 1.0000000180025095e-35 1.0000000180025095e-35 3.3497605323791508 1.0000000180025095e-35 1.0000000180025095e-35 1.0000000180025095e-35 1.0000000180025095e-35 1.0000000180025095e-35 1.0000000180025095e-35 1.0000000180025095e-35 1.0000000180025095e-35 1.0000000180025095e-35 1.0000000180025095e-35 1.0000000180025095e-35 1.0000000180025095e-35 14.29021215438843
decision_type=2 2 2 2 2 2 2 2 2 2 2 2 2 2 2 2 2 2 2 2 2 2 2 2 2 2 2 2 2 2
left_child=3 2 24 6 -5 -6 7 9 13 16 11 -9 -11 14 -8 -14 18 -18 -1 21 -21 -20 23 -23 25 -2 -27 -26 29 -29
right_child=1 -3 -4 4 5 -7 8 10 -10 12 -12 -13 15 -15 -16 -17 17 -19 19 20 -22 22 -24 -25 27 26 -28 28 -30 -31
leaf_value=-0.074702457748405379 0.0022813686732002631 0.079941970181676286 0.089506414915794724 -0.0025279836818844336 -0.081629683430617786 0.033496445126226689 -0.04040002464832923 -0.065269449694080273 0.10321364136521563 -0.086686254724812908 0.1132966232447481 0.071932849788527042 -0.059836909726367515 0.041927522323472827 -0.1166902556846023 0.034917069175982099 0.098495769955993351 -0.030188760880250035 0.076300217357419611 0.088216548144630896 -0.038107492300191823 -0.067250865167862411 -0.11659393808705454 0.072555411540439652 0.042907488756675292 -0.019579116204586387 0.11052213240585276 -0.040987261265916466 -0.016223252098699147 0.075361097538478722
leaf_weight=9.2304342687129957 332.81323790550232 6.9172110408544532 5.3224731236696234 267.10319976508617 9.1476226300001127 3.1463294774293891 50.116999462246895 5.2155552953481692 2.6885733380913726 16.664945773780346 6.3962427228689185 6.2163054943084717 6.9216641038656253 4.3936809971928588 7.7912397235631934 6.5307378023862839 6.3668238893151266 5.6130942553281784 2.5721193104982367 7.2821217626333237 3.7619281485676765 4.0969898104667664 5.6029654964804649 3.1591227278113365 40.554433673620224 4.7260082215070707 6.6480376869440079 4.4388221055269268 25.919725582003593 11.882508754730223
leaf_count=74 1550 30 24 1559 58 20 390 35 20 140 45 44 56 35 64 52 45 42 21 59 30 35 47 26 173 20 28 20 114 50
internal_value=-0.000409735 0.0101634 0.00904689 -0.0109637 -0.00471214 -0.052166 -0.0218382 -0.0108282 -0.038039 -0.0239956 0.046635 0.00933708 -0.0541468 -0.0441347 -0.0506645 -0.0138367 -0.00495266 0.0382017 -0.0194317 -0.000161933 0.0451869 -0.0326179 -0.0544041 -0.00638285 0.00804394 0.00407189 0.056464 0.0245561 0.00693736 0.0437185
internal_weight=879.241 439.222 432.305 440.019 279.397 12.294 160.622 95.6311 64.9905 77.8029 17.8281 11.4319 30.1173 62.3019 57.9082 13.4524 47.6856 11.9799 35.7057 26.4752 11.044 15.4312 12.8591 7.25611 426.983 344.187 11.374 82.7955 42.2411 16.3213
internal_count=4906 2009 1979 2897 1637 78 1260 751 509 627 124 79 248 489 454 108 379 87 292 218 89 129 108 61 1955 1598 48 357 184 70
is_linear=0
shrinkage=0.1


Tree=17
num_leaves=31
num_cat=0
split_feature=1 293 0 132 61 38 30 1 0 0 0 278 99 70 13 97 16 81 69 1 0 54 12 15 14 0 67 14 0 7
split_gain=8.23766 3.14833 3.15101 2.87739 2.62216 4.8671 4.85459 3.81345 4.76058 3.63942 3.55473 3.31108 3.17184 4.08796 6.28104 3.91856 5.66586 3.35757 3.49978 4.26878 3.84006 4.49794 4.10428 4.10244 3.23993 6.93856 3.57663 3.08566 3.04404 4.32479
threshold=0.13636017590761187 1.0000000180025095e-35 2.6105407476425175 1.0000000180025095e-35 1.0000000180025095e-35 1.0000000180025095e-35 1.0000000180025095e-35 0.16662864387035373 11.108829498291017 10.709103107452394 15.798768043518068 1.0000000180025095e-35 1.0000000180025095e-35 1.0000000180025095e-35 1.0000000180025095e-35 1.0000000180025095e-35 1.0000000180025095e-35 1.0000000180025095e-35 1.0000000180025095e-35 0.88987755775451671 11.934291839599611 1.0000000180025095e-35 1.0000000180025095e-35 1.0000000180025095e-35 1.0000000180025095e-35 15.181382656097414 1.0000000180025095e-35 1.0000000180025095e-35 17.433264732360843 1.0000000180025095e-35
decision_type=2 2 2 2 2 2 2 2 2 2 2 2 2 2 2 2 2 2 2 2 2 2 2 2 2 2 2 2 2 2
left_child=1 2 3 -1 6 -6 10 -8 9 -9 -2 28 15 14 -14 17 -17 18 20 27 21 -7 23 -22 26 -26 -15 -20 -10 -30
right_child=4 -3 -4 -5 5 12 7 8 11 -11 -12 -13 13 24 -16 16 -18 -19 19 -21 22 -23 -24 -25 25 -27 -28 -29 29 -31
leaf_value=-0.10054650377410568 -0.13104701108613134 0.078666856724283266 -0.0099419833217862033 -0.02313886404319811 0.092448290070045333 0.050531154202322619 0.080039736579721799 0.017995500121429312 0.013008538242271257 -0.075777483249920868 -0.012820432446292685 0.10120460920215082 0.0053773696467616892 -0.01490194860174178 0.10785701602973846 -0.0097944727185494389 0.11375823979875521 -0.046208077708330686 -0.075908033661683194 0.047158510855650156 0.054854501896973065 -0.078793333407124022 0.10243480776992878 -0.066384486683734992 -0.086793805991014508 0.031144220676453012 0.059140369238379988 -0.005836799043501319 0.083051221213179746 -0.0049844993061015285
leaf_weight=7.2685603648424157 3.5887649208307257 3.8570285737514487 364.92425212264061 14.151519648730755 5.4347131401300421 4.3551079928874987 9.2428826391696912 7.1206424832344082 227.76152609288692 9.8836088478565198 8.728883892297743 4.7094113230705252 15.290567010641098 14.454322203993797 9.8228895217180252 11.33875332772732 5.5177824795246115 35.299219511449337 15.717353746294979 5.7652605772018424 7.1024678796529788 7.0314896553754807 7.3825470805168143 4.5977039784193039 11.292320296168329 8.9358084648847562 11.89105612039566 10.471388354897499 15.088018789887428 8.8551617860794067
leaf_count=68 21 24 2415 130 26 24 48 37 1046 62 37 20 75 66 48 53 25 170 72 24 32 38 33 21 53 39 53 47 62 37
internal_value=-0.000407955 -0.0112325 -0.01213 -0.0494059 0.00827074 -0.000834503 0.0141881 0.0168661 0.0147305 -0.0365094 -0.0472659 0.0181285 -0.00355623 0.0129414 0.0454613 -0.0138781 0.030649 -0.0215587 -0.00761994 -0.0307414 0.0166282 -0.0293297 0.0440512 0.00721238 -0.00459404 -0.0346945 0.0185172 -0.0478905 0.0165741 0.050492
internal_weight=876.881 390.201 386.344 21.4201 486.68 191.701 294.979 282.661 273.418 17.0043 12.3176 256.414 186.266 71.687 25.1135 114.579 16.8565 97.7225 62.4233 31.954 30.4693 11.3866 19.0827 11.7002 46.5735 20.2281 26.3454 26.1887 251.705 23.9432
internal_count=4906 2637 2613 198 2269 899 1370 1312 1264 99 58 1165 873 334 123 539 78 461 291 143 148 62 86 53 211 92 119 119 1145 99
is_linear=0
shrinkage=0.1


end of trees

feature_importances:
Column_0=102
Column_1=52
Column_12=14
Column_67=14
Column_10=12
Column_16=12
Column_8=11
Column_11=11
Column_13=11
Column_7=10
Column_26=10
Column_61=10
Column_5=9
Column_9=9
Column_64=9
Column_81=9
Column_132=9
Column_6=8
Column_54=8
Column_14=7
Column_69=7
Column_73=7
Column_108=7
Column_168=7
Column_102=6
Column_15=5
Column_22=5
Column_47=5
Column_53=5
Column_62=5
Column_70=5
Column_83=5
Column_126=5
Column_32=4
Column_46=4
Column_82=4
Column_94=4
Column_99=4
Column_147=4
Column_277=4
Column_30=3
Column_39=3
Column_42=3
Column_55=3
Column_63=3
Column_68=3
Column_79=3
Column_97=3
Column_101=3
Column_130=3
Column_137=3
Column_140=3
Column_148=3
Column_212=3
Column_295=3
Column_21=2
Column_24=2
Column_38=2
Column_51=2
Column_72=2
Column_74=2
Column_93=2
Column_95=2
Column_105=2
Column_113=2
Column_167=2
Column_206=2
Column_293=2
Column_19=1
Column_31=1
Column_40=1
Column_41=1
Column_45=1
Column_49=1
Column_52=1
Column_56=1
Column_60=1
Column_65=1
Column_76=1
Column_77=1
Column_86=1
Column_87=1
Column_88=1
Column_92=1
Column_96=1
Column_103=1
Column_104=1
Column_116=1
Column_128=1
Column_129=1
Column_139=1
Column_174=1
Column_186=1
Column_191=1
Column_226=1
Column_266=1
Column_278=1
Column_282=1

parameters:
[boosting: gbdt]
[objective: binary]
[metric: binary_logloss]
[tree_learner: serial]
[device_type: cpu]
[data_sample_strategy: bagging]
[data: ]
[valid: ]
[num_iterations: 300]
[learning_rate: 0.1]
[num_leaves: 31]
[num_threads: 0]
[seed: 0]
[deterministic: 0]
[force_col_wise: 0]
[force_row_wise: 0]
[histogram_pool_size: -1]
[max_depth: -1]
[min_data_in_leaf: 20]
[min_sum_hessian_in_leaf: 0.001]
[bagging_fraction: 1]
[pos_bagging_fraction: 1]
[neg_bagging_fraction: 1]
[bagging_freq: 0]
[bagging_seed: 7719]
[bagging_by_query: 0]
[feature_fraction: 1]
[feature_fraction_bynode: 1]
[feature_fraction_seed: 2437]
[extra_trees: 0]
[extra_seed: 11797]
[early_stopping_round: 0]
[early_stopping_min_delta: 0]
[first_metric_only: 0]
[max_delta_step: 0]
[lambda_l1: 0]
[lambda_l2: 0]
[linear_lambda: 0]
[min_gain_to_split: 0]
[drop_rate: 0.1]
[max_drop: 50]
[skip_drop: 0.5]
[xgboost_dart_mode: 0]
[uniform_drop: 0]
[drop_seed: 21238]
[top_rate: 0.2]
[other_rate: 0.1]
[min_data_per_group: 100]
[max_cat_threshold: 32]
[cat_l2: 10]
[cat_smooth: 10]
[max_cat_to_onehot: 4]
[top_k: 20]
[monotone_constraints: ]
[monotone_constraints_method: basic]
[monotone_penalty: 0]
[feature_contri: ]
[forcedsplits_filename: ]
[refit_decay_rate: 0.9]
[cegb_tradeoff: 1]
[cegb_penalty_split: 0]
[cegb_penalty_feature_lazy: ]
[cegb_penalty_feature_coupled: ]
[path_smooth: 0]
[interaction_constraints: ]
[verbosity: -1]
[saved_feature_importance_type: 0]
[use_quantized_grad: 0]
[num_grad_quant_bins: 4]
[quant_train_renew_leaf: 0]
[stochastic_rounding: 1]
[linear_tree: 0]
[max_bin: 255]
[max_bin_by_feature: ]
[min_data_in_bin: 3]
[bin_construct_sample_cnt: 200000]
[data_random_seed: 38]
[is_enable_sparse: 1]
[enable_bundle: 1]
[use_missing: 1]
[zero_as_missing: 0]
[feature_pre_filter: 1]
[pre_partition: 0]
[two_round: 0]
[header: 0]
[label_column: ]
[weight_column: ]
[group_column: ]
[ignore_column: ]
[categorical_feature: ]
[forcedbins_filename: ]
[precise_float_parser: 0]
[parser_config_file: ]
[objective_seed: 8855]
[num_class: 1]
[is_unbalance: 0]
[scale_pos_weight: 1]
[sigmoid: 1]
[boost_from_average: 1]
[reg_sqrt: 0]
[alpha: 0.9]
[fair_c: 1]
[poisson_max_delta_step: 0.7]
[tweedie_variance_power: 1.5]
[lambdarank_truncation_level: 30]
[lambdarank_norm: 1]
[label_gain: ]
[lambdarank_position_bias_regularization: 0]
[eval_at: ]
[multi_error_top_k: 1]
[auc_mu_weights: ]
[num_machines: 1]
[local_listen_port: 12400]
[time_out: 120]
[machine_list_filename: ]
[machines: ]
[gpu_platform_id: -1]
[gpu_device_id: -1]
[gpu_device_id_list: ]
[gpu_use_dp: 0]
[num_gpu: 1]

end of parameters

pandas_categorical:null
