tree
version=v4
num_class=1
num_tree_per_iteration=1
label_index=0
max_feature_idx=567
objective=binary sigmoid:1
feature_names=Column_0 Column_1 Column_2 Column_3 Column_4 Column_5 Column_6 Column_7 Column_8 Column_9 Column_10 Column_11 Column_12 Column_13 Column_14 Column_15 Column_16 Column_17 Column_18 Column_19 Column_20 Column_21 Column_22 Column_23 Column_24 Column_25 Column_26 Column_27 Column_28 Column_29 Column_30 Column_31 Column_32 Column_33 Column_34 Column_35 Column_36 Column_37 Column_38 Column_39 Column_40 Column_41 Column_42 Column_43 Column_44 Column_45 Column_46 Column_47 Column_48 Column_49 Column_50 Column_51 Column_52 Column_53 Column_54 Column_55 Column_56 Column_57 Column_58 Column_59 Column_60 Column_61 Column_62 Column_63 Column_64 Column_65 Column_66 Column_67 Column_68 Column_69 Column_70 Column_71 Column_72 Column_73 Column_74 Column_75 Column_76 Column_77 Column_78 Column_79 Column_80 Column_81 Column_82 Column_83 Column_84 Column_85 Column_86 Column_87 Column_88 Column_89 Column_90 Column_91 Column_92 Column_93 Column_94 Column_95 Column_96 Column_97 Column_98 Column_99 Column_100 Column_101 Column_102 Column_103 Column_104 Column_105 Column_106 Column_107 Column_108 Column_109 Column_110 Column_111 Column_112 Column_113 Column_114 Column_115 Column_116 Column_117 Column_118 Column_119 Column_120 Column_121 Column_122 Column_123 Column_124 Column_125 Column_126 Column_127 Column_128 Column_129 Column_130 Column_131 Column_132 Column_133 Column_134 Column_135 Column_136 Column_137 Column_138 Column_139 Column_140 Column_141 Column_142 Column_143 Column_144 Column_145 Column_146 Column_147 Column_148 Column_149 Column_150 Column_151 Column_152 Column_153 Column_154 Column_155 Column_156 Column_157 Column_158 Column_159 Column_160 Column_161 Column_162 Column_163 Column_164 Column_165 Column_166 Column_167 Column_168 Column_169 Column_170 Column_171 Column_172 Column_173 Column_174 Column_175 Column_176 Column_177 Column_178 Column_179 Column_180 Column_181 Column_182 Column_183 Column_184 Column_185 Column_186 Column_187 Column_188 Column_189 Column_190 Column_191 Column_192 Column_193 Column_194 Column_195 Column_196 Column_197 Column_198 Column_199 Column_200 Column_201 Column_202 Column_203 Column_204 Column_205 Column_206 Column_207 Column_208 Column_209 Column_210 Column_211 Column_212 Column_213 Column_214 Column_215 Column_216 Column_217 Column_218 Column_219 Column_220 Column_221 Column_222 Column_223 Column_224 Column_225 Column_226 Column_227 Column_228 Column_229 Column_230 Column_231 Column_232 Column_233 Column_234 Column_235 Column_236 Column_237 Column_238 Column_239 Column_240 Column_241 Column_242 Column_243 Column_244 Column_245 Column_246 Column_247 Column_248 Column_249 Column_250 Column_251 Column_252 Column_253 Column_254 Column_255 Column_256 Column_257 Column_258 Column_259 Column_260 Column_261 Column_262 Column_263 Column_264 Column_265 Column_266 Column_267 Column_268 Column_269 Column_270 Column_271 Column_272 Column_273 Column_274 Column_275 Column_276 Column_277 Column_278 Column_279 Column_280 Column_281 Column_282 Column_283 Column_284 Column_285 Column_286 Column_287 Column_288 Column_289 Column_290 Column_291 Column_292 Column_293 Column_294 Column_295 Column_296 Column_297 Column_298 Column_299 Column_300 Column_301 Column_302 Column_303 Column_304 Column_305 Column_306 Column_307 Column_308 Column_309 Column_310 Column_311 Column_312 Column_313 Column_314 Column_315 Column_316 Column_317 Column_318 Column_319 Column_320 Column_321 Column_322 Column_323 Column_324 Column_325 Column_326 Column_327 Column_328 Column_329 Column_330 Column_331 Column_332 Column_333 Column_334 Column_335 Column_336 Column_337 Column_338 Column_339 Column_340 Column_341 Column_342 Column_343 Column_344 Column_345 Column_346 Column_347 Column_348 Column_349 Column_350 Column_351 Column_352 Column_353 Column_354 Column_355 Column_356 Column_357 Column_358 Column_359 Column_360 Column_361 Column_362 Column_363 Column_364 Column_365 Column_366 Column_367 Column_368 Column_369 Column_370 Column_371 Column_372 Column_373 Column_374 Column_375 Column_376 Column_377 Column_378 Column_379 Column_380 Column_381 Column_382 Column_383 Column_384 Column_385 Column_386 Column_387 Column_388 Column_389 Column_390 Column_391 Column_392 Column_393 Column_394 Column_395 Column_396 Column_397 Column_398 Column_399 Column_400 Column_401 Column_402 Column_403 Column_404 Column_405 Column_406 Column_407 Column_408 Column_409 Column_410 Column_411 Column_412 Column_413 Column_414 Column_415 Column_416 Column_417 Column_418 Column_419 Column_420 Column_421 Column_422 Column_423 Column_424 Column_425 Column_426 Column_427 Column_428 Column_429 Column_430 Column_431 Column_432 Column_433 Column_434 Column_435 Column_436 Column_437 Column_438 Column_439 Column_440 Column_441 Column_442 Column_443 Column_444 Column_445 Column_446 Column_447 Column_448 Column_449 Column_450 Column_451 Column_452 Column_453 Column_454 Column_455 Column_456 Column_457 Column_458 Column_459 Column_460 Column_461 Column_462 Column_463 Column_464 Column_465 Column_466 Column_467 Column_468 Column_469 Column_470 Column_471 Column_472 Column_473 Column_474 Column_475 Column_476 Column_477 Column_478 Column_479 Column_480 Column_481 Column_482 Column_483 Column_484 Column_485 Column_486 Column_487 Column_488 Column_489 Column_490 Column_491 Column_492 Column_493 Column_494 Column_495 Column_496 Column_497 Column_498 Column_499 Column_500 Column_501 Column_502 Column_503 Column_504 Column_505 Column_506 Column_507 Column_508 Column_509 Column_510 Column_511 Column_512 Column_513 Column_514 Column_515 Column_516 Column_517 Column_518 Column_519 Column_520 Column_521 Column_522 Column_523 Column_524 Column_525 Column_526 Column_527 Column_528 Column_529 Column_530 Column_531 Column_532 Column_533 Column_534 Column_535 Column_536 Column_537 Column_538 Column_539 Column_540 Column_541 Column_542 Column_543 Column_544 Column_545 Column_546 Column_547 Column_548 Column_549 Column_550 Column_551 Column_552 Column_553 Column_554 Column_555 Column_556 Column_557 Column_558 Column_559 Column_560 Column_561 Column_562 Column_563 Column_564 Column_565 Column_566 Column_567
feature_infos=[2.0013689994812012:17.993154525756836] [-0.7776256799697876:0.99923950433731079] none none none [0:1] [0:1] [0:1] [0:1] [0:1] [0:1] [0:1] [0:1] [0:1] [0:1] [0:1] [0:1] [0:1] [0:1] [0:1] [0:1] [0:1] [0:1] [0:1] [0:1] [0:1] [0:1] [0:1] [0:1] [0:1] [0:1] [0:1] [0:1] [0:1] [0:1] [0:1] [0:1] [0:1] [0:1] [0:1] [0:1] [0:1] [0:1] [0:1] [0:1] [0:1] [0:1] [0:1] [0:1] [0:1] [0:1] [0:1] [0:1] [0:1] [0:1] [0:1] [0:1] [0:1] [0:1] [0:1] [0:1] [0:1] [0:1] [0:1] [0:1] [0:1] [0:1] [0:1] [0:1] [0:1] [0:1] [0:1] [0:1] [0:1] [0:1] [0:1] [0:1] [0:1] [0:1] [0:1] [0:1] [0:1] [0:1] [0:1] [0:1] [0:1] [0:1] [0:1] [0:1] [0:1] [0:1] [0:1] [0:1] [0:1] [0:1] [0:1] [0:1] [0:1] [0:1] [0:1] [0:1] [0:1] [0:1] [0:1] [0:1] [0:1] [0:1] [0:1] [0:1] none none none none [0:1] [0:1] none [0:1] none [0:1] none none [0:1] none none none none [0:1] [0:1] [0:1] [0:1] [0:1] none [0:1] [0:1] [0:1] [0:1] none [0:1] [0:1] [0:1] [0:1] [0:1] [0:1] [0:1] [0:1] [0:1] [0:1] [0:1] [0:1] [0:1] [0:1] [0:1] [0:1] [0:1] [0:1] [0:1] [0:1] none none none none none none none none none none [0:1] [0:1] none none none none none [0:1] [0:1] [0:1] [0:1] [0:1] [0:1] [0:1] [0:1] [0:1] [0:1] [0:1] [0:1] [0:1] [0:1] [0:1] [0:1] [0:1] [0:1] [0:1] [0:1] [0:1] [0:1] [0:1] [0:1] [0:1] [0:1] [0:1] [0:1] none none [0:1] [0:1] [0:1] none [0:1] [0:1] [0:1] [0:1] [0:1] none [0:1] none none [0:1] none [0:1] [0:1] [0:1] [0:1] [0:1] [0:1] [0:1] [0:1] [0:1] [0:1] [0:1] [0:1] [0:1] [0:1] [0:1] [0:1] [0:1] [0:1] [0:1] [0:1] [0:1] [0:1] [0:1] [0:1] [0:1] none none none none none none none none none none none none none none none none none [0:1] [0:1] [0:1] [0:1] [0:1] [0:1] [0:1] [0:1] [0:1] [0:1] none [0:1] [0:1] [0:1] [0:1] none [0:1] [0:1] none none none [0:1] [0:1] none none none none none [0:1] [0:1] [0:1] [0:1] [0:1] [0:1] [0:1] none none none [0:1] none [0:1] [0:1] [0:1] none [0:1] [0:1] [0:1] [0:1] none none [0:1] [0:1] none none none none [0:1] [0:1] none none none [0:1] none none [0:1] [0:1] none none [0:1] [0:1] none none none none none none none none none none none none none none none none none none none none none none none none none none none none none none none none none none none none none none none none none none none none none none none none none none none none none none none none none none none none none none none none none none none none none none none none none none none none none none none none none none none none none none none none none none none none none none none none none none none none none none none none none none none none none none none none none none none none none none none none none none none none none none none none none none none none none none none none none none none none none none none none none none none none none none none none none none none none none none none none none none none none none none none none none none none none none none none none none none none none none none none none none none none none none none none none none none none none none none none none none none none none none none none none none none none none none none none none none none none none none none none none none none none none none none none none none none none none none
tree_sizes=3395 3434 3430 3484 3456 3429 3453 3446 3469 3477 3489 3463 3492 3472 3448 3464

Tree=0
num_leaves=31
num_cat=0
split_feature=0 0 0 98 15 0 82 62 53 28 49 21 65 7 21 13 9 1 65 10 68 52 71 9 13 13 88 11 0 1
split_gain=332.695 52.0063 16.7567 17.5011 14.604 12.1638 10.1902 9.8559 12.961 7.45584 7.20552 6.44236 8.44835 5.79409 7.61165 6.65437 8.38379 6.0927 5.79021 10.2785 10.5185 8.41573 7.18966 5.59257 8.51539 4.82686 5.70034 4.61323 4.5457 4.52412
threshold=10.120465755462648 13.813826084136965 16.425735473632816 1.0000000180025095e-35 1.0000000180025095e-35 5.405886411666871 1.0000000180025095e-35 1.0000000180025095e-35 1.0000000180025095e-35 1.0000000180025095e-35 1.0000000180025095e-35 1.0000000180025095e-35 1.0000000180025095e-35 1.0000000180025095e-35 1.0000000180025095e-35 1.0000000180025095e-35 1.0000000180025095e-35 0.61076888442039501 1.0000000180025095e-35 1.0000000180025095e-35 1.0000000180025095e-35 1.0000000180025095e-35 1.0000000180025095e-35 1.0000000180025095e-35 1.0000000180025095e-35 1.0000000180025095e-35 1.0000000180025095e-35 1.0000000180025095e-35 12.581793308258058 0.73214691877365123
decision_type=2 2 2 2 2 2 2 2 2 2 2 2 2 2 2 2 2 2 2 2 2 2 2 2 2 2 2 2 2 2
left_child=5 4 7 18 6 -1 -2 8 29 -9 11 12 -10 14 -11 17 -17 -15 19 20 22 -21 -4 24 -23 26 -7 -24 -8 -3
right_child=1 2 3 -5 -6 25 28 9 10 13 -12 -13 -14 15 -16 16 -18 -19 -20 21 -22 23 27 -25 -26 -27 -28 -29 -30 -31
leaf_value=-1.1485225592562052 -1.012379577368719 -1.0013757682984141 -0.92191347908320975 -1.0776847920685708 -1.0779658293726282 -1.1101396578200626 -1.11722674074947 -0.89706107587187023 -0.91222557418395667 -1.0141521646915863 -1.0513234929479711 -1.0177727486126626 -0.75415975740666719 -1.1731308750914311 -0.90194279793124044 -1.0454654264767269 -0.86679439910377443 -1.0547093478808922 -0.97516862882179467 -1.0896672007597523 -0.92560037406511186 -1.0497258384558137 -0.83290130023443221 -0.8523382028118327 -0.87206665892789437 -1.133377677534626 -1.0202306786005975 -0.70109480463143448 -1.0067120636669566 -1.1341732901841413
leaf_weight=227.98573589324951 104.50926828384399 7.2075357437133771 4.1727838516235325 8.3455677032470685 88.956164836883545 150.97890663146973 15.173759460449221 5.1211438179016104 17.829167366027843 52.728814125061035 3.7934398651123038 4.1727838516235343 4.1727838516235343 5.5004878044128445 6.8281917572021475 8.5352396965026838 3.7934398651123038 20.674247264862061 17.070479393005371 4.1727838516235378 17.260151386260986 6.2591757774353045 5.3108158111572266 5.8798317909240714 4.7417998313903809 107.73369216918945 7.3972077369689933 5.3108158111572266 4.9314718246459952 3.9831118583679199
leaf_count=1202 551 38 22 44 469 796 80 27 94 278 20 22 22 29 36 45 20 109 90 22 91 33 28 31 25 568 39 28 26 21
internal_value=-1.07537 -1.01175 -0.977961 -0.940784 -1.04702 -1.13157 -1.02492 -0.998185 -0.956812 -1.01469 -0.92252 -0.903853 -0.882248 -1.02083 -1.00129 -1.05106 -0.99049 -1.0796 -0.924504 -0.908219 -0.872566 -0.962503 -0.810692 -0.931069 -0.973149 -1.11705 -1.10594 -0.766998 -1.09012 -1.04864
internal_weight=930.531 436.435 222.865 78.5242 213.571 494.096 124.614 144.34 41.1588 103.182 29.9682 26.1747 22.002 98.0604 59.557 38.5034 12.3287 26.1747 70.1786 53.1082 32.0546 21.0536 14.7944 16.8808 11.001 266.11 158.376 10.6216 20.1052 11.1906
internal_count=4906 2301 1175 414 1126 2605 657 761 217 544 158 138 116 517 314 203 65 138 370 280 169 111 78 89 58 1403 835 56 106 59
is_linear=0
shrinkage=1


Tree=1
num_leaves=31
num_cat=0
split_feature=0 0 0 98 15 1 82 62 53 134 0 15 28 16 23 15 7 67 10 88 7 21 13 9 1 13 16 0 8 56
split_gain=268.165 38.1171 11.6193 12.3239 11.3604 11.048 7.86484 6.99441 9.05907 6.65905 6.8907 5.26495 5.21787 4.545 6.62959 6.05081 6.49741 4.56942 5.85827 4.43485 4.35811 5.28153 5.09623 5.78795 5.16741 4.31437 7.37216 7.12903 10.4654 5.19118
threshold=10.120465755462648 13.813826084136965 16.425735473632816 1.0000000180025095e-35 1.0000000180025095e-35 -0.27127538621425623 1.0000000180025095e-35 1.0000000180025095e-35 1.0000000180025095e-35 1.0000000180025095e-35 7.2210814952850351 1.0000000180025095e-35 1.0000000180025095e-35 1.0000000180025095e-35 1.0000000180025095e-35 1.0000000180025095e-35 1.0000000180025095e-35 1.0000000180025095e-35 1.0000000180025095e-35 1.0000000180025095e-35 1.0000000180025095e-35 1.0000000180025095e-35 1.0000000180025095e-35 1.0000000180025095e-35 0.61076888442039501 1.0000000180025095e-35 1.0000000180025095e-35 13.151266574859621 1.0000000180025095e-35 1.0000000180025095e-35
decision_type=2 2 2 2 2 2 2 2 2 2 2 2 2 2 2 2 2 2 2 2 2 2 2 2 2 2 2 2 2 2
left_child=5 4 7 13 6 -1 25 8 -3 10 -7 -10 -9 14 -4 17 -17 18 -16 -6 21 -14 24 -24 -22 29 -27 28 -28 -2
right_child=1 2 3 -5 19 9 -8 12 11 -11 -12 -13 20 -15 15 16 -18 -19 -20 -21 22 -23 23 -25 -26 26 27 -29 -30 -31
leaf_value=-0.06452640003061548 -0.015552798854917305 0.02363989502593284 0.020356224367855127 -0.002081952333686219 -0.0070509520720967141 -0.091578312670341583 -0.013430992793010844 0.14723233567230856 0.097464025763368572 0.029458664506640777 -0.031661519385849726 0.18195413720213516 0.053417028878519304 0.15684099525261441 0.19118077825806637 0.12694628906434596 0.26716162682009442 0.044097383684785933 0.052167477758788432 0.10352551563383361 -0.092722481739250462 0.1435150161545781 0.026508309586146341 0.16994227118041128 0.018401731479022854 0.045301826052829008 0.017129532694522078 0.24732682447752993 0.18919619523939663 0.05343304824453049
leaf_weight=287.7120918482542 14.074883222579954 11.333698928356169 7.4890999346971503 8.3360922336578351 85.054263308644295 21.900508970022202 19.956110864877701 5.5553824603557578 20.662205263972282 15.414900898933409 155.31665699183941 11.4693037122488 54.299687772989273 29.295870959758759 7.2144090086221695 10.129862353205679 4.9051045328378668 10.905345395207405 5.2285101860761642 3.7886086106300345 5.2332468330860165 7.3919438123702994 8.6600904911756498 4.1670414805412284 20.88348987698555 26.976859509944916 7.8193795680999774 3.9096897840499869 6.4509881436824799 48.480153322219849
leaf_count=1568 72 59 37 44 449 118 106 27 102 83 836 56 278 144 35 50 24 54 26 20 29 36 45 20 109 138 40 20 33 248
internal_value=-0.000161974 0.055337 0.0833929 0.113278 0.0251236 -0.052117 0.0442321 0.0667178 0.100509 -0.0335825 -0.039066 0.127623 0.0528867 0.126071 0.106421 0.123213 0.172691 0.091352 0.132767 -0.00233554 0.0476786 0.0642126 0.0214867 0.0731045 -0.00386523 0.0549155 0.0784712 0.12769 0.0949131 0.0379112
internal_weight=930.015 449.671 233.16 83.5043 216.511 480.344 127.668 149.656 43.4652 192.632 177.217 32.1315 106.191 75.1682 45.8723 38.3832 15.035 23.3483 12.4429 88.8429 100.636 61.6916 38.9439 12.8271 26.1167 107.712 45.1569 18.1801 14.2704 62.555
internal_count=4906 2301 1175 414 1126 2605 657 761 217 1037 954 158 544 370 226 189 74 115 61 469 517 314 203 65 138 551 231 93 73 320
is_linear=0
shrinkage=0.1


Tree=2
num_leaves=31
num_cat=0
split_feature=0 0 0 15 0 98 82 0 62 0 53 5 8 12 26 61 1 83 11 0 61 15 174 14 74 10 81 31 13 1
split_gain=217.261 28.7285 10.3921 8.8827 8.41892 9.01938 6.10136 5.92719 5.60715 8.7328 8.02226 5.54053 4.71238 8.08899 8.74884 5.75075 4.91966 4.534 4.88617 7.70781 5.10055 4.75834 4.36347 4.14241 5.61435 4.69422 4.05269 5.03549 3.95855 5.34166
threshold=10.120465755462648 13.813826084136965 4.0835044384002694 1.0000000180025095e-35 16.425735473632816 1.0000000180025095e-35 1.0000000180025095e-35 16.223134994506839 1.0000000180025095e-35 15.979465961456301 1.0000000180025095e-35 1.0000000180025095e-35 1.0000000180025095e-35 1.0000000180025095e-35 1.0000000180025095e-35 1.0000000180025095e-35 0.66811162233352672 1.0000000180025095e-35 1.0000000180025095e-35 14.351813793182375 1.0000000180025095e-35 1.0000000180025095e-35 1.0000000180025095e-35 1.0000000180025095e-35 1.0000000180025095e-35 1.0000000180025095e-35 1.0000000180025095e-35 1.0000000180025095e-35 1.0000000180025095e-35 0.95330443978309642
decision_type=2 2 2 2 2 2 2 2 2 2 2 2 2 2 2 2 2 2 2 2 2 2 2 2 2 2 2 2 2 2
left_child=2 3 -1 6 7 28 -2 8 10 12 22 -9 17 23 15 -15 -16 18 20 -20 -10 -21 -3 24 -14 -26 -5 -28 29 -6
right_child=1 4 -4 26 5 -7 -8 11 9 -11 -12 -13 13 14 16 -17 -18 -19 19 21 -22 -23 -24 -25 25 -27 27 -29 -30 -31
leaf_value=-0.072421830146146823 0.04808062586140735 -0.062251287510998371 -0.039075544745700949 0.014219584636402117 0.068017505805716139 -0.0018757927406802041 -0.012173636519634953 -0.0665119694758569 -0.055039237508688957 0.16186671636895314 0.11995962020226621 0.079427037720949972 -0.065336892338197269 0.13213788329596857 0.26668088981393662 -0.037291698702273245 0.11350034979820134 0.1081458996951723 -0.056375284520244331 0.033495023563636338 0.030477025257064784 0.147925271739342 0.070683394126741017 0.093513196055441478 0.10882654502004147 -0.026025730860352925 -0.0096234536929655778 -0.10530900101392984 0.13522420048584419 0.14162251755902203
leaf_weight=129.12879906594753 110.40421451628208 4.0731817036867124 338.29159665107727 56.008569985628128 33.869998574256897 8.3275490999221784 19.822892010211945 6.9738122820854169 14.333453685045242 6.6409551352262488 31.193873643875122 4.1491475403308868 6.7903090566396758 4.0462982505559921 4.4347860664129257 3.9676759243011475 3.9767944663763046 5.6521499156951895 4.9203524440526989 7.573930546641348 13.585011094808578 6.9854736179113388 6.2703107595443726 7.7546509504318228 6.0446747988462448 4.5053257644176483 25.733941614627838 6.9947275072336188 31.236262828111649 13.908422514796255
leaf_count=731 551 21 1874 296 160 44 106 35 72 33 145 21 34 20 22 20 20 28 25 38 68 35 32 39 30 23 136 37 145 65
internal_value=-0.000268002 0.0485074 -0.0482877 0.0222828 0.072313 0.0971097 0.0389089 0.0582376 0.0637162 0.0510196 0.0946534 -0.012073 0.0432357 0.0684678 0.123025 0.0482542 0.194261 0.0234874 0.013392 0.0518297 -0.0134274 0.0883976 0.0183348 0.0327584 0.00558865 0.0512385 -0.0021168 -0.0300732 0.107542 0.0894441
internal_weight=927.599 460.179 467.42 218.964 241.214 87.3422 130.227 153.872 142.749 101.212 41.5374 11.123 94.5709 41.5205 16.4256 8.01397 8.41158 53.0504 47.3982 19.4798 27.9185 14.5594 10.3435 25.095 17.3403 10.55 88.7372 32.7287 79.0147 47.7784
internal_count=4906 2301 2605 1126 1175 414 657 761 705 507 198 56 474 208 82 40 42 266 238 98 140 73 53 126 87 53 469 173 370 225
is_linear=0
shrinkage=0.1


Tree=3
num_leaves=31
num_cat=0
split_feature=0 0 1 0 134 98 68 0 140 11 80 13 53 39 71 9 83 108 176 113 15 14 93 13 83 97 108 8 7 6
split_gain=176.483 22.8116 9.29974 8.71762 7.32282 6.77441 6.64996 6.54039 6.40827 6.10342 4.77523 5.74315 4.69953 6.79779 4.45796 4.91927 4.197 4.88933 4.02287 3.85285 3.78806 3.76019 5.99235 5.22034 5.60392 4.46667 5.69642 4.84628 4.98808 6.63033
threshold=10.120465755462648 12.699520587921144 -0.26367023587226862 16.425735473632816 1.0000000180025095e-35 1.0000000180025095e-35 1.0000000180025095e-35 7.2210814952850351 1.0000000180025095e-35 1.0000000180025095e-35 1.0000000180025095e-35 1.0000000180025095e-35 1.0000000180025095e-35 1.0000000180025095e-35 1.0000000180025095e-35 1.0000000180025095e-35 1.0000000180025095e-35 1.0000000180025095e-35 1.0000000180025095e-35 1.0000000180025095e-35 1.0000000180025095e-35 1.0000000180025095e-35 1.0000000180025095e-35 1.0000000180025095e-35 1.0000000180025095e-35 1.0000000180025095e-35 1.0000000180025095e-35 1.0000000180025095e-35 1.0000000180025095e-35 1.0000000180025095e-35
decision_type=2 2 2 2 2 2 2 2 2 2 2 2 2 2 2 2 2 2 2 2 2 2 2 2 2 2 2 2 2 2
left_child=2 10 19 6 7 -5 8 -4 14 -10 21 -12 -8 16 15 -3 17 -14 -9 -1 -6 22 23 -2 -25 26 27 28 29 -23
right_child=1 3 4 5 20 -7 12 18 9 -11 11 -13 13 -15 -16 -17 -18 -19 -20 -21 -22 25 -24 24 -26 -27 -28 -29 -30 -31
leaf_value=-0.058854362902517325 -0.011083854273566916 0.17424852988866604 -0.087373717644481097 0.093011351872080872 -0.0043111205616696655 -0.0016898573333867112 0.0021421991347820558 -0.023076111523234692 0.069634641456304033 -0.082075036975373605 -0.096514978993526832 0.035903104147841626 0.050875394446849513 -0.051155175156781009 0.065993767539538964 0.047222578776278445 0.11027817801052103 -0.054081886102984027 -0.13042096088644395 -0.00020715235002167554 0.10430456543731165 -0.076444208747153186 -0.077490112393087507 0.068431785649759214 -0.034937417289174801 -0.021334649751067549 0.14293802234233727 0.077282947852728323 0.063640127877838029 0.059627438777695302
leaf_weight=261.61997842788696 41.421542465686798 8.5096544772386533 19.384057283401489 82.028889507055283 7.0245230644941312 8.3198478221893293 36.913275480270386 146.13428772985935 5.2511969059705716 5.3572004586458206 8.4471599608659726 5.3496129959821692 65.261388227343559 6.827941581606864 77.505618691444397 4.7507228404283515 10.96304878592491 4.762258529663085 3.5766392946243277 11.702878847718237 5.914456695318222 9.8588614761829358 8.4248219877481443 22.317660182714466 6.8556075245141974 11.21733073890209 5.6637617051601401 17.151632383465767 9.9812014251947403 5.6235740333795556
leaf_count=1519 212 41 112 370 38 44 185 816 26 27 46 29 318 34 378 23 52 24 20 68 32 50 43 113 35 57 28 86 51 29
internal_value=-0.00034133 0.0427298 -0.0446806 0.0580342 -0.0271692 0.0842907 0.0475423 -0.0327173 0.0665651 -0.00697817 0.0109328 -0.0451707 0.0320812 0.0446662 0.0751606 0.12874 0.0527449 0.0437373 -0.0256406 -0.0563433 0.0453375 0.016521 0.00222438 0.0117375 0.0441404 0.0355089 0.0487161 0.0361936 0.00851691 -0.0270199
internal_weight=924.121 468.764 455.357 316.451 182.034 90.3487 226.102 169.095 101.374 10.6084 152.313 13.7968 124.728 87.8146 90.766 13.2604 80.9867 70.0236 149.711 273.323 12.939 138.516 79.0196 70.5948 29.1733 59.4964 48.279 42.6153 25.4636 15.4824
internal_count=4906 2301 2605 1522 1018 414 1108 948 495 53 779 75 613 428 442 64 394 342 836 1587 70 704 403 360 148 301 244 216 130 79
is_linear=0
shrinkage=0.1


Tree=4
num_leaves=31
num_cat=0
split_feature=1 0 0 68 16 23 5 52 69 24 83 53 40 67 1 83 16 81 102 15 151 82 0 9 39 40 95 9 61 5
split_gain=144.536 19.7668 7.80778 6.79208 8.06635 5.82787 6.10296 11.5097 7.04136 5.72763 5.24798 4.40288 6.91593 13.2474 5.59177 4.56146 4.55068 4.37699 4.61965 4.91879 4.27674 5.2599 4.24621 5.98471 4.51171 4.24273 5.38012 4.1889 4.51388 4.66187
threshold=0.091489847749471678 12.699520587921144 4.0835044384002694 1.0000000180025095e-35 1.0000000180025095e-35 1.0000000180025095e-35 1.0000000180025095e-35 1.0000000180025095e-35 1.0000000180025095e-35 1.0000000180025095e-35 1.0000000180025095e-35 1.0000000180025095e-35 1.0000000180025095e-35 1.0000000180025095e-35 0.89459273219108593 1.0000000180025095e-35 1.0000000180025095e-35 1.0000000180025095e-35 1.0000000180025095e-35 1.0000000180025095e-35 1.0000000180025095e-35 1.0000000180025095e-35 14.752909183502199 1.0000000180025095e-35 1.0000000180025095e-35 1.0000000180025095e-35 1.0000000180025095e-35 1.0000000180025095e-35 1.0000000180025095e-35 1.0000000180025095e-35
decision_type=2 2 2 2 2 2 2 2 2 2 2 2 2 2 2 2 2 2 2 2 2 2 2 2 2 2 2 2 2 2
left_child=2 20 -1 4 5 -3 8 -8 10 -6 22 12 -5 -14 15 17 -17 27 19 -19 21 -2 23 -7 -24 26 -11 -13 29 -29
right_child=1 3 -4 11 9 6 7 -9 -10 25 -12 14 13 -15 -16 16 -18 18 -20 -21 -22 -23 24 -25 -26 -27 -28 28 -30 -31
leaf_value=-0.064521847436071408 0.020654795261181094 -0.011610036631053247 -0.034459388314184859 -0.010444793507209371 0.15865521421268761 -0.053872607136334065 -0.0053993058058782869 0.12601772010744181 -0.058032185426779515 0.045014891290477484 -0.043787624771196611 0.021896617915728028 0.15630402565457224 -0.026799245908026549 0.095022721930046156 0.047634662899681768 0.17338683680286882 0.074664424272369342 -0.099476966696654193 -0.047517195095720971 -0.058105078628015838 -0.028370076169076497 0.13461029411823464 0.095821041776904925 0.038354624215058149 0.12613661258424599 0.15292807583299292 0.057597912683883139 0.015188042418593763 0.16302302989594133
leaf_weight=120.08910478651524 133.83639049530029 14.079894781112669 307.89509175717831 36.780628174543381 11.341716095805166 5.7159351855516451 9.1554995030164701 24.493113830685616 7.0459256172180167 30.212748304009438 4.9870281815528861 41.745863527059555 8.2493925094604474 7.5836869329214087 20.917397275567055 7.6144671738147718 4.6259711384773254 6.8802729398012179 4.6799173951148978 6.3229880928993225 9.0277702659368497 26.163111671805382 11.561401695013046 5.0131744295358658 8.413026362657547 14.207768201828001 5.454014539718627 9.7228066027164477 8.8769855499267596 7.3767422139644614
leaf_count=731 679 66 1783 181 52 28 43 114 34 141 24 201 39 36 93 35 21 33 23 31 47 144 53 24 38 63 27 45 43 34
internal_value=-0.000395181 0.0365681 -0.0428947 0.0510654 0.0664778 0.0475079 0.058405 0.0902603 0.0333237 0.0945115 0.0513589 0.0374242 0.0133427 0.0686017 0.0480927 0.03806 0.0951596 0.0298956 -0.0141073 0.0161521 0.00885984 0.0126383 0.0668131 0.0160717 0.0940684 0.0799249 0.0615165 0.0415152 0.0730435 0.103078
internal_weight=920.07 492.086 427.984 323.058 151.681 90.465 76.3851 33.6486 42.7365 61.2162 35.6906 171.377 52.6137 15.8331 118.763 97.846 12.2404 85.6056 17.8832 13.2033 169.027 160 30.7035 10.7291 19.9744 49.8745 35.6668 67.7224 25.9765 17.0995
internal_count=4906 2392 2514 1522 707 424 358 157 201 283 167 815 256 75 559 466 56 410 87 64 870 823 143 52 91 231 168 323 122 79
is_linear=0
shrinkage=0.1


Tree=5
num_leaves=31
num_cat=0
split_feature=1 0 0 290 151 0 98 19 187 46 9 14 0 99 0 1 16 0 13 12 65 1 0 6 10 14 0 0 9 1
split_gain=118.115 16.2581 6.64676 6.26814 4.68887 4.54812 5.98464 4.73901 4.46304 4.30657 4.86798 5.94262 7.93426 8.80238 5.75648 5.4983 5.47735 7.202 8.53421 5.69255 5.33496 5.20299 4.95031 4.48726 3.77106 4.36902 3.75756 4.22387 4.55689 4.24628
threshold=0.074758537113666548 12.803559303283693 3.3497605323791508 1.0000000180025095e-35 1.0000000180025095e-35 16.954140663146976 1.0000000180025095e-35 1.0000000180025095e-35 1.0000000180025095e-35 1.0000000180025095e-35 1.0000000180025095e-35 1.0000000180025095e-35 14.47091054916382 1.0000000180025095e-35 13.550992488861086 0.7774735987186433 1.0000000180025095e-35 13.096509456634523 1.0000000180025095e-35 1.0000000180025095e-35 1.0000000180025095e-35 0.73792684078216564 15.260780334472658 1.0000000180025095e-35 1.0000000180025095e-35 1.0000000180025095e-35 9.5071868896484393 7.5879535675048837 1.0000000180025095e-35 -0.22138565033674237
decision_type=2 2 2 2 2 2 2 2 2 2 2 2 2 2 2 2 2 2 2 2 2 2 2 2 2 2 2 2 2 2
left_child=2 4 24 5 -2 7 -7 8 9 -3 16 12 13 14 -12 21 20 -18 -19 23 -11 -14 -22 -20 -1 -26 27 28 -4 -30
right_child=1 3 26 -5 -6 6 -8 -9 -10 10 11 -13 15 -15 -16 -17 17 18 19 -21 22 -23 -24 -25 25 -27 -28 -29 29 -31
leaf_value=-0.08685429965963784 0.012019862658157354 0.13321207587699296 -0.051766546978596784 -0.063951322406257574 -0.060071723281613532 0.080142031591226598 -0.014943761183344395 -0.035003151755068462 -0.038724796478855079 0.0049285495907184333 0.020956759521656102 0.02671054398603533 0.049066828683275561 0.23805579309692645 0.14035821832825948 0.11429919109824226 0.17347262325121549 0.011581517549991649 0.093466075101394416 0.032063818061529574 0.14847449193507187 -0.066251458104732028 0.016570356013101091 0.21723080195520517 -0.07137421718875929 0.0052041345287369692 -0.10297659111839502 -0.015277666291627781 -0.015089139256076183 -0.078349157724968671
leaf_weight=42.508768156170845 175.01562659442425 5.5010598152875891 136.44700449705124 5.1424600332975379 9.5122774094343168 61.904536083340645 7.4117269814014426 7.944255217909812 6.421632543206214 69.701896950602531 6.7771616429090562 30.21645188331604 18.749355584383014 5.482759401202201 9.9891033768653852 9.7258759588003141 4.7450357526540747 31.782056540250778 8.9762146621942502 9.3475493192672729 5.3759803771972638 4.9442650675773612 6.0439752787351608 4.3486886024475107 18.816362410783768 12.333792626857759 7.7878773957490912 97.80872268974781 82.56423357129097 12.175600320100783
leaf_count=269 898 24 826 25 51 266 38 37 30 334 33 140 87 26 46 44 23 151 41 43 25 23 28 20 119 78 45 564 500 72
internal_value=-0.0004299 0.0319501 -0.0402744 0.0455633 0.00830359 0.0473489 0.0699749 0.0409754 0.0435102 0.0457892 0.0436632 0.0624143 0.081794 0.128063 0.0920945 0.0509902 0.0321865 0.0553142 0.0450182 0.0918894 0.0153088 0.0250028 0.0786646 0.133858 -0.0674852 -0.0410533 -0.034323 -0.0326979 -0.0400679 -0.0232191
internal_weight=915.502 505.06 410.442 320.532 184.528 315.39 69.3163 246.073 238.129 231.707 226.206 85.885 55.6685 22.249 16.7663 33.4195 140.321 59.1995 54.4545 22.6725 81.1219 23.6936 11.42 13.3249 73.6589 31.1502 336.783 328.996 231.187 94.7398
internal_count=4906 2433 2473 1484 949 1459 304 1155 1118 1088 1064 399 259 105 79 154 665 278 255 104 387 110 53 61 466 197 2007 1962 1398 572
is_linear=0
shrinkage=0.1


Tree=6
num_leaves=31
num_cat=0
split_feature=1 0 0 68 16 140 52 23 5 11 12 19 24 64 12 0 53 40 67 55 6 39 174 0 52 0 13 67 151 10
split_gain=96.6045 12.8882 6.00391 5.12911 5.5443 4.77538 5.74394 5.00151 6.5419 7.92901 4.36718 4.35142 4.31989 4.1762 5.34198 3.58965 3.3445 5.14505 9.85905 3.82013 5.23309 3.91367 3.68055 3.4308 3.28919 4.01424 3.81211 4.34455 3.24081 3.16876
threshold=0.074758537113666548 12.699520587921144 4.0835044384002694 1.0000000180025095e-35 1.0000000180025095e-35 1.0000000180025095e-35 1.0000000180025095e-35 1.0000000180025095e-35 1.0000000180025095e-35 1.0000000180025095e-35 1.0000000180025095e-35 1.0000000180025095e-35 1.0000000180025095e-35 1.0000000180025095e-35 1.0000000180025095e-35 9.5071868896484393 1.0000000180025095e-35 1.0000000180025095e-35 1.0000000180025095e-35 1.0000000180025095e-35 1.0000000180025095e-35 1.0000000180025095e-35 1.0000000180025095e-35 15.727583885192873 1.0000000180025095e-35 15.683778285980226 1.0000000180025095e-35 1.0000000180025095e-35 1.0000000180025095e-35 1.0000000180025095e-35
decision_type=2 2 2 2 2 2 2 2 2 2 2 2 2 2 2 2 2 2 2 2 2 2 2 2 2 2 2 2 2 2
left_child=2 28 11 4 5 6 10 -8 9 13 29 -1 -6 14 -9 -4 17 22 -19 20 23 -22 -5 -18 -14 26 27 -26 -2 -3
right_child=1 3 15 16 12 -7 7 8 -10 -11 -12 -13 24 -15 -16 -17 19 18 -20 -21 21 -23 -24 -25 25 -27 -28 -29 -30 -31
leaf_value=-0.060371960802512371 0.0097484048260086057 0.0026290569490192159 -0.027788737461130277 -0.029460556719841269 0.12987229083878801 -0.03507441904327091 -0.011228380069844508 0.17956180178718614 0.11092838673379671 -0.011990672277003754 0.054664197023858101 0.055117623620468119 0.12133700078259993 0.0035097507058291927 0.051413103808520391 -0.09861469003565522 0.070625203942946913 0.12610800072905168 -0.029097088047300275 0.025983348807156532 0.058928529680152657 -0.046940001114616159 0.047564642333079173 0.15882144964468903 -0.051234522072877799 0.090732630268058279 0.079699066262738663 0.048602023695891498 -0.05235404563660459 -0.10146921089022952
leaf_weight=108.250826343894 168.56623302400112 7.1573385894298553 281.84503324329853 29.280607014894485 12.014344602823256 8.2452887147665006 8.6977185457944852 6.5323903411626834 23.151693254709244 14.993856906890867 8.1878297328948975 3.3638418316841117 8.2280847132205945 4.4485082775354376 6.4795164316892624 7.342368781566619 14.929852351546289 8.8127678781747836 7.6418510079383841 86.06488324701786 9.3444909602403623 5.5750871747732154 7.8713292181491843 6.2598629593849173 8.3644232451915741 16.82171057164669 9.4268864393234271 9.1018704026937485 8.8439022451639158 4.9441081881523132
leaf_count=709 862 33 1697 143 52 40 40 29 102 69 37 22 36 20 30 45 66 39 36 399 42 25 38 27 39 72 42 42 49 24
internal_value=-0.000453615 0.0284183 -0.0371907 0.040029 0.0531781 0.0375704 0.0446511 0.0592881 0.0703181 0.0413482 -0.00173868 -0.0568913 0.0758336 0.0871522 0.115748 -0.029587 0.0283001 0.0074763 0.0540277 0.0374371 0.0647364 0.019368 -0.0131413 0.0966801 0.0633346 0.0524172 0.0284509 0.000791358 0.0066526 -0.0399008
internal_weight=910.789 509.986 400.802 332.576 156.796 92.8382 84.593 64.3037 55.606 32.4543 20.2893 111.615 63.9573 17.4604 13.0119 289.187 175.781 53.6066 16.4546 122.174 36.1093 14.9196 37.1519 21.1897 51.943 43.7149 26.8932 17.4663 177.41 12.1014
internal_count=4906 2433 2473 1522 707 424 384 290 250 148 94 731 283 79 59 1742 815 256 75 559 160 67 181 93 231 195 123 81 911 57
is_linear=0
shrinkage=0.1


Tree=7
num_leaves=31
num_cat=0
split_feature=1 0 0 15 0 7 14 268 21 0 0 49 12 10 11 178 98 1 26 13 26 9 50 16 31 26 0 0 73 67
split_gain=79.0429 10.2562 5.46779 4.26068 4.76879 4.2052 6.56966 4.1125 3.78589 10.0507 3.77734 10.1314 7.7481 3.6196 4.00569 3.55515 3.6411 4.83402 4.26517 3.88218 7.01227 5.54375 13.1746 4.09189 6.63125 5.66572 5.02304 5.5139 4.38847 3.84576
threshold=0.074758537113666548 13.813826084136965 3.3497605323791508 1.0000000180025095e-35 10.925393581390383 1.0000000180025095e-35 1.0000000180025095e-35 1.0000000180025095e-35 1.0000000180025095e-35 10.513347148895265 11.934291839599611 1.0000000180025095e-35 1.0000000180025095e-35 1.0000000180025095e-35 1.0000000180025095e-35 1.0000000180025095e-35 1.0000000180025095e-35 0.14426952600479129 1.0000000180025095e-35 1.0000000180025095e-35 1.0000000180025095e-35 1.0000000180025095e-35 1.0000000180025095e-35 1.0000000180025095e-35 1.0000000180025095e-35 1.0000000180025095e-35 11.108829498291017 12.881587982177736 1.0000000180025095e-35 1.0000000180025095e-35
decision_type=2 2 2 2 2 2 2 2 2 2 2 2 2 2 2 2 2 2 2 2 2 2 2 2 2 2 2 2 2 2
left_child=2 3 13 15 5 8 -7 -3 9 -5 -6 -12 -13 -1 -15 16 17 18 -2 20 29 22 -22 24 25 28 -25 -28 -21 -19
right_child=1 7 -4 4 10 6 -8 -9 -10 -11 11 12 -14 14 -16 -17 -18 19 -20 23 21 -23 -24 26 -26 -27 27 -29 -30 -31
leaf_value=-0.080045716465889066 -0.087081241815422067 0.040867862083121737 -0.02886585735874524 -0.024639731005381388 -0.051434521610668686 0.017470298690421517 0.18641835883849978 -0.050823678668593789 -0.084733162773208054 0.15913262961796751 -0.03337076495887762 0.014327687889465996 0.16984584739383679 -0.00089826955786630419 -0.07544825765144153 0.11164858299288881 -0.020052893475634135 0.0853127480596272 0.015029174335959142 -0.10806735154621626 -0.046712510416589956 -0.066065423481504543 0.13838912811375642 0.1804914772715901 0.10750438166022842 0.050660737645057123 0.017430940565901724 0.14490324939359309 0.025774991876478179 0.013673300412320412
leaf_weight=38.846927434206009 6.5987123697996148 258.17121931910515 323.77105717360973 11.084115356206896 23.987709701061249 5.9656589180231112 3.7474544793367386 4.9860301613807669 3.9945729672908774 4.0683679133653632 32.527879297733307 9.2993540614843351 4.887144446372985 16.486328914761543 12.805939897894861 4.2469720989465705 20.678579121828079 15.297144576907158 10.762775272130966 5.9749297797679901 10.60701669752598 13.382299035787584 6.031785622239112 4.6165768504142788 8.0280789881944674 10.915428146719933 9.8724071234464628 5.1705627143383017 4.1522189229726791 14.688695102930069
leaf_count=269 36 1152 2007 60 126 32 20 23 21 21 165 48 25 111 86 20 102 74 58 29 52 66 29 22 39 53 47 22 20 71
internal_value=-0.000460098 0.0253429 -0.0342845 0.0108636 -0.00519608 0.0290589 0.0826528 0.0391306 0.00187118 0.0247023 -0.0191787 -0.00261549 0.0679026 -0.0600319 -0.0334899 0.0214509 0.018841 0.0252191 -0.0237807 0.0330427 0.0160153 -0.018149 0.0203893 0.0540104 0.0301805 0.000680155 0.0892477 0.0612457 -0.0531908 0.0502199
internal_weight=905.654 513.744 391.91 250.586 99.5623 28.8602 9.71311 263.157 19.1471 15.1525 70.7021 46.7144 14.1865 68.1392 29.2923 151.024 146.777 126.099 17.3615 108.737 60.0069 30.0211 16.6388 48.7302 29.0707 21.0426 19.6595 15.043 10.1271 29.9858
internal_count=4906 2433 2473 1258 518 154 52 1175 102 81 364 238 73 466 197 740 720 618 94 524 292 147 81 232 141 102 91 69 49 145
is_linear=0
shrinkage=0.1


Tree=8
num_leaves=31
num_cat=0
split_feature=1 0 0 101 0 55 290 176 206 0 65 95 10 69 13 100 0 18 9 0 52 10 42 8 73 67 79 7 0 86
split_gain=64.5909 8.94872 4.90884 4.88208 4.83626 11.2963 4.69203 4.19036 3.59555 3.34615 4.55959 4.69916 3.89265 3.74935 3.56807 8.81483 5.63047 4.35457 5.35561 5.96037 6.80609 5.60231 8.97052 6.55314 5.84025 4.77405 4.23748 5.13071 4.1765 4.08192
threshold=0.074758537113666548 12.699520587921144 5.405886411666871 1.0000000180025095e-35 5.542778968811036 1.0000000180025095e-35 1.0000000180025095e-35 1.0000000180025095e-35 1.0000000180025095e-35 17.041751861572269 1.0000000180025095e-35 1.0000000180025095e-35 1.0000000180025095e-35 1.0000000180025095e-35 1.0000000180025095e-35 1.0000000180025095e-35 13.289527893066408 1.0000000180025095e-35 1.0000000180025095e-35 13.813826084136965 1.0000000180025095e-35 1.0000000180025095e-35 1.0000000180025095e-35 1.0000000180025095e-35 1.0000000180025095e-35 1.0000000180025095e-35 1.0000000180025095e-35 1.0000000180025095e-35 16.425735473632816 1.0000000180025095e-35
decision_type=2 2 2 2 2 2 2 2 2 2 2 2 2 2 2 2 2 2 2 2 2 2 2 2 2 2 2 2 2 2
left_child=2 -2 3 -1 5 -4 8 -6 9 14 11 12 13 -11 15 16 29 -18 19 -19 -21 23 25 -20 -25 -23 27 -22 -16 -3
right_child=1 6 4 -5 7 -7 -8 -9 -10 10 -12 -13 -14 -15 28 -17 17 18 21 20 26 22 -24 24 -26 -27 -28 -29 -30 -31
leaf_value=-0.046389721266001896 0.004482338249196886 -0.011423319242272903 0.19198225664832394 0.06076343352027172 -0.022232631565078875 -0.036781791048182522 -0.063219077813465849 -0.1236067537151776 0.097855377993734075 0.14804538197828732 0.00094404991289594371 -0.01732608733395527 0.03793118883928371 0.071900000991514779 0.033906813322634698 0.14314253575196517 0.081708454292844956 -0.085071688294129241 -0.045747620240972016 -0.088088037172271816 0.028355498543197272 0.083656318581008304 0.15746642849910372 -0.0041065038287079235 0.12673095830138761 -0.044445916439076381 0.099237630232571705 -0.038377347001963082 0.095952533752939398 0.085747383580780337
leaf_weight=173.06160849332809 178.69407317042351 5.9252103865146646 3.4757019132375699 4.3591177314519873 192.98796166479588 5.6959212124347687 5.0820707976818076 4.1655378043651572 8.4859845638275129 10.546100109815599 13.210188016295431 5.7752705067396155 15.001562550663946 16.716404005885124 97.485790759325027 5.3648879826068869 6.9199178963899604 10.994278684258459 15.697098225355148 8.468938395380972 26.714679718017578 5.4108733683824557 7.066715106368064 8.5777883827686292 5.6647216379642495 6.292299211025238 4.6924687027931204 20.257784724235535 12.207525506615637 15.988233640789986
leaf_count=1173 911 28 22 29 1186 36 25 27 37 43 56 29 63 69 441 24 30 55 71 40 119 24 32 39 25 28 21 96 51 76
internal_value=-0.000475348 0.0225869 -0.0315604 -0.043757 -0.0210723 0.0499112 0.032143 -0.0243745 0.0335963 0.0319184 0.0529742 0.0672818 0.0788433 0.101356 0.0270283 0.0172127 0.0126684 0.00457695 0.000123055 -0.0173711 -0.00499344 0.025669 0.0685011 -0.00118352 0.0479319 0.0147812 0.00862747 -0.000424333 0.0408117 0.0594732
internal_weight=900.987 517.241 383.746 177.421 206.325 9.17162 338.547 197.153 333.465 324.979 61.2495 48.0393 42.2641 27.2625 263.729 154.036 148.671 126.758 119.838 71.1282 60.1339 48.7095 18.7699 29.9396 14.2425 11.7032 51.6649 46.9725 109.693 21.9134
internal_count=4906 2433 2473 1202 1271 58 1522 1213 1497 1460 260 204 175 112 1200 708 684 580 550 331 276 219 84 135 64 52 236 215 492 104
is_linear=0
shrinkage=0.1


Tree=9
num_leaves=31
num_cat=0
split_feature=1 0 0 290 10 14 12 91 102 11 69 67 0 0 113 14 82 5 11 50 67 1 9 1 1 15 1 10 1 10
split_gain=52.8781 7.14461 4.59537 3.82044 3.42161 4.18153 3.27099 3.18717 3.39511 4.71457 4.20672 3.21698 3.17577 3.52043 4.36763 3.28413 3.22005 6.95543 3.64925 7.91849 7.10277 4.65021 3.0974 3.24599 6.96573 4.80733 4.44798 3.23945 4.14433 3.18665
threshold=0.074758537113666548 12.699520587921144 3.3497605323791508 1.0000000180025095e-35 1.0000000180025095e-35 1.0000000180025095e-35 1.0000000180025095e-35 1.0000000180025095e-35 1.0000000180025095e-35 1.0000000180025095e-35 1.0000000180025095e-35 1.0000000180025095e-35 9.5071868896484393 7.5879535675048837 1.0000000180025095e-35 1.0000000180025095e-35 1.0000000180025095e-35 1.0000000180025095e-35 1.0000000180025095e-35 1.0000000180025095e-35 1.0000000180025095e-35 -0.12905924022197721 1.0000000180025095e-35 -0.22138565033674237 -0.26367023587226862 1.0000000180025095e-35 -0.31721043586730951 1.0000000180025095e-35 -0.48695717751979822 1.0000000180025095e-35
decision_type=2 2 2 2 2 2 2 2 2 2 2 2 2 2 2 2 2 2 2 2 2 2 2 2 2 2 2 2 2 2
left_child=2 -2 4 7 -1 -6 -7 8 -3 -10 -11 -9 13 14 22 -16 18 -18 19 -15 -21 -22 27 24 26 -26 -24 -4 -29 -25
right_child=1 3 12 -5 5 6 -8 11 9 10 -12 -13 -14 16 15 -17 17 -19 -20 20 21 -23 23 29 25 -27 -28 28 -30 -31
leaf_value=-0.074000768085403984 0.0040255178181431116 0.030991178784173595 -0.02887295069441417 -0.058545772505389129 -0.059385004457226498 -0.013076893260082659 0.10802092261680192 0.030237912958875835 -0.059354104602752936 0.10484913800302331 -0.022570310266773825 0.14814632506038083 -0.092251531408869436 -0.043632290836776041 0.08387849547196502 -0.038988168182913154 -0.091275911557858649 0.036609523213663418 0.028724537589738593 0.14714132221004486 0.078104381297773293 -0.078557026088053816 -0.010571628499985782 -0.10904292405105993 0.0065447729615141685 0.17164653005786701 -0.088603205937969998 -0.10731066850676814 -0.044109702510497291 0.0035698409445699755
leaf_weight=35.752253040671349 179.0550958365202 305.76413023471832 69.106257140636444 4.9462580978870383 16.500417187809944 8.2978808134794253 3.0505157858133307 4.7369902282953245 10.179532155394554 4.8179322481155396 5.6057188510894775 4.5238063484430313 6.6801190823316565 30.324156135320663 5.7689985334873182 3.4924569725990295 11.485668376088144 6.7535366714000693 31.614102646708488 4.7574022114276868 3.4306423515081406 4.2321312427520752 57.680306851863861 7.0243727862834913 3.7640867084264746 3.3183693736791611 8.364354655146597 14.507542744278906 36.427535519003868 3.9123735874891281
leaf_count=269 911 1362 458 25 119 57 21 21 46 21 27 20 45 185 37 22 70 41 192 29 21 26 378 46 23 19 53 101 236 25
internal_value=-0.000475783 0.0201972 -0.0290271 0.0286994 -0.05353 -0.0272496 0.0194749 0.0299851 0.0283436 -0.010948 0.0363244 0.087835 -0.0240424 -0.0225532 -0.0296197 0.037546 -0.00627055 -0.043923 0.00296514 -0.0160868 0.0511663 -0.00841933 -0.0326674 -0.0179465 -0.0103472 0.0839005 -0.0204541 -0.0429762 -0.0621109 -0.0687583
internal_weight=895.875 519.629 376.245 340.574 63.6011 27.8488 11.3484 335.628 326.367 20.6032 10.4237 9.2608 312.644 305.964 213.367 9.26146 92.5976 18.2392 74.3584 42.7443 12.4202 7.66277 204.105 84.0639 73.1271 7.08246 66.0447 120.041 50.9351 10.9367
internal_count=4906 2433 2473 1522 466 197 78 1497 1456 94 48 41 2007 1962 1398 59 564 111 453 261 76 47 1339 544 473 42 431 795 337 71
is_linear=0
shrinkage=0.1


Tree=10
num_leaves=31
num_cat=0
split_feature=1 303 0 82 0 43 98 290 10 11 67 132 5 65 10 52 68 71 9 13 64 103 11 74 19 15 9 8 83 64
split_gain=43.4235 6.95043 5.13319 4.16576 4.16132 3.26882 3.19379 3.15799 3.09695 3.73722 3.29147 3.90406 2.93509 2.90078 4.34243 4.41003 4.31549 3.54047 2.9645 3.62696 2.86001 2.79064 2.72201 2.57806 5.53236 4.56156 6.27143 5.80355 4.56556 6.73676
threshold=0.091489847749471678 1.0000000180025095e-35 16.425735473632816 1.0000000180025095e-35 3.3497605323791508 1.0000000180025095e-35 1.0000000180025095e-35 1.0000000180025095e-35 1.0000000180025095e-35 1.0000000180025095e-35 1.0000000180025095e-35 1.0000000180025095e-35 1.0000000180025095e-35 1.0000000180025095e-35 1.0000000180025095e-35 1.0000000180025095e-35 1.0000000180025095e-35 1.0000000180025095e-35 1.0000000180025095e-35 1.0000000180025095e-35 1.0000000180025095e-35 1.0000000180025095e-35 1.0000000180025095e-35 1.0000000180025095e-35 1.0000000180025095e-35 1.0000000180025095e-35 1.0000000180025095e-35 1.0000000180025095e-35 1.0000000180025095e-35 1.0000000180025095e-35
decision_type=2 2 2 2 2 2 2 2 2 2 2 2 2 2 2 2 2 2 2 2 2 2 2 2 2 2 2 2 2 2
left_child=4 2 3 5 8 -2 13 21 -1 10 -10 12 -12 14 16 -16 17 -4 19 -17 -18 23 -19 24 -7 27 28 -25 29 -27
right_child=1 -3 6 -5 -6 7 -8 -9 9 -11 11 -13 -14 -15 15 18 20 22 -20 -21 -22 -23 -24 25 -26 26 -28 -29 -30 -31
leaf_value=-0.070305471632935754 0.094131660410794446 -0.10354785296246903 0.041876871705007375 -0.010749440475404531 -0.021663348297051736 0.030451661464249449 -0.017043894366254555 -0.067994849027574175 0.087177178493436314 -0.067981095051201201 0.00023502426986621679 0.06443096235498369 -0.12049969543106423 0.013840886198962685 -0.059865445624177893 -0.029624557090921939 0.068127051842082384 0.093122657119636687 0.094107846634138348 0.073459859521811846 -0.012473826696055422 -0.048899745494946606 0.1817288531870718 -0.0018989764811795666 -0.065174038796596445 0.042925259451861042 -0.057768152038037757 0.048223703694545227 -0.078629790050006795 -0.094175025548785873
leaf_weight=33.962817043066025 5.6354662179946891 4.6332452595233908 5.3790514320135125 56.06536491215229 315.10864877700806 184.55032102763653 8.9221959412097913 4.2815711647272101 3.8439867049455634 11.656004399061203 4.1269291192293149 3.786774307489396 3.9318908751010895 21.661921739578247 5.0443447083234814 7.6407342553138751 16.008992329239849 6.9297793656587601 7.6245383173227301 6.1688017696142197 6.0722110271453849 6.0506646931171408 6.9384641498327255 45.596572130918503 6.2551382929086676 28.109631419181824 19.898244261741638 46.822438761591911 4.8495591133832923 4.1078125536441794
leaf_count=269 24 22 22 282 2048 864 44 22 27 86 29 27 28 90 22 33 66 28 31 25 25 29 28 212 30 138 97 213 25 20
internal_value=-0.000482404 0.0183796 0.019486 0.0145875 -0.0263011 0.018576 0.0400087 0.0173613 -0.0501381 -0.0250906 0.00677339 -0.0193183 -0.0586713 0.0456983 0.0558756 0.0242595 0.0761314 0.110743 0.0440576 0.0164239 0.0459622 0.0184168 0.137453 0.0196141 0.0273168 0.00977559 -0.0124821 0.0234948 0.0118283 0.0254446
internal_weight=891.664 515.247 510.614 412.223 376.417 356.157 98.391 350.522 61.3084 27.3456 15.6896 11.8456 8.05882 89.4688 67.8069 26.4784 41.3285 19.2473 21.4341 13.8095 22.0812 346.24 13.8682 340.19 190.805 149.384 56.9652 92.419 37.067 32.2174
internal_count=4906 2392 2370 1956 2514 1674 414 1650 466 197 111 84 57 370 280 111 169 78 89 58 91 1628 56 1599 894 705 280 425 183 158
is_linear=0
shrinkage=0.1


Tree=11
num_leaves=31
num_cat=0
split_feature=1 303 0 1 134 0 0 105 26 0 12 5 67 61 108 0 0 50 1 15 1 8 68 16 23 97 5 83 52 69
split_gain=35.6254 5.77952 4.7756 3.56248 5.45014 4.81457 3.82612 3.55933 3.47303 4.75647 4.70039 5.1175 7.78217 4.05951 3.91231 3.86909 5.10904 3.61916 3.44085 5.83681 3.90797 3.2402 2.97534 4.17247 3.9546 4.45184 5.28114 6.29341 5.05957 3.89152
threshold=0.074758537113666548 1.0000000180025095e-35 12.699520587921144 -0.27127538621425623 1.0000000180025095e-35 7.2210814952850351 9.5071868896484393 1.0000000180025095e-35 1.0000000180025095e-35 9.2908968925476092 1.0000000180025095e-35 1.0000000180025095e-35 1.0000000180025095e-35 1.0000000180025095e-35 1.0000000180025095e-35 8.2737851142883319 8.8720054626464862 1.0000000180025095e-35 -0.14092326164245603 1.0000000180025095e-35 -0.16723705083131787 1.0000000180025095e-35 1.0000000180025095e-35 1.0000000180025095e-35 1.0000000180025095e-35 1.0000000180025095e-35 1.0000000180025095e-35 1.0000000180025095e-35 1.0000000180025095e-35 1.0000000180025095e-35
decision_type=2 2 2 2 2 2 2 2 2 2 2 2 2 2 2 2 2 2 2 2 2 2 2 2 2 2 2 2 2 2
left_child=3 2 -2 -1 5 -5 7 8 10 14 11 15 -13 17 18 -7 -17 -12 19 20 -10 -6 23 24 -4 26 27 29 -28 -26
right_child=1 -3 22 4 21 6 -8 -9 9 -11 13 12 -14 -15 -16 16 -18 -19 -20 -21 -22 -23 -24 -25 25 -27 28 -29 -30 -31
leaf_value=-0.032530872110596146 0.0039189129442151758 -0.097290152070997463 -0.027074903912257114 -0.068336425751108168 0.090041194090046045 -0.063724192656904641 -0.087549912139888775 -0.086920001718028869 -0.013698319596769684 0.06949828825875308 -0.035864555983174159 0.17046546647286734 0.0015589863940920737 -0.067533974183957554 0.07530076562589226 0.13930364812494525 -0.034913040519883864 0.09034031538399015 -0.049019397052189856 -0.079661766549618984 0.1264902431001026 -0.0056595387966822883 0.015277726795671243 0.053405311139562539 0.042402355972827287 -0.037649571877233862 -0.0041514146866098601 -0.090333956715698993 0.089229241955571637 -0.052036001736262633
leaf_weight=220.02577854692936 178.20030148327351 4.4478866010904303 14.689762905240057 16.998247891664505 7.7579014450311643 4.914166659116745 6.2009765654802314 5.2585123628377906 3.6538004428148261 5.6439192891120902 4.4800271093845367 6.4030627906322479 4.752298966050148 8.6571806222200394 3.4980051964521399 3.3970751315355301 3.336642861366272 4.6108536422252655 38.040566340088851 4.5049077421426764 4.3629282116889874 6.5038176774978638 179.98208858072758 65.600914657115936 29.430476859211922 8.8420549631118757 7.5668653696775428 5.1263452470302573 24.881588488817215 5.1228896975517264
leaf_count=1568 901 22 66 118 45 31 45 33 24 35 28 39 30 54 22 21 21 28 237 29 27 38 808 280 128 41 34 24 105 24
internal_value=-0.000467626 0.0162155 0.0171874 -0.0245451 -0.0122558 -0.0187548 -0.0112106 -0.00672416 -0.0025178 -0.0178569 0.0200662 0.0501021 0.0985096 -0.018525 -0.0269769 0.00374156 0.0529771 0.028146 -0.0340527 0.0114161 0.0625962 0.0463985 0.0241164 0.0339811 0.0206606 0.0293209 0.0375306 0.0130612 0.0674532 0.0284009
internal_weight=886.892 523.891 519.443 363.001 142.975 128.713 111.715 105.514 100.255 59.7041 40.5513 22.8032 11.1554 17.7481 54.0602 11.6479 6.73372 9.09088 50.5622 12.5216 8.01673 14.2617 341.243 161.261 95.66 80.9702 72.1282 39.6797 32.4485 34.5534
internal_count=4906 2433 2411 2473 905 822 704 659 626 374 252 142 69 110 339 73 42 56 317 80 51 83 1510 702 422 356 315 176 139 152
is_linear=0
shrinkage=0.1


Tree=12
num_leaves=31
num_cat=0
split_feature=1 303 270 0 0 268 133 10 9 186 330 103 0 15 0 7 14 100 79 12 84 26 87 49 60 93 47 0 0 0
split_gain=29.237 4.83775 4.67168 4.57205 3.39289 3.30079 3.12838 2.95404 4.40233 2.77671 2.84224 2.72736 2.56784 2.53316 4.46618 4.64139 4.33435 3.51696 2.96786 2.66779 2.57124 6.38541 2.52327 4.26472 2.98523 4.41841 3.36872 3.89737 3.22755 2.49873
threshold=0.074758537113666548 1.0000000180025095e-35 1.0000000180025095e-35 13.813826084136965 3.3497605323791508 1.0000000180025095e-35 1.0000000180025095e-35 1.0000000180025095e-35 1.0000000180025095e-35 1.0000000180025095e-35 1.0000000180025095e-35 1.0000000180025095e-35 9.5071868896484393 1.0000000180025095e-35 10.925393581390383 1.0000000180025095e-35 1.0000000180025095e-35 1.0000000180025095e-35 1.0000000180025095e-35 1.0000000180025095e-35 1.0000000180025095e-35 1.0000000180025095e-35 1.0000000180025095e-35 1.0000000180025095e-35 1.0000000180025095e-35 1.0000000180025095e-35 1.0000000180025095e-35 12.057495117187502 12.803559303283693 7.5879535675048837
decision_type=2 2 2 2 2 2 2 2 2 2 2 2 2 2 2 2 2 2 2 2 2 2 2 2 2 2 2 2 2 2
left_child=4 2 3 11 6 9 -1 -8 -9 10 -5 13 29 17 15 19 -17 20 22 -15 -2 -22 24 -24 25 -16 28 -28 -26 -6
right_child=1 -3 -4 5 12 -7 7 8 -10 -11 -12 -13 -14 14 18 16 -18 -19 -20 -21 21 -23 23 -25 26 -27 27 -29 -30 -31
leaf_value=-0.071999759418613515 0.0080022025539662946 -0.091546938473154676 0.11960344018428315 0.025841246109193902 -0.023123963819098883 -0.056510820145284579 -0.053155771290966096 0.044876476633711283 -0.065309527517696364 -0.020022958417241981 0.095373217308360458 -0.07335113762921501 -0.083908157715311127 0.025269711518937976 -0.11024868543375768 0.027390533671660673 0.16487762397574909 0.097761685759157849 -0.092760981898119196 -0.054565227524571561 -0.020302367976230147 0.14284723409766781 -0.015400349080802298 0.10512889631785456 -0.092926742809648799 0.013129533217244539 -0.0060745127667681184 0.099171767208598882 -0.0062576520583567793 -0.0031532480244738982
leaf_weight=24.340446330606937 133.89567837119102 4.2639343887567511 4.2675072699785224 243.18986889719963 202.73568766564131 5.0414881706237784 17.586252331733704 10.353943854570387 5.5802603885531417 12.920275300741194 6.0244842618703833 4.385095700621604 5.8419097587466231 12.415128856897356 8.1586491018533689 5.5383853316307086 3.9130426198244095 4.8974665105342856 5.1941137313842765 6.3146000653505316 4.7792927473783475 4.8165542632341385 8.8126412183046323 4.4020686447620383 7.3115141987800625 4.5055567920207968 15.476441293954851 4.5537833273410788 10.420923560857771 90.67199444770813
leaf_count=197 643 22 19 1054 1398 23 150 77 42 56 25 22 45 65 43 29 19 23 29 34 23 23 44 21 39 22 81 22 52 564
internal_value=-0.000467232 0.0145364 0.0154042 0.0145441 -0.0225456 0.0236372 -0.0447126 -0.0248984 0.00628863 0.0251787 0.0275221 0.00481809 -0.0182595 0.00621488 -0.00635022 0.0271828 0.0843124 0.0144299 -0.0200785 -0.00164609 0.0115858 0.0615892 -0.0141465 0.0247502 -0.0243397 -0.0663543 -0.0102496 0.0178528 -0.0419934 -0.0169524
internal_weight=882.609 525.498 521.235 516.967 357.11 267.176 57.8609 33.5205 15.9342 262.135 249.214 249.791 299.25 245.406 97.0168 28.1812 9.45143 148.389 68.8357 18.7297 143.492 9.59585 63.6416 13.2147 50.4269 12.6642 37.7627 20.0302 17.7324 293.408
internal_count=4906 2433 2411 2392 2473 1158 466 269 119 1135 1079 1234 2007 1212 500 147 48 712 353 99 689 46 324 65 259 65 194 103 91 1962
is_linear=0
shrinkage=0.1


Tree=13
num_leaves=31
num_cat=0
split_feature=0 154 13 206 1 9 8 37 90 138 0 0 19 30 81 127 0 0 100 70 91 102 9 80 0 0 52 47 34 0
split_gain=24.1193 3.7795 3.81201 10.135 5.1496 6.26142 4.42486 4.22562 3.39541 3.63038 3.05397 3.05327 3.55365 3.46189 2.72666 2.67843 6.98605 3.08159 2.66358 4.87764 3.84495 2.90644 3.80935 2.58911 3.79961 2.56861 3.07895 4.64466 9.3012 5.00581
threshold=10.120465755462648 1.0000000180025095e-35 1.0000000180025095e-35 1.0000000180025095e-35 0.95330443978309642 1.0000000180025095e-35 1.0000000180025095e-35 1.0000000180025095e-35 1.0000000180025095e-35 1.0000000180025095e-35 3.3497605323791508 10.513347148895265 1.0000000180025095e-35 1.0000000180025095e-35 1.0000000180025095e-35 1.0000000180025095e-35 6.0177960395812997 2.7748117446899419 1.0000000180025095e-35 1.0000000180025095e-35 1.0000000180025095e-35 1.0000000180025095e-35 1.0000000180025095e-35 1.0000000180025095e-35 2.2505134344100957 11.108829498291017 1.0000000180025095e-35 1.0000000180025095e-35 1.0000000180025095e-35 13.151266574859621
decision_type=2 2 2 2 2 2 2 2 2 2 2 2 2 2 2 2 2 2 2 2 2 2 2 2 2 2 2 2 2 2
left_child=8 2 3 4 7 6 -6 -2 9 10 23 14 13 -13 -4 16 -11 -17 20 -20 21 -9 -23 24 -1 -15 27 29 -29 -27
right_child=1 -3 11 -5 5 -7 -8 18 -10 15 -12 12 -14 25 -16 17 -18 -19 19 -21 -22 22 -24 -25 -26 26 -28 28 -30 -31
leaf_value=0.0054418964366777893 0.073924439958775345 0.092444015143187272 -0.082840977943527599 0.13706180633275283 0.06720464220471889 0.1338236376652821 -0.061463162478993083 -0.0038083510812074715 0.089742573884930066 0.10809602869808616 -0.013315605388748096 -0.037315679280936702 -0.04970212522860798 0.074754536195485874 0.026568654249546811 0.015435886013858644 -0.061606347495606811 -0.082656560037576501 -0.025154741377846537 0.11331481330438564 0.07140655549512552 -0.085860336516143235 0.021126938750509573 0.04929264590120843 -0.063144374763794323 -0.12085296009558431 0.036876941383260829 0.15351651193348936 0.0070427492110042809 -0.0022783568168527422
leaf_weight=10.611415483057497 7.4335017353296271 6.0463742166757575 4.9960079044103605 5.7485817670822135 5.9437359571456927 6.4568250924348822 4.8567036241292953 230.95453760027885 2.8168858289718619 3.4843834489583951 288.25269069522619 7.6778414547443381 6.0024374574422827 12.620953142642973 4.1866238564252853 3.7549656033515957 7.9847066551446915 21.771615162491798 4.8441150188446027 5.3573399186134338 6.4916048347949973 9.7865963429212552 5.0429119020700446 2.9951271042227736 33.822460673749447 4.7101346552372005 117.66397951543331 5.1836463660001781 26.489946439862251 14.584853351116179
leaf_count=87 31 28 24 24 25 27 20 1083 19 24 1923 34 27 60 21 30 52 162 23 23 29 48 23 24 284 23 513 24 126 65
internal_value=-0.000456232 0.0138583 0.0129023 0.00559171 0.00295992 0.0559193 0.00934576 -0.000426145 -0.0196345 -0.0204612 -0.0171847 0.0233933 0.0260478 0.0284544 -0.032958 -0.0501914 -0.0100497 -0.0682271 -0.0025318 0.0475632 -0.00455752 -0.00656387 -0.0494783 -0.040699 -0.046765 0.0312404 0.0279837 0.0074531 0.0310144 -0.0312238
internal_weight=878.574 503.079 497.033 292.916 287.168 17.2573 10.8004 269.911 375.494 372.677 335.682 204.116 194.934 188.931 9.18263 36.9957 11.4691 25.5266 262.477 10.2015 252.276 245.784 14.8295 47.429 44.4339 181.254 168.633 50.9686 31.6736 19.295
internal_count=4906 2301 2273 1356 1332 72 45 1260 2605 2586 2318 917 872 845 45 268 76 192 1229 46 1183 1154 71 395 371 811 751 238 150 88
is_linear=0
shrinkage=0.1


Tree=14
num_leaves=31
num_cat=0
split_feature=0 303 0 11 50 61 13 0 1 84 81 45 81 26 0 9 0 12 9 10 0 10 61 14 270 12 0 9 1 74
split_gain=19.9056 5.00262 3.80452 3.60532 4.70094 5.72163 9.17152 4.57915 4.32994 7.00534 6.24908 4.10764 4.06519 3.54217 4.05094 4.3838 6.42322 3.46915 4.05243 6.90762 5.35552 3.7355 3.25906 3.09826 2.78563 2.63102 2.88511 4.05381 2.43848 6.18656
threshold=8.4175219535827654 1.0000000180025095e-35 12.699520587921144 1.0000000180025095e-35 1.0000000180025095e-35 1.0000000180025095e-35 1.0000000180025095e-35 11.623545169830324 -0.024564606137573716 1.0000000180025095e-35 1.0000000180025095e-35 1.0000000180025095e-35 1.0000000180025095e-35 1.0000000180025095e-35 11.998631000518801 1.0000000180025095e-35 10.584530830383303 1.0000000180025095e-35 1.0000000180025095e-35 1.0000000180025095e-35 11.690622806549074 1.0000000180025095e-35 1.0000000180025095e-35 1.0000000180025095e-35 1.0000000180025095e-35 1.0000000180025095e-35 10.513347148895265 1.0000000180025095e-35 0.099551297724246993 1.0000000180025095e-35
decision_type=2 2 2 2 2 2 2 2 2 2 2 2 2 2 2 2 2 2 2 2 2 2 2 2 2 2 2 2 2 2
left_child=24 2 3 4 11 17 7 -7 10 12 -5 28 13 25 15 22 -17 18 19 -6 -20 23 -15 -19 -1 26 -10 -28 -2 -30
right_child=1 -3 -4 8 5 6 -8 -9 9 -11 -12 -13 -14 14 -16 16 -18 21 20 -21 -22 -23 -24 -25 -26 -27 27 -29 29 -31
leaf_value=-0.020790686293277922 -0.03931003864659087 -0.092019939592143662 0.017754798797046941 0.17595352007594431 -0.093095466505842189 0.077372138839067073 0.1479962395638805 -0.056024571123863692 -0.0941476227954543 0.11041979052212934 -0.00068486775193749743 -0.11683609830617672 -0.028432302019152457 0.10070919376463144 0.13090853170382902 0.04790902536369418 -0.12023122002378445 0.051956108233231574 0.14543473804754323 0.062373469762195224 -0.01380695652071613 -0.10676412338336799 0.005403933046673616 -0.067115169801345617 -0.12185295984227476 0.033753941148597609 0.068291502384503794 -0.071042669778857134 0.033963092479759115 -0.036405023765902364
leaf_weight=289.44624788314104 32.813051722943783 4.7449585795402518 344.624666467309 3.9653632044792158 6.1117585003376007 4.5199213325977343 7.1966797560453406 5.9751517623662949 5.4873436838388452 6.4047190546989432 4.0468163639307022 4.4381528049707404 28.587811440229416 8.397120840847494 4.3595515340566626 5.0218714252114296 4.1491899490356445 4.6380093693733198 4.5033236145973206 5.3678909242153168 3.9771953672170639 5.956622600555419 6.2650921642780313 4.1322220414876938 2.7533241435885421 8.167421743273735 4.2103072106838209 4.1425757110118866 22.99157452583313 27.363540574908257
leaf_count=2097 211 26 1510 24 30 22 35 30 32 34 26 23 159 44 21 29 20 23 22 26 20 30 33 21 19 43 20 20 116 140
internal_value=-0.000443235 0.0102403 0.01108 0.00121554 -0.00893048 0.0147692 0.0610478 0.00142549 0.0164539 0.00984398 0.0867365 -0.0231002 0.00166814 0.0188095 0.0422787 0.0260667 -0.0281613 -0.00883477 0.0183297 -0.0203981 0.0707535 -0.0456523 0.0599857 -0.00414606 -0.021743 -0.0112556 -0.0378167 -0.00081067 -0.0180981 -0.00427574
internal_weight=874.759 582.56 577.815 233.19 139.985 52.3788 17.6918 10.4951 93.2052 85.193 8.01218 87.6063 78.7883 50.2005 28.1928 23.8333 9.17106 34.687 19.9602 11.4796 8.48052 14.7269 14.6622 8.77023 292.2 22.0076 13.8402 8.35288 83.1682 50.3551
internal_count=4906 2790 2764 1254 749 259 87 52 505 455 50 490 421 262 147 126 49 172 98 56 42 74 77 44 2116 115 72 40 467 256
is_linear=0
shrinkage=0.1


Tree=15
num_leaves=31
num_cat=0
split_feature=0 303 0 0 5 0 68 178 12 226 174 69 15 270 114 9 15 14 5 53 10 8 11 9 0 68 11 13 67 0
split_gain=16.2433 4.22181 3.44089 3.19903 3.53085 2.83766 4.72739 2.7977 6.63067 3.03225 4.404 6.53405 5.59449 3.60365 3.10637 3.09057 2.55575 4.69377 2.97297 5.22051 3.91397 2.83211 3.80677 2.67352 5.67938 5.00029 3.6625 3.65047 2.3696 2.32757
threshold=8.4175219535827654 1.0000000180025095e-35 16.425735473632816 16.223134994506839 1.0000000180025095e-35 15.979465961456301 1.0000000180025095e-35 1.0000000180025095e-35 1.0000000180025095e-35 1.0000000180025095e-35 1.0000000180025095e-35 1.0000000180025095e-35 1.0000000180025095e-35 1.0000000180025095e-35 1.0000000180025095e-35 1.0000000180025095e-35 1.0000000180025095e-35 1.0000000180025095e-35 1.0000000180025095e-35 1.0000000180025095e-35 1.0000000180025095e-35 1.0000000180025095e-35 1.0000000180025095e-35 1.0000000180025095e-35 17.433264732360843 1.0000000180025095e-35 1.0000000180025095e-35 1.0000000180025095e-35 1.0000000180025095e-35 15.727583885192873
decision_type=2 2 2 2 2 2 2 2 2 2 2 2 2 2 2 2 2 2 2 2 2 2 2 2 2 2 2 2 2 2
left_child=-1 2 3 5 -5 7 -7 9 -9 10 13 12 15 14 29 -12 17 23 19 -18 -21 22 -19 25 26 -4 -25 -27 -13 -2
right_child=1 -3 16 4 -6 6 -8 8 -10 -11 11 28 -14 -15 -16 -17 18 21 -20 20 -22 -23 -24 24 -26 27 -28 -29 -30 -31
leaf_value=-0.019871039632382504 0.0043844674303967039 -0.087061059662485021 0.076386897869298295 -0.085695913925152398 0.023271437268607597 0.10633238322664958 -0.015980918397531348 0.10729183745871283 -0.029547652904577539 -0.076418886112931794 0.012983287883499195 0.059586299091448337 0.086838163672130292 0.095126486362074741 -0.080945282474216659 -0.088044863889801525 -0.034137579440687703 -0.088705311465846148 0.083521172825079038 0.10223173666524686 0.0040984031592267278 0.02406999044713656 0.017226259763076755 -0.038242403146617324 0.12984023725510285 -0.092167838790736742 0.077326031387682848 0.022906794119674136 0.1458565244039553 -0.04092302903125937
leaf_weight=288.0262299105525 384.48869563639164 4.5252821743488303 6.722431108355523 7.6726960092782956 4.8553645759820938 7.3822205662727338 5.5247303694486618 8.4008790329098684 6.1212459206581107 4.5269239246845236 6.3541471660137194 7.5406791418790835 5.4448664188385001 4.2092744112014762 4.4526138305664054 5.7845131903886795 9.1901468932628649 8.9770912230014783 14.029116839170454 9.4090710431337374 7.1548438966274253 8.5071201324462891 5.4530849903821954 5.7416084408760089 7.4964424371719351 5.3630471676588058 5.2492448538541794 5.6724137663841248 5.5105219632387161 11.683242648839949
leaf_count=2116 1923 26 28 35 21 31 24 39 32 23 27 33 23 19 21 24 38 38 59 39 30 36 23 24 31 23 22 23 24 51
internal_value=-0.000440053 0.00915236 0.00990444 0.00640362 -0.0434646 0.00774021 0.053977 0.00642722 0.0496124 0.00500189 0.0058483 0.0424058 0.00261741 0.00308191 0.00211481 -0.0351603 0.0268823 0.0137067 0.0464827 0.0263065 0.0598427 -0.0216945 -0.0486743 0.03611 0.062728 0.00839863 0.0169532 -0.0330175 0.0960116 0.00304833
internal_weight=871.47 583.444 578.918 479.953 12.5281 467.425 12.907 454.518 14.5221 439.995 435.469 30.6347 17.5835 404.834 400.625 12.1387 98.9657 59.1825 39.7832 25.7541 16.5639 22.9373 14.4302 36.2452 18.4873 17.7579 10.9909 11.0355 13.0512 396.172
internal_count=4906 2790 2764 2350 56 2294 55 2239 71 2168 2145 131 74 2014 1995 51 414 248 166 107 69 97 61 151 77 74 46 46 57 1974
is_linear=0
shrinkage=0.1


end of trees

feature_importances:
Column_0=92
Column_1=32
Column_9=21
Column_10=17
Column_13=16
Column_15=15
Column_11=12
Column_12=11
Column_67=11
Column_5=10
Column_14=10
Column_8=8
Column_16=8
Column_52=8
Column_68=8
Column_7=7
Column_26=7
Column_53=7
Column_83=7
Column_98=7
Column_61=6
Column_82=6
Column_65=5
Column_69=5
Column_81=5
Column_303=5
Column_19=4
Column_21=4
Column_23=4
Column_50=4
Column_290=4
Column_6=3
Column_39=3
Column_40=3
Column_49=3
Column_62=3
Column_64=3
Column_71=3
Column_74=3
Column_100=3
Column_102=3
Column_108=3
Column_134=3
Column_151=3
Column_174=3
Column_270=3
Column_24=2
Column_28=2
Column_31=2
Column_47=2
Column_55=2
Column_73=2
Column_79=2
Column_80=2
Column_84=2
Column_88=2
Column_91=2
Column_93=2
Column_95=2
Column_97=2
Column_103=2
Column_113=2
Column_140=2
Column_176=2
Column_178=2
Column_206=2
Column_268=2
Column_18=1
Column_30=1
Column_34=1
Column_37=1
Column_42=1
Column_43=1
Column_45=1
Column_46=1
Column_56=1
Column_60=1
Column_70=1
Column_86=1
Column_87=1
Column_90=1
Column_99=1
Column_101=1
Column_105=1
Column_114=1
Column_127=1
Column_132=1
Column_133=1
Column_138=1
Column_154=1
Column_186=1
Column_187=1
Column_226=1
Column_330=1

parameters:
[boosting: gbdt]
[objective: binary]
[metric: binary_logloss]
[tree_learner: serial]
[device_type: cpu]
[data_sample_strategy: bagging]
[data: ]
[valid: ]
[num_iterations: 300]
[learning_rate: 0.1]
[num_leaves: 31]
[num_threads: 0]
[seed: 0]
[deterministic: 0]
[force_col_wise: 0]
[force_row_wise: 0]
[histogram_pool_size: -1]
[max_depth: -1]
[min_data_in_leaf: 20]
[min_sum_hessian_in_leaf: 0.001]
[bagging_fraction: 1]
[pos_bagging_fraction: 1]
[neg_bagging_fraction: 1]
[bagging_freq: 0]
[bagging_seed: 7719]
[bagging_by_query: 0]
[feature_fraction: 1]
[feature_fraction_bynode: 1]
[feature_fraction_seed: 2437]
[extra_trees: 0]
[extra_seed: 11797]
[early_stopping_round: 0]
[early_stopping_min_delta: 0]
[first_metric_only: 0]
[max_delta_step: 0]
[lambda_l1: 0]
[lambda_l2: 0]
[linear_lambda: 0]
[min_gain_to_split: 0]
[drop_rate: 0.1]
[max_drop: 50]
[skip_drop: 0.5]
[xgboost_dart_mode: 0]
[uniform_drop: 0]
[drop_seed: 21238]
[top_rate: 0.2]
[other_rate: 0.1]
[min_data_per_group: 100]
[max_cat_threshold: 32]
[cat_l2: 10]
[cat_smooth: 10]
[max_cat_to_onehot: 4]
[top_k: 20]
[monotone_constraints: ]
[monotone_constraints_method: basic]
[monotone_penalty: 0]
[feature_contri: ]
[forcedsplits_filename: ]
[refit_decay_rate: 0.9]
[cegb_tradeoff: 1]
[cegb_penalty_split: 0]
[cegb_penalty_feature_lazy: ]
[cegb_penalty_feature_coupled: ]
[path_smooth: 0]
[interaction_constraints: ]
[verbosity: -1]
[saved_feature_importance_type: 0]
[use_quantized_grad: 0]
[num_grad_quant_bins: 4]
[quant_train_renew_leaf: 0]
[stochastic_rounding: 1]
[linear_tree: 0]
[max_bin: 255]
[max_bin_by_feature: ]
[min_data_in_bin: 3]
[bin_construct_sample_cnt: 200000]
[data_random_seed: 38]
[is_enable_sparse: 1]
[enable_bundle: 1]
[use_missing: 1]
[zero_as_missing: 0]
[feature_pre_filter: 1]
[pre_partition: 0]
[two_round: 0]
[header: 0]
[label_column: ]
[weight_column: ]
[group_column: ]
[ignore_column: ]
[categorical_feature: ]
[forcedbins_filename: ]
[precise_float_parser: 0]
[parser_config_file: ]
[objective_seed: 8855]
[num_class: 1]
[is_unbalance: 0]
[scale_pos_weight: 1]
[sigmoid: 1]
[boost_from_average: 1]
[reg_sqrt: 0]
[alpha: 0.9]
[fair_c: 1]
[poisson_max_delta_step: 0.7]
[tweedie_variance_power: 1.5]
[lambdarank_truncation_level: 30]
[lambdarank_norm: 1]
[label_gain: ]
[lambdarank_position_bias_regularization: 0]
[eval_at: ]
[multi_error_top_k: 1]
[auc_mu_weights: ]
[num_machines: 1]
[local_listen_port: 12400]
[time_out: 120]
[machine_list_filename: ]
[machines: ]
[gpu_platform_id: -1]
[gpu_device_id: -1]
[gpu_device_id_list: ]
[gpu_use_dp: 0]
[num_gpu: 1]

end of parameters

pandas_categorical:null
