tree
version=v4
num_class=1
num_tree_per_iteration=1
label_index=0
max_feature_idx=567
objective=binary sigmoid:1
feature_names=Column_0 Column_1 Column_2 Column_3 Column_4 Column_5 Column_6 Column_7 Column_8 Column_9 Column_10 Column_11 Column_12 Column_13 Column_14 Column_15 Column_16 Column_17 Column_18 Column_19 Column_20 Column_21 Column_22 Column_23 Column_24 Column_25 Column_26 Column_27 Column_28 Column_29 Column_30 Column_31 Column_32 Column_33 Column_34 Column_35 Column_36 Column_37 Column_38 Column_39 Column_40 Column_41 Column_42 Column_43 Column_44 Column_45 Column_46 Column_47 Column_48 Column_49 Column_50 Column_51 Column_52 Column_53 Column_54 Column_55 Column_56 Column_57 Column_58 Column_59 Column_60 Column_61 Column_62 Column_63 Column_64 Column_65 Column_66 Column_67 Column_68 Column_69 Column_70 Column_71 Column_72 Column_73 Column_74 Column_75 Column_76 Column_77 Column_78 Column_79 Column_80 Column_81 Column_82 Column_83 Column_84 Column_85 Column_86 Column_87 Column_88 Column_89 Column_90 Column_91 Column_92 Column_93 Column_94 Column_95 Column_96 Column_97 Column_98 Column_99 Column_100 Column_101 Column_102 Column_103 Column_104 Column_105 Column_106 Column_107 Column_108 Column_109 Column_110 Column_111 Column_112 Column_113 Column_114 Column_115 Column_116 Column_117 Column_118 Column_119 Column_120 Column_121 Column_122 Column_123 Column_124 Column_125 Column_126 Column_127 Column_128 Column_129 Column_130 Column_131 Column_132 Column_133 Column_134 Column_135 Column_136 Column_137 Column_138 Column_139 Column_140 Column_141 Column_142 Column_143 Column_144 Column_145 Column_146 Column_147 Column_148 Column_149 Column_150 Column_151 Column_152 Column_153 Column_154 Column_155 Column_156 Column_157 Column_158 Column_159 Column_160 Column_161 Column_162 Column_163 Column_164 Column_165 Column_166 Column_167 Column_168 Column_169 Column_170 Column_171 Column_172 Column_173 Column_174 Column_175 Column_176 Column_177 Column_178 Column_179 Column_180 Column_181 Column_182 Column_183 Column_184 Column_185 Column_186 Column_187 Column_188 Column_189 Column_190 Column_191 Column_192 Column_193 Column_194 Column_195 Column_196 Column_197 Column_198 Column_199 Column_200 Column_201 Column_202 Column_203 Column_204 Column_205 Column_206 Column_207 Column_208 Column_209 Column_210 Column_211 Column_212 Column_213 Column_214 Column_215 Column_216 Column_217 Column_218 Column_219 Column_220 Column_221 Column_222 Column_223 Column_224 Column_225 Column_226 Column_227 Column_228 Column_229 Column_230 Column_231 Column_232 Column_233 Column_234 Column_235 Column_236 Column_237 Column_238 Column_239 Column_240 Column_241 Column_242 Column_243 Column_244 Column_245 Column_246 Column_247 Column_248 Column_249 Column_250 Column_251 Column_252 Column_253 Column_254 Column_255 Column_256 Column_257 Column_258 Column_259 Column_260 Column_261 Column_262 Column_263 Column_264 Column_265 Column_266 Column_267 Column_268 Column_269 Column_270 Column_271 Column_272 Column_273 Column_274 Column_275 Column_276 Column_277 Column_278 Column_279 Column_280 Column_281 Column_282 Column_283 Column_284 Column_285 Column_286 Column_287 Column_288 Column_289 Column_290 Column_291 Column_292 Column_293 Column_294 Column_295 Column_296 Column_297 Column_298 Column_299 Column_300 Column_301 Column_302 Column_303 Column_304 Column_305 Column_306 Column_307 Column_308 Column_309 Column_310 Column_311 Column_312 Column_313 Column_314 Column_315 Column_316 Column_317 Column_318 Column_319 Column_320 Column_321 Column_322 Column_323 Column_324 Column_325 Column_326 Column_327 Column_328 Column_329 Column_330 Column_331 Column_332 Column_333 Column_334 Column_335 Column_336 Column_337 Column_338 Column_339 Column_340 Column_341 Column_342 Column_343 Column_344 Column_345 Column_346 Column_347 Column_348 Column_349 Column_350 Column_351 Column_352 Column_353 Column_354 Column_355 Column_356 Column_357 Column_358 Column_359 Column_360 Column_361 Column_362 Column_363 Column_364 Column_365 Column_366 Column_367 Column_368 Column_369 Column_370 Column_371 Column_372 Column_373 Column_374 Column_375 Column_376 Column_377 Column_378 Column_379 Column_380 Column_381 Column_382 Column_383 Column_384 Column_385 Column_386 Column_387 Column_388 Column_389 Column_390 Column_391 Column_392 Column_393 Column_394 Column_395 Column_396 Column_397 Column_398 Column_399 Column_400 Column_401 Column_402 Column_403 Column_404 Column_405 Column_406 Column_407 Column_408 Column_409 Column_410 Column_411 Column_412 Column_413 Column_414 Column_415 Column_416 Column_417 Column_418 Column_419 Column_420 Column_421 Column_422 Column_423 Column_424 Column_425 Column_426 Column_427 Column_428 Column_429 Column_430 Column_431 Column_432 Column_433 Column_434 Column_435 Column_436 Column_437 Column_438 Column_439 Column_440 Column_441 Column_442 Column_443 Column_444 Column_445 Column_446 Column_447 Column_448 Column_449 Column_450 Column_451 Column_452 Column_453 Column_454 Column_455 Column_456 Column_457 Column_458 Column_459 Column_460 Column_461 Column_462 Column_463 Column_464 Column_465 Column_466 Column_467 Column_468 Column_469 Column_470 Column_471 Column_472 Column_473 Column_474 Column_475 Column_476 Column_477 Column_478 Column_479 Column_480 Column_481 Column_482 Column_483 Column_484 Column_485 Column_486 Column_487 Column_488 Column_489 Column_490 Column_491 Column_492 Column_493 Column_494 Column_495 Column_496 Column_497 Column_498 Column_499 Column_500 Column_501 Column_502 Column_503 Column_504 Column_505 Column_506 Column_507 Column_508 Column_509 Column_510 Column_511 Column_512 Column_513 Column_514 Column_515 Column_516 Column_517 Column_518 Column_519 Column_520 Column_521 Column_522 Column_523 Column_524 Column_525 Column_526 Column_527 Column_528 Column_529 Column_530 Column_531 Column_532 Column_533 Column_534 Column_535 Column_536 Column_537 Column_538 Column_539 Column_540 Column_541 Column_542 Column_543 Column_544 Column_545 Column_546 Column_547 Column_548 Column_549 Column_550 Column_551 Column_552 Column_553 Column_554 Column_555 Column_556 Column_557 Column_558 Column_559 Column_560 Column_561 Column_562 Column_563 Column_564 Column_565 Column_566 Column_567
feature_infos=[2.0013689994812012:17.993154525756836] [-0.7776256799697876:0.99923950433731079] none none none [0:1] [0:1] [0:1] [0:1] [0:1] [0:1] [0:1] [0:1] [0:1] [0:1] [0:1] [0:1] [0:1] [0:1] [0:1] [0:1] [0:1] [0:1] [0:1] [0:1] [0:1] [0:1] [0:1] [0:1] [0:1] [0:1] [0:1] [0:1] [0:1] [0:1] [0:1] [0:1] [0:1] [0:1] [0:1] [0:1] [0:1] [0:1] [0:1] [0:1] [0:1] [0:1] [0:1] [0:1] [0:1] [0:1] [0:1] [0:1] [0:1] [0:1] [0:1] [0:1] [0:1] [0:1] [0:1] [0:1] [0:1] [0:1] [0:1] [0:1] [0:1] [0:1] [0:1] [0:1] [0:1] [0:1] [0:1] [0:1] [0:1] [0:1] [0:1] [0:1] [0:1] [0:1] [0:1] [0:1] [0:1] [0:1] [0:1] [0:1] [0:1] [0:1] [0:1] [0:1] [0:1] [0:1] [0:1] [0:1] [0:1] [0:1] [0:1] [0:1] [0:1] [0:1] [0:1] [0:1] [0:1] [0:1] [0:1] [0:1] [0:1] [0:1] [0:1] [0:1] none none none none [0:1] [0:1] none [0:1] none [0:1] none none [0:1] none none none none [0:1] [0:1] [0:1] [0:1] [0:1] none [0:1] [0:1] [0:1] [0:1] none [0:1] [0:1] [0:1] [0:1] [0:1] [0:1] [0:1] [0:1] [0:1] [0:1] [0:1] [0:1] [0:1] [0:1] [0:1] [0:1] [0:1] [0:1] [0:1] [0:1] none none none none none none none none none none [0:1] [0:1] none none none none none [0:1] [0:1] [0:1] [0:1] [0:1] [0:1] [0:1] [0:1] [0:1] [0:1] [0:1] [0:1] [0:1] [0:1] [0:1] [0:1] [0:1] [0:1] [0:1] [0:1] [0:1] [0:1] [0:1] [0:1] [0:1] [0:1] [0:1] [0:1] none none [0:1] [0:1] [0:1] none [0:1] [0:1] [0:1] [0:1] [0:1] none [0:1] none none [0:1] none [0:1] [0:1] [0:1] [0:1] [0:1] [0:1] [0:1] [0:1] [0:1] [0:1] [0:1] [0:1] [0:1] [0:1] [0:1] [0:1] [0:1] [0:1] [0:1] [0:1] [0:1] [0:1] [0:1] [0:1] [0:1] none none none none none none none none none none none none none none none none none [0:1] [0:1] [0:1] [0:1] [0:1] [0:1] [0:1] [0:1] [0:1] [0:1] none [0:1] [0:1] [0:1] [0:1] none [0:1] [0:1] none none none [0:1] [0:1] none none none none none [0:1] [0:1] [0:1] [0:1] [0:1] [0:1] [0:1] none none none [0:1] none [0:1] [0:1] [0:1] none [0:1] [0:1] [0:1] [0:1] none none [0:1] [0:1] none none none none [0:1] [0:1] none none none [0:1] none none [0:1] [0:1] none none [0:1] [0:1] none none none none none none none none none none none none none none none none none none none none none none none none none none none none none none none none none none none none none none none none none none none none none none none none none none none none none none none none none none none none none none none none none none none none none none none none none none none none none none none none none none none none none none none none none none none none none none none none none none none none none none none none none none none none none none none none none none none none none none none none none none none none none none none none none none none none none none none none none none none none none none none none none none none none none none none none none none none none none none none none none none none none none none none none none none none none none none none none none none none none none none none none none none none none none none none none none none none none none none none none none none none none none none none none none none none none none none none none none none none none none none none none none none none none none none none none none none none none none
tree_sizes=3401 3478 3479 3490 3492 3475 3495 3490 3479 3491 3495 3483 3482 3485 3494 3497 3508 3489 3495 3482

Tree=0
num_leaves=31
num_cat=0
split_feature=15 14 14 9 16 9 16 9 16 9 135 16 8 16 81 13 6 53 6 113 81 58 1 99 8 24 67 0 70 61
split_gain=342.853 138.233 110.468 70.4856 64.286 62.2278 45.1991 41.67 35.1761 20.8391 16.7179 16.5977 12.6429 11.8001 10.9341 10.3562 10.9439 8.90323 8.37869 7.98437 7.9837 7.9199 7.70974 7.3488 13.6265 8.62848 6.96391 6.87783 6.87488 6.2016
threshold=1.0000000180025095e-35 1.0000000180025095e-35 1.0000000180025095e-35 1.0000000180025095e-35 1.0000000180025095e-35 1.0000000180025095e-35 1.0000000180025095e-35 1.0000000180025095e-35 1.0000000180025095e-35 1.0000000180025095e-35 1.0000000180025095e-35 1.0000000180025095e-35 1.0000000180025095e-35 1.0000000180025095e-35 1.0000000180025095e-35 1.0000000180025095e-35 1.0000000180025095e-35 1.0000000180025095e-35 1.0000000180025095e-35 1.0000000180025095e-35 1.0000000180025095e-35 1.0000000180025095e-35 0.90113317966461193 1.0000000180025095e-35 1.0000000180025095e-35 1.0000000180025095e-35 1.0000000180025095e-35 5.405886411666871 1.0000000180025095e-35 1.0000000180025095e-35
decision_type=2 2 2 2 2 2 2 2 2 2 2 2 2 2 2 2 2 2 2 2 2 2 2 2 2 2 2 2 2 2
left_child=2 3 9 6 7 8 10 -3 22 13 23 15 14 19 28 16 -5 18 -8 -1 -9 -14 -4 25 -25 -2 -18 -12 -6 -27
right_child=1 4 5 11 12 -7 17 20 -10 -11 27 -13 21 -15 -16 -17 26 -19 -20 -21 -22 -23 -24 24 -26 29 -28 -29 -30 -31
leaf_value=-1.1516397852137619 -1.1521448751202323 -0.85054279140193423 -1.0139222985419722 -1.0281720487046795 -1.0731389238759381 -1.1680581011192801 -1.1111225542818488 -0.95389099576486458 -1.1215184999839989 -1.2210613217683939 -0.79502889435220081 -1.2060816302966255 -0.88111057015716709 -1.1972463707010612 -1.1588096531111274 -1.172129281419644 -1.0594226128960258 -1.1748009934917578 -1.0237602043482541 -1.0148446022113111 -1.0594226128960258 -1.0390440937258705 -1.1485786342654551 -0.86214120390835236 -1.0497841240993309 -1.0319899909362014 -1.1957788808728 -0.94734075746017177 -0.94438258532256858 -0.95753001704524943
leaf_weight=87.113206475973129 4.6734552830457678 58.885536566376686 81.318121924996376 18.133006498217583 14.5811804831028 88.982588589191437 31.592557713389397 18.319944709539413 58.511660143733025 143.94242271780968 5.42120812833309 31.592557713389397 6.168960973620413 81.505060136318207 11.403230890631677 19.815450400114059 6.1689609736204121 12.711798369884489 16.824439018964767 4.4865170717239371 11.777107313275339 6.5428373962640762 4.4865170717239371 8.7860959321260435 6.9167138189077368 38.883147954940796 9.5338487774133682 6.5428373962640762 5.7950845509767523 15.702809751033781
leaf_count=466 25 315 435 97 78 476 169 98 313 770 29 169 33 436 61 106 33 68 90 24 63 35 24 47 37 208 51 35 31 84
internal_value=-1.1046 -1.0297 -1.15451 -1.07614 -0.948539 -1.10229 -1.03443 -0.899466 -1.06173 -1.19295 -0.988098 -1.14858 -1.04669 -1.16957 -1.0804 -1.11472 -1.0811 -1.10032 -1.08076 -1.14494 -0.995186 -0.9624 -1.02096 -1.00562 -0.944793 -1.02174 -1.14221 -0.878324 -1.03652 -1.01057
internal_weight=917.119 366.773 550.346 233.299 133.474 233.299 148.055 88.9826 144.316 317.047 86.9263 85.2438 44.4913 173.105 31.7795 53.6513 33.8358 61.1288 48.417 91.5997 30.0971 12.7118 85.8046 74.9622 15.7028 59.2594 15.7028 11.964 20.3763 54.586
internal_count=4906 1962 2944 1248 714 1248 792 476 772 1696 465 456 238 926 170 287 181 327 259 490 161 68 459 401 84 317 84 64 109 292
is_linear=0
shrinkage=1


Tree=1
num_leaves=31
num_cat=0
split_feature=15 14 14 9 9 16 16 16 9 9 16 135 16 8 81 13 6 53 113 6 42 99 78 128 8 13 16 67 1 54
split_gain=273.397 98.0873 96.2724 55.514 50.908 42.324 33.1432 26.9033 25.6017 19.6017 14.6165 10.8644 10.657 9.12102 8.68361 8.62258 8.60469 7.38497 6.45643 6.44284 6.33298 8.77458 7.83981 6.21333 6.12918 6.0779 6.02087 5.91015 5.85105 5.72028
threshold=1.0000000180025095e-35 1.0000000180025095e-35 1.0000000180025095e-35 1.0000000180025095e-35 1.0000000180025095e-35 1.0000000180025095e-35 1.0000000180025095e-35 1.0000000180025095e-35 1.0000000180025095e-35 1.0000000180025095e-35 1.0000000180025095e-35 1.0000000180025095e-35 1.0000000180025095e-35 1.0000000180025095e-35 1.0000000180025095e-35 1.0000000180025095e-35 1.0000000180025095e-35 1.0000000180025095e-35 1.0000000180025095e-35 1.0000000180025095e-35 1.0000000180025095e-35 1.0000000180025095e-35 1.0000000180025095e-35 1.0000000180025095e-35 1.0000000180025095e-35 1.0000000180025095e-35 1.0000000180025095e-35 1.0000000180025095e-35 0.90113317966461193 1.0000000180025095e-35
decision_type=2 2 2 2 2 2 2 2 2 2 2 2 2 2 2 2 2 2 2 2 2 2 2 2 2 2 2 2 2 2
left_child=2 3 9 6 7 8 11 28 -3 12 15 20 18 14 -7 16 29 19 -1 -8 21 22 -2 -9 -23 -22 -6 -18 -4 -5
right_child=1 5 4 10 26 13 17 23 -10 -11 -12 -13 -14 -15 -16 -17 27 -19 -20 -21 25 24 -24 -25 -26 -27 -28 -29 -30 -31
leaf_value=-0.04342251872125636 0.065800324204421959 0.20240132329359764 0.077902656533273981 0.1279070828281412 -0.039583283372538643 0.059089800633647271 -0.0058903792586022389 -0.026599437055614423 0.093098598468541821 -0.11177003422504835 -0.096565569370698864 0.18246460587886004 -0.087718665678639868 0.11908818208782879 -0.050238447856441965 -0.063044856760150064 0.039713105686164242 -0.065636524204967975 0.0771455205988405 0.069791198906143506 -0.021776348437808429 0.22627301574499575 0.1932075581694683 0.079963501888601282 0.081958990073750043 0.09205119082340274 -0.094910217801264019 -0.086257807818769502 -0.040528808907548182 0.016933555555817225
leaf_weight=85.044349491596222 41.615939557552338 66.064048558473587 84.974471926689148 8.3436649143695831 55.729337096214294 21.06047211587429 31.488987743854523 51.897057294845581 31.717404320836067 135.42743936181068 29.965929731726646 13.262131214141844 77.676660656929016 13.59162501990795 11.090913057327269 19.138523668050766 6.308110132813451 12.260250866413115 4.6862246990203849 17.499909102916718 9.583195298910141 8.1411411166191083 5.4637590944766989 6.1164388954639426 4.6091376543045035 9.1887960284948349 30.397820234298706 9.0931780636310577 4.3869316577911368 10.478090822696686
leaf_count=466 214 315 435 43 308 109 169 280 161 770 169 64 436 68 61 106 33 68 24 90 49 39 28 33 24 47 168 51 24 54
internal_value=-0.00030495 0.064592 -0.0462809 0.0250065 0.00196823 0.129805 0.0607526 0.0376631 0.166947 -0.0834836 -0.0406764 0.0987424 -0.0606008 0.0504092 0.021376 -0.00929102 0.0207697 0.00377372 -0.0371258 0.0211447 0.0846164 0.100516 0.0805864 -0.0153644 0.174104 0.0339417 -0.0591104 -0.0346622 0.0720886 0.066128
internal_weight=916.302 379.965 536.337 236.441 233.502 143.524 153.113 147.375 97.7815 302.835 83.3275 91.8641 167.407 45.743 32.1514 53.3616 34.223 61.2491 89.7306 48.9889 78.602 59.83 47.0797 58.0135 12.7503 18.772 86.1272 15.4013 89.3614 18.8218
internal_count=4906 1962 2944 1248 1248 714 792 772 476 1696 456 465 926 238 170 287 181 327 490 259 401 305 242 313 63 96 476 84 459 97
is_linear=0
shrinkage=0.1


Tree=2
num_leaves=31
num_cat=0
split_feature=15 14 9 16 9 14 16 16 9 14 26 14 16 1 13 8 6 10 12 6 10 113 16 81 113 82 139 79 67 0
split_gain=220.383 83.8782 73.3449 52.8724 41.7581 28.5561 26.2887 20.8256 18.5296 16.046 10.205 12.4404 9.62716 8.1997 7.17653 6.82996 6.80666 6.73048 5.86007 5.90048 9.19727 5.47919 5.45632 5.34845 5.24464 5.20184 7.64501 5.41092 5.02362 5.00262
threshold=1.0000000180025095e-35 1.0000000180025095e-35 1.0000000180025095e-35 1.0000000180025095e-35 1.0000000180025095e-35 1.0000000180025095e-35 1.0000000180025095e-35 1.0000000180025095e-35 1.0000000180025095e-35 1.0000000180025095e-35 1.0000000180025095e-35 1.0000000180025095e-35 1.0000000180025095e-35 0.18290363997220996 1.0000000180025095e-35 1.0000000180025095e-35 1.0000000180025095e-35 1.0000000180025095e-35 1.0000000180025095e-35 1.0000000180025095e-35 1.0000000180025095e-35 1.0000000180025095e-35 1.0000000180025095e-35 1.0000000180025095e-35 1.0000000180025095e-35 1.0000000180025095e-35 1.0000000180025095e-35 1.0000000180025095e-35 1.0000000180025095e-35 17.370294570922855
decision_type=2 2 2 2 2 2 2 2 2 2 2 2 2 2 2 2 2 2 2 2 2 2 2 2 2 2 2 2 2 2
left_child=1 8 3 5 7 13 9 25 12 14 15 -12 24 18 16 -5 -4 -17 -2 20 -20 -9 -6 -11 -1 26 -3 -27 -18 -15
right_child=2 4 6 10 22 -7 -8 21 -10 23 11 -13 -14 29 -16 17 28 -19 19 -21 -22 -23 -24 -25 -26 27 -28 -29 -30 -31
leaf_value=-0.04003596681118228 0.14191740909473327 0.064561068379186334 0.057581913488330028 -0.046869248718399183 -0.036426255727568642 0.16870790458115459 -0.071713719225398972 -0.022243189004053164 -0.10749869001196544 0.11176707187938757 0.019683917112435972 0.11830971609675243 -0.083076650980140457 0.039453819867334733 -0.058807753514505512 -0.0087530135036854584 0.035032995053151439 0.12472715971552016 0.10848461383178652 0.1285936052518826 -0.052799546853093716 0.10111520648791701 -0.0901826032136675 0.028910235976230193 0.066914962984929702 0.21610831752887694 -0.034859101248177281 0.07141545729983037 -0.081618188581641882 0.15236488168999263
leaf_weight=83.118572413921356 28.41191503405571 72.781471878290176 19.397311270236969 22.943800047039986 54.566526770591736 71.025915294885635 41.053066670894623 53.696303963661194 127.15726301074028 20.468431383371353 35.786370247602463 19.902190998196602 74.008669793605804 36.94520677626133 18.499897211790085 10.99030375480652 6.4288776218891117 5.7560208141803733 7.5342976450920105 11.752446472644806 6.66208615899086 3.8594317436218253 28.872353911399841 12.578002855181692 4.8527734279632559 4.2258808314800245 8.654108986258505 6.6540487110614777 8.6713398993015289 4.39024694263935
leaf_count=466 136 362 97 122 308 315 234 292 770 98 190 101 436 184 106 57 33 30 36 56 32 21 168 63 24 21 43 33 51 21
internal_value=-0.000497135 -0.0429337 0.0564684 0.0866981 0.00167184 0.120669 -0.00587156 0.0332385 -0.0789267 0.0255429 0.0273165 0.0549312 -0.0564971 0.0850147 -0.00855738 -0.0114292 0.0183902 0.0371266 0.11054 0.0761842 0.0327971 -0.0139713 -0.0550276 0.0802304 -0.0341362 0.0626723 0.0539957 0.127616 -0.0319543 0.0514461
internal_weight=911.645 522.447 389.198 262.101 233.31 166.722 127.097 149.871 289.137 86.0439 95.3787 55.6886 161.98 95.6962 52.9974 39.6901 34.4975 16.7463 54.3607 25.9488 14.1964 57.5557 83.4389 33.0464 87.9713 92.3155 81.4356 10.8799 15.1002 41.3355
internal_count=4906 2944 1962 1280 1248 780 682 772 1696 448 500 291 926 465 287 209 181 87 260 124 68 313 476 161 490 459 405 54 84 205
is_linear=0
shrinkage=0.1


Tree=3
num_leaves=31
num_cat=0
split_feature=15 14 14 9 9 16 16 9 16 9 16 16 61 42 135 53 13 6 7 6 22 7 0 128 139 16 44 8 12 5
split_gain=178.773 73.0204 56.8401 35.7219 34.2959 21.027 19.3458 17.5655 16.2417 13.0653 11.6926 8.68871 7.38587 7.66475 7.06985 6.00693 5.97944 5.42185 5.23948 5.07157 5.26261 5.23761 6.79147 4.97346 5.41974 4.9464 4.759 4.64799 4.62872 6.57721
threshold=1.0000000180025095e-35 1.0000000180025095e-35 1.0000000180025095e-35 1.0000000180025095e-35 1.0000000180025095e-35 1.0000000180025095e-35 1.0000000180025095e-35 1.0000000180025095e-35 1.0000000180025095e-35 1.0000000180025095e-35 1.0000000180025095e-35 1.0000000180025095e-35 1.0000000180025095e-35 1.0000000180025095e-35 1.0000000180025095e-35 1.0000000180025095e-35 1.0000000180025095e-35 1.0000000180025095e-35 1.0000000180025095e-35 1.0000000180025095e-35 1.0000000180025095e-35 1.0000000180025095e-35 6.9705681800842294 1.0000000180025095e-35 1.0000000180025095e-35 1.0000000180025095e-35 1.0000000180025095e-35 1.0000000180025095e-35 1.0000000180025095e-35 1.0000000180025095e-35
decision_type=2 2 2 2 2 2 2 2 2 2 2 2 2 2 2 2 2 2 2 2 2 2 2 2 2 2 2 2 2 2
left_child=1 7 3 6 8 9 14 11 -3 -4 16 -1 13 27 26 19 17 -5 -11 20 -8 22 -21 24 -10 -6 -2 -7 -28 -30
right_child=2 4 5 10 25 12 15 -9 23 18 -12 -13 -14 -15 -16 -17 -18 -19 -20 21 -22 -23 -24 -25 -26 -27 28 -29 29 -31
leaf_value=-0.031355183888724818 -0.035082721376991768 0.054800257930431834 0.14456877210245112 0.050471292271785019 -0.033478972042870973 0.0099377740678643061 0.012086487808202626 -0.10355319938836943 -0.034395493977881483 0.096564268366574391 -0.088580884731056284 -0.078668194496830018 -0.024602716573470608 0.16205005801121239 0.13801392917114899 -0.061528992712609455 -0.054796037293767058 -0.029455304605042185 0.012372038627614313 0.032268557180934319 -0.096216803290809269 -0.0044786860991963238 0.192545539217338 0.070985832820194661 0.071289501213426185 -0.085718506028266167 0.089530964990233358 0.093559480077690729 0.074299417231649914 -0.016422741360358237
leaf_weight=86.325422376394272 4.6972931027412406 94.804179683327675 74.392581135034561 19.888904079794884 53.491652369499207 17.254867106676102 26.160058185458187 119.21463191509247 45.388600438833237 23.26820507645607 27.233681559562683 70.52441143989563 12.552358105778692 6.5820734351873389 14.640631943941115 11.847571328282354 17.900997340679169 14.804917126893995 10.833079531788824 5.8421044051647204 5.4153786301612845 7.4466211497783652 4.8290866613388062 6.3171254843473426 5.4331944584846488 27.415037512779236 45.185070976614952 10.812157958745958 21.65189316868782 12.666015908122061
leaf_count=490 23 459 315 97 308 91 140 770 250 110 169 436 65 32 64 68 106 84 51 29 29 37 24 33 30 168 213 50 104 61
internal_value=-0.000626173 -0.0398314 0.0497699 0.0192647 0.00141321 0.096834 0.0464713 -0.0746197 0.0294182 0.121074 -0.0353953 -0.0526285 0.0411186 0.0649275 0.0738762 0.00245606 -0.00785569 0.0163642 0.0698186 0.017711 -0.00648818 0.059885 0.104799 -0.0126955 -0.0230971 -0.0511802 0.062724 0.0421511 0.0685028 0.0408158
internal_weight=904.82 508.914 395.906 240.21 232.85 155.695 160.382 276.064 151.943 108.494 79.8285 156.85 47.2015 34.6491 98.8409 61.5408 52.5948 34.6938 34.1013 49.6932 31.5754 18.1178 10.6712 57.1389 50.8218 80.9067 84.2003 28.067 79.503 34.3179
internal_count=4906 2944 1962 1248 1248 714 792 1696 772 476 456 926 238 173 465 327 287 181 161 259 169 90 53 313 280 476 401 141 378 165
is_linear=0
shrinkage=0.1


Tree=4
num_leaves=31
num_cat=0
split_feature=15 14 9 16 9 16 9 14 16 14 16 26 14 135 8 10 13 21 61 16 113 113 1 0 0 35 84 26 42 21
split_gain=145.657 63.4911 44.9704 29.9698 28.2093 18.9305 16.6905 16.4697 12.7717 9.7718 7.84152 7.68063 7.98977 5.38553 5.32128 5.04042 4.98506 4.90349 4.66296 4.47996 4.37433 4.34208 4.29903 4.99573 7.48555 8.17738 3.90511 4.17897 5.74745 4.04173
threshold=1.0000000180025095e-35 1.0000000180025095e-35 1.0000000180025095e-35 1.0000000180025095e-35 1.0000000180025095e-35 1.0000000180025095e-35 1.0000000180025095e-35 1.0000000180025095e-35 1.0000000180025095e-35 1.0000000180025095e-35 1.0000000180025095e-35 1.0000000180025095e-35 1.0000000180025095e-35 1.0000000180025095e-35 1.0000000180025095e-35 1.0000000180025095e-35 1.0000000180025095e-35 1.0000000180025095e-35 1.0000000180025095e-35 1.0000000180025095e-35 1.0000000180025095e-35 1.0000000180025095e-35 0.90113317966461193 15.683778285980226 13.813826084136965 1.0000000180025095e-35 1.0000000180025095e-35 1.0000000180025095e-35 1.0000000180025095e-35 1.0000000180025095e-35
decision_type=2 2 2 2 2 2 2 2 2 2 2 2 2 2 2 2 2 2 2 2 2 2 2 2 2 2 2 2 2 2
left_child=1 6 3 7 8 9 10 13 22 16 21 14 -13 26 -5 -16 17 -4 -11 -6 -10 -1 23 24 25 -3 27 28 -2 -29
right_child=2 4 5 11 19 -7 -8 -9 20 18 -12 12 -14 -15 15 -17 -18 -19 -20 -21 -22 -23 -24 -25 -26 -27 -28 29 -30 -31
leaf_value=-0.034351247956871604 0.059720325903058216 0.076484300238140179 0.0013591952582132612 -0.043867992190459115 -0.030731150900755629 -0.064231161914340001 -0.099860099707735475 0.12617286231041019 -0.019224653548167825 0.034067216201783837 -0.074454742944750824 0.01681973416739958 0.094016073482890927 0.11967999029429709 -0.010264380306061751 0.10292163347456942 -0.050993911056254254 0.12071069471844903 0.11037970594921441 -0.081466986909154437 0.089005596613490501 0.06237039834752435 -0.046600115474211591 0.12389053768352076 -0.027625025108022717 -0.0029910535350124541 -0.016620997663749939 0.069898404247987697 -0.032717616973951251 0.15898666082638763
leaf_weight=79.930352121591568 25.462179467082024 54.369570150971413 31.007517024874687 22.431973665952682 52.501074373722076 38.149616584181786 111.65424212813377 76.582964211702347 52.71748648583889 22.592276200652122 67.237730503082275 36.170666441321373 21.303970918059349 15.16384646296501 11.02268695831299 6.118279054760932 17.342160493135452 3.8721752911806098 12.402702227234839 26.033909440040588 4.0190437734127036 4.927553415298461 4.5603348910808554 8.9431157708168012 12.058887913823126 16.992680162191391 6.9853070080280295 38.716853678226471 9.1410414874553663 5.8637009710073462
leaf_count=466 117 256 161 122 308 234 770 315 292 104 436 190 101 64 57 30 106 20 57 168 21 24 24 42 57 80 33 180 44 27
internal_value=-0.000709356 -0.0369284 0.0441604 0.0667916 0.00120519 -0.00547609 -0.0704999 0.0911747 0.0261235 0.020224 -0.0489465 0.0220903 0.0454339 0.0647247 -0.0118132 0.0301361 -0.00717681 0.014609 0.0611134 -0.0475498 -0.011558 -0.0287348 0.048181 0.0528606 0.0452459 0.0575597 0.0550537 0.0613766 0.0353012 0.0816162
internal_weight=896.276 495.946 400.33 274.963 232.196 125.366 263.75 177.916 153.661 87.2168 152.096 97.0476 57.4746 101.333 39.5729 17.141 52.2219 34.8797 34.995 78.535 56.7365 84.8579 96.9246 92.3643 83.4211 71.3623 86.1691 79.1838 34.6032 44.5806
internal_count=4906 2944 1962 1280 1248 682 1696 780 772 448 926 500 291 465 209 87 287 181 161 476 313 490 459 435 393 336 401 368 161 207
is_linear=0
shrinkage=0.1


Tree=5
num_leaves=31
num_cat=0
split_feature=15 14 14 9 9 9 16 16 16 16 9 16 61 0 53 1 8 0 135 78 13 6 81 67 39 54 49 0 16 6
split_gain=119.091 55.1192 35.7373 23.4788 23.2069 15.8332 11.9402 11.8711 10.0803 9.38395 8.16536 7.0451 5.36847 5.57506 4.89394 4.31103 4.25739 4.20409 4.2153 4.21796 4.15134 4.32731 4.32726 4.82688 4.21278 7.21869 4.05346 4.15138 4.04964 4.02595
threshold=1.0000000180025095e-35 1.0000000180025095e-35 1.0000000180025095e-35 1.0000000180025095e-35 1.0000000180025095e-35 1.0000000180025095e-35 1.0000000180025095e-35 1.0000000180025095e-35 1.0000000180025095e-35 1.0000000180025095e-35 1.0000000180025095e-35 1.0000000180025095e-35 1.0000000180025095e-35 10.310746192932131 1.0000000180025095e-35 0.18290363997220996 1.0000000180025095e-35 9.0047912597656268 1.0000000180025095e-35 1.0000000180025095e-35 1.0000000180025095e-35 1.0000000180025095e-35 1.0000000180025095e-35 1.0000000180025095e-35 1.0000000180025095e-35 1.0000000180025095e-35 1.0000000180025095e-35 12.992471218109133 1.0000000180025095e-35 1.0000000180025095e-35
decision_type=2 2 2 2 2 2 2 2 2 2 2 2 2 2 2 2 2 2 2 2 2 2 2 2 2 2 2 2 2 2
left_child=1 5 3 6 8 11 15 10 -3 20 -4 -1 13 -9 29 17 -15 18 19 -2 21 24 23 -23 25 -5 27 -12 -6 -8
right_child=2 4 7 9 28 -7 14 12 -10 -11 26 -13 -14 16 -16 -17 -18 -19 -20 -21 -22 22 -24 -25 -26 -27 -28 -29 -30 -31
leaf_value=-0.026335332603270745 0.025544052533012469 0.04251855072053181 0.11152309803262433 0.14026091559702344 -0.028173273619421346 -0.096361084658859994 -0.0068424390580068307 0.019291088894339115 -0.010491803141323116 -0.081346294198634428 0.057018659213342829 -0.070408038198488343 -0.022640703220927198 0.059475529503560803 -0.057576076807463843 0.033280567548869454 0.16872419030536692 0.13115938376538644 0.10509981718504231 0.1195891433906312 -0.047389785156801117 0.10135992488884776 -0.095767902960279469 -0.047599762004946262 -0.038944749906552896 0.0039622985518270124 0.10767027711887196 -0.033802096013034612 -0.077389777758595193 0.051798542867759381
leaf_weight=83.446097850799561 27.3482356518507 98.637120336294174 77.89874866604805 7.3347503542900094 51.5905841588974 104.50940236449242 31.594205722212791 20.274944722652435 56.373130902647972 24.771747305989265 18.820675730705265 64.155286312103271 12.382362529635428 9.849355071783064 11.445211559534071 43.892391234636307 5.5924399197101584 10.763510584831236 15.519561141729353 5.7763102054595938 16.822919130325317 3.7666288167238218 5.7778061479330054 5.1491469144821167 4.8157995641231528 8.2635898888111115 10.038300156593321 6.8701348006725302 24.733518362045288 18.599908962845802
leaf_count=490 124 459 315 34 308 770 169 100 313 169 85 436 65 48 68 205 25 47 64 25 106 19 33 32 23 40 45 31 168 90
internal_value=-0.000760863 -0.0342343 0.0393577 0.0150068 0.00101522 -0.0665789 0.0362634 0.0757412 0.0232401 -0.030703 0.0933683 -0.0454916 0.0340995 0.0537703 0.00143247 0.0570471 0.0990413 0.0746067 0.0620933 0.0419438 -0.00654535 0.0130265 -0.0283553 0.0153309 0.0428121 0.0680535 0.0537861 0.0327317 -0.0441223 0.0148875
internal_weight=886.814 483.445 403.369 241.642 231.334 252.111 164.939 161.727 155.01 76.7024 113.628 147.601 48.0991 35.7167 61.6393 103.3 15.4418 59.4076 48.6441 33.1245 51.9306 35.1077 14.6936 8.91578 20.4141 15.5983 35.7291 25.6908 76.3241 50.1941
internal_count=4906 2944 1962 1248 1248 1696 792 714 772 456 476 926 238 173 327 465 73 260 213 149 287 181 84 51 97 74 161 116 476 259
is_linear=0
shrinkage=0.1


Tree=6
num_leaves=31
num_cat=0
split_feature=15 14 9 9 16 9 16 14 16 113 16 81 14 14 61 21 0 53 128 139 0 83 0 44 61 16 113 86 42 13
split_gain=97.5287 47.7873 28.9348 19.113 18.1711 15.0158 13.7578 10.7493 7.99029 6.87751 6.32087 6.23052 4.9208 4.8139 4.66751 4.63015 4.36208 4.28059 4.01249 4.45172 3.99129 4.46262 5.71856 3.96683 3.78688 3.65066 3.57627 3.54231 3.52747 4.37685
threshold=1.0000000180025095e-35 1.0000000180025095e-35 1.0000000180025095e-35 1.0000000180025095e-35 1.0000000180025095e-35 1.0000000180025095e-35 1.0000000180025095e-35 1.0000000180025095e-35 1.0000000180025095e-35 1.0000000180025095e-35 1.0000000180025095e-35 1.0000000180025095e-35 1.0000000180025095e-35 1.0000000180025095e-35 1.0000000180025095e-35 1.0000000180025095e-35 5.5947980880737314 1.0000000180025095e-35 1.0000000180025095e-35 1.0000000180025095e-35 14.109513759613039 1.0000000180025095e-35 5.5947980880737314 1.0000000180025095e-35 1.0000000180025095e-35 1.0000000180025095e-35 1.0000000180025095e-35 1.0000000180025095e-35 1.0000000180025095e-35 1.0000000180025095e-35
decision_type=2 2 2 2 2 2 2 2 2 2 2 2 2 2 2 2 2 2 2 2 2 2 2 2 2 2 2 2 2 2
left_child=1 5 4 8 7 10 11 23 -3 13 26 12 15 17 16 -4 -15 -6 19 -10 21 22 -13 -2 -23 -5 -1 -12 -25 -30
right_child=2 3 6 25 9 -7 -8 -9 18 -11 27 20 -14 14 -16 -17 -18 -19 -20 -21 -22 24 -24 28 -26 -27 -28 -29 29 -31
leaf_value=-0.029385919371221744 -0.038556024482743603 0.037650543386638882 -0.0045727658005685094 -0.02579622352276217 0.0077227649315326601 -0.093009615113751845 -0.057589772650538919 0.099467464303667097 -0.029798721936771012 0.13792041620817083 -0.073043536701730472 0.044237298495701224 0.072894541862489309 0.00035265532266075299 -0.024961381353566701 0.10496776048302543 0.088217892026034112 -0.061732769635764378 0.064630561066474787 0.065155067931066221 -0.09851093952599542 0.00097985617576321874 -0.072418235162230823 0.0641079198751308 0.12351302422241228 -0.073458508190430774 0.057867022197842656 0.021940926194320781 -0.030480531012624313 0.063622808216533544
leaf_weight=77.210097908973694 4.7696168869733802 100.16456796228886 26.32674261927605 50.755647242069244 47.652210026979446 97.797139883041382 35.601959034800529 78.564409241080284 44.04023414850235 4.5724257081747046 57.061963975429535 6.403941527009013 22.611366644501686 8.0855273306369799 8.0744976401329023 4.5214516520500174 18.758548825979233 10.903812900185583 6.4605317562818518 5.5609084963798514 5.1269400864839545 6.4347746372222918 12.222392588853834 80.277654320001602 4.1480307579040527 23.515779376029968 5.0018581151962271 4.2164012789726248 9.8054066896438599 9.9661351889371872
leaf_count=466 23 459 147 308 245 770 234 315 250 22 406 32 98 38 42 24 86 67 33 30 27 34 65 349 21 168 24 30 47 46
internal_value=-0.00078835 -0.031686 0.0352197 0.000876533 0.0529225 -0.0627924 -0.00515482 0.0715024 0.0207313 0.0181714 -0.0421976 0.016108 0.0374576 0.0123138 0.041701 0.0114827 0.0617526 -0.00521066 -0.009498 -0.0191532 -0.0171321 -0.00284808 -0.0323108 0.0505418 0.0490079 -0.040887 -0.0240774 -0.0665079 0.0547894 0.0169536
internal_weight=876.613 471.785 404.828 230.498 281.43 241.287 123.398 183.383 156.226 98.047 143.49 87.7956 53.4596 93.4746 34.9186 30.8482 26.8441 58.556 56.0617 49.6011 34.3361 29.2091 18.6263 104.819 10.5828 74.2714 82.212 61.2784 100.049 19.7715
internal_count=4906 2944 1962 1248 1280 1696 682 780 772 500 926 448 269 478 166 171 124 312 313 280 179 152 97 465 55 476 490 436 442 93
is_linear=0
shrinkage=0.1


Tree=7
num_leaves=31
num_cat=0
split_feature=15 14 14 9 9 9 16 16 16 16 16 9 26 93 42 81 113 11 0 68 7 6 0 104 82 139 79 7 13 6
split_gain=79.9789 41.3572 23.5432 15.9759 15.735 14.1818 7.48391 7.3969 7.38254 6.3651 5.64355 5.36084 4.64299 4.57971 3.61922 3.61262 3.52916 3.53296 5.04316 3.51623 4.15342 4.74956 5.30973 3.49705 3.42502 5.51025 3.47571 3.38783 3.37354 3.48242
threshold=1.0000000180025095e-35 1.0000000180025095e-35 1.0000000180025095e-35 1.0000000180025095e-35 1.0000000180025095e-35 1.0000000180025095e-35 1.0000000180025095e-35 1.0000000180025095e-35 1.0000000180025095e-35 1.0000000180025095e-35 1.0000000180025095e-35 1.0000000180025095e-35 1.0000000180025095e-35 1.0000000180025095e-35 1.0000000180025095e-35 1.0000000180025095e-35 1.0000000180025095e-35 1.0000000180025095e-35 15.305954456329347 1.0000000180025095e-35 1.0000000180025095e-35 1.0000000180025095e-35 6.9705681800842294 1.0000000180025095e-35 1.0000000180025095e-35 1.0000000180025095e-35 1.0000000180025095e-35 1.0000000180025095e-35 1.0000000180025095e-35 1.0000000180025095e-35
decision_type=2 2 2 2 2 2 2 2 2 2 2 2 2 2 2 2 2 2 2 2 2 2 2 2 2 2 2 2 2 2
left_child=1 5 3 6 9 10 -2 11 28 24 -1 -4 15 -12 -14 -9 17 18 -11 20 21 -8 -23 -6 25 -3 -26 -13 29 -5
right_child=2 4 7 8 23 -7 19 12 -10 16 13 27 14 -15 -16 -17 -18 -19 -20 -21 -22 22 -24 -25 26 -27 -28 -29 -30 -31
leaf_value=-0.022019046008909256 0.044886499934642929 0.035031685881891199 0.089294067263203228 0.037677446760546129 -0.042580173621734135 -0.089768379386809566 0.0045677752206189776 0.02005009433221696 -0.0746346718196301 -0.0095737722568138006 -0.068900765598249814 0.0633691353202296 0.036783357387203577 0.064433642207804245 0.12867676563465771 -0.0726460758819472 0.080238154964396111 -0.049085250816794164 0.11485206245954521 -0.049549354811408278 -0.024670569033492577 0.020377254695920007 0.15501656717717155 0.064004702961868595 0.14844485948328051 -0.046804004958376527 0.039610499725217276 -0.0023679735591578804 -0.043660389280100104 -0.026357532953143577
leaf_weight=81.010576367378235 106.10769756138325 80.063594192266464 78.749896734952927 20.700969010591507 69.150450557470322 91.522365510463715 19.619997054338455 12.811933070421221 22.592013329267502 28.221868455410007 55.906873092055321 25.303597748279572 24.483314797282222 2.700478568673133 5.1954238414764395 6.2579500675201407 4.1359630525112143 19.68258062005043 3.6825346052646628 11.229261651635168 18.910036221146584 6.1033606529235858 5.6318357586860657 3.2217186391353598 4.8826875090599042 9.170231953263281 7.3537082970142365 11.359039112925528 16.287089020013809 14.400736331939695
leaf_count=490 465 362 315 97 454 770 106 63 169 160 417 110 118 19 23 34 21 111 21 66 99 29 27 22 21 43 33 51 106 84
internal_value=-0.000803068 -0.0293152 0.0315713 0.0117146 0.00074887 -0.0591745 0.0287997 0.060793 -0.0269915 0.0185132 -0.0391196 0.0745887 0.0281315 -0.0627571 0.0528698 -0.010369 -0.00864106 -0.0157669 0.00478796 0.00104226 0.0123444 0.0346679 0.084992 -0.0378354 0.0334251 0.0266217 0.0830387 0.0430021 -0.00604624 0.0114066
internal_weight=866.45 460.706 405.744 241.583 229.565 231.14 167.602 164.161 73.9808 157.193 139.618 115.413 48.7486 58.6074 29.6787 19.0699 55.7229 51.587 31.9044 61.4945 50.2652 31.3552 11.7352 72.3722 101.47 89.2338 12.2364 36.6626 51.3888 35.1017
internal_count=4906 2944 1962 1248 1248 1696 792 714 456 772 926 476 238 436 141 97 313 292 181 327 261 162 56 476 459 405 54 161 287 181
is_linear=0
shrinkage=0.1


Tree=8
num_leaves=31
num_cat=0
split_feature=15 14 9 9 9 14 16 16 86 16 16 81 16 40 11 99 26 8 93 133 61 16 0 0 0 0 83 0 78 128
split_gain=65.6598 35.6791 18.9894 13.3643 12.9344 11.6633 9.97952 5.94756 5.60272 5.09305 5.03139 4.99322 4.76198 4.48373 5.77514 5.4034 4.16543 4.45342 3.89524 3.72291 5.56472 3.42444 3.48748 3.51792 3.8675 3.38955 3.57899 4.65037 3.35605 3.32771
threshold=1.0000000180025095e-35 1.0000000180025095e-35 1.0000000180025095e-35 1.0000000180025095e-35 1.0000000180025095e-35 1.0000000180025095e-35 1.0000000180025095e-35 1.0000000180025095e-35 1.0000000180025095e-35 1.0000000180025095e-35 1.0000000180025095e-35 1.0000000180025095e-35 1.0000000180025095e-35 1.0000000180025095e-35 1.0000000180025095e-35 1.0000000180025095e-35 1.0000000180025095e-35 1.0000000180025095e-35 1.0000000180025095e-35 1.0000000180025095e-35 1.0000000180025095e-35 1.0000000180025095e-35 7.8836412429809579 10.513347148895265 13.813826084136965 14.109513759613039 1.0000000180025095e-35 5.5947980880737314 1.0000000180025095e-35 1.0000000180025095e-35
decision_type=2 2 2 2 2 2 2 2 2 2 2 2 2 2 2 2 2 2 2 2 2 2 2 2 2 2 2 2 2 2
left_child=1 3 5 10 9 7 11 -2 12 28 -1 13 -7 15 -15 19 17 -14 -12 20 -4 -6 -23 -24 -25 26 27 -13 -3 -11
right_child=2 4 6 -5 21 8 -8 -9 -10 29 18 25 16 14 -16 -17 -18 -19 -20 -21 -22 22 23 24 -26 -27 -28 -29 -30 -31
leaf_value=-0.020086434533558174 0.039913956359874526 0.024758155126392473 -0.047728336936092727 -0.086607592855743598 -0.02020250686429852 0.075751541936957503 -0.05132818884785393 0.00088312540992063759 0.15284241058128245 -0.016875785257036664 -0.065198328385502644 0.036540320939877823 -0.054826034834038695 0.15257533387747432 0.0041379720141060655 0.095531479307151723 0.057781820746412409 0.06779351238573067 0.055489374414490582 0.061142261483830146 0.046842208998533502 -0.11815209563247005 0.06526871829105256 -0.11811732843261143 0.0025538642828194023 -0.094099724399992327 0.041495236976637352 -0.068539294276366999 0.095356635921532706 0.058822943067222938
leaf_weight=79.98092782497406 107.32487262785435 95.243992075324059 18.473069563508034 85.680908486247063 48.834836333990097 73.595538884401321 33.353445261716843 61.363025024533272 7.1236920952796927 48.845388412475586 53.31114998459816 6.5475561916828182 8.7487138062715513 6.1833659112453443 4.5495591014623642 7.3582646995782843 21.864199072122574 4.4779654890298835 2.815523386001586 8.1017231345176679 9.3820428252220172 8.4477214366197604 2.7264191210269919 5.7115703523159009 4.9645699113607407 4.8947826027870169 10.803407758474352 11.805180847644804 7.2457018792629233 6.5908086448907843
leaf_count=490 465 427 93 770 308 295 234 327 29 280 417 32 47 29 22 36 97 20 19 40 49 65 21 44 38 27 55 65 32 33
internal_value=-0.000805567 -0.0270938 0.0283611 -0.0556689 0.000628443 0.0424924 -0.00474098 0.0257158 0.066929 0.0165418 -0.0361927 0.0128965 0.0612979 0.0317929 0.0896545 0.0174556 0.0309845 -0.0133125 -0.0591442 0.00147801 -0.0158755 -0.0349254 -0.0678308 -0.036113 -0.0620034 -0.0170972 -0.00416993 -0.0310509 0.0297492 -0.00787596
internal_weight=856.35 450.4 405.95 221.789 228.611 284.498 121.452 168.688 115.81 157.926 136.108 88.099 108.686 54.048 10.7329 43.3151 35.0909 13.2267 56.1267 35.9568 27.8551 70.6851 21.8503 13.4026 10.6761 34.0509 29.1561 18.3527 102.49 55.4362
internal_count=4906 2944 1962 1696 1248 1280 682 792 488 772 926 448 459 269 51 218 164 67 436 182 142 476 168 103 82 179 152 97 459 313
is_linear=0
shrinkage=0.1


Tree=9
num_leaves=31
num_cat=0
split_feature=15 14 14 9 9 9 16 113 16 16 16 6 97 0 81 8 9 1 53 22 13 0 93 21 10 16 0 26 135 0
split_gain=53.9078 30.7039 16.3345 12.5428 11.2478 10.6666 5.6549 5.11798 5.11811 4.879 4.46763 4.16758 6.68997 5.46491 3.39934 4.7835 3.39723 3.39141 3.36838 3.39847 3.36769 5.85954 3.32059 3.10625 3.96573 3.06786 3.32394 3.0638 3.00951 3.92496
threshold=1.0000000180025095e-35 1.0000000180025095e-35 1.0000000180025095e-35 1.0000000180025095e-35 1.0000000180025095e-35 1.0000000180025095e-35 1.0000000180025095e-35 1.0000000180025095e-35 1.0000000180025095e-35 1.0000000180025095e-35 1.0000000180025095e-35 1.0000000180025095e-35 1.0000000180025095e-35 4.0835044384002694 1.0000000180025095e-35 1.0000000180025095e-35 1.0000000180025095e-35 -0.53289222717285145 1.0000000180025095e-35 1.0000000180025095e-35 1.0000000180025095e-35 10.120465755462648 1.0000000180025095e-35 1.0000000180025095e-35 1.0000000180025095e-35 1.0000000180025095e-35 7.8836412429809579 1.0000000180025095e-35 1.0000000180025095e-35 5.405886411666871
decision_type=2 2 2 2 2 2 2 2 2 2 2 2 2 2 2 2 2 2 2 2 2 2 2 2 2 2 2 2 2 2
left_child=1 3 4 10 7 11 -6 8 28 16 -1 23 13 -13 17 -16 -4 -11 19 20 -10 -22 -12 24 -3 -7 -27 -25 -2 -30
right_child=2 5 9 -5 6 25 -8 -9 18 14 22 12 -14 -15 15 -17 -18 -19 -20 -21 21 -23 -24 27 -26 26 -28 -29 29 -31
leaf_value=-0.018304426077216596 0.025199977644340732 0.012630693212034395 0.07288819238657461 -0.083503672895869047 -0.0063732980994400459 -0.018419412849134242 -0.068327209399411129 0.098214919927951866 -0.0050053011871506597 -0.043081082165440654 -0.061601677749780641 0.094075264195759276 0.13846938623223853 0.011433888552610225 -0.052211208488234288 0.057193142921604934 0.036139985156832886 0.055211404420668422 -0.056395883621750867 -0.059549555178243854 0.099574764008386871 -0.029088742857615809 0.048130337845793354 -0.016525257397594494 -0.032620144831948888 -0.11612960306474163 -0.033548877408765103 0.086866206791632761 0.12849982730787726 0.027191313075691725
leaf_weight=79.042185425758362 87.527592808008194 46.565141052007675 78.162125051021576 80.262098088860512 51.173952773213387 48.238770365715027 20.689259201288223 8.5868885368108732 25.623779803514481 4.0178344100713757 50.908991888165474 9.4708551764488202 5.5983959287405005 51.587225943803787 10.964390277862551 6.2886544913053504 37.096135079860687 27.786764934659004 10.368433624505995 6.7023437917232505 10.006936818361281 5.4768157899379721 2.9156472980976096 4.5947644710540754 33.158593475818634 7.7700745910406139 13.077580720186232 7.6180487275123596 6.9926478564739218 8.439984202384947
leaf_count=490 380 230 315 770 287 308 169 38 131 20 417 44 27 250 61 27 161 130 67 36 50 28 19 22 163 65 103 36 28 34
internal_value=-0.000800346 -0.0250131 0.0254945 -0.0522911 0.00895045 0.000521575 -0.0242097 0.0229907 0.0189821 0.0498187 -0.0334363 0.0148074 0.0338455 0.0242526 0.0234063 -0.0123338 0.0610607 0.0427942 -0.00472665 0.00647875 0.0172443 0.0540647 -0.0556576 0.00100431 -0.00618998 -0.0322727 -0.0643273 0.0479678 0.0323789 0.073095
internal_weight=846.713 440.808 405.905 213.129 241.589 227.679 71.8632 169.725 161.139 164.316 132.867 158.593 66.6565 61.0581 49.0576 17.253 115.258 31.8046 58.1783 47.8099 41.1075 15.4838 53.8246 91.9365 79.7237 69.0864 20.8477 12.2128 102.96 15.4326
internal_count=4906 2944 1962 1696 1248 1248 456 792 754 714 926 772 321 294 238 88 476 150 312 245 209 78 436 451 393 476 168 58 442 62
is_linear=0
shrinkage=0.1


Tree=10
num_leaves=31
num_cat=0
split_feature=15 14 14 9 9 9 16 6 0 61 78 56 82 26 0 16 16 16 61 81 0 24 0 49 68 54 9 26 139 26
split_gain=44.278 26.3637 13.2314 11.7188 9.14826 8.76889 4.95006 4.44804 7.57626 4.95882 4.80268 5.48888 4.17185 4.14033 4.86023 4.08957 4.02454 3.95011 3.67042 3.54586 3.43987 3.3175 3.42264 8.21611 4.42324 4.1959 3.78847 3.14294 3.13693 3.31821
threshold=1.0000000180025095e-35 1.0000000180025095e-35 1.0000000180025095e-35 1.0000000180025095e-35 1.0000000180025095e-35 1.0000000180025095e-35 1.0000000180025095e-35 1.0000000180025095e-35 10.444900512695314 1.0000000180025095e-35 1.0000000180025095e-35 1.0000000180025095e-35 1.0000000180025095e-35 1.0000000180025095e-35 14.867898464202883 1.0000000180025095e-35 1.0000000180025095e-35 1.0000000180025095e-35 1.0000000180025095e-35 1.0000000180025095e-35 15.132101058959963 1.0000000180025095e-35 15.727583885192873 1.0000000180025095e-35 1.0000000180025095e-35 1.0000000180025095e-35 1.0000000180025095e-35 1.0000000180025095e-35 1.0000000180025095e-35 1.0000000180025095e-35
decision_type=2 2 2 2 2 2 2 2 2 2 2 2 2 2 2 2 2 2 2 2 2 2 2 2 2 2 2 2 2 2
left_child=1 3 4 17 7 15 -6 10 12 20 13 -12 -9 18 -15 -3 21 -1 19 -2 -10 -4 24 -24 26 -26 -23 -18 29 -17
right_child=2 5 16 -5 6 -7 -8 8 9 -11 11 -13 -14 14 -16 28 27 -19 -20 -21 -22 22 23 -25 25 -27 -28 -29 -30 -31
leaf_value=-0.016664065788219943 -0.086826656210468811 0.024946714648607132 0.12421615212290059 -0.080438319413583426 -0.0057550133599079895 -0.029753150227895514 -0.064780502950543842 0.055585524305916061 -0.065998504058403143 0.05493108541080427 0.14938751300116584 -0.0032129366343827087 0.15601109728251394 0.0062788806844712572 0.097530627279383678 -0.048730223762071916 -0.011137204910498858 -0.052291610497447676 0.011551198539871424 -0.0047916240027837806 0.023837392236477253 0.063426902978481151 -0.090372661097450624 0.072832697366098959 0.041749995326443572 0.16045773614499428 0.017471534374943157 0.040827518881964071 0.058599161939529854 0.0041468879845830905
leaf_weight=78.187485873699188 12.544328570365906 103.81320396065712 6.5476185679435721 75.250628143548965 51.013489589095116 67.602313123643398 19.692583024501801 37.620241448283195 11.184694424271585 10.391561791300775 4.8259243816137296 4.6074176728725433 4.6475937366485587 46.385688498616219 6.6769736856222144 19.813765242695808 18.86114864051342 51.695449873805046 15.36438140273094 9.0847713351249695 6.886666774749755 57.394041523337364 5.4612443000078184 7.08797986805439 4.9579599499702436 7.4546383768320084 26.094752460718155 30.396666824817657 6.1639095395803443 29.592779994010925
leaf_count=490 62 459 27 770 287 476 169 162 54 47 22 22 20 219 31 114 97 436 75 45 33 233 23 29 21 31 112 141 32 167
internal_value=-0.000786968 -0.0230547 0.0229612 -0.0490373 0.00804021 0.000426481 -0.0221944 0.0205991 0.0397709 -0.000112186 0.00696911 0.0748546 0.0666279 -0.00014187 0.0177613 0.0132271 0.0448468 -0.0308444 -0.0258217 -0.0523699 -0.0317637 0.0550913 0.0509179 0.00180804 0.0573442 0.113042 0.0490634 0.0209299 -0.00866668 -0.0170587
internal_weight=837.302 432.12 405.182 205.134 240.926 226.986 70.7061 170.22 70.7308 28.4629 99.4895 9.43334 42.2678 90.0561 53.0627 159.384 164.256 129.883 36.9935 21.6291 18.0714 114.998 108.451 12.5492 95.9014 12.4126 83.4888 49.2578 55.5705 49.4065
internal_count=4906 2944 1962 1696 1248 1248 456 792 316 134 476 44 182 432 250 772 714 926 182 107 87 476 449 52 397 52 345 238 313 281
is_linear=0
shrinkage=0.1


Tree=11
num_leaves=31
num_cat=0
split_feature=15 14 9 14 9 9 16 135 13 113 16 11 67 113 54 9 86 81 7 8 49 36 52 0 0 16 104 1 138 6
split_gain=36.3297 22.578 10.9033 10.7581 7.43019 7.19553 4.31903 3.99986 4.87386 3.94658 3.99043 3.89435 3.85254 3.81028 5.35135 3.49009 4.44452 3.442 4.41546 3.29248 7.9275 7.02332 6.47605 4.2202 3.60166 3.28782 3.10353 3.09674 3.08719 5.10315
threshold=1.0000000180025095e-35 1.0000000180025095e-35 1.0000000180025095e-35 1.0000000180025095e-35 1.0000000180025095e-35 1.0000000180025095e-35 1.0000000180025095e-35 1.0000000180025095e-35 1.0000000180025095e-35 1.0000000180025095e-35 1.0000000180025095e-35 1.0000000180025095e-35 1.0000000180025095e-35 1.0000000180025095e-35 1.0000000180025095e-35 1.0000000180025095e-35 1.0000000180025095e-35 1.0000000180025095e-35 1.0000000180025095e-35 1.0000000180025095e-35 1.0000000180025095e-35 1.0000000180025095e-35 1.0000000180025095e-35 13.030800819396974 4.7556469440460214 1.0000000180025095e-35 1.0000000180025095e-35 -0.48695717751979822 1.0000000180025095e-35 1.0000000180025095e-35
decision_type=2 2 2 2 2 2 2 2 2 2 2 2 2 2 2 2 2 2 2 2 2 2 2 2 2 2 2 2 2 2
left_child=1 2 7 4 9 25 -6 13 12 10 -2 -10 -9 -1 -15 16 -5 -17 -19 20 22 23 27 24 -21 -3 -7 -12 -4 -30
right_child=3 5 28 15 6 26 -8 8 11 -11 19 -13 -14 14 -16 17 -18 18 -20 21 -22 -23 -24 -25 -26 -27 -28 -29 29 -31
leaf_value=-0.040438447098444998 0.026641549577222631 0.022278752028517489 -0.082728376355002228 0.044982346110354857 -0.0051951051904088495 -0.032150505811397077 -0.06131731965376646 -0.12075920672493252 0.12261465284328812 0.083505811902648164 -0.015447435084944944 -0.019998827516490746 0.014035419632903487 0.12183516889488584 -0.05057582133067326 0.037899783503968922 0.12724048482740311 0.013297100293843173 -0.099174302461406849 0.031396354500206329 -0.10337895510123235 0.13748268461397986 -0.088285051461395064 0.080483059317872072 -0.065395849225767022 -0.0078741081303069643 0.069806652451087123 0.06915632625150829 0.10666496630274006 -0.11137864315832308
leaf_weight=102.41318535804749 103.72517976164818 104.57767529785633 66.317007467150688 107.58470982313156 50.868407219648361 63.169343546032906 18.773126624524593 3.297817587852478 5.3344099819660187 8.8373814076185209 7.3828758001327541 2.9868828654289246 5.9383871555328369 3.5667472481727591 3.6349088996648788 31.773024201393127 6.99562844634056 12.896145239472391 4.7859037816524497 6.3520177304744818 9.5947576314210874 4.3066214174032202 5.7036890387535086 4.7051767706871024 9.7378529757261258 55.275742560625076 3.1336271464824668 10.450289085507395 2.2931192070245734 2.0179449021816254
leaf_count=752 442 459 723 459 287 454 169 24 39 38 38 22 44 23 22 140 29 62 24 31 52 22 38 27 51 313 22 53 25 22
internal_value=-0.000763046 -0.0212175 -0.0458934 0.0206767 0.00720598 0.000364503 -0.0203239 -0.0283966 0.0159162 0.0184312 0.0148803 0.0714243 -0.0340934 -0.0354944 0.0348138 0.0404216 0.0500046 0.0182192 -0.0171449 -0.00606872 -0.0267657 0.0212491 0.00446562 -0.00282269 -0.0271839 0.0118522 -0.0273318 0.0341306 -0.0773978 0.004602
internal_weight=828.43 423.957 197.8 404.473 240.437 226.156 69.6415 127.172 17.5575 170.796 161.958 8.32129 9.2362 109.615 7.20166 164.035 114.58 49.4551 17.682 58.2333 33.1316 25.1017 23.5369 20.795 16.0899 159.853 66.303 17.8332 70.6281 4.31106
internal_count=4906 2944 1696 1962 1248 1248 456 926 129 792 754 61 68 797 45 714 488 226 86 312 181 131 129 109 82 772 476 91 770 47
is_linear=0
shrinkage=0.1


Tree=12
num_leaves=31
num_cat=0
split_feature=15 14 9 16 9 14 9 135 1 5 21 99 45 7 53 26 95 99 82 16 78 11 6 97 0 6 41 42 26 67
split_gain=29.8026 19.3167 10.0932 8.9679 5.90828 5.8251 5.74849 4.13196 5.20092 4.91465 3.82542 5.88464 4.30778 3.92859 4.10702 3.78911 4.5194 4.04393 4.01813 3.5704 3.55093 3.39024 3.21602 5.02784 4.32624 3.05324 7.16338 4.10391 3.35231 6.07287
threshold=1.0000000180025095e-35 1.0000000180025095e-35 1.0000000180025095e-35 1.0000000180025095e-35 1.0000000180025095e-35 1.0000000180025095e-35 1.0000000180025095e-35 1.0000000180025095e-35 -0.39508707821369166 1.0000000180025095e-35 1.0000000180025095e-35 1.0000000180025095e-35 1.0000000180025095e-35 1.0000000180025095e-35 1.0000000180025095e-35 1.0000000180025095e-35 1.0000000180025095e-35 1.0000000180025095e-35 1.0000000180025095e-35 1.0000000180025095e-35 1.0000000180025095e-35 1.0000000180025095e-35 1.0000000180025095e-35 1.0000000180025095e-35 4.0835044384002694 1.0000000180025095e-35 1.0000000180025095e-35 1.0000000180025095e-35 1.0000000180025095e-35 1.0000000180025095e-35
decision_type=2 2 2 2 2 2 2 2 2 2 2 2 2 2 2 2 2 2 2 2 2 2 2 2 2 2 2 2 2 2
left_child=1 2 19 5 22 7 15 10 21 -10 11 20 13 14 -13 18 17 -17 -5 25 -2 -9 -3 24 -24 27 28 -1 -27 -30
right_child=3 4 -4 6 -6 -7 -8 8 9 -11 -12 12 -14 -15 -16 16 -18 -19 -20 -21 -22 -23 23 -25 -26 26 -28 -29 29 -31
leaf_value=-0.047834676450115673 -0.012493697846893312 -0.0015060224298400926 -0.074400326991928264 -0.028400657858337525 -0.025087516788295974 0.04613947489566865 -0.041604009402650244 0.15461667099491722 -0.042649635876668847 0.084539270651934006 0.05306767457373171 0.085604603250525255 -0.036597971096737306 0.12770612918128052 -0.029692083485122384 0.021932096100065052 -0.075251382248687437 0.10554071805850165 0.065447460623435011 -0.047257523945650359 0.072536888651288253 0.042688993071462622 0.079747802352011843 0.11542750421169273 0.0073218926392579113 -0.010132344868813524 -0.12289988051422621 0.037934135370955531 0.14882458880230098 0.016477337649554218
leaf_weight=31.341055452823639 89.5374705940485 92.41366919875145 66.392463818192482 33.910825796425343 65.11586906760931 113.86719919741154 29.830216981470585 6.1677756458520907 7.1871560961008054 5.2625483721494675 17.88227342069149 6.9673610329628044 4.9110590666532508 7.0745506435632697 5.5510337948799133 49.565688073635101 4.2510905265808097 6.5493817627429953 5.2713643461465827 48.768214963376522 5.1962711364030829 4.8217626363039017 9.7957637608051282 5.8931899815797797 52.181767806410789 16.62208192050457 3.7902716547250739 6.7868521213531485 4.768715351819993 12.702145621180534
leaf_count=202 430 451 770 182 476 476 234 27 35 23 83 31 23 31 26 238 22 31 27 436 22 21 44 27 250 107 25 44 31 81
internal_value=-0.000752205 -0.0195177 -0.0429 0.0186066 0.000313769 0.028839 -0.00309745 0.0165697 0.0553704 0.0111137 0.00993716 0.0034688 0.0471492 0.0681408 0.0344786 0.00844126 0.0241593 0.0316903 -0.0157748 -0.0261393 -0.00782966 0.105507 0.0106331 0.0271619 0.0187691 -0.01259 0.00751665 -0.0325676 0.0220157 0.0526019
internal_weight=820.377 416.572 191.172 403.805 225.4 274.426 129.379 160.559 23.4392 12.4497 137.12 119.238 24.504 19.5929 12.5184 99.5484 60.3662 56.1151 39.1822 124.779 94.7337 10.9895 160.284 67.8707 61.9775 76.0111 37.8832 38.1279 34.0929 17.4709
internal_count=4906 2944 1696 1962 1248 1228 734 752 106 58 646 563 111 88 57 500 291 269 209 926 452 48 772 321 294 490 244 246 219 112
is_linear=0
shrinkage=0.1


Tree=13
num_leaves=31
num_cat=0
split_feature=15 14 9 9 12 237 153 9 5 7 14 0 0 16 16 8 10 39 13 54 0 6 132 68 0 135 13 130 12 113
split_gain=24.4524 16.4899 9.26817 7.82493 5.76212 5.57392 4.99461 5.04528 4.78421 7.774 10.038 6.73869 5.03653 4.35833 4.14881 4.6301 4.59616 4.76593 4.08364 4.56721 3.96254 3.80055 5.21161 3.58495 4.4476 3.40835 3.80475 3.63256 3.41502 4.43546
threshold=1.0000000180025095e-35 1.0000000180025095e-35 1.0000000180025095e-35 1.0000000180025095e-35 1.0000000180025095e-35 1.0000000180025095e-35 1.0000000180025095e-35 1.0000000180025095e-35 1.0000000180025095e-35 1.0000000180025095e-35 1.0000000180025095e-35 4.7556469440460214 9.9206023216247576 1.0000000180025095e-35 1.0000000180025095e-35 1.0000000180025095e-35 1.0000000180025095e-35 1.0000000180025095e-35 1.0000000180025095e-35 1.0000000180025095e-35 10.186173915863039 1.0000000180025095e-35 1.0000000180025095e-35 1.0000000180025095e-35 8.1492128372192401 1.0000000180025095e-35 1.0000000180025095e-35 1.0000000180025095e-35 1.0000000180025095e-35 1.0000000180025095e-35
decision_type=2 2 2 2 2 2 2 2 2 2 2 2 2 2 2 2 2 2 2 2 2 2 2 2 2 2 2 2 2 2
left_child=1 2 25 4 14 6 7 -3 -6 11 -11 -10 -13 18 -2 -16 17 -17 21 -20 -18 22 -5 24 -21 28 27 -27 29 -1
right_child=3 5 -4 13 8 -7 -8 -9 9 10 -12 12 -14 -15 15 16 20 -19 19 23 -22 -23 -24 -25 -26 26 -28 -29 -30 -31
leaf_value=-0.02099009668817179 0.049219029556260244 0.010150295951615096 -0.071383074176158953 0.026428579179775868 0.023102244379958531 0.11930669900207946 -0.099140238887035534 -0.023738082863200491 -0.15579486175339333 -0.025130232394540732 0.15506250075587591 0.029504718549271426 -0.071026535500366944 -0.038540580996084726 -0.0046810024139251763 -0.013400702647465177 0.049920176601358154 0.10473991003634407 -0.071309387259143625 0.051112097117785207 0.17748817775768458 -0.011132050425499022 0.13966139880775655 0.084810402337255952 -0.073392936533175163 -0.11919580057464274 0.064386490517247194 0.01650128314427577 -0.049535619995834536 0.094722431121367204
leaf_weight=50.90403650701046 107.55081517994404 154.39733645319939 62.484115175902843 32.771967977285385 72.165530666708946 3.8658929765224448 5.1500035226345053 61.404258251190186 5.0926493853330639 8.358081325888632 4.9062636196613303 8.8484814465045947 11.408891081809996 29.02472635358572 39.060941226780415 12.869695723056795 5.8707085996866244 4.6478801667690268 12.226304933428766 5.0429527163505572 4.1606247127056122 23.072830721735954 4.6402114182710639 4.5592075437307349 6.6560313552618027 2.9715930968523026 8.5731500238180161 5.8689980059862137 50.649707622826099 3.5432508289813986
leaf_count=394 451 741 770 147 325 22 29 456 23 39 21 38 53 234 199 62 27 22 68 27 20 122 20 28 36 23 61 45 380 23
internal_value=-0.00072922 -0.0179284 -0.0400416 0.0167635 0.0257311 0.000267833 -0.00181494 0.000507685 0.00790082 -0.0205088 0.0415201 -0.0529653 -0.0271142 -0.00489206 0.0370726 0.0174605 0.0488544 0.0179452 0.00608518 -0.0251341 0.102831 0.0207874 0.0404728 0.00959015 -0.0197239 -0.0240565 0.0169199 -0.0291107 -0.030846 -0.0134599
internal_weight=812.747 409.812 184.995 402.935 284.941 224.817 220.952 215.802 110.78 38.6144 13.2643 25.35 20.2574 117.994 174.161 66.6099 27.5489 17.5176 88.9695 28.4845 10.0313 60.485 37.4122 16.2582 11.699 122.511 17.4137 8.84059 105.097 54.4473
internal_count=4906 2944 1696 1962 1280 1248 1226 1197 499 174 60 114 91 682 781 330 131 84 448 159 47 289 167 91 63 926 129 68 797 417
is_linear=0
shrinkage=0.1


Tree=14
num_leaves=31
num_cat=0
split_feature=15 14 9 14 85 6 19 9 12 78 74 67 9 12 68 0 53 6 26 22 12 10 0 0 61 0 16 138 16 93
split_gain=20.0273 14.0217 8.47763 7.43911 6.1602 4.90341 5.11878 4.85946 3.40678 4.4338 3.53583 4.01018 3.32383 4.35436 3.26423 5.66976 6.03629 4.61759 3.36714 3.45282 4.16081 3.7388 5.37034 3.60497 3.22672 3.38198 3.20807 4.56639 3.19342 3.23194
threshold=1.0000000180025095e-35 1.0000000180025095e-35 1.0000000180025095e-35 1.0000000180025095e-35 1.0000000180025095e-35 1.0000000180025095e-35 1.0000000180025095e-35 1.0000000180025095e-35 1.0000000180025095e-35 1.0000000180025095e-35 1.0000000180025095e-35 1.0000000180025095e-35 1.0000000180025095e-35 1.0000000180025095e-35 1.0000000180025095e-35 13.030800819396974 1.0000000180025095e-35 1.0000000180025095e-35 1.0000000180025095e-35 1.0000000180025095e-35 1.0000000180025095e-35 1.0000000180025095e-35 10.035592079162599 5.7987680435180673 1.0000000180025095e-35 10.444900512695314 1.0000000180025095e-35 1.0000000180025095e-35 1.0000000180025095e-35 1.0000000180025095e-35
decision_type=2 2 2 2 2 2 2 2 2 2 2 2 2 2 2 2 2 2 2 2 2 2 2 2 2 2 2 2 2 2
left_child=1 2 28 4 7 6 12 14 9 -7 11 -10 -3 -14 17 -16 -17 18 -2 20 21 22 -20 -22 25 -19 27 -4 -1 -30
right_child=3 5 26 -5 -6 8 -8 -9 10 -11 -12 -13 13 -15 15 16 -18 24 19 -21 23 -23 -24 -25 -26 -27 -28 -29 29 -31
leaf_value=-0.0092236578056390153 -0.019171786148203338 -0.0055998639108039358 -0.059487516550521868 0.03159908201140655 -0.1077573685948755 0.025278781149920854 0.089308404204652247 -0.016652667614495447 -0.084852992943897448 0.13587083227853408 0.034987241200577404 0.0024156650513895653 -0.064251013096006712 0.0095366535393219473 -0.096394463694851384 0.087315684928733261 -0.020595832867350533 0.042659331381841831 -0.03361668393562979 -0.045770397661276115 0.051114665776300208 0.10366702156076571 0.10520506539811388 -0.039288737182811069 0.076702510149370268 -0.030268215284103728 -0.096579416488825343 0.076215133085290321 -0.049287580433486633 0.063170449277841989
leaf_weight=74.209455356001854 30.985128000378609 89.302817583084106 32.279759287834167 162.57244202494621 4.8423979431390753 53.978591687977314 4.7846075147390357 66.688940919935703 8.5021683648228645 3.8861642628908148 12.878419190645216 13.83216767758131 25.571431435644627 11.63709983229637 6.5196943134069434 7.013084918260577 19.871213421225548 28.754385203123093 6.8887708783149719 6.2816695272922507 7.5346752405166653 11.161598980426788 4.6797512173652649 10.639541983604429 19.637630939483643 8.1645743250846845 23.935080714523792 2.686023198068141 43.577172167599201 2.7147410660982123
leaf_count=490 147 435 424 714 27 298 27 447 46 20 68 70 196 88 34 32 99 123 31 30 35 51 21 50 83 38 313 33 417 19
internal_value=-0.000706038 -0.016439 -0.0372792 0.0150872 0.00388651 0.000224179 -0.0122227 0.0061888 0.0177818 0.0327061 -0.00674302 -0.0308055 -0.0160626 -0.0411737 0.0152488 -0.0127342 0.00755415 0.0221868 0.00643983 0.0232579 0.0338586 0.0623774 0.0225401 -0.00180925 0.0439519 0.0265315 -0.0683719 -0.049063 -0.0220811 -0.0426926
internal_weight=806.011 403.776 179.402 402.235 239.663 224.373 131.296 234.821 93.0775 57.8648 35.2128 22.3343 126.511 37.2085 168.132 33.404 26.8843 134.728 78.1711 47.186 40.9043 22.7301 11.5685 18.1742 56.5566 36.919 58.9009 34.9658 120.501 46.2919
internal_count=4906 2944 1696 1962 1248 1248 746 1221 502 318 184 116 719 284 774 165 131 609 365 218 188 103 52 85 244 161 770 457 926 436
is_linear=0
shrinkage=0.1


Tree=15
num_leaves=31
num_cat=0
split_feature=16 9 9 19 113 26 12 10 61 12 11 78 99 137 78 1 0 0 6 1 0 15 140 1 81 105 68 7 13 7
split_gain=18.9906 12.7717 8.28833 7.56513 5.76798 5.53702 6.23595 5.49151 5.30226 4.9823 4.53338 4.51043 4.50224 4.47203 4.40004 4.25606 7.74051 6.28915 4.06677 5.63036 6.98806 3.83841 4.63684 6.39852 3.8228 4.17302 3.7633 3.73812 3.52921 3.58133
threshold=1.0000000180025095e-35 1.0000000180025095e-35 1.0000000180025095e-35 1.0000000180025095e-35 1.0000000180025095e-35 1.0000000180025095e-35 1.0000000180025095e-35 1.0000000180025095e-35 1.0000000180025095e-35 1.0000000180025095e-35 1.0000000180025095e-35 1.0000000180025095e-35 1.0000000180025095e-35 1.0000000180025095e-35 1.0000000180025095e-35 -0.18701041489839551 9.2238192558288592 8.6844625473022479 1.0000000180025095e-35 -0.74309831857681263 2.8350445032119755 1.0000000180025095e-35 1.0000000180025095e-35 0.082515783607959761 1.0000000180025095e-35 1.0000000180025095e-35 1.0000000180025095e-35 1.0000000180025095e-35 1.0000000180025095e-35 1.0000000180025095e-35
decision_type=2 2 2 2 2 2 2 2 2 2 2 2 2 2 2 2 2 2 2 2 2 2 2 2 2 2 2 2 2 2
left_child=2 4 7 24 5 -2 27 8 9 28 -5 13 26 18 21 -3 17 -17 19 -9 -21 -10 23 -23 -4 -26 -11 -7 29 -1
right_child=1 15 3 10 -6 6 -8 11 14 12 -12 -13 -14 -15 -16 16 -18 -19 -20 20 -22 22 -24 -25 25 -27 -28 -29 -30 -31
leaf_value=0.019579959279246925 -0.03460902355535065 -0.091314157306431845 0.00024765514385495139 0.0095732963656140167 0.057355701683313311 0.036474888291613126 -0.032121426211795284 -0.1478905049904268 0.020902668955870052 -0.0023110118699794786 0.17319066455217147 0.063748502018492734 0.070130287711816675 -0.084002311853401235 0.14463778581301268 -0.0091329737286747394 -0.059227026605205992 0.19266373908917148 0.023939294219056068 0.13010889610636281 -0.012098837269013887 0.14130116562289236 -0.019180273792136979 0.046799941859804899 -0.037941450237479357 0.064463345055223595 -0.07648991195638051 -0.0092720088136339206 0.012989777448806999 0.085318374346142159
leaf_weight=13.99278788268566 76.615149699151516 26.151490069925785 94.769284397363663 3.2350964322686186 12.094126939773558 42.828299485146999 38.897826828062534 2.8835521042346945 35.002853110432625 46.045217543840408 3.5534916520118713 11.998368144035338 7.3411152511835089 6.0781256258487693 4.6724340021610251 4.8503203839063636 35.208641655743122 2.2659141719341278 57.892342895269394 3.6194600015878668 76.278873473405838 11.503900051116945 5.2647902220487586 18.995508015155792 60.77250324934721 4.2581464648246756 8.0323130190372449 30.641197860240936 33.806022584438324 20.323899656534195
leaf_count=65 502 277 669 23 66 249 251 13 184 220 25 56 34 29 21 55 362 21 275 16 371 48 22 80 460 36 42 181 159 94
internal_value=-0.000684933 -0.0222975 0.0103004 -0.00817241 -0.0095949 -0.0138795 0.000254507 0.0187609 0.0295741 0.0173006 0.0952189 0.00479866 -0.0033535 -2.10319e-05 0.0506497 -0.0595978 -0.0400011 0.0551221 0.00360756 -0.0106112 -0.00565671 0.0444441 0.0674843 0.0824443 -0.0125647 -0.0312361 -0.013329 0.0173957 0.0359221 0.0585132
internal_weight=799.873 269.553 530.32 166.589 201.077 188.982 112.367 363.732 204.981 129.541 6.78859 158.751 61.4186 146.752 75.4395 68.4764 42.3249 7.11623 140.674 82.7819 79.8983 70.7671 35.7642 30.4994 159.8 65.0306 54.0775 73.4695 68.1227 34.3167
internal_count=4906 1964 2942 1213 1249 1183 681 1729 969 614 48 760 296 704 355 715 438 76 675 400 387 334 150 128 1165 496 262 430 318 159
is_linear=0
shrinkage=0.1


Tree=16
num_leaves=31
num_cat=0
split_feature=15 14 9 14 85 230 224 153 104 1 1 237 263 16 13 9 16 83 79 8 26 10 93 39 88 138 6 135 13 67
split_gain=15.6687 11.5178 7.09772 5.9309 5.22221 4.65625 4.47924 4.22605 5.39598 4.70604 6.15696 5.7409 4.15797 4.1137 3.78311 3.55321 3.13508 3.29028 4.71732 4.24497 3.23774 4.20137 3.09965 3.01852 3.01505 2.97029 4.77227 2.87213 3.05671 3.60208
threshold=1.0000000180025095e-35 1.0000000180025095e-35 1.0000000180025095e-35 1.0000000180025095e-35 1.0000000180025095e-35 1.0000000180025095e-35 1.0000000180025095e-35 1.0000000180025095e-35 1.0000000180025095e-35 0.72499811649322521 0.88987755775451671 1.0000000180025095e-35 1.0000000180025095e-35 1.0000000180025095e-35 1.0000000180025095e-35 1.0000000180025095e-35 1.0000000180025095e-35 1.0000000180025095e-35 1.0000000180025095e-35 1.0000000180025095e-35 1.0000000180025095e-35 1.0000000180025095e-35 1.0000000180025095e-35 1.0000000180025095e-35 1.0000000180025095e-35 1.0000000180025095e-35 1.0000000180025095e-35 1.0000000180025095e-35 1.0000000180025095e-35 1.0000000180025095e-35
decision_type=2 2 2 2 2 2 2 2 2 2 2 2 2 2 2 2 2 2 2 2 2 2 2 2 2 2 2 2 2 2
left_child=1 2 27 4 6 7 12 8 9 11 14 13 16 24 -11 -15 20 18 -18 -19 21 23 -5 -2 -3 -4 -27 -1 29 -29
right_child=3 5 25 22 -6 -7 -8 -9 -10 10 -12 -13 -14 15 -16 -17 17 19 -20 -21 -22 -23 -24 -25 -26 26 -28 28 -30 -31
leaf_value=-0.026857769117499881 0.038030753100042988 0.0076438500557838955 -0.070524028482705198 0.025185216414575964 -0.10205851726715157 -0.098721437356507014 -0.099891050965967745 -0.092422904316188825 0.10315833779819224 0.044963697921433392 -0.018994624492831992 0.11870094783993704 0.10782972161815414 -0.015031976027043498 0.14744067043750805 -0.074466743600874311 -0.0282252754499927 -0.01432312712495324 0.076789181880486099 0.1098867165651374 0.026466282935790942 -0.032475963960025854 0.093849962028567671 -0.022530389153747842 -0.068119273168067693 0.1173106650558523 -0.10881070734050405 -0.11742004633367714 0.058613636724739515 0.020481762698291009
leaf_weight=101.29701508581638 25.734210520982742 114.62386620044708 50.442373119294643 154.6982808560133 4.6157119646668425 4.6532607004046431 3.9747062847018233 4.6038470640778533 5.3942628949880591 10.409008309245111 10.232066683471201 3.7447211369872084 4.0324668586254111 45.4213627576828 5.5090618282556525 12.919753909111021 57.940794661641121 6.5045087635517103 4.6185430884361258 4.7686262205243111 85.435499273240566 27.922072216868401 6.8660288900136939 12.099755592644213 5.5049121826887122 2.1906213685870162 1.626212611794472 2.8394959643483162 8.7853657826781273 5.6893190741539001
leaf_count=797 120 592 723 684 27 25 21 27 31 55 59 20 19 256 30 128 377 39 29 27 399 131 30 59 25 25 22 24 61 44
internal_value=-0.000658846 -0.0147557 -0.0341292 0.0133206 0.00327063 0.000261563 0.00535692 0.00237087 0.00441249 0.00185611 0.0415269 -0.00383716 0.00718323 -0.0064083 0.0804298 -0.0281939 0.00537963 -0.0115112 -0.0204724 0.0382186 0.013628 -0.00305245 0.0281033 0.0186626 0.004172 -0.064088 0.0209687 -0.0204243 0.0172145 -0.0254298
internal_weight=795.098 395.887 172.87 399.211 237.647 223.016 233.031 218.363 213.759 208.365 26.1501 182.215 229.056 178.47 15.9181 58.3411 225.024 73.8325 62.5593 11.2731 151.192 65.756 161.564 37.834 120.129 54.2592 3.81683 118.611 17.3142 8.52882
internal_count=4906 2944 1696 1962 1248 1248 1221 1223 1196 1165 144 1021 1200 1001 85 384 1181 472 406 66 709 310 714 179 617 770 47 926 129 68
is_linear=0
shrinkage=0.1


Tree=17
num_leaves=31
num_cat=0
split_feature=16 9 9 19 12 113 26 12 1 0 0 14 63 1 81 105 10 13 24 69 99 0 5 26 67 8 73 15 67 7
split_gain=14.077 10.3666 6.5725 5.78048 4.76012 4.67072 4.50701 5.14214 4.17163 6.62102 5.66354 3.88674 3.24676 3.23103 3.16615 3.51972 3.08368 5.34888 5.71764 5.01493 4.83723 4.67028 8.10209 4.48539 7.22217 4.91777 3.75924 3.21624 3.13412 2.9601
threshold=1.0000000180025095e-35 1.0000000180025095e-35 1.0000000180025095e-35 1.0000000180025095e-35 1.0000000180025095e-35 1.0000000180025095e-35 1.0000000180025095e-35 1.0000000180025095e-35 -0.18701041489839551 9.2238192558288592 8.8049278259277362 1.0000000180025095e-35 1.0000000180025095e-35 -0.088143587112426744 1.0000000180025095e-35 1.0000000180025095e-35 1.0000000180025095e-35 1.0000000180025095e-35 1.0000000180025095e-35 1.0000000180025095e-35 1.0000000180025095e-35 13.096509456634523 1.0000000180025095e-35 1.0000000180025095e-35 1.0000000180025095e-35 1.0000000180025095e-35 1.0000000180025095e-35 1.0000000180025095e-35 1.0000000180025095e-35 1.0000000180025095e-35
decision_type=2 2 2 2 2 2 2 2 2 2 2 2 2 2 2 2 2 2 2 2 2 2 2 2 2 2 2 2 2 2
left_child=2 5 4 14 16 6 12 29 -3 10 -10 -5 -2 -7 -4 -16 17 20 -19 23 -1 -20 -23 -18 26 27 -25 -26 -22 -8
right_child=1 8 3 11 -6 13 7 -9 9 -11 -12 -13 -14 -15 15 -17 19 18 21 -21 28 22 -24 24 25 -27 -28 -29 -30 -31
leaf_value=0.043848446331244857 -0.035873021568861754 -0.087850366770018173 -0.00011582855167147767 0.0072399319735434635 0.0035291334978674693 -0.029964873853000847 0.032659660887292656 -0.029382374911634736 -0.00066346625733011439 -0.054064248001180606 0.20149422182049631 0.15526680302140153 0.063313000928029467 0.083728415001165554 -0.035392979543149683 0.057556370640310377 -0.0053833529797376357 -0.088384057187493301 0.007168663303732223 -0.031893536020857573 0.16857065835210691 -0.019651587964830484 0.14568253990332805 0.15548966731485753 -0.066498679805798364 0.057144759345203966 0.043978779785369598 0.028047268736881431 0.067519476184560862 -0.008064657286119754
leaf_weight=44.166106514632702 71.209402404725552 23.769021756947041 94.272996209561825 3.5832160785794249 161.6459152251482 3.4925272315740594 43.311686776578426 38.076671727001667 5.3404176831245413 32.686246156692505 1.8714585900306699 3.5126833319664001 3.460660718381404 8.7921860814094508 59.183819003403187 4.3751150816678992 28.763746172189713 4.8541882485151282 35.621201664209366 19.532917991280556 5.7557932585477811 4.9851498454809171 7.3104209005832672 7.3622210398316366 7.7986566275358218 16.353610873222351 5.1295710355043411 6.6798454523086548 6.5757483541965485 30.359040267765522
leaf_count=203 480 277 669 30 785 19 249 251 60 362 16 18 22 47 460 36 138 24 166 92 26 24 34 34 42 79 23 28 31 181
internal_value=-0.000641469 -0.0195705 0.00877415 -0.00777583 0.0163032 -0.00831879 -0.0122546 0.000455731 -0.0546864 -0.0349293 0.0517958 0.0805177 -0.0312761 0.0514056 -0.0117454 -0.0289948 0.0265819 0.0379269 0.015034 0.0130516 0.0593098 0.0255107 0.078649 0.02523 0.0455549 0.0195664 0.109699 -0.0228787 0.114685 0.0158775
internal_weight=789.832 262.369 527.463 164.928 362.535 198.702 186.417 111.747 63.6671 39.8981 7.21188 7.0959 74.6701 12.2847 157.832 63.5589 200.889 109.269 52.771 91.6206 56.4976 47.9168 12.2956 72.0877 43.3239 30.8321 12.4918 14.4785 12.3315 73.6707
internal_count=4906 1964 2942 1213 1729 1249 1183 681 715 438 76 48 502 66 1165 496 944 508 248 436 260 224 58 344 206 149 57 70 57 430
is_linear=0
shrinkage=0.1


Tree=18
num_leaves=31
num_cat=0
split_feature=15 14 9 14 85 230 224 153 104 1 1 237 13 0 9 31 78 0 16 263 1 137 0 16 138 53 0 81 5 54
split_gain=12.5229 9.38134 5.83766 4.70048 4.38896 3.98814 3.74821 3.60757 4.30711 3.69908 4.74619 4.5001 4.19875 3.5778 3.81706 4.61626 3.66606 3.33145 3.28404 3.27749 3.09043 3.04224 3.08806 2.96228 3.72943 2.96661 3.79368 4.59896 5.01349 2.64539
threshold=1.0000000180025095e-35 1.0000000180025095e-35 1.0000000180025095e-35 1.0000000180025095e-35 1.0000000180025095e-35 1.0000000180025095e-35 1.0000000180025095e-35 1.0000000180025095e-35 1.0000000180025095e-35 0.72499811649322521 0.90113317966461193 1.0000000180025095e-35 1.0000000180025095e-35 15.132101058959963 1.0000000180025095e-35 1.0000000180025095e-35 1.0000000180025095e-35 6.5010266304016122 1.0000000180025095e-35 1.0000000180025095e-35 -0.5642254352569579 1.0000000180025095e-35 14.29021215438843 1.0000000180025095e-35 1.0000000180025095e-35 1.0000000180025095e-35 15.924708843231203 1.0000000180025095e-35 1.0000000180025095e-35 1.0000000180025095e-35
decision_type=2 2 2 2 2 2 2 2 2 2 2 2 2 2 2 2 2 2 2 2 2 2 2 2 2 2 2 2 2 2
left_child=1 2 -1 4 6 7 19 8 9 11 12 13 -11 14 15 21 18 -17 20 -2 -16 22 -3 24 25 -4 27 28 -27 -19
right_child=3 5 23 -5 -6 -7 -8 -9 -10 10 -12 -13 -14 -15 16 17 -18 29 -20 -21 -22 -23 -24 -25 -26 26 -28 -29 -30 -31
leaf_value=-0.019024044132997544 0.0048022244756278686 0.026431943206014882 -0.070335095214316426 0.025089306639126757 -0.096159486159015622 -0.093624356312134643 -0.093692319898255549 -0.087807254403986387 0.090430849026797933 0.029564852608767563 -0.029024553123951052 0.10287606784153103 0.12947276830915766 -0.094309679966109214 -0.069334897374430562 -0.10710191076670234 -0.12013092586785686 0.013014491812781623 -0.066509483481769494 0.09485075033972673 0.01113669630181029 -0.040452116163241174 -0.035489201434544954 -0.091086994918229899 0.0699366136338814 -0.003324459984654058 -0.10801308346237067 -0.10778707136621712 0.23007122303094998 -0.06361272920569179
leaf_weight=117.06197030097246 223.73285161703825 82.889707833528519 21.354238368570812 160.52276396751404 4.3887303993105879 4.4472453445196143 3.8015130236744872 4.3791235834360114 5.5991709157824507 12.257850356400018 7.8030987456440917 3.8868402019143096 6.4042076021432868 4.4618897140026084 5.8193666487932161 4.9140570312738445 3.9425417035818091 12.34776531159878 11.03925073891878 4.1162864193320265 26.525509692728523 9.0180778801441175 8.9206971526145917 18.874905180186033 2.7663397192955008 1.9114652574062339 2.120457224547863 1.331309340894222 1.7750017493963242 7.0934697836637488
leaf_count=926 1181 394 319 714 27 25 21 27 31 64 47 20 33 24 41 24 30 59 121 19 187 43 43 313 33 28 31 20 26 35
internal_value=-0.000617167 -0.0133665 -0.0312523 0.0118873 0.00290908 0.000119031 0.00478598 0.00203755 0.00388536 0.00154804 0.0364665 -0.00356158 0.06385 -0.00589927 -0.00361258 0.00553352 -0.0278049 -0.0335385 -0.0194148 0.00642903 -0.00334145 0.0149714 0.0204154 -0.0598052 -0.0409164 -0.0516791 0.00413088 0.0515217 0.109054 -0.0149443
internal_weight=785.508 388.946 167.196 396.562 236.039 221.75 231.651 217.303 212.924 207.324 26.4652 180.859 18.6621 176.972 172.51 125.184 47.3267 24.3553 43.3841 227.849 32.3449 100.828 91.8104 50.1337 31.2588 28.4925 7.13823 5.01778 3.68647 19.4412
internal_count=4906 2944 1696 1962 1248 1248 1221 1223 1196 1165 144 1021 97 1001 977 598 379 118 349 1200 228 480 437 770 457 424 105 74 54 94
is_linear=0
shrinkage=0.1


Tree=19
num_leaves=31
num_cat=0
split_feature=16 9 219 9 19 1 0 1 12 113 63 12 26 11 113 93 14 0 137 55 167 0 11 6 8 82 42 86 0 1
split_gain=11.0224 7.94825 5.98143 5.27786 4.82869 4.05349 5.68236 4.91899 3.79606 3.78816 4.09622 4.05792 4.64029 3.1858 3.14442 3.7718 3.12936 3.09265 3.86851 3.42962 3.29036 3.59306 10.0766 3.08081 2.93475 2.93196 3.8671 2.8042 2.76586 4.83914
threshold=1.0000000180025095e-35 1.0000000180025095e-35 1.0000000180025095e-35 1.0000000180025095e-35 1.0000000180025095e-35 -0.18701041489839551 9.2238192558288592 -0.019545212388038632 1.0000000180025095e-35 1.0000000180025095e-35 1.0000000180025095e-35 1.0000000180025095e-35 1.0000000180025095e-35 1.0000000180025095e-35 1.0000000180025095e-35 1.0000000180025095e-35 1.0000000180025095e-35 3.9917863607406621 1.0000000180025095e-35 1.0000000180025095e-35 1.0000000180025095e-35 5.0171115398406991 1.0000000180025095e-35 1.0000000180025095e-35 1.0000000180025095e-35 1.0000000180025095e-35 1.0000000180025095e-35 1.0000000180025095e-35 17.370294570922855 0.88409763574600231
decision_type=2 2 2 2 2 2 2 2 2 2 2 2 2 2 2 2 2 2 2 2 2 2 2 2 2 2 2 2 2 2
left_child=2 9 3 8 25 -3 7 16 14 10 11 12 -2 -6 15 17 -7 18 19 23 21 22 -19 -1 -12 27 -27 28 29 -5
right_child=1 5 -4 4 13 6 -8 -9 -10 -11 24 -13 -14 -15 -16 -17 -18 20 -20 -21 -22 -23 -24 -25 -26 26 -28 -29 -30 -31
leaf_value=-0.0026459146341488026 -0.029193017655943024 -0.084310671408231605 -0.10397638748052679 -0.0011832537459114901 0.0013029063827110928 -0.053829634095125728 -0.048902270768971828 0.18580949554376253 0.0040478573673217392 0.045447174258304232 -0.0110185005223861 -0.035575271348269523 0.011909910161766186 0.13566297771116262 0.086136640481107599 0.088617837392209867 0.10968176492402248 0.045952835661006441 -0.029992438208728479 0.11796511242542676 0.082609683868310718 0.01558767483389775 -0.12522793604026536 0.092108886315988958 0.1154317697029935 -0.067934055929047429 0.043866561001050769 -0.048701816091625126 -0.082910910128047674 0.10705535313756272
leaf_weight=8.1181875765323657 44.269545309245586 21.552955187857151 4.7522564232349387 114.01433060690761 3.2473352849483481 3.5681692957878113 30.404445219784975 1.9417065903544415 159.85303495824337 12.448168963193892 3.2260203734040251 60.688114479184151 72.361871019005775 3.8652586489915848 8.0114314854145032 8.1767240166664106 1.7418452873826025 7.0052324682474119 4.9453238993883124 8.4659838974475861 6.6272193789482108 133.75972249358892 6.7544000893831253 5.9434503316879281 4.2578547820448875 15.800630517303945 3.8471138179302207 13.084247034043072 3.8945192880928508 4.2857785895466796
leaf_count=37 295 277 28 839 23 47 362 15 779 66 23 422 418 24 35 39 14 32 23 40 30 633 34 29 25 132 28 97 33 27
internal_value=-0.000604211 -0.0175937 0.00770374 0.00872497 -0.00624697 -0.0497259 -0.0299309 0.0496107 0.0155081 -0.0079485 -0.0115452 -0.0146038 -0.00369144 0.0743194 0.0247693 0.022179 -0.000192953 0.0191878 0.0500978 0.0676794 0.0136788 0.0105822 -0.0380773 0.0374042 0.0609238 -0.00994573 -0.046043 -0.004703 8.26156e-06 0.00273802
internal_weight=780.913 256.461 524.452 519.7 162.039 59.2091 37.6562 7.25172 357.661 197.252 184.803 177.32 116.631 7.11259 197.808 189.796 5.31001 181.62 27.4729 22.5276 154.147 147.519 13.7596 14.0616 7.48388 154.927 19.6477 135.279 122.195 118.3
internal_count=4906 1964 2942 2914 1203 715 438 76 1711 1249 1183 1135 713 47 932 897 61 858 129 106 729 699 66 66 48 1156 160 996 899 866
is_linear=0
shrinkage=0.1


end of trees

feature_importances:
Column_16=74
Column_9=63
Column_0=51
Column_14=42
Column_6=23
Column_1=21
Column_15=19
Column_13=18
Column_26=17
Column_113=17
Column_8=15
Column_81=14
Column_12=13
Column_61=11
Column_7=10
Column_67=10
Column_135=10
Column_10=9
Column_53=9
Column_78=9
Column_11=7
Column_42=7
Column_99=7
Column_54=6
Column_93=6
Column_5=5
Column_21=5
Column_68=5
Column_82=5
Column_139=5
Column_19=4
Column_86=4
Column_104=4
Column_128=4
Column_138=4
Column_22=3
Column_24=3
Column_39=3
Column_49=3
Column_79=3
Column_83=3
Column_85=3
Column_137=3
Column_153=3
Column_237=3
Column_44=2
Column_63=2
Column_97=2
Column_105=2
Column_224=2
Column_230=2
Column_263=2
Column_31=1
Column_35=1
Column_36=1
Column_40=1
Column_41=1
Column_45=1
Column_52=1
Column_55=1
Column_56=1
Column_58=1
Column_69=1
Column_70=1
Column_73=1
Column_74=1
Column_84=1
Column_88=1
Column_95=1
Column_130=1
Column_132=1
Column_133=1
Column_140=1
Column_167=1
Column_219=1

parameters:
[boosting: gbdt]
[objective: binary]
[metric: binary_logloss]
[tree_learner: serial]
[device_type: cpu]
[data_sample_strategy: bagging]
[data: ]
[valid: ]
[num_iterations: 300]
[learning_rate: 0.1]
[num_leaves: 31]
[num_threads: 0]
[seed: 0]
[deterministic: 0]
[force_col_wise: 0]
[force_row_wise: 0]
[histogram_pool_size: -1]
[max_depth: -1]
[min_data_in_leaf: 20]
[min_sum_hessian_in_leaf: 0.001]
[bagging_fraction: 1]
[pos_bagging_fraction: 1]
[neg_bagging_fraction: 1]
[bagging_freq: 0]
[bagging_seed: 7719]
[bagging_by_query: 0]
[feature_fraction: 1]
[feature_fraction_bynode: 1]
[feature_fraction_seed: 2437]
[extra_trees: 0]
[extra_seed: 11797]
[early_stopping_round: 0]
[early_stopping_min_delta: 0]
[first_metric_only: 0]
[max_delta_step: 0]
[lambda_l1: 0]
[lambda_l2: 0]
[linear_lambda: 0]
[min_gain_to_split: 0]
[drop_rate: 0.1]
[max_drop: 50]
[skip_drop: 0.5]
[xgboost_dart_mode: 0]
[uniform_drop: 0]
[drop_seed: 21238]
[top_rate: 0.2]
[other_rate: 0.1]
[min_data_per_group: 100]
[max_cat_threshold: 32]
[cat_l2: 10]
[cat_smooth: 10]
[max_cat_to_onehot: 4]
[top_k: 20]
[monotone_constraints: ]
[monotone_constraints_method: basic]
[monotone_penalty: 0]
[feature_contri: ]
[forcedsplits_filename: ]
[refit_decay_rate: 0.9]
[cegb_tradeoff: 1]
[cegb_penalty_split: 0]
[cegb_penalty_feature_lazy: ]
[cegb_penalty_feature_coupled: ]
[path_smooth: 0]
[interaction_constraints: ]
[verbosity: -1]
[saved_feature_importance_type: 0]
[use_quantized_grad: 0]
[num_grad_quant_bins: 4]
[quant_train_renew_leaf: 0]
[stochastic_rounding: 1]
[linear_tree: 0]
[max_bin: 255]
[max_bin_by_feature: ]
[min_data_in_bin: 3]
[bin_construct_sample_cnt: 200000]
[data_random_seed: 38]
[is_enable_sparse: 1]
[enable_bundle: 1]
[use_missing: 1]
[zero_as_missing: 0]
[feature_pre_filter: 1]
[pre_partition: 0]
[two_round: 0]
[header: 0]
[label_column: ]
[weight_column: ]
[group_column: ]
[ignore_column: ]
[categorical_feature: ]
[forcedbins_filename: ]
[precise_float_parser: 0]
[parser_config_file: ]
[objective_seed: 8855]
[num_class: 1]
[is_unbalance: 0]
[scale_pos_weight: 1]
[sigmoid: 1]
[boost_from_average: 1]
[reg_sqrt: 0]
[alpha: 0.9]
[fair_c: 1]
[poisson_max_delta_step: 0.7]
[tweedie_variance_power: 1.5]
[lambdarank_truncation_level: 30]
[lambdarank_norm: 1]
[label_gain: ]
[lambdarank_position_bias_regularization: 0]
[eval_at: ]
[multi_error_top_k: 1]
[auc_mu_weights: ]
[num_machines: 1]
[local_listen_port: 12400]
[time_out: 120]
[machine_list_filename: ]
[machines: ]
[gpu_platform_id: -1]
[gpu_device_id: -1]
[gpu_device_id_list: ]
[gpu_use_dp: 0]
[num_gpu: 1]

end of parameters

pandas_categorical:null
