tree
version=v4
num_class=1
num_tree_per_iteration=1
label_index=0
max_feature_idx=567
objective=binary sigmoid:1
feature_names=Column_0 Column_1 Column_2 Column_3 Column_4 Column_5 Column_6 Column_7 Column_8 Column_9 Column_10 Column_11 Column_12 Column_13 Column_14 Column_15 Column_16 Column_17 Column_18 Column_19 Column_20 Column_21 Column_22 Column_23 Column_24 Column_25 Column_26 Column_27 Column_28 Column_29 Column_30 Column_31 Column_32 Column_33 Column_34 Column_35 Column_36 Column_37 Column_38 Column_39 Column_40 Column_41 Column_42 Column_43 Column_44 Column_45 Column_46 Column_47 Column_48 Column_49 Column_50 Column_51 Column_52 Column_53 Column_54 Column_55 Column_56 Column_57 Column_58 Column_59 Column_60 Column_61 Column_62 Column_63 Column_64 Column_65 Column_66 Column_67 Column_68 Column_69 Column_70 Column_71 Column_72 Column_73 Column_74 Column_75 Column_76 Column_77 Column_78 Column_79 Column_80 Column_81 Column_82 Column_83 Column_84 Column_85 Column_86 Column_87 Column_88 Column_89 Column_90 Column_91 Column_92 Column_93 Column_94 Column_95 Column_96 Column_97 Column_98 Column_99 Column_100 Column_101 Column_102 Column_103 Column_104 Column_105 Column_106 Column_107 Column_108 Column_109 Column_110 Column_111 Column_112 Column_113 Column_114 Column_115 Column_116 Column_117 Column_118 Column_119 Column_120 Column_121 Column_122 Column_123 Column_124 Column_125 Column_126 Column_127 Column_128 Column_129 Column_130 Column_131 Column_132 Column_133 Column_134 Column_135 Column_136 Column_137 Column_138 Column_139 Column_140 Column_141 Column_142 Column_143 Column_144 Column_145 Column_146 Column_147 Column_148 Column_149 Column_150 Column_151 Column_152 Column_153 Column_154 Column_155 Column_156 Column_157 Column_158 Column_159 Column_160 Column_161 Column_162 Column_163 Column_164 Column_165 Column_166 Column_167 Column_168 Column_169 Column_170 Column_171 Column_172 Column_173 Column_174 Column_175 Column_176 Column_177 Column_178 Column_179 Column_180 Column_181 Column_182 Column_183 Column_184 Column_185 Column_186 Column_187 Column_188 Column_189 Column_190 Column_191 Column_192 Column_193 Column_194 Column_195 Column_196 Column_197 Column_198 Column_199 Column_200 Column_201 Column_202 Column_203 Column_204 Column_205 Column_206 Column_207 Column_208 Column_209 Column_210 Column_211 Column_212 Column_213 Column_214 Column_215 Column_216 Column_217 Column_218 Column_219 Column_220 Column_221 Column_222 Column_223 Column_224 Column_225 Column_226 Column_227 Column_228 Column_229 Column_230 Column_231 Column_232 Column_233 Column_234 Column_235 Column_236 Column_237 Column_238 Column_239 Column_240 Column_241 Column_242 Column_243 Column_244 Column_245 Column_246 Column_247 Column_248 Column_249 Column_250 Column_251 Column_252 Column_253 Column_254 Column_255 Column_256 Column_257 Column_258 Column_259 Column_260 Column_261 Column_262 Column_263 Column_264 Column_265 Column_266 Column_267 Column_268 Column_269 Column_270 Column_271 Column_272 Column_273 Column_274 Column_275 Column_276 Column_277 Column_278 Column_279 Column_280 Column_281 Column_282 Column_283 Column_284 Column_285 Column_286 Column_287 Column_288 Column_289 Column_290 Column_291 Column_292 Column_293 Column_294 Column_295 Column_296 Column_297 Column_298 Column_299 Column_300 Column_301 Column_302 Column_303 Column_304 Column_305 Column_306 Column_307 Column_308 Column_309 Column_310 Column_311 Column_312 Column_313 Column_314 Column_315 Column_316 Column_317 Column_318 Column_319 Column_320 Column_321 Column_322 Column_323 Column_324 Column_325 Column_326 Column_327 Column_328 Column_329 Column_330 Column_331 Column_332 Column_333 Column_334 Column_335 Column_336 Column_337 Column_338 Column_339 Column_340 Column_341 Column_342 Column_343 Column_344 Column_345 Column_346 Column_347 Column_348 Column_349 Column_350 Column_351 Column_352 Column_353 Column_354 Column_355 Column_356 Column_357 Column_358 Column_359 Column_360 Column_361 Column_362 Column_363 Column_364 Column_365 Column_366 Column_367 Column_368 Column_369 Column_370 Column_371 Column_372 Column_373 Column_374 Column_375 Column_376 Column_377 Column_378 Column_379 Column_380 Column_381 Column_382 Column_383 Column_384 Column_385 Column_386 Column_387 Column_388 Column_389 Column_390 Column_391 Column_392 Column_393 Column_394 Column_395 Column_396 Column_397 Column_398 Column_399 Column_400 Column_401 Column_402 Column_403 Column_404 Column_405 Column_406 Column_407 Column_408 Column_409 Column_410 Column_411 Column_412 Column_413 Column_414 Column_415 Column_416 Column_417 Column_418 Column_419 Column_420 Column_421 Column_422 Column_423 Column_424 Column_425 Column_426 Column_427 Column_428 Column_429 Column_430 Column_431 Column_432 Column_433 Column_434 Column_435 Column_436 Column_437 Column_438 Column_439 Column_440 Column_441 Column_442 Column_443 Column_444 Column_445 Column_446 Column_447 Column_448 Column_449 Column_450 Column_451 Column_452 Column_453 Column_454 Column_455 Column_456 Column_457 Column_458 Column_459 Column_460 Column_461 Column_462 Column_463 Column_464 Column_465 Column_466 Column_467 Column_468 Column_469 Column_470 Column_471 Column_472 Column_473 Column_474 Column_475 Column_476 Column_477 Column_478 Column_479 Column_480 Column_481 Column_482 Column_483 Column_484 Column_485 Column_486 Column_487 Column_488 Column_489 Column_490 Column_491 Column_492 Column_493 Column_494 Column_495 Column_496 Column_497 Column_498 Column_499 Column_500 Column_501 Column_502 Column_503 Column_504 Column_505 Column_506 Column_507 Column_508 Column_509 Column_510 Column_511 Column_512 Column_513 Column_514 Column_515 Column_516 Column_517 Column_518 Column_519 Column_520 Column_521 Column_522 Column_523 Column_524 Column_525 Column_526 Column_527 Column_528 Column_529 Column_530 Column_531 Column_532 Column_533 Column_534 Column_535 Column_536 Column_537 Column_538 Column_539 Column_540 Column_541 Column_542 Column_543 Column_544 Column_545 Column_546 Column_547 Column_548 Column_549 Column_550 Column_551 Column_552 Column_553 Column_554 Column_555 Column_556 Column_557 Column_558 Column_559 Column_560 Column_561 Column_562 Column_563 Column_564 Column_565 Column_566 Column_567
feature_infos=[2.0013689994812012:17.993154525756836] [-0.7776256799697876:0.99923950433731079] none none none [0:1] [0:1] [0:1] [0:1] [0:1] [0:1] [0:1] [0:1] [0:1] [0:1] [0:1] [0:1] [0:1] [0:1] [0:1] [0:1] [0:1] [0:1] [0:1] [0:1] [0:1] [0:1] [0:1] [0:1] [0:1] [0:1] [0:1] [0:1] [0:1] [0:1] [0:1] [0:1] [0:1] [0:1] [0:1] [0:1] [0:1] [0:1] [0:1] [0:1] [0:1] [0:1] [0:1] [0:1] [0:1] [0:1] [0:1] [0:1] [0:1] [0:1] [0:1] [0:1] [0:1] [0:1] [0:1] [0:1] [0:1] [0:1] [0:1] [0:1] [0:1] [0:1] [0:1] [0:1] [0:1] [0:1] [0:1] [0:1] [0:1] [0:1] [0:1] [0:1] [0:1] [0:1] [0:1] [0:1] [0:1] [0:1] [0:1] [0:1] [0:1] [0:1] [0:1] [0:1] [0:1] [0:1] [0:1] [0:1] [0:1] [0:1] [0:1] [0:1] [0:1] [0:1] [0:1] [0:1] [0:1] [0:1] [0:1] [0:1] [0:1] [0:1] [0:1] [0:1] none none none none [0:1] [0:1] none [0:1] none [0:1] none none [0:1] none none none none [0:1] [0:1] [0:1] [0:1] [0:1] none [0:1] [0:1] [0:1] [0:1] none [0:1] [0:1] [0:1] [0:1] [0:1] [0:1] [0:1] [0:1] [0:1] [0:1] [0:1] [0:1] [0:1] [0:1] [0:1] [0:1] [0:1] [0:1] [0:1] [0:1] none none none none none none none none none none [0:1] [0:1] none none none none none [0:1] [0:1] [0:1] [0:1] [0:1] [0:1] [0:1] [0:1] [0:1] [0:1] [0:1] [0:1] [0:1] [0:1] [0:1] [0:1] [0:1] [0:1] [0:1] [0:1] [0:1] [0:1] [0:1] [0:1] [0:1] [0:1] [0:1] [0:1] none none [0:1] [0:1] [0:1] none [0:1] [0:1] [0:1] [0:1] [0:1] none [0:1] none none [0:1] none [0:1] [0:1] [0:1] [0:1] [0:1] [0:1] [0:1] [0:1] [0:1] [0:1] [0:1] [0:1] [0:1] [0:1] [0:1] [0:1] [0:1] [0:1] [0:1] [0:1] [0:1] [0:1] [0:1] [0:1] [0:1] none none none none none none none none none none none none none none none none none [0:1] [0:1] [0:1] [0:1] [0:1] [0:1] [0:1] [0:1] [0:1] [0:1] none [0:1] [0:1] [0:1] [0:1] none [0:1] [0:1] none none none [0:1] [0:1] none none none none none [0:1] [0:1] [0:1] [0:1] [0:1] [0:1] [0:1] none none none [0:1] none [0:1] [0:1] [0:1] none [0:1] [0:1] [0:1] [0:1] none none [0:1] [0:1] none none none none [0:1] [0:1] none none none [0:1] none none [0:1] [0:1] none none [0:1] [0:1] none none none none none none none none none none none none none none none none none none none none none none none none none none none none none none none none none none none none none none none none none none none none none none none none none none none none none none none none none none none none none none none none none none none none none none none none none none none none none none none none none none none none none none none none none none none none none none none none none none none none none none none none none none none none none none none none none none none none none none none none none none none none none none none none none none none none none none none none none none none none none none none none none none none none none none none none none none none none none none none none none none none none none none none none none none none none none none none none none none none none none none none none none none none none none none none none none none none none none none none none none none none none none none none none none none none none none none none none none none none none none none none none none none none none none none none none none none none none none
tree_sizes=3387 3460 3469 3467 3467 3498 3489 3457 3474 3469 3476 3477 3487 3467 3480

Tree=0
num_leaves=31
num_cat=0
split_feature=0 0 7 0 73 67 0 15 39 31 13 139 7 83 0 0 1 15 139 81 60 0 6 5 138 11 5 56 82 11
split_gain=135.269 37.1002 10.3508 9.10538 7.59141 7.5047 8.59219 7.21703 8.93067 9.94508 9.218 6.63757 6.1508 5.96823 5.68472 6.54042 13.0643 5.90039 5.68131 5.27127 6.41783 6.69206 6.33792 5.18025 5.12293 4.64959 5.59173 5.16558 4.47376 4.41911
threshold=11.824777603149416 4.9609856605529794 1.0000000180025095e-35 13.550992488861086 1.0000000180025095e-35 1.0000000180025095e-35 11.377138614654543 1.0000000180025095e-35 1.0000000180025095e-35 1.0000000180025095e-35 1.0000000180025095e-35 1.0000000180025095e-35 1.0000000180025095e-35 1.0000000180025095e-35 3.0691307783126835 3.639972567558289 -0.54931932687759388 1.0000000180025095e-35 1.0000000180025095e-35 1.0000000180025095e-35 1.0000000180025095e-35 10.260096073150637 1.0000000180025095e-35 1.0000000180025095e-35 1.0000000180025095e-35 1.0000000180025095e-35 1.0000000180025095e-35 1.0000000180025095e-35 1.0000000180025095e-35 1.0000000180025095e-35
decision_type=2 2 2 2 2 2 2 2 2 2 2 2 2 2 2 2 2 2 2 2 2 2 2 2 2 2 2 2 2 2
left_child=1 4 7 11 12 6 24 8 -3 10 -10 -2 29 -14 -6 17 -17 -16 19 -9 22 -22 23 -21 28 -7 -27 -28 -4 -1
right_child=3 2 5 -5 14 25 -8 18 9 -11 -12 -13 13 -15 15 16 -18 -19 -20 20 21 -23 -24 -25 -26 26 27 -29 -30 -31
leaf_value=-1.0811393528748643 -1.115226450768716 -1.1372533341567863 -1.0552163586642127 -1.1593908134444435 -0.90462734420481661 -1.1004346657134385 -0.91545673938044603 -1.0929566002515865 -1.0766236205236366 -1.1061209819123141 -0.88368866708774296 -1.2012397905357628 -1.0319406718156354 -0.94059020198056986 -1.1454221310511645 -0.88368866708774296 -1.0314745979899465 -0.98906187985223737 -1.1413039103505731 -1.1027196072754575 -0.97423524897384495 -1.0981231550634891 -1.1686922154942989 -0.95213107766430027 -1.1493912758892912 -1.0819659291062667 -1.0659479895797097 -0.92928014381051416 -0.97641709432049795 -1.0364115281435422
leaf_weight=48.575695291161537 92.087515011429787 78.58384682238102 43.699370667338371 234.62623478472233 5.8140793591737738 64.892627686262131 5.0638755708932868 48.388144344091415 5.8140793591737729 37.510189414024353 4.3136717826128006 9.9402001947164518 53.639570862054825 8.2522416710853559 5.8140793591737729 8.6273435652255994 19.505298495292667 4.1261208355426788 13.316117241978644 5.4389774650335294 15.941830500960352 6.0016303062438956 6.3767322003841391 3.9385698884725571 4.876324623823165 24.756725013256073 5.4389774650335294 5.626528412103653 8.6273435652255994 40.511004567146301
leaf_count=259 491 419 233 1251 31 346 27 258 31 200 23 53 286 44 31 46 104 22 71 29 85 32 34 21 26 132 29 30 46 216
internal_value=-1.09807 -1.06894 -1.0868 -1.14855 -1.03333 -1.0676 -1.04031 -1.10067 -1.11654 -1.08238 -0.994448 -1.12361 -1.04398 -1.01976 -0.996726 -1.01079 -0.986154 -1.08052 -1.08052 -1.07112 -1.04308 -1.00812 -1.09178 -1.03947 -1.05136 -1.08447 -1.05555 -0.996456 -1.04222 -1.0608
internal_weight=920.125 583.471 388.606 336.654 194.865 162.982 62.2669 225.624 126.222 47.6379 10.1278 102.028 150.979 61.8918 43.8869 38.0728 28.1326 9.9402 99.402 86.0859 37.6977 21.9435 15.7543 9.37755 57.203 100.715 35.8222 11.0655 52.3267 89.0867
internal_count=4906 3111 2072 1795 1039 869 332 1203 673 254 54 544 805 330 234 203 150 53 530 459 201 117 84 50 305 537 191 59 279 475
is_linear=0
shrinkage=1


Tree=1
num_leaves=31
num_cat=0
split_feature=0 0 85 0 7 26 214 15 39 31 67 0 139 10 104 13 0 67 7 9 8 57 11 12 8 132 56 188 138 9
split_gain=110.718 28.445 8.65099 7.94075 7.51434 7.0073 6.15448 5.95989 8.76807 7.39514 5.93668 6.59083 5.83544 5.68815 5.24544 5.10097 5.08248 4.9645 12.5139 6.54968 6.6557 8.3441 9.19784 6.4382 4.68976 7.06343 4.50121 8.64225 4.32013 5.51022
threshold=11.824777603149416 4.9609856605529794 1.0000000180025095e-35 13.550992488861086 1.0000000180025095e-35 1.0000000180025095e-35 1.0000000180025095e-35 1.0000000180025095e-35 1.0000000180025095e-35 1.0000000180025095e-35 1.0000000180025095e-35 10.380561351776125 1.0000000180025095e-35 1.0000000180025095e-35 1.0000000180025095e-35 1.0000000180025095e-35 5.1663243770599374 1.0000000180025095e-35 1.0000000180025095e-35 1.0000000180025095e-35 1.0000000180025095e-35 1.0000000180025095e-35 1.0000000180025095e-35 1.0000000180025095e-35 1.0000000180025095e-35 1.0000000180025095e-35 1.0000000180025095e-35 1.0000000180025095e-35 1.0000000180025095e-35 1.0000000180025095e-35
decision_type=2 2 2 2 2 2 2 2 2 2 2 2 2 2 2 2 2 2 2 2 2 2 2 2 2 2 2 2 2 2
left_child=1 5 4 12 6 24 7 8 16 15 11 28 -2 -13 -9 -10 -3 18 -7 -19 21 22 23 -21 25 -1 -5 -28 29 -6
right_child=3 2 -4 26 10 17 -8 14 9 -11 -12 13 -14 -15 -16 -17 -18 19 -20 20 -22 -23 -24 -25 -26 -27 27 -29 -30 -31
leaf_value=0.091186651453639939 -0.015583150445660096 0.065707969889632734 0.098434609201667383 -0.077013892893087924 0.065857287521361968 0.020764134350538973 0.11912735010319311 0.0066888246764512174 0.024190529900535811 -0.0089059991875560726 0.0085409178383875056 0.063960724150150847 -0.09824216395778318 0.20434332153549437 0.11912510139268991 0.1662330887007748 -0.049618606126136 0.017204773275615353 0.16470293621249299 0.17382543815268101 0.018816884394738581 0.18143174876426948 -0.032625109107674959 0.025622594899978281 0.049678441582383236 0.22601356241390913 -0.051318792502828149 0.088698989737014844 -0.063269198319531553 -0.0074359059439337337
leaf_weight=31.682413935661316 91.296187549829483 4.0449423789978018 10.758694007992743 75.431673154234886 29.84062460064888 13.4630336612463 3.9535625874996176 91.68041518330574 5.6866671144962293 36.238310217857361 97.61005936563015 8.458146318793295 9.422126889228819 4.381491243839263 4.3459342420101157 4.5519770383834839 69.131742477416992 72.66350919008255 10.95466673374176 7.1193964332342166 18.145472049713135 8.1837851554155367 6.7879677265882483 4.9827751517295837 22.651598021388054 4.4288037419319144 147.40984801948071 4.5440766960382453 4.3850830793380728 15.630317851901053
leaf_count=163 491 22 57 415 155 70 21 485 30 194 517 43 53 22 23 22 376 376 56 37 94 42 35 26 117 23 811 25 24 81
internal_value=-9.85368e-05 0.0257347 0.0100067 -0.0466909 0.00750266 0.0562969 -0.00451206 -0.00677846 -0.0216702 0.0122967 0.0239639 0.0479758 -0.0233158 0.111866 0.0117774 0.0873409 -0.0432438 0.0443003 0.0853403 0.0357995 0.0656795 0.0970877 0.0605472 0.112807 0.0853478 0.107722 -0.0570446 -0.0471317 0.0315219 0.0406633
internal_weight=919.865 591.761 390.698 328.104 379.939 201.063 219.634 215.68 119.654 46.477 160.306 62.6957 100.718 12.8396 96.0263 10.2386 73.1767 142.301 24.4177 117.883 45.2194 27.0739 18.8901 12.1022 58.7628 36.1112 227.386 151.954 49.856 45.4709
internal_count=4906 3111 2072 1795 2015 1039 1173 1152 644 246 842 325 544 65 508 52 398 736 126 610 234 140 98 63 303 186 1251 836 260 236
is_linear=0
shrinkage=0.1


Tree=2
num_leaves=31
num_cat=0
split_feature=0 0 0 142 7 67 0 14 26 139 15 39 32 16 139 12 0 56 188 6 64 81 45 99 13 11 5 81 0 0
split_gain=90.7503 21.9783 6.91504 6.88862 6.55175 5.39925 5.80516 5.46448 5.19011 5.13371 4.64903 6.08448 5.8916 6.16437 4.7493 4.19187 8.3892 4.04124 7.03522 4.13073 5.84435 4.21899 7.57946 4.03427 5.1337 4.56637 6.08681 4.99744 4.54898 3.96869
threshold=11.824777603149416 4.9609856605529794 13.550992488861086 1.0000000180025095e-35 1.0000000180025095e-35 1.0000000180025095e-35 10.380561351776125 1.0000000180025095e-35 1.0000000180025095e-35 1.0000000180025095e-35 1.0000000180025095e-35 1.0000000180025095e-35 1.0000000180025095e-35 1.0000000180025095e-35 1.0000000180025095e-35 1.0000000180025095e-35 11.190965175628664 1.0000000180025095e-35 1.0000000180025095e-35 1.0000000180025095e-35 1.0000000180025095e-35 1.0000000180025095e-35 1.0000000180025095e-35 1.0000000180025095e-35 1.0000000180025095e-35 1.0000000180025095e-35 1.0000000180025095e-35 1.0000000180025095e-35 7.3634495735168466 8.6844625473022479
decision_type=2 2 2 2 2 2 2 2 2 2 2 2 2 2 2 2 2 2 2 2 2 2 2 2 2 2 2 2 2 2
left_child=1 8 9 4 10 6 -6 -8 -1 -2 11 -3 13 -13 -12 -14 -17 -4 19 20 21 -19 -23 25 -25 29 28 -28 -27 -7
right_child=2 3 17 -5 5 23 7 -9 -10 -11 14 12 15 -15 -16 16 -18 18 -20 -21 -22 22 -24 24 -26 26 27 -29 -30 -31
leaf_value=0.07368946462797292 -0.014142742362364562 -0.0318863179109359 -0.072397064900032823 -0.099201641943125529 0.032958987133945225 0.004572795685180933 0.17086886291436845 0.042389654760438066 0.038945189322623114 -0.093644267242380855 0.023712578326922973 0.0015361799814581007 -0.035618249713985306 0.147779822647882 -0.04085009620085997 0.08344422500584904 -0.073302931401121971 -0.035201067849134578 0.076129598129978923 -0.069221599335011055 -0.076148893207634613 -0.0090983853628384039 0.15289397228293999 0.017950089919140249 0.14021120979550158 0.055592298070703386 0.15821089782601427 0.017699054539878006 -0.039323527603862901 -0.052408950864158081
leaf_weight=61.081458225846291 90.574768960475922 73.640851229429245 72.379871904850006 5.8060710281133643 50.8248520642519 36.170637309551239 6.6900924891233426 6.5530058741569519 145.19313319027424 8.9224550276994687 86.952934995293617 5.6462382078170759 20.521569818258286 5.8879073858261108 13.111851334571837 10.627240642905234 5.0308220386505118 45.455744042992592 4.7526996582746497 54.47614461183548 24.231272116303444 15.741483345627787 3.5374119877815238 10.487571328878401 5.1067593842744818 8.9478668719530123 5.7465157657861727 4.5237499326467514 11.589317187666891 18.461577326059341
leaf_count=303 491 408 415 31 261 192 32 32 736 53 454 28 110 29 71 57 27 257 25 308 137 89 20 55 27 47 29 23 61 98
internal_value=-0.00017484 0.0228077 -0.043157 0.00891373 0.0105378 0.0256151 0.0483244 0.107294 0.0492336 -0.0212721 -0.000704657 -0.0138625 0.0139552 0.0761901 0.0152527 -0.00588548 0.0330825 -0.053029 -0.0435694 -0.0475354 -0.0342564 -0.0185753 0.020625 0.0112146 0.0579876 0.00267763 0.0334636 0.0963196 0.00203045 -0.0146827
internal_weight=918.674 598.602 320.072 392.327 386.521 165.102 64.068 13.2431 206.275 99.4972 221.419 121.355 47.7138 11.5341 100.065 36.1796 15.6581 220.575 148.195 143.442 88.9659 64.7346 19.2789 101.034 15.5943 85.4397 30.8074 10.2703 20.5372 54.6322
internal_count=4906 3111 1795 2072 2041 857 325 64 1039 544 1184 659 251 57 525 194 84 1251 836 811 503 366 109 532 82 450 160 52 108 290
is_linear=0
shrinkage=0.1


Tree=3
num_leaves=31
num_cat=0
split_feature=0 0 85 0 142 7 79 214 113 108 73 67 0 168 138 7 9 57 11 135 6 13 6 0 0 80 83 9 0 14
split_gain=74.5108 17.1739 6.65986 6.0192 5.5891 4.70465 4.71013 5.95127 4.90363 4.63529 4.56359 4.35334 4.64461 4.17187 4.11528 3.83579 4.28577 5.77772 4.21068 4.41143 7.15852 6.31023 3.82636 3.75015 4.71088 3.74471 3.7112 3.66658 3.6646 8.37912
threshold=11.824777603149416 4.9609856605529794 1.0000000180025095e-35 13.550992488861086 1.0000000180025095e-35 1.0000000180025095e-35 1.0000000180025095e-35 1.0000000180025095e-35 1.0000000180025095e-35 1.0000000180025095e-35 1.0000000180025095e-35 1.0000000180025095e-35 11.43189573287964 1.0000000180025095e-35 1.0000000180025095e-35 1.0000000180025095e-35 1.0000000180025095e-35 1.0000000180025095e-35 1.0000000180025095e-35 1.0000000180025095e-35 1.0000000180025095e-35 1.0000000180025095e-35 1.0000000180025095e-35 3.0691307783126835 3.2950034141540532 1.0000000180025095e-35 1.0000000180025095e-35 1.0000000180025095e-35 9.8631072044372576 1.0000000180025095e-35
decision_type=2 2 2 2 2 2 2 2 2 2 2 2 2 2 2 2 2 2 2 2 2 2 2 2 2 2 2 2 2 2
left_child=1 10 4 9 5 6 7 8 22 -2 13 12 14 15 -7 16 17 18 19 20 -1 -22 -3 -12 -25 -8 -17 -4 29 -27
right_child=3 2 27 -5 -6 11 25 -9 -10 -11 23 -13 -14 -15 -16 26 -18 -19 -20 -21 21 -23 -24 24 -26 28 -28 -29 -30 -31
leaf_value=-0.10249480535551821 -0.012830761877409797 0.017725479632113638 0.041331783053758397 -0.049276082693721718 -0.094227973608761409 0.039681067623622786 -0.10405401144125391 0.12740132915031901 -0.062881869470203217 -0.09120390036935179 0.13994547232173682 0.0067672296267661429 0.12957922823791093 0.10710234808287483 -0.061633884852084833 0.040919757974823695 0.044981655365145444 -0.068085317160832978 0.049786193053926786 0.052351686549086091 -0.060659455150519542 0.11862122182795715 -0.012202226702382983 -0.041813418930130714 0.070282190889287652 0.080403031679773265 0.11141893418064289 0.16039012726889418 -0.075980220731278747 -0.090637846137262668
leaf_weight=8.8128830790519768 90.127190470695496 97.821203604340553 7.2837453633546811 214.15939345955849 5.516477331519126 54.295025587081909 7.1241728663444546 3.7692624777555457 11.459990054368971 8.2360561639070493 6.6553337872028342 97.540706872940063 5.3444996923208228 7.699791580438613 4.3287855982780448 55.304598212242126 36.419045075774193 9.983786076307295 20.201446607708931 7.3545219898223868 3.9344556480646125 3.9186174124479294 75.843139320611954 4.1631966829299918 37.689986675977707 7.4201897978782672 8.6325377672910673 4.0111565142869949 7.1393937021493903 4.6647409200668335
leaf_count=45 495 524 37 1251 31 270 39 19 62 49 31 512 24 38 24 272 181 50 101 37 20 20 407 21 182 39 41 20 39 25
internal_value=-0.000228606 0.0202718 0.00793522 -0.0398707 0.00569916 0.00716231 -0.00251759 0.00300728 0.00047453 -0.019393 0.0433073 0.0200627 0.0403359 0.0352619 0.0322 0.031683 0.0184509 0.000625765 0.0161384 -0.0121598 -0.0406281 0.0288001 0.00465537 0.0702194 0.0591319 -0.0421257 0.0504383 0.083613 -0.0191762 0.0143819
internal_weight=916.855 604.333 393.562 312.523 382.268 376.751 215.242 188.894 185.124 98.3632 210.77 161.509 63.9683 162.262 58.6238 154.562 90.6248 54.2057 44.2219 24.0205 16.666 7.85307 173.664 48.5085 41.8532 26.3485 63.9371 11.2949 19.2243 12.0849
internal_count=4906 3111 2072 1795 2015 1984 1154 1012 993 544 1039 830 318 805 294 767 454 273 223 122 85 40 931 234 203 142 313 57 103 64
is_linear=0
shrinkage=0.1


Tree=4
num_leaves=31
num_cat=0
split_feature=0 130 26 0 139 81 13 133 16 56 15 16 142 67 7 78 9 11 12 1 1 133 0 0 8 101 54 8 15 16
split_gain=61.1008 13.8759 5.82172 5.2066 4.23051 4.21519 9.05315 9.40598 5.6132 5.00492 4.7851 4.39851 4.12032 4.10808 10.3574 8.57983 5.07516 5.69941 5.03671 5.429 4.44036 4.08277 4.07234 7.07372 3.99662 3.9297 6.21535 10.1906 3.91443 3.77107
threshold=11.824777603149416 1.0000000180025095e-35 1.0000000180025095e-35 13.550992488861086 1.0000000180025095e-35 1.0000000180025095e-35 1.0000000180025095e-35 1.0000000180025095e-35 1.0000000180025095e-35 1.0000000180025095e-35 1.0000000180025095e-35 1.0000000180025095e-35 1.0000000180025095e-35 1.0000000180025095e-35 1.0000000180025095e-35 1.0000000180025095e-35 1.0000000180025095e-35 1.0000000180025095e-35 1.0000000180025095e-35 -0.68499505519866932 -0.57183054089546193 1.0000000180025095e-35 3.9219712018966679 2.8952771425247197 1.0000000180025095e-35 1.0000000180025095e-35 1.0000000180025095e-35 1.0000000180025095e-35 1.0000000180025095e-35 1.0000000180025095e-35
decision_type=2 2 2 2 2 2 2 2 2 2 2 2 2 2 2 2 2 2 2 2 2 2 2 2 2 2 2 2 2 2
left_child=1 12 5 4 -2 8 9 11 22 10 -7 -8 25 14 15 -4 17 21 19 -19 -20 -15 23 -3 -18 -1 -27 -28 -24 -23
right_child=3 2 13 -5 -6 6 7 -9 -10 -11 -12 -13 -14 16 -16 -17 24 18 20 -21 -22 29 28 -25 -26 26 27 -29 -30 -31
leaf_value=0.0039554518299701946 -0.011360734319720281 -0.043020339929587696 -0.030539346143237313 -0.04567919002656548 -0.086635941796315175 0.053300341648650912 0.12786278481816657 0.22708943022665348 0.078748136172076516 0.090270804931125243 -0.072011731701829187 -0.0027058153631174301 -0.078116834536265056 0.0053274164709677801 0.11827612487948369 0.13519712428687605 0.061644690237610988 0.076202960106817721 0.029740975747358629 -0.025263808103230131 0.13864012888744892 -0.0060003476077732688 -0.084109442092467748 0.11825635695563433 0.0075467107986416137 0.12722934979367831 -0.09749738365518 0.099152264806085869 0.033743053030817038 -0.092097306715270361
leaf_weight=325.65868437290192 89.185930177569389 4.9055166095495242 14.080945983529093 208.23977106809616 8.1481170356273633 6.6367499977350235 6.5998915284872073 6.7667209506034842 16.800701603293419 10.313398897647858 5.6340878158807755 4.2360008209943771 5.8630355447530738 27.1133131980896 15.161440059542654 4.0138903260231009 36.378007337450981 7.3790696412324897 8.8045605123043043 18.477256417274479 6.5148162692785254 9.1757549643516541 7.2185394465923292 6.1031721532344818 21.863926768302917 6.8134599179029474 5.0698562562465668 5.4874214231967926 4.6234452128410339 11.417565375566483
leaf_count=1707 491 23 72 1251 53 32 31 33 82 50 27 20 34 136 71 20 177 36 43 92 33 47 36 29 109 35 26 28 23 59
internal_value=-0.00026465 0.0180415 0.0355182 -0.036755 -0.0176622 0.0580007 0.0808247 0.134586 0.0348686 0.0389218 -0.00423601 0.0768205 0.00500667 0.0255672 0.0573089 0.00622518 0.0183922 0.0033576 0.0306145 0.00369353 0.0760521 -0.0201679 0.00260665 0.0463908 0.0413364 0.00642741 0.0527706 0.00471642 -0.0380965 -0.0537351
internal_weight=914.685 609.111 260.219 305.574 97.334 79.8382 40.1869 17.6026 39.6514 22.5842 12.2708 10.8359 348.892 180.381 33.2563 18.0948 147.124 88.8823 41.1757 25.8563 15.3194 47.7066 22.8507 11.0087 58.2419 343.029 17.3707 10.5573 11.842 20.5933
internal_count=4906 3111 1281 1795 544 386 193 84 193 109 59 51 1830 895 163 92 732 446 204 128 76 242 111 52 286 1796 89 54 59 106
is_linear=0
shrinkage=0.1


Tree=5
num_leaves=31
num_cat=0
split_feature=0 1 7 73 94 130 0 56 188 6 64 14 139 36 12 168 108 108 13 61 15 1 99 101 54 82 5 6 39 15
split_gain=50.0779 11.0677 5.81985 5.13335 7.34622 6.56432 4.48662 3.84209 6.06077 3.86182 5.39975 4.41489 6.96131 5.48114 4.25207 3.82065 3.80147 3.7427 6.49588 3.59485 5.83845 3.40306 4.10567 7.10995 4.24299 3.91951 3.65761 4.31261 5.66408 3.8389
threshold=11.824777603149416 -0.38535249233245844 1.0000000180025095e-35 1.0000000180025095e-35 1.0000000180025095e-35 1.0000000180025095e-35 13.550992488861086 1.0000000180025095e-35 1.0000000180025095e-35 1.0000000180025095e-35 1.0000000180025095e-35 1.0000000180025095e-35 1.0000000180025095e-35 1.0000000180025095e-35 1.0000000180025095e-35 1.0000000180025095e-35 1.0000000180025095e-35 1.0000000180025095e-35 1.0000000180025095e-35 1.0000000180025095e-35 1.0000000180025095e-35 -0.35675716400146479 1.0000000180025095e-35 1.0000000180025095e-35 1.0000000180025095e-35 1.0000000180025095e-35 1.0000000180025095e-35 1.0000000180025095e-35 1.0000000180025095e-35 1.0000000180025095e-35
decision_type=2 2 2 2 2 2 2 2 2 2 2 2 2 2 2 2 2 2 2 2 2 2 2 2 2 2 2 2 2 2
left_child=1 3 -3 4 5 -1 16 -8 9 10 11 12 14 -13 -9 -7 -2 21 -19 20 -12 -4 23 24 -23 26 27 28 -26 -28
right_child=6 2 17 -5 -6 15 7 8 -10 -11 19 13 -14 -15 -16 -17 -18 18 -20 -21 -22 22 -24 -25 25 -27 29 -29 -30 -31
leaf_value=-0.076446329465613916 -0.010292833556245565 -0.0066526634253648593 0.086584883148960276 0.056234375189234777 0.15041223531413997 0.021058168463265029 -0.062166846636854192 0.00011061627533557114 0.078730851463184731 -0.058777944067313938 0.038920379106179931 -0.064497299431517871 -0.10389898562463074 0.061093142874398598 0.073834216103517758 0.089700530128387926 -0.084265092988392951 0.014574663593144414 0.16086695886518443 -0.10113826496760428 -0.12511226710636011 0.013751689480043594 0.048852258416061646 0.12647082174564514 -0.08327267424002599 0.043782366818450109 0.037960702333488687 -0.13649452806012005 0.045350965759934581 -0.073445318743409996
leaf_weight=6.7112319618463507 88.832162857055664 200.25349178910255 6.2594101130962363 64.53834256529808 4.468167081475257 174.22239685058594 65.704721063375473 19.730087324976921 4.7087911516427985 49.61742776632309 6.0963473320007324 19.357770115137104 4.4554716497659674 4.235333338379859 12.963440924882887 8.5045516788959485 7.5366733521223059 7.8801417648792249 4.9367936849594116 12.51355504989624 3.3690340518951416 65.827627316117287 23.829226925969124 4.4861036241054526 9.5952326804399508 6.5652207583189002 9.0180387496948224 6.2203704565763465 5.3228760957717887 4.707770347595214
leaf_count=35 495 1071 32 307 22 851 415 119 25 308 38 117 27 25 78 40 49 40 24 78 21 339 118 22 50 33 45 32 26 24
internal_value=-0.000296089 0.016064 0.00460076 0.0318055 0.0236748 0.0206855 -0.0338424 -0.0422858 -0.0327543 -0.0367211 -0.023491 -0.00812229 0.0133626 -0.0419518 0.0293431 0.0242529 -0.0160779 0.0191727 0.0709231 -0.0659647 -0.0194641 0.0144962 0.0111678 0.00313165 -0.00202709 -0.0270981 -0.0404455 -0.0665455 -0.0373789 -0.000250084
internal_weight=912.468 613.347 354.902 258.445 193.906 189.438 299.121 202.752 137.047 132.338 82.721 60.7421 37.149 23.5931 32.6935 182.727 96.3688 154.649 12.8169 21.9789 9.46538 141.832 135.572 111.743 107.257 41.4295 34.8643 21.1385 14.9181 13.7258
internal_count=4906 3111 1856 1255 948 926 1795 1251 836 811 503 366 224 142 197 891 544 785 64 137 59 721 689 571 549 210 177 108 76 69
is_linear=0
shrinkage=0.1


Tree=6
num_leaves=31
num_cat=0
split_feature=0 1 15 91 67 93 12 36 16 12 8 13 39 113 67 0 61 45 8 99 26 113 5 0 14 26 21 14 1 61
split_gain=41.162 9.05777 4.44306 6.014 6.11122 7.60506 8.21247 10.5024 6.30652 3.90428 12.7941 5.84095 6.37745 5.2413 4.59332 4.14483 3.97147 3.65404 4.40934 3.64853 3.59304 4.1097 3.46741 3.23775 3.90852 3.45813 3.18006 3.40173 3.1667 8.18437
threshold=11.824777603149416 -0.22746976464986798 1.0000000180025095e-35 1.0000000180025095e-35 1.0000000180025095e-35 1.0000000180025095e-35 1.0000000180025095e-35 1.0000000180025095e-35 1.0000000180025095e-35 1.0000000180025095e-35 1.0000000180025095e-35 1.0000000180025095e-35 1.0000000180025095e-35 1.0000000180025095e-35 1.0000000180025095e-35 8.0082135200500506 1.0000000180025095e-35 1.0000000180025095e-35 1.0000000180025095e-35 1.0000000180025095e-35 1.0000000180025095e-35 1.0000000180025095e-35 1.0000000180025095e-35 16.223134994506839 1.0000000180025095e-35 1.0000000180025095e-35 1.0000000180025095e-35 1.0000000180025095e-35 -0.27872842550277704 1.0000000180025095e-35
decision_type=2 2 2 2 2 2 2 2 2 2 2 2 2 2 2 2 2 2 2 2 2 2 2 2 2 2 2 2 2 2
left_child=1 20 3 4 5 6 -2 -8 -7 13 19 -12 -13 15 -15 17 -17 -3 -19 -11 21 -1 -21 -6 25 -25 -4 -28 -22 -30
right_child=2 9 26 -5 23 8 7 -9 -10 10 11 12 -14 14 -16 16 -18 18 -20 22 28 -23 -24 24 -26 -27 27 -29 29 -31
leaf_value=0.034884741359908475 -0.039386570910793145 0.046836633025017498 -0.052665447636322249 -0.12594209139497536 -0.026865878802097509 0.0063880716779709454 -0.0012642046785044205 0.14234811749380219 0.14935284691273509 -0.055878245479234312 0.0040999792443770682 0.028239268136883697 0.17110716980969584 0.0017865857759240353 -0.13151568428614255 0.040350281688074578 0.0034920091471587521 -0.0021960166975159494 -0.085507366233463208 0.037031221937383223 0.014495545707087963 0.11987547278161402 -0.050692894436909497 -0.10226722955569345 -0.12438203669410769 0.01216862780966004 0.042270027254819743 -0.064572750903905393 0.10554366578825317 -0.062171356282434025
leaf_weight=113.30549828708172 45.159261435270309 7.5248592495918265 100.36753457784653 5.3428905159234992 65.044784530997276 6.6675869226455671 26.451291397213936 6.3061854839324942 5.7434083372354507 48.058122575283051 29.341878578066826 7.9457932263612729 5.1493187546730042 5.7555938959121686 4.6923787891864777 66.174245625734329 52.367887109518051 17.922834515571594 9.8409431427717227 9.8133196532726288 209.71553726494312 5.9901971817016593 8.3308235257863998 4.4248707890510559 8.4746838510036469 6.5490399897098541 7.666972875595091 4.8745744228363037 11.179187998175619 3.9334217905998221
leaf_count=548 280 38 615 33 395 39 163 38 33 254 154 42 26 30 26 345 275 93 51 51 1028 28 44 28 54 41 46 30 58 20
internal_value=-0.000321605 0.0143349 -0.0311797 -0.0214324 -0.0182384 -0.000155514 -0.011736 0.0263828 0.0725476 0.000730033 -0.0139779 0.0288845 0.0844184 0.0104565 -0.0580819 0.0151116 0.0240675 -0.0149735 -0.0317259 -0.0414535 0.0251247 0.0391524 -0.00324702 -0.0375699 -0.073369 -0.0339739 -0.046733 0.000743008 0.0176814 0.0618918
internal_weight=910.115 617.042 293.073 180.164 174.821 90.3277 77.9167 32.7575 12.411 272.918 108.639 42.437 13.0951 164.279 10.448 153.831 118.542 35.2886 27.7638 66.2023 344.124 119.296 18.1441 84.4934 19.4486 10.9739 112.909 12.5415 224.828 15.1126
internal_count=4906 3111 1795 1104 1071 553 481 201 72 1429 571 222 68 858 56 802 620 182 144 349 1682 576 95 518 123 69 691 76 1106 78
is_linear=0
shrinkage=0.1


Tree=7
num_leaves=31
num_cat=0
split_feature=0 0 0 293 85 0 108 7 0 57 0 55 67 0 67 81 15 1 88 93 9 12 73 36 26 14 0 68 55 13
split_gain=33.8143 8.00364 5.55081 5.22774 4.72201 3.8619 4.11472 3.49314 7.46453 10.0245 5.12438 5.7063 4.12852 4.08835 3.39626 4.97156 4.56744 5.76472 5.50164 6.43119 6.21371 6.07841 10.2888 6.66998 5.14564 3.72592 5.33369 5.25397 3.80445 6.35739
threshold=11.824777603149416 3.9219712018966679 3.8535249233245854 1.0000000180025095e-35 1.0000000180025095e-35 17.746748924255375 1.0000000180025095e-35 1.0000000180025095e-35 3.0691307783126835 1.0000000180025095e-35 3.5961669683456425 1.0000000180025095e-35 1.0000000180025095e-35 3.0266940593719487 1.0000000180025095e-35 1.0000000180025095e-35 1.0000000180025095e-35 0.92577382922172557 1.0000000180025095e-35 1.0000000180025095e-35 1.0000000180025095e-35 1.0000000180025095e-35 1.0000000180025095e-35 1.0000000180025095e-35 1.0000000180025095e-35 1.0000000180025095e-35 14.800821304321291 1.0000000180025095e-35 1.0000000180025095e-35 1.0000000180025095e-35
decision_type=2 2 2 2 2 2 2 2 2 2 2 2 2 2 2 2 2 2 2 2 2 2 2 2 2 2 2 2 2 2
left_child=1 2 7 4 -3 6 14 8 9 -1 11 12 -9 -14 16 -16 18 -18 19 21 -21 -2 23 -23 -24 28 27 -27 29 -17
right_child=5 3 -4 -5 -6 -7 -8 10 -10 -11 -12 -13 13 -15 15 25 17 -19 -20 20 -22 22 24 -25 -26 26 -28 -29 -30 -31
leaf_value=0.023773319110183291 -0.029205637688860149 0.0039700480977230392 0.14406974612947004 0.12259952806491739 0.064317076966815476 -0.083381954003148281 -0.066802269665476532 0.12317351581140629 -0.019145636523589374 0.15508272307124357 0.11350979008059932 -0.016994702159701454 0.011748167542820974 0.10368143010268605 -0.047137350668167835 0.18611434497378926 -0.045559360822663819 0.09283713828652293 -0.12418470451160867 0.1409868807551255 -0.0080331681705215069 0.039496818679620904 0.024905281357173632 0.17595156192297237 -0.10845442328876959 -0.073967166115138525 -0.12309616915632249 0.094542112159953839 -0.0048759840822272934 -0.0093009966639940461
leaf_weight=41.373560070991516 38.638310238718987 461.37188105285168 4.4110021591186515 3.854323983192443 13.341202467679976 12.354471832513807 22.917314261198044 7.609968155622485 33.688686370849609 6.7644824236631385 10.193990707397459 14.392460778355597 16.672542616724972 6.8144006431102744 88.063493683934212 3.2073723077774074 43.68169467151165 3.2324566990137091 3.258532151579856 6.586155101656912 4.8649291694164276 11.483366519212725 5.8880449086427706 5.2062392681837073 5.6885112524032593 3.7877637445926648 5.2940540462732315 3.6173197478055954 16.426290601491928 3.4615076631307602
leaf_count=199 244 2361 20 20 63 80 151 34 161 30 46 66 79 32 551 20 272 21 21 36 27 71 35 29 35 23 35 22 100 22
internal_value=-0.00034579 0.0127926 0.0336483 0.00660779 0.00566602 -0.0286859 -0.0262313 0.0301063 0.0169584 0.0422253 0.0494271 0.0350664 0.0591617 0.0384213 -0.0225474 -0.0343643 -0.0111598 -0.0360236 0.00313262 0.0084273 0.0776765 -0.00342511 0.0318155 0.0820632 -0.0406253 -0.00293931 -0.0464487 0.00834817 0.0209848 0.0846833
internal_weight=908.146 620.489 141.921 478.567 474.713 287.658 275.303 137.51 81.8267 48.138 55.6834 45.4894 31.0969 23.4869 252.386 123.858 128.528 46.9142 81.6141 78.3556 11.4511 66.9045 28.2662 16.6896 11.5766 35.7943 12.6991 7.40508 23.0952 6.66888
internal_count=4906 3111 667 2444 2424 1795 1715 647 390 229 257 211 145 111 1564 773 791 293 498 477 63 414 170 100 70 222 80 45 142 42
is_linear=0
shrinkage=0.1


Tree=8
num_leaves=31
num_cat=0
split_feature=0 0 103 142 0 108 7 15 39 32 13 139 82 134 108 26 54 5 80 0 26 14 54 0 12 0 58 26 1 22
split_gain=27.8542 6.72841 4.10534 3.97821 3.42207 3.5873 3.06818 3.42046 5.09202 3.74199 5.66231 3.53299 3.41472 9.32152 4.67485 5.72504 3.6433 5.92959 3.39766 3.37482 5.48768 4.63096 4.26531 3.84684 3.25158 6.58523 3.60174 3.60171 3.18133 3.46438
threshold=11.824777603149416 4.9609856605529794 1.0000000180025095e-35 1.0000000180025095e-35 17.746748924255375 1.0000000180025095e-35 1.0000000180025095e-35 1.0000000180025095e-35 1.0000000180025095e-35 1.0000000180025095e-35 1.0000000180025095e-35 1.0000000180025095e-35 1.0000000180025095e-35 1.0000000180025095e-35 1.0000000180025095e-35 1.0000000180025095e-35 1.0000000180025095e-35 1.0000000180025095e-35 1.0000000180025095e-35 11.108829498291017 1.0000000180025095e-35 1.0000000180025095e-35 1.0000000180025095e-35 9.3497605323791522 1.0000000180025095e-35 11.190965175628664 1.0000000180025095e-35 1.0000000180025095e-35 -0.4200319349765777 1.0000000180025095e-35
decision_type=2 2 2 2 2 2 2 2 2 2 2 2 2 2 2 2 2 2 2 2 2 2 2 2 2 2 2 2 2 2
left_child=1 -1 3 6 5 -2 7 8 28 10 -10 -9 14 16 19 -16 17 -14 -18 20 22 -21 -8 -24 27 26 -26 -11 -3 -30
right_child=4 2 -4 -5 -6 -7 12 11 9 24 -12 -13 13 -15 15 -17 18 -19 -20 21 -22 -23 23 -25 25 -27 -28 -29 29 -31
leaf_value=0.025346603356718702 -0.020700257176225086 0.045067346238046688 0.10261800485206318 -0.085920189266901398 -0.07930387753772089 -0.062852805221303931 0.057428024920999049 0.016820567126246747 -0.0073266612395328544 -0.083502021285012606 0.13168827545525372 -0.039133798532078712 0.031992031415382365 0.16038813260756785 -0.0035528643533971338 0.135612192030129 0.12624633042638594 -0.1146502727225079 0.014310940427094779 0.10007059925796463 -0.021437951495619705 -0.012776504247200638 -0.028188997689602799 0.061728726268341583 0.024801218857357508 -0.069302078324630631 0.14182459844715253 0.0026318433473684183 -0.029890617833753904 -0.1033000324411405
leaf_weight=223.31553940474987 248.83253335952759 4.9878687262535086 4.1503185927867881 5.0080436468124381 11.724015429615973 21.97195440530777 20.242207884788513 87.688658222556114 6.137377128005026 8.2396630793809891 5.6066848486661911 12.950907886028288 7.5597349852323568 5.6502490937709799 5.780662536621092 6.0498276501893997 4.4176924824714661 4.3407374024391174 7.0221102833747864 7.7616447657346708 69.528908923268318 6.8424218893051147 18.111659750342373 6.4530861973762503 6.7488667517900449 4.8551642298698416 4.3095129132270813 11.817170172929764 60.559328064322472 7.1921756863594046
leaf_count=1039 1564 26 21 31 80 151 100 448 31 45 25 71 38 28 28 29 21 22 34 38 353 33 91 32 34 27 22 64 340 40
internal_value=-0.000364148 0.0114415 0.00367863 0.00264133 -0.0264103 -0.0241203 0.00377607 -0.00398755 -0.0153567 0.0100293 0.0590399 0.00962002 0.0138873 0.0451399 0.00745104 0.0676128 0.0172404 -0.0214962 0.0575369 0.00193109 -0.0038509 0.0471985 0.0234397 -0.00456788 -0.00597229 0.0277815 0.0704059 -0.0327533 -0.032009 -0.0376834
internal_weight=905.857 623.328 400.013 395.862 282.529 270.804 390.854 221.093 120.454 47.7144 11.7441 100.64 169.761 28.9905 140.77 11.8305 23.3403 11.9005 11.4398 128.94 114.336 14.6041 44.807 24.5647 35.9704 15.9135 11.0584 20.0568 72.7394 67.7515
internal_count=4906 3111 2072 2051 1795 1715 2020 1173 654 248 56 519 847 143 704 57 115 60 55 647 576 71 223 123 192 83 56 109 406 380
is_linear=0
shrinkage=0.1


Tree=9
num_leaves=31
num_cat=0
split_feature=0 1 167 7 56 188 94 11 15 12 8 5 113 61 36 81 53 11 13 0 16 26 0 81 0 13 97 7 11 50
split_gain=23.2311 7.71707 4.55226 4.57304 4.0002 4.98021 3.89383 4.51177 4.52538 3.55876 6.34091 5.40284 7.55412 5.47427 5.53711 5.19975 4.80985 9.01325 4.68044 6.78108 4.34135 4.27164 3.73555 4.52067 3.78111 3.77641 6.53622 5.45386 4.35186 3.99227
threshold=13.550992488861086 -0.21636626124382016 1.0000000180025095e-35 1.0000000180025095e-35 1.0000000180025095e-35 1.0000000180025095e-35 1.0000000180025095e-35 1.0000000180025095e-35 1.0000000180025095e-35 1.0000000180025095e-35 1.0000000180025095e-35 1.0000000180025095e-35 1.0000000180025095e-35 1.0000000180025095e-35 1.0000000180025095e-35 1.0000000180025095e-35 1.0000000180025095e-35 1.0000000180025095e-35 1.0000000180025095e-35 8.9486651420593279 1.0000000180025095e-35 1.0000000180025095e-35 8.4175219535827654 1.0000000180025095e-35 7.5879535675048837 1.0000000180025095e-35 1.0000000180025095e-35 1.0000000180025095e-35 1.0000000180025095e-35 1.0000000180025095e-35
decision_type=2 2 2 2 2 2 2 2 2 2 2 2 2 2 2 2 2 2 2 2 2 2 2 2 2 2 2 2 2 2
left_child=1 2 6 -4 -2 -6 -1 8 -8 11 22 12 -3 -13 15 16 17 -15 -12 -20 -17 -21 23 24 -11 26 28 -27 29 -24
right_child=4 9 3 -5 5 -7 7 -9 -10 10 18 13 -14 14 -16 20 -18 -19 19 21 -22 -23 25 -25 -26 27 -28 -29 -30 -31
leaf_value=0.013473425471501935 -0.05311847677174289 -0.0010629200679122383 0.020996870519979165 0.12628741287781833 -0.025648995411967031 0.07937172584793821 0.17260582594066698 -0.014193922114117489 0.033719954111730316 0.055660147583710122 -0.0080999327011417304 0.045410695047466865 -0.097081585453668851 -0.042922994834091566 -0.088250325738212065 0.010250417597399541 0.15077725528171054 0.116884434109862 0.15242235302774587 -0.042800642011260409 -0.11141474688457315 0.073515761858082562 -0.045408140141143451 -0.12262391631986234 -0.068404575196479647 -0.082812649154236459 -0.08218768030675537 0.014791780927543819 0.060606593826207603 0.050672787206237385
leaf_weight=328.91009615361691 59.955201506614685 116.41592702269554 8.9977399706840533 7.6170700788497916 121.42928102612495 4.6898105889558783 4.9616440832614881 4.5671965330839148 4.4503578692674637 3.6917440891265869 38.772770673036575 51.818244442343712 8.8138913065195066 8.75224517285824 6.5609968379139891 7.5245177298784274 3.5818668454885474 5.9141295850276938 5.0138264745473888 6.3572205677628499 4.8062006756663322 6.2724460661411285 12.73031008988619 8.9216837733983994 7.3419633209705353 17.247320078313351 8.1018929183483106 8.5692267268896121 13.918352395296095 6.5495315045118323
leaf_count=1576 415 626 43 35 811 25 23 22 21 20 210 275 50 48 36 40 21 31 24 34 27 34 71 48 38 100 45 45 76 36
internal_value=-0.000368211 0.00780061 0.0181474 0.0692674 -0.031853 -0.0217437 0.0156703 0.0673607 0.106935 -0.00259904 -0.0147859 0.00556518 -0.00782088 0.0244092 -0.00489234 0.0129929 0.0468901 0.0215184 0.0113299 0.0540284 -0.0371716 0.0149672 -0.0317071 -0.0696931 -0.026894 -0.020413 -0.0016588 -0.050415 0.017994 -0.0127686
internal_weight=903.255 717.18 359.504 16.6148 186.074 126.119 342.889 13.9792 9.412 357.676 143.488 214.188 125.23 88.9582 37.14 30.579 18.2482 14.6664 56.4163 17.6435 12.3307 12.6297 87.072 19.9554 11.0337 67.1166 41.3001 25.8165 33.1982 19.2798
internal_count=4906 3655 1720 78 1251 836 1642 66 44 1935 781 1154 676 478 203 167 100 79 302 92 67 68 479 106 58 373 228 145 183 107
is_linear=0
shrinkage=0.1


Tree=10
num_leaves=31
num_cat=0
split_feature=0 0 0 73 61 293 21 85 15 91 9 47 1 93 12 197 14 83 74 8 26 67 113 0 0 102 0 21 11 8
split_gain=19.1765 4.84886 4.21393 4.79424 4.91184 4.04957 3.72757 3.70906 3.52641 5.26927 4.78483 6.17711 6.07155 5.37195 8.41943 5.16478 4.37845 4.88367 3.67275 3.57535 7.56887 3.46815 3.45171 3.32083 5.50696 3.77096 3.72532 3.49838 3.18359 4.93028
threshold=11.824777603149416 3.9219712018966679 3.639972567558289 1.0000000180025095e-35 1.0000000180025095e-35 1.0000000180025095e-35 1.0000000180025095e-35 1.0000000180025095e-35 1.0000000180025095e-35 1.0000000180025095e-35 1.0000000180025095e-35 1.0000000180025095e-35 0.88987755775451671 1.0000000180025095e-35 1.0000000180025095e-35 1.0000000180025095e-35 1.0000000180025095e-35 1.0000000180025095e-35 1.0000000180025095e-35 1.0000000180025095e-35 1.0000000180025095e-35 1.0000000180025095e-35 1.0000000180025095e-35 17.548254966735843 16.119096755981449 1.0000000180025095e-35 15.924708843231203 1.0000000180025095e-35 1.0000000180025095e-35 1.0000000180025095e-35
decision_type=2 2 2 2 2 2 2 2 2 2 2 2 2 2 2 2 2 2 2 2 2 2 2 2 2 2 2 2 2 2
left_child=1 2 6 4 -4 7 22 -3 9 10 13 16 19 15 18 23 17 21 -15 20 -13 -12 28 24 25 26 27 -2 -1 -30
right_child=8 5 3 -5 -6 -7 -8 -9 -10 -11 11 12 -14 14 -16 -17 -18 -19 -20 -21 -22 -23 -24 -25 -26 -27 -28 -29 29 -31
leaf_value=-0.0069659152676429335 -0.0095345924664431512 0.0020748749950460321 0.071953967151561424 0.13105746988833319 -0.049704291674638801 0.10385919731938326 0.067962563858066261 0.05490976644102457 -0.036940274051200206 -0.12005679454917598 -0.010265887008242148 -0.001847688319228455 -0.09690300570451052 0.066353385501433604 -0.033952517053546981 0.10869684202168564 -0.092809905389599323 0.063961653021561385 0.20599944517627475 -0.020957314155868333 0.16088156515289814 -0.08382582941620953 0.095325318044707882 0.064997944029508467 -0.065480231632462832 -0.098203540515525767 0.1146439388482829 0.079616097097202507 0.054270276003609397 -0.013930969845820909
leaf_weight=59.908113479614258 45.366312436759472 463.66630813479424 10.329126745462419 7.3856676816940299 4.8896378129720679 4.0620380491018286 13.299569502472876 13.678837910294531 104.03713060170412 4.5232145786285392 13.149214148521427 6.3847544565796905 4.1311522275209418 4.039411932229994 5.1852791756391525 3.7831576019525519 16.491218186914921 4.7810717523097983 3.528534322977066 6.6662818342447272 5.1748636588454247 12.50446055829525 4.7447951436042777 5.378700613975524 17.470804616808891 3.7512630224227896 2.9553375393152228 4.8746340721845618 27.781880453228951 17.138260170817375
leaf_count=280 295 2361 47 31 22 20 61 63 691 33 85 39 29 23 30 23 110 31 19 42 31 82 21 38 119 24 20 31 126 79
internal_value=-0.000378179 0.00926965 0.0252684 0.0649489 0.0328664 0.00443498 0.0179685 0.00358892 -0.0224372 -0.0135689 -0.0106605 -0.0307032 0.012556 0.0037542 0.0642074 -0.00547015 -0.0513133 -0.0288282 0.131463 0.0373664 0.0710009 -0.0461215 0.0119004 -0.0108828 -0.0163672 -0.00129989 0.0055335 -0.000884736 0.00812436 0.0282496
internal_weight=901.061 626.884 145.477 22.6044 15.2188 481.407 122.873 477.345 274.177 170.14 165.616 69.283 22.3571 96.3334 12.7532 83.5802 46.926 30.4347 7.56795 18.2259 11.5596 25.6537 109.573 79.7971 74.4184 56.9475 53.1963 50.2409 104.828 44.9201
internal_count=4906 3111 667 100 69 2444 567 2424 1795 1104 1071 449 141 622 72 550 308 198 42 112 70 167 506 527 489 370 346 326 485 205
is_linear=0
shrinkage=0.1


Tree=11
num_leaves=31
num_cat=0
split_feature=0 1 167 14 56 188 64 6 15 61 81 39 1 69 70 0 80 94 11 15 0 12 8 5 113 94 0 61 21 95
split_gain=16.1676 5.3242 3.66802 3.84869 3.51091 3.57307 3.63642 5.14322 4.13249 4.50505 3.80473 8.52741 3.67962 3.75627 3.40865 5.59927 3.27149 3.06686 3.60471 3.23332 2.82868 2.78574 5.30207 4.23442 6.52857 4.70767 8.66815 4.19168 3.82211 3.81271
threshold=13.550992488861086 -0.21636626124382016 1.0000000180025095e-35 1.0000000180025095e-35 1.0000000180025095e-35 1.0000000180025095e-35 1.0000000180025095e-35 1.0000000180025095e-35 1.0000000180025095e-35 1.0000000180025095e-35 1.0000000180025095e-35 1.0000000180025095e-35 0.74826982617378246 1.0000000180025095e-35 1.0000000180025095e-35 15.63039016723633 1.0000000180025095e-35 1.0000000180025095e-35 1.0000000180025095e-35 1.0000000180025095e-35 15.585215568542482 1.0000000180025095e-35 1.0000000180025095e-35 1.0000000180025095e-35 1.0000000180025095e-35 1.0000000180025095e-35 9.9206023216247576 1.0000000180025095e-35 1.0000000180025095e-35 1.0000000180025095e-35
decision_type=2 2 2 2 2 2 2 2 2 2 2 2 2 2 2 2 2 2 2 2 2 2 2 2 2 2 2 2 2 2
left_child=1 2 17 -4 16 6 7 10 9 20 14 12 13 -12 15 -6 -2 -1 19 -19 -8 23 -23 24 -3 27 -27 -25 -29 -24
right_child=4 21 3 -5 5 -7 8 -9 -10 -11 11 -13 -14 -15 -16 -17 -18 18 -20 -21 -22 22 29 25 -26 26 -28 28 -30 -31
leaf_value=0.010643542704043029 -0.054089290482542109 -0.00098717062692339893 0.096060571702684561 -0.0028070747897154641 -0.035222972131405517 0.065899848541324427 0.080860571734438558 -0.04177479909399906 -0.10779964905833857 -0.076129707492174459 -0.034004130537774561 0.19799588380561958 -0.058736728966548551 0.09882257253006449 -0.023788372481087099 0.14692212128699952 0.043796380809337621 0.14577402368077919 -0.015257128136281876 0.030206915297266185 -0.027634958081354466 -0.028963930920955391 0.021415722576601976 0.031387462146282123 -0.092478812191555987 0.20600426236854619 0.01856625924270397 -0.02983210556100592 0.071440310422010697 -0.05151136120237701
leaf_weight=331.9457722902298 53.184766888618469 116.25474129617214 10.838783726096155 6.1836589425802222 3.4251188188791266 4.9046067148447028 4.4017747864127159 34.272960774600506 9.1501417979598063 9.1757619604468346 3.3521732389926928 3.0644260644912711 4.6598770022392264 5.8350264579057693 31.408648386597633 3.3271222710609436 3.6485722362995139 5.2340897023677808 4.5794675201177588 4.5042771995067596 5.2921324819326401 85.421783357858658 48.030294597148895 47.91104556620121 8.3601629137992841 3.7527962028980237 7.2023608461022377 26.795027963817123 4.3287069648504248 8.4267172291874868
leaf_count=1576 389 626 49 29 23 25 29 244 69 67 22 18 31 38 212 22 26 23 22 21 36 479 255 249 50 19 41 146 23 47
internal_value=-0.000383736 0.00630629 0.014826 0.0601454 -0.0272692 -0.0177237 -0.0212183 -0.0113609 -0.0526502 -0.0259075 0.00756653 0.0470498 0.0136447 0.0503575 -0.009931 0.0545278 -0.0478053 0.0125981 0.0579127 0.0923209 0.0216303 -0.00237601 -0.0132481 0.00481168 -0.00712516 0.0213414 0.082775 0.012826 -0.0157471 0.0105307
internal_weight=898.873 719.77 363.286 17.0224 179.103 122.27 117.365 89.3454 28.0198 18.8697 55.0724 16.9115 13.8471 9.1872 38.1609 6.75224 56.8333 346.264 14.3178 9.73837 9.69391 356.484 141.879 214.605 124.615 89.9899 10.9552 79.0348 31.1237 56.457
internal_count=4906 3655 1720 78 1251 836 811 610 201 132 366 109 91 60 257 45 415 1642 66 44 65 1935 781 1154 676 478 60 418 169 302
is_linear=0
shrinkage=0.1


Tree=12
num_leaves=31
num_cat=0
split_feature=0 130 302 91 272 6 79 55 39 34 134 8 5 0 16 0 8 102 13 0 12 61 13 0 61 9 53 54 7 26
split_gain=13.3963 4.54086 4.31753 3.52822 3.27244 3.39739 5.58634 5.90902 4.51107 6.86892 5.88557 5.34736 4.47337 4.09965 4.03075 4.64664 3.69166 7.03994 8.07666 6.07135 5.53692 5.47527 9.42269 5.43624 5.1548 5.09757 3.63311 4.4009 3.62465 3.83846
threshold=13.550992488861086 1.0000000180025095e-35 1.0000000180025095e-35 1.0000000180025095e-35 1.0000000180025095e-35 1.0000000180025095e-35 1.0000000180025095e-35 1.0000000180025095e-35 1.0000000180025095e-35 1.0000000180025095e-35 1.0000000180025095e-35 1.0000000180025095e-35 1.0000000180025095e-35 11.880903720855715 1.0000000180025095e-35 11.23477077484131 1.0000000180025095e-35 1.0000000180025095e-35 1.0000000180025095e-35 7.7577002048492441 1.0000000180025095e-35 1.0000000180025095e-35 1.0000000180025095e-35 12.746064186096193 1.0000000180025095e-35 1.0000000180025095e-35 1.0000000180025095e-35 1.0000000180025095e-35 1.0000000180025095e-35 1.0000000180025095e-35
decision_type=2 2 2 2 2 2 2 2 2 2 2 2 2 2 2 2 2 2 2 2 2 2 2 2 2 2 2 2 2 2
left_child=1 2 4 -2 5 6 8 -8 16 11 12 26 13 14 -11 -16 19 18 23 -1 25 22 -22 -18 -20 -21 27 -10 -12 -30
right_child=3 -3 -4 -5 -6 -7 7 -9 9 10 28 -13 -14 -15 15 -17 17 -19 24 20 21 -23 -24 -25 -26 -27 -28 -29 29 -31
leaf_value=-0.092387834843754069 -0.022964564996363068 0.01568848463944985 -0.10644623236157998 -0.11718107895593631 -0.078158985312089008 -0.0095305680674741336 -0.11874283831295003 -0.008996439123430882 0.12934463585941897 0.069655991567528719 0.10336123010385297 0.12714463487363534 -0.034855729687277626 -0.075881634064452058 -0.051972057510722793 0.065302136366760077 -0.04051768008370156 0.13097967257686152 0.0084730364122038593 0.052945989992342249 0.064349295776571794 -0.092399747109888158 -0.096384668751595126 0.07411640292632353 0.11504554714596132 -0.022761487637793169 -0.049128489679819753 0.0024604343972853986 0.080815989446960904 -0.031233796785018982
leaf_weight=8.6932441592216474 171.64328786730766 277.18716809153557 3.8224268555641165 4.0689006075263014 5.2533729076385489 174.93192037194967 6.3044398576021221 22.118906304240227 5.3136457949876768 15.324634343385696 9.8715952783823013 10.87347187101841 24.456064909696579 3.8236635103821746 8.3522324413061124 5.6736293733119973 26.015865996479992 5.2156731784343711 9.0817002654075623 21.624955348670483 9.1634384542703611 10.928369730710983 6.0586364120244989 4.9190576523542395 9.072681650519371 15.106795668601988 3.8267130851745614 5.6296616345643997 5.8192398399114609 6.441438764333725
leaf_count=45 1218 1281 21 33 28 941 34 120 29 78 49 57 129 23 44 28 137 27 49 115 51 64 36 29 47 81 23 29 28 32
internal_value=-0.000387623 0.00564702 -0.000625813 -0.0251463 0.000293704 0.00124194 0.00849794 -0.0333387 0.0136393 0.0289013 0.0144269 0.0739231 -0.00240689 0.0215145 0.0342028 -0.00453324 0.000859727 0.0205202 0.00878402 -0.0140569 -0.00322788 -0.0383962 0.000374532 -0.0222894 0.0617328 0.0218095 0.0347422 0.0640705 0.0582605 0.021948
internal_weight=896.617 720.905 443.717 175.712 439.895 434.642 259.71 28.4233 231.286 105.406 79.7625 25.6435 57.6302 33.1742 29.3505 14.0259 125.88 54.305 49.0893 71.5754 62.8822 26.1504 15.2221 30.9349 18.1544 36.7318 14.77 10.9433 22.1323 12.2607
internal_count=4906 3655 2374 1251 2353 2325 1384 154 1230 549 411 138 302 173 150 72 681 289 262 392 347 151 87 166 96 196 81 58 109 60
is_linear=0
shrinkage=0.1


Tree=13
num_leaves=31
num_cat=0
split_feature=0 0 0 293 85 8 15 91 9 47 1 14 83 93 12 197 67 51 0 1 8 26 0 0 65 67 5 102 47 0
split_gain=11.088 3.06602 3.71022 3.1185 3.16836 3.11776 3.04446 4.63802 3.92683 5.21917 4.93963 3.98152 4.05587 3.76174 5.75046 3.825 3.15669 3.21954 3.11117 3.67607 3.04376 5.38065 2.91663 4.61078 3.4145 5.09321 3.09556 2.52167 2.68843 15.7266
threshold=11.824777603149416 3.9219712018966679 3.8535249233245854 1.0000000180025095e-35 1.0000000180025095e-35 1.0000000180025095e-35 1.0000000180025095e-35 1.0000000180025095e-35 1.0000000180025095e-35 1.0000000180025095e-35 0.88987755775451671 1.0000000180025095e-35 1.0000000180025095e-35 1.0000000180025095e-35 1.0000000180025095e-35 1.0000000180025095e-35 1.0000000180025095e-35 1.0000000180025095e-35 17.746748924255375 0.93231424689292919 1.0000000180025095e-35 1.0000000180025095e-35 17.548254966735843 16.119096755981449 1.0000000180025095e-35 1.0000000180025095e-35 1.0000000180025095e-35 1.0000000180025095e-35 1.0000000180025095e-35 12.881587982177736
decision_type=2 2 2 2 2 2 2 2 2 2 2 2 2 2 2 2 2 2 2 2 2 2 2 2 2 2 2 2 2 2
left_child=1 2 -1 4 -3 -6 7 8 13 11 20 12 16 15 -15 22 -10 -18 19 -8 21 -11 23 24 27 -26 -25 28 29 -2
right_child=6 3 -4 -5 5 -7 18 -9 9 10 -12 -13 -14 14 -16 -17 17 -19 -20 -21 -22 -23 -24 26 25 -27 -28 -29 -30 -31
leaf_value=0.016520318837165402 0.19990734491913051 0.00078740778933580251 0.10638153868854811 0.088400119403570565 0.090846193887829788 -0.0047458553709980832 -0.032524607886230988 -0.11684806433969935 -0.0059671928215632702 0.0024292289933652085 -0.09091859084953878 -0.086945903951549094 0.059754853949239212 0.10833105298207996 -0.028246545320453377 0.09431659605532719 0.010883809541485963 -0.10940363312839839 -0.11841489618121903 0.054724047357819189 -0.018872974132334644 0.13798072749945886 0.064476692833903823 -0.097789237498938753 0.15909462900024743 -0.021431064045344311 -0.0096970093885676446 -0.092172733928825121 -0.047298862687067685 -0.011369033936295042
leaf_weight=143.03951825201511 3.9525072425603858 465.14441256970167 4.7471643090248099 4.2332508713006964 7.844309136271475 6.0383229106664658 90.110349133610725 3.9124360382556906 12.757425300776962 6.2223254144191795 3.69846287369728 15.026344925165175 4.8654239103198043 8.0844862163066846 4.9828643426299086 3.9587075263261786 3.007487289607524 8.5534957945346832 3.9504666477441779 5.1025530174374572 6.5432557836174956 5.5317268520593643 5.3910827189683905 9.0125669836998004 3.219359263777732 3.0372904166579247 7.1564832627773276 3.2441339045763007 9.8551442399620992 32.434608295559883
leaf_count=647 23 2361 20 20 36 27 624 33 85 39 29 110 31 42 30 23 21 61 31 36 42 31 38 67 23 22 52 22 59 221
internal_value=-0.000393093 0.00680221 0.0194068 0.00294758 0.00219242 0.0492679 -0.0176176 -0.00927246 -0.00665071 -0.0253193 0.0144863 -0.0451236 -0.0235899 0.006452 0.0562511 -0.00155596 -0.0402648 -0.0781119 -0.0314568 -0.0278489 0.035792 0.0662229 -0.0064656 -0.011784 0.00185346 0.0714584 -0.0587993 -0.00694681 -0.000967774 0.0115806
internal_weight=894.658 631.047 147.787 483.26 479.027 13.8826 263.611 164.448 160.535 66.2059 21.9958 44.2102 29.1838 94.3292 13.0674 81.2619 24.3184 11.561 99.1634 95.2129 18.2973 11.7541 77.3032 71.9121 55.743 6.25665 16.1691 49.4864 46.2423 36.3871
internal_count=4906 3111 667 2444 2424 63 1795 1104 1071 449 141 308 198 622 72 550 167 82 691 660 112 70 527 489 370 45 119 325 303 244
is_linear=0
shrinkage=0.1


Tree=14
num_leaves=31
num_cat=0
split_feature=0 302 152 56 24 49 50 1 8 14 103 7 0 15 0 67 177 82 45 57 6 0 10 0 55 9 97 81 16 1
split_gain=9.19443 3.77614 3.80437 3.09147 3.0942 3.09412 6.10442 4.64289 3.58947 6.22096 2.99729 3.2746 4.67736 4.8401 4.47573 3.9885 4.36856 3.95354 5.74414 5.21996 5.07523 3.94622 5.46838 12.5372 5.2915 4.81552 3.84007 3.64577 3.6003 3.36243
threshold=13.550992488861086 1.0000000180025095e-35 1.0000000180025095e-35 1.0000000180025095e-35 1.0000000180025095e-35 1.0000000180025095e-35 1.0000000180025095e-35 0.88987755775451671 1.0000000180025095e-35 1.0000000180025095e-35 1.0000000180025095e-35 1.0000000180025095e-35 13.096509456634523 1.0000000180025095e-35 13.096509456634523 1.0000000180025095e-35 1.0000000180025095e-35 1.0000000180025095e-35 1.0000000180025095e-35 1.0000000180025095e-35 1.0000000180025095e-35 4.1437373161315927 1.0000000180025095e-35 9.3497605323791522 1.0000000180025095e-35 1.0000000180025095e-35 1.0000000180025095e-35 1.0000000180025095e-35 1.0000000180025095e-35 1.0000000180025095e-35
decision_type=2 2 2 2 2 2 2 2 2 2 2 2 2 2 2 2 2 2 2 2 2 2 2 2 2 2 2 2 2 2
left_child=1 2 10 4 -2 -5 -7 8 9 -8 11 12 13 29 15 16 21 -17 19 20 -19 25 -23 24 -24 -13 -15 -28 -25 -1
right_child=3 -3 -4 5 -6 6 7 -9 -10 -11 -12 14 -14 26 -16 17 -18 18 -20 -21 -22 22 23 28 -26 -27 27 -29 -30 -31
leaf_value=-0.004344332652013466 -0.10399757733636493 -0.088741529466444966 -0.072983461857209928 -0.021116092727431222 -0.032020329904071103 0.1239252914991878 -0.011309032494111387 -0.083590640072005326 -0.03982373449884416 0.14060970384944313 0.073673393130181994 0.11762794368477281 0.058605961708283805 0.014274542047123327 -0.055366052891240553 2.4905476697612441e-05 -0.070168335102755205 0.053810052276304088 -0.048506120501617463 0.016396278367500926 0.19403691804580805 0.0055507382077812093 -0.077366691809275565 0.082479592451937769 0.039184780610613285 0.018454523906460456 -0.069462527168132324 0.036694536320589284 0.18152026945812436 -0.03134781039269071
leaf_weight=146.91180422902107 6.8565191626548758 4.3147381097078314 6.1875866353511801 90.028280146420002 46.324562966823578 4.4921234697103527 6.0525267496705109 5.5021868869662276 6.023105524480342 4.8597377836704254 6.4413480982184401 11.175494000315666 12.834536239504812 158.56646951287985 9.2929167076945287 157.17959129065275 4.1843977123498908 5.8588735461235082 5.6024930626153937 10.754450812935829 4.6133740842342377 54.762075804173946 5.9179050177335748 8.7338397055864316 11.397358775138855 8.7137262374162674 10.880669407546518 4.6040410175919524 6.3309505507349959 67.206437580287457
leaf_count=724 53 24 32 650 362 32 39 41 43 31 32 47 77 793 55 775 22 27 29 54 21 269 28 44 55 37 60 25 31 394
internal_value=-0.000395891 0.00452934 0.00508972 -0.02131 -0.0413002 -0.0122204 0.0175187 -0.00378454 0.0221439 0.0563474 0.00576825 0.00514828 -0.000788571 -0.00275241 0.0129662 0.0151171 0.0300679 0.00608082 0.0415595 0.0653311 0.115585 0.0339867 0.0248133 0.0573907 -0.000649469 0.0741788 0.00963285 -0.037899 0.124101 -0.0128201
internal_weight=892.604 722.465 718.15 170.139 53.1811 116.958 26.9297 22.4376 16.9354 10.9123 711.963 705.521 401.004 388.169 304.517 295.225 111.216 184.009 26.8292 21.2267 10.4722 107.031 87.1421 32.3801 17.3153 19.8892 174.051 15.4847 15.0648 214.118
internal_count=4906 3655 3631 1251 415 836 186 154 113 70 3599 3567 2073 1996 1494 1439 533 906 131 102 48 511 427 158 83 84 878 85 75 1118
is_linear=0
shrinkage=0.1


end of trees

feature_importances:
Column_0=80
Column_1=17
Column_15=17
Column_7=15
Column_8=15
Column_67=14
Column_12=13
Column_13=13
Column_26=13
Column_11=11
Column_14=11
Column_5=10
Column_9=10
Column_6=9
Column_61=9
Column_81=9
Column_16=8
Column_39=8
Column_56=8
Column_139=8
Column_108=6
Column_113=6
Column_54=5
Column_73=5
Column_85=5
Column_188=5
Column_21=4
Column_36=4
Column_55=4
Column_57=4
Column_82=4
Column_83=4
Column_91=4
Column_93=4
Column_94=4
Column_142=4
Column_45=3
Column_47=3
Column_64=3
Column_80=3
Column_99=3
Column_102=3
Column_130=3
Column_138=3
Column_293=3
Column_10=2
Column_31=2
Column_32=2
Column_50=2
Column_53=2
Column_79=2
Column_97=2
Column_101=2
Column_103=2
Column_133=2
Column_134=2
Column_167=2
Column_168=2
Column_197=2
Column_214=2
Column_302=2
Column_22=1
Column_24=1
Column_34=1
Column_49=1
Column_51=1
Column_58=1
Column_60=1
Column_65=1
Column_68=1
Column_69=1
Column_70=1
Column_74=1
Column_78=1
Column_88=1
Column_95=1
Column_104=1
Column_132=1
Column_135=1
Column_152=1
Column_177=1
Column_272=1

parameters:
[boosting: gbdt]
[objective: binary]
[metric: binary_logloss]
[tree_learner: serial]
[device_type: cpu]
[data_sample_strategy: bagging]
[data: ]
[valid: ]
[num_iterations: 300]
[learning_rate: 0.1]
[num_leaves: 31]
[num_threads: 0]
[seed: 0]
[deterministic: 0]
[force_col_wise: 0]
[force_row_wise: 0]
[histogram_pool_size: -1]
[max_depth: -1]
[min_data_in_leaf: 20]
[min_sum_hessian_in_leaf: 0.001]
[bagging_fraction: 1]
[pos_bagging_fraction: 1]
[neg_bagging_fraction: 1]
[bagging_freq: 0]
[bagging_seed: 7719]
[bagging_by_query: 0]
[feature_fraction: 1]
[feature_fraction_bynode: 1]
[feature_fraction_seed: 2437]
[extra_trees: 0]
[extra_seed: 11797]
[early_stopping_round: 0]
[early_stopping_min_delta: 0]
[first_metric_only: 0]
[max_delta_step: 0]
[lambda_l1: 0]
[lambda_l2: 0]
[linear_lambda: 0]
[min_gain_to_split: 0]
[drop_rate: 0.1]
[max_drop: 50]
[skip_drop: 0.5]
[xgboost_dart_mode: 0]
[uniform_drop: 0]
[drop_seed: 21238]
[top_rate: 0.2]
[other_rate: 0.1]
[min_data_per_group: 100]
[max_cat_threshold: 32]
[cat_l2: 10]
[cat_smooth: 10]
[max_cat_to_onehot: 4]
[top_k: 20]
[monotone_constraints: ]
[monotone_constraints_method: basic]
[monotone_penalty: 0]
[feature_contri: ]
[forcedsplits_filename: ]
[refit_decay_rate: 0.9]
[cegb_tradeoff: 1]
[cegb_penalty_split: 0]
[cegb_penalty_feature_lazy: ]
[cegb_penalty_feature_coupled: ]
[path_smooth: 0]
[interaction_constraints: ]
[verbosity: -1]
[saved_feature_importance_type: 0]
[use_quantized_grad: 0]
[num_grad_quant_bins: 4]
[quant_train_renew_leaf: 0]
[stochastic_rounding: 1]
[linear_tree: 0]
[max_bin: 255]
[max_bin_by_feature: ]
[min_data_in_bin: 3]
[bin_construct_sample_cnt: 200000]
[data_random_seed: 38]
[is_enable_sparse: 1]
[enable_bundle: 1]
[use_missing: 1]
[zero_as_missing: 0]
[feature_pre_filter: 1]
[pre_partition: 0]
[two_round: 0]
[header: 0]
[label_column: ]
[weight_column: ]
[group_column: ]
[ignore_column: ]
[categorical_feature: ]
[forcedbins_filename: ]
[precise_float_parser: 0]
[parser_config_file: ]
[objective_seed: 8855]
[num_class: 1]
[is_unbalance: 0]
[scale_pos_weight: 1]
[sigmoid: 1]
[boost_from_average: 1]
[reg_sqrt: 0]
[alpha: 0.9]
[fair_c: 1]
[poisson_max_delta_step: 0.7]
[tweedie_variance_power: 1.5]
[lambdarank_truncation_level: 30]
[lambdarank_norm: 1]
[label_gain: ]
[lambdarank_position_bias_regularization: 0]
[eval_at: ]
[multi_error_top_k: 1]
[auc_mu_weights: ]
[num_machines: 1]
[local_listen_port: 12400]
[time_out: 120]
[machine_list_filename: ]
[machines: ]
[gpu_platform_id: -1]
[gpu_device_id: -1]
[gpu_device_id_list: ]
[gpu_use_dp: 0]
[num_gpu: 1]

end of parameters

pandas_categorical:null
