tree
version=v4
num_class=1
num_tree_per_iteration=1
label_index=0
max_feature_idx=567
objective=binary sigmoid:1
feature_names=Column_0 Column_1 Column_2 Column_3 Column_4 Column_5 Column_6 Column_7 Column_8 Column_9 Column_10 Column_11 Column_12 Column_13 Column_14 Column_15 Column_16 Column_17 Column_18 Column_19 Column_20 Column_21 Column_22 Column_23 Column_24 Column_25 Column_26 Column_27 Column_28 Column_29 Column_30 Column_31 Column_32 Column_33 Column_34 Column_35 Column_36 Column_37 Column_38 Column_39 Column_40 Column_41 Column_42 Column_43 Column_44 Column_45 Column_46 Column_47 Column_48 Column_49 Column_50 Column_51 Column_52 Column_53 Column_54 Column_55 Column_56 Column_57 Column_58 Column_59 Column_60 Column_61 Column_62 Column_63 Column_64 Column_65 Column_66 Column_67 Column_68 Column_69 Column_70 Column_71 Column_72 Column_73 Column_74 Column_75 Column_76 Column_77 Column_78 Column_79 Column_80 Column_81 Column_82 Column_83 Column_84 Column_85 Column_86 Column_87 Column_88 Column_89 Column_90 Column_91 Column_92 Column_93 Column_94 Column_95 Column_96 Column_97 Column_98 Column_99 Column_100 Column_101 Column_102 Column_103 Column_104 Column_105 Column_106 Column_107 Column_108 Column_109 Column_110 Column_111 Column_112 Column_113 Column_114 Column_115 Column_116 Column_117 Column_118 Column_119 Column_120 Column_121 Column_122 Column_123 Column_124 Column_125 Column_126 Column_127 Column_128 Column_129 Column_130 Column_131 Column_132 Column_133 Column_134 Column_135 Column_136 Column_137 Column_138 Column_139 Column_140 Column_141 Column_142 Column_143 Column_144 Column_145 Column_146 Column_147 Column_148 Column_149 Column_150 Column_151 Column_152 Column_153 Column_154 Column_155 Column_156 Column_157 Column_158 Column_159 Column_160 Column_161 Column_162 Column_163 Column_164 Column_165 Column_166 Column_167 Column_168 Column_169 Column_170 Column_171 Column_172 Column_173 Column_174 Column_175 Column_176 Column_177 Column_178 Column_179 Column_180 Column_181 Column_182 Column_183 Column_184 Column_185 Column_186 Column_187 Column_188 Column_189 Column_190 Column_191 Column_192 Column_193 Column_194 Column_195 Column_196 Column_197 Column_198 Column_199 Column_200 Column_201 Column_202 Column_203 Column_204 Column_205 Column_206 Column_207 Column_208 Column_209 Column_210 Column_211 Column_212 Column_213 Column_214 Column_215 Column_216 Column_217 Column_218 Column_219 Column_220 Column_221 Column_222 Column_223 Column_224 Column_225 Column_226 Column_227 Column_228 Column_229 Column_230 Column_231 Column_232 Column_233 Column_234 Column_235 Column_236 Column_237 Column_238 Column_239 Column_240 Column_241 Column_242 Column_243 Column_244 Column_245 Column_246 Column_247 Column_248 Column_249 Column_250 Column_251 Column_252 Column_253 Column_254 Column_255 Column_256 Column_257 Column_258 Column_259 Column_260 Column_261 Column_262 Column_263 Column_264 Column_265 Column_266 Column_267 Column_268 Column_269 Column_270 Column_271 Column_272 Column_273 Column_274 Column_275 Column_276 Column_277 Column_278 Column_279 Column_280 Column_281 Column_282 Column_283 Column_284 Column_285 Column_286 Column_287 Column_288 Column_289 Column_290 Column_291 Column_292 Column_293 Column_294 Column_295 Column_296 Column_297 Column_298 Column_299 Column_300 Column_301 Column_302 Column_303 Column_304 Column_305 Column_306 Column_307 Column_308 Column_309 Column_310 Column_311 Column_312 Column_313 Column_314 Column_315 Column_316 Column_317 Column_318 Column_319 Column_320 Column_321 Column_322 Column_323 Column_324 Column_325 Column_326 Column_327 Column_328 Column_329 Column_330 Column_331 Column_332 Column_333 Column_334 Column_335 Column_336 Column_337 Column_338 Column_339 Column_340 Column_341 Column_342 Column_343 Column_344 Column_345 Column_346 Column_347 Column_348 Column_349 Column_350 Column_351 Column_352 Column_353 Column_354 Column_355 Column_356 Column_357 Column_358 Column_359 Column_360 Column_361 Column_362 Column_363 Column_364 Column_365 Column_366 Column_367 Column_368 Column_369 Column_370 Column_371 Column_372 Column_373 Column_374 Column_375 Column_376 Column_377 Column_378 Column_379 Column_380 Column_381 Column_382 Column_383 Column_384 Column_385 Column_386 Column_387 Column_388 Column_389 Column_390 Column_391 Column_392 Column_393 Column_394 Column_395 Column_396 Column_397 Column_398 Column_399 Column_400 Column_401 Column_402 Column_403 Column_404 Column_405 Column_406 Column_407 Column_408 Column_409 Column_410 Column_411 Column_412 Column_413 Column_414 Column_415 Column_416 Column_417 Column_418 Column_419 Column_420 Column_421 Column_422 Column_423 Column_424 Column_425 Column_426 Column_427 Column_428 Column_429 Column_430 Column_431 Column_432 Column_433 Column_434 Column_435 Column_436 Column_437 Column_438 Column_439 Column_440 Column_441 Column_442 Column_443 Column_444 Column_445 Column_446 Column_447 Column_448 Column_449 Column_450 Column_451 Column_452 Column_453 Column_454 Column_455 Column_456 Column_457 Column_458 Column_459 Column_460 Column_461 Column_462 Column_463 Column_464 Column_465 Column_466 Column_467 Column_468 Column_469 Column_470 Column_471 Column_472 Column_473 Column_474 Column_475 Column_476 Column_477 Column_478 Column_479 Column_480 Column_481 Column_482 Column_483 Column_484 Column_485 Column_486 Column_487 Column_488 Column_489 Column_490 Column_491 Column_492 Column_493 Column_494 Column_495 Column_496 Column_497 Column_498 Column_499 Column_500 Column_501 Column_502 Column_503 Column_504 Column_505 Column_506 Column_507 Column_508 Column_509 Column_510 Column_511 Column_512 Column_513 Column_514 Column_515 Column_516 Column_517 Column_518 Column_519 Column_520 Column_521 Column_522 Column_523 Column_524 Column_525 Column_526 Column_527 Column_528 Column_529 Column_530 Column_531 Column_532 Column_533 Column_534 Column_535 Column_536 Column_537 Column_538 Column_539 Column_540 Column_541 Column_542 Column_543 Column_544 Column_545 Column_546 Column_547 Column_548 Column_549 Column_550 Column_551 Column_552 Column_553 Column_554 Column_555 Column_556 Column_557 Column_558 Column_559 Column_560 Column_561 Column_562 Column_563 Column_564 Column_565 Column_566 Column_567
feature_infos=[2.0013689994812012:17.993154525756836] [-0.7776256799697876:0.99923950433731079] none none none [0:1] [0:1] [0:1] [0:1] [0:1] [0:1] [0:1] [0:1] [0:1] [0:1] [0:1] [0:1] [0:1] [0:1] [0:1] [0:1] [0:1] [0:1] [0:1] [0:1] [0:1] [0:1] [0:1] [0:1] [0:1] [0:1] [0:1] [0:1] [0:1] [0:1] [0:1] [0:1] [0:1] [0:1] [0:1] [0:1] [0:1] [0:1] [0:1] [0:1] [0:1] [0:1] [0:1] [0:1] [0:1] [0:1] [0:1] [0:1] [0:1] [0:1] [0:1] [0:1] [0:1] [0:1] [0:1] [0:1] [0:1] [0:1] [0:1] [0:1] [0:1] [0:1] [0:1] [0:1] [0:1] [0:1] [0:1] [0:1] [0:1] [0:1] [0:1] [0:1] [0:1] [0:1] [0:1] [0:1] [0:1] [0:1] [0:1] [0:1] [0:1] [0:1] [0:1] [0:1] [0:1] [0:1] [0:1] [0:1] [0:1] [0:1] [0:1] [0:1] [0:1] [0:1] [0:1] [0:1] [0:1] [0:1] [0:1] [0:1] [0:1] [0:1] [0:1] [0:1] none none none none [0:1] [0:1] none [0:1] none [0:1] none none [0:1] none none none none [0:1] [0:1] [0:1] [0:1] [0:1] none [0:1] [0:1] [0:1] [0:1] none [0:1] [0:1] [0:1] [0:1] [0:1] [0:1] [0:1] [0:1] [0:1] [0:1] [0:1] [0:1] [0:1] [0:1] [0:1] [0:1] [0:1] [0:1] [0:1] [0:1] none none none none none none none none none none [0:1] [0:1] none none none none none [0:1] [0:1] [0:1] [0:1] [0:1] [0:1] [0:1] [0:1] [0:1] [0:1] [0:1] [0:1] [0:1] [0:1] [0:1] [0:1] [0:1] [0:1] [0:1] [0:1] [0:1] [0:1] [0:1] [0:1] [0:1] [0:1] [0:1] [0:1] none none [0:1] [0:1] [0:1] none [0:1] [0:1] [0:1] [0:1] [0:1] none [0:1] none none [0:1] none [0:1] [0:1] [0:1] [0:1] [0:1] [0:1] [0:1] [0:1] [0:1] [0:1] [0:1] [0:1] [0:1] [0:1] [0:1] [0:1] [0:1] [0:1] [0:1] [0:1] [0:1] [0:1] [0:1] [0:1] [0:1] none none none none none none none none none none none none none none none none none [0:1] [0:1] [0:1] [0:1] [0:1] [0:1] [0:1] [0:1] [0:1] [0:1] none [0:1] [0:1] [0:1] [0:1] none [0:1] [0:1] none none none [0:1] [0:1] none none none none none [0:1] [0:1] [0:1] [0:1] [0:1] [0:1] [0:1] none none none [0:1] none [0:1] [0:1] [0:1] none [0:1] [0:1] [0:1] [0:1] none none [0:1] [0:1] none none none none [0:1] [0:1] none none none [0:1] none none [0:1] [0:1] none none [0:1] [0:1] none none none none none none none none none none none none none none none none none none none none none none none none none none none none none none none none none none none none none none none none none none none none none none none none none none none none none none none none none none none none none none none none none none none none none none none none none none none none none none none none none none none none none none none none none none none none none none none none none none none none none none none none none none none none none none none none none none none none none none none none none none none none none none none none none none none none none none none none none none none none none none none none none none none none none none none none none none none none none none none none none none none none none none none none none none none none none none none none none none none none none none none none none none none none none none none none none none none none none none none none none none none none none none none none none none none none none none none none none none none none none none none none none none none none none none none none none none none none none
tree_sizes=3389 3429 3466 3480 3475 3476 3475 3457 3493 3468 3470 3471 3472 3507 3479 3499 3452 3490

Tree=0
num_leaves=31
num_cat=0
split_feature=14 15 15 176 1 178 22 93 0 0 7 1 0 9 18 167 73 174 168 94 74 6 16 0 40 69 7 26 1 0
split_gain=193.526 25.0679 19.6646 14.0697 8.24202 7.26744 6.85175 6.58231 6.31335 7.19021 6.58496 6.07117 5.87451 10.0221 4.68281 4.68003 4.59682 4.52403 4.00312 4.39268 4.91195 6.91537 6.26581 9.96822 4.07503 4.78984 5.7778 4.35661 4.12283 3.99493
threshold=1.0000000180025095e-35 1.0000000180025095e-35 1.0000000180025095e-35 1.0000000180025095e-35 0.95330443978309642 1.0000000180025095e-35 1.0000000180025095e-35 1.0000000180025095e-35 16.56947231292725 15.368925571441652 1.0000000180025095e-35 0.93231424689292919 2.6652977466583256 1.0000000180025095e-35 1.0000000180025095e-35 1.0000000180025095e-35 1.0000000180025095e-35 1.0000000180025095e-35 1.0000000180025095e-35 1.0000000180025095e-35 1.0000000180025095e-35 1.0000000180025095e-35 1.0000000180025095e-35 11.296372413635256 1.0000000180025095e-35 1.0000000180025095e-35 1.0000000180025095e-35 1.0000000180025095e-35 -0.67830252647399891 3.7193702459335332
decision_type=2 2 2 2 2 2 2 2 2 2 2 2 2 2 2 2 2 2 2 2 2 2 2 2 2 2 2 2 2 2
left_child=1 5 3 4 8 11 7 18 9 17 -11 14 13 -3 -1 -16 -10 -2 19 20 24 22 23 -22 25 26 28 -26 -4 -14
right_child=2 12 6 -5 -6 -7 -8 -9 16 10 -12 -13 29 -15 15 -17 -18 -19 -20 -21 21 -23 -24 -25 27 -27 -28 -29 -30 -31
leaf_value=-1.237085408340878 -1.055743398033824 -1.197810723638028 -1.0416360950549297 -0.87494971262489218 -0.92519820628883276 -1.2348734423688779 -1.0073538595122984 -0.99689641365711901 -1.1767872159441493 -0.92614331902232383 -1.0660504910865307 -1.2101774928697213 -1.236253709135406 -1.0083681268360449 -1.1346975565245587 -1.1938589364775245 -1.0463370036075983 -1.1432042101474342 -1.1903023280330713 -1.1662500099087187 -0.98757564669924192 -1.1291625352498529 -0.9439785109285258 -1.1497569917663053 -0.9875756466992418 -1.1964455608007631 -1.0707455672464539 -1.1117685685974437 -1.1542003162886907 -1.1876889085683626
leaf_weight=4.8094309270381919 189.97252161800861 6.6592120528221113 3.6995622515678361 4.4394747018814078 4.8094309270381919 8.6939712911844236 7.5841026157140723 5.3643652647733679 7.3991245031356794 8.1390369534492475 5.734321489930152 12.578511655330656 18.497811257839203 4.8094309270381927 273.58262850344181 14.058336555957792 4.2544965893030167 6.1042777150869361 5.919299602508544 10.913708642125128 7.769080728292467 11.653621092438696 5.734321489930152 7.3991245031356812 4.809430927038191 8.1390369534492475 19.237723708152771 6.8441901654005051 27.006804436445243 200.88623026013374
leaf_count=26 1027 36 20 24 26 47 41 29 40 44 31 68 100 26 1479 76 23 33 32 59 42 63 31 40 26 44 104 37 146 1086
internal_value=-1.12543 -1.16313 -1.06886 -1.05125 -1.05471 -1.14472 -1.09963 -1.10526 -1.05752 -1.05354 -0.983972 -1.14215 -1.18814 -1.11837 -1.13923 -1.13759 -1.12916 -1.05847 -1.11014 -1.10594 -1.09951 -1.06744 -1.03302 -1.06669 -1.11448 -1.12531 -1.11372 -1.06051 -1.14064 -1.19178
internal_weight=907.503 544.576 362.927 230.853 226.413 313.723 132.074 124.49 221.604 209.95 13.8734 305.029 230.853 11.4686 292.45 287.641 11.6536 196.077 119.126 113.207 102.293 32.5561 20.9025 15.1682 69.7367 58.0831 49.9441 11.6536 30.7064 219.384
internal_count=4906 2944 1962 1248 1224 1696 714 673 1198 1135 75 1649 1248 62 1581 1555 63 1060 644 612 553 176 113 82 377 314 270 63 166 1186
is_linear=0
shrinkage=1


Tree=1
num_leaves=31
num_cat=0
split_feature=14 15 15 176 178 100 1 11 0 0 0 1 22 9 16 0 8 49 0 26 0 0 9 53 0 93 99 67 6 18
split_gain=155.007 21.7144 14.7104 9.31045 6.3991 6.21729 9.09646 6.18597 5.91481 8.54318 5.42426 5.25116 5.09646 5.05826 12.4254 10.2386 9.13068 8.319 6.09138 5.42332 5.26607 5.05448 7.91305 4.9418 9.24227 4.89391 4.57722 7.55331 4.24331 4.10716
threshold=1.0000000180025095e-35 1.0000000180025095e-35 1.0000000180025095e-35 1.0000000180025095e-35 1.0000000180025095e-35 1.0000000180025095e-35 0.95330443978309642 1.0000000180025095e-35 16.425735473632816 15.305954456329347 2.6652977466583256 0.93231424689292919 1.0000000180025095e-35 1.0000000180025095e-35 1.0000000180025095e-35 3.5414099693298344 1.0000000180025095e-35 1.0000000180025095e-35 12.746064186096193 1.0000000180025095e-35 3.0266940593719487 2.6652977466583256 1.0000000180025095e-35 1.0000000180025095e-35 13.474332809448244 1.0000000180025095e-35 1.0000000180025095e-35 1.0000000180025095e-35 1.0000000180025095e-35 1.0000000180025095e-35
decision_type=2 2 2 2 2 2 2 2 2 2 2 2 2 2 2 2 2 2 2 2 2 2 2 2 2 2 2 2 2 2
left_child=1 4 3 5 11 6 7 13 9 10 -9 29 25 20 15 -15 18 19 -16 -17 -2 22 -3 26 -25 -4 -12 -28 -19 -1
right_child=2 21 12 -5 -6 -7 -8 8 -10 -11 23 -13 -14 14 16 17 -18 28 -20 -21 -22 -23 -24 24 -26 -27 27 -29 -30 -31
leaf_value=-0.10696217616201847 0.15331943177718621 -0.06779976066401272 0.013529263571427717 0.1994193778917368 -0.10470922050960152 -0.02117833032181388 0.2025335775543948 0.13531238248413371 -0.059220620881095344 0.17807176833805982 0.0075795853864169165 -0.079941866077696197 0.099986620469754595 -0.010458968935814944 0.13766112804409703 0.13856230668181654 -0.04579057547955824 0.14343986729251826 -0.010822329454261871 0.24843879084034728 0.052339561897802839 -0.061948923855272314 0.099177291141667193 0.20653132214517919 0.030036429413292993 0.10828508620159888 -0.0042422495370230242 0.16360917423035903 0.0091678803723618443 -0.011022796186476608
leaf_weight=4.5329452455043784 5.5533805340528479 6.4117283821105939 120.01355442404747 4.9837635755538932 8.2041397988796216 8.7978463619947416 4.6759171187877646 5.5533805340528479 5.4976662993431082 4.7523559033870688 49.181649431586266 12.030662119388579 8.0336561948060972 4.0214134901762035 8.8088105022907275 8.0452005416154861 7.8564661592245093 5.3843719512224215 4.0254341363906851 10.171682745218277 73.724860951304436 211.91205707192421 5.0921104550361633 4.3962072879075995 9.1262185573577863 5.7099187970161429 5.361884653568266 5.3618846535682678 4.1813580989837646 285.85237610340118
leaf_count=26 29 36 644 24 47 46 23 29 30 24 257 68 41 21 46 42 41 28 21 53 385 1186 26 23 48 29 28 28 22 1555
internal_value=-0.000113277 -0.034668 0.0493308 0.0641687 -0.0175666 0.061294 0.064509 0.0615888 0.0412578 0.0478549 0.0400196 -0.0152026 0.022767 0.0753561 0.0994333 0.138675 0.0391149 0.160261 0.0910896 0.199914 0.0594131 -0.0584444 0.00611171 0.0328126 0.0874158 0.0178327 0.020487 0.0796835 0.0847471 -0.0125204
internal_weight=907.255 534.036 373.219 239.462 310.62 234.478 225.68 221.004 89.2312 83.7336 78.9812 302.416 133.757 131.773 52.4947 31.804 20.6907 27.7826 12.8342 18.2169 79.2782 223.416 11.5038 73.4278 13.5224 125.723 59.9054 10.7238 9.56573 290.385
internal_count=4906 2944 1962 1248 1696 1224 1178 1155 467 437 413 1649 714 688 274 166 108 145 67 95 414 1248 62 384 71 673 313 56 50 1581
is_linear=0
shrinkage=0.1


Tree=2
num_leaves=31
num_cat=0
split_feature=14 15 15 176 178 5 174 77 25 83 100 1 11 0 0 99 16 0 0 11 1 54 7 12 50 0 9 113 7 12
split_gain=124.581 18.7731 11.091 6.6518 5.64166 4.83524 10.942 6.98231 5.24554 4.97929 4.77448 6.43089 4.58083 4.7252 6.13483 4.41511 7.05514 7.32834 6.18548 5.98446 5.06458 5.05765 5.59472 5.97365 4.80219 4.33665 6.31707 4.1 4.48645 5.10422
threshold=1.0000000180025095e-35 1.0000000180025095e-35 1.0000000180025095e-35 1.0000000180025095e-35 1.0000000180025095e-35 1.0000000180025095e-35 1.0000000180025095e-35 1.0000000180025095e-35 1.0000000180025095e-35 1.0000000180025095e-35 1.0000000180025095e-35 0.95330443978309642 1.0000000180025095e-35 16.425735473632816 15.305954456329347 1.0000000180025095e-35 1.0000000180025095e-35 6.7118411064147958 10.310746192932131 1.0000000180025095e-35 -0.48056885600090021 1.0000000180025095e-35 1.0000000180025095e-35 1.0000000180025095e-35 1.0000000180025095e-35 2.6652977466583256 1.0000000180025095e-35 1.0000000180025095e-35 1.0000000180025095e-35 1.0000000180025095e-35
decision_type=2 2 2 2 2 2 2 2 2 2 2 2 2 2 2 2 2 2 2 2 2 2 2 2 2 2 2 2 2 2
left_child=1 4 3 10 5 7 15 8 -1 -10 11 12 -2 14 -14 16 17 19 -17 20 -7 22 24 -24 -19 26 -3 28 -4 -30
right_child=2 25 27 -5 -6 6 -8 -9 9 -11 -12 -13 13 -15 -16 18 -18 21 -20 -21 -22 -23 23 -25 -26 -27 -28 -29 29 -31
leaf_value=-0.099891447886498633 0.065259612612358603 -0.063458669659078301 0.0023278594697779807 0.16601695074012612 -0.10032569623664461 -0.051754274248734522 0.12031080546432212 0.091846720875182863 -0.016298457018333726 -0.06580557895625988 -0.01926933086081541 0.16765407726907047 0.035219531406346941 -0.055079960683146412 0.14811289325725494 0.11846510723999204 -0.043609969615965111 0.12757367830466945 -0.0050392561215275647 0.098176877483727054 0.075969331207219992 -0.057042563467141552 -0.089700098800357633 0.061063817392212498 -0.012808979501335752 -0.057774853174942853 0.085184062779499775 0.094824798867821844 0.064122199771106961 -0.0081369581686292682
leaf_weight=9.8130918443202955 136.43418161571026 6.177793085575102 82.833322376012802 5.3643736839294425 7.7310194671154013 7.4998132139444351 7.1699473708868018 4.9231676161289206 124.1355886310339 24.291151031851768 8.7074623107910138 5.0600921660661689 80.472150012850761 5.3289179503917685 5.1197967529296866 6.3958236873149898 46.632503643631935 5.7952784597873688 11.080688714981077 12.614219471812248 5.2974658906459808 18.855926811695099 7.1336939483880997 4.1611093878746033 4.2047398239374161 204.87668833136559 5.3222377896308899 6.9893453419208518 31.146105498075485 14.247311711311339
leaf_count=55 688 36 439 24 47 41 40 27 682 133 46 23 413 30 24 35 256 32 61 69 29 104 39 23 23 1186 26 37 163 75
internal_value=-0.000201573 -0.0318504 0.043255 0.0558803 -0.0159805 -0.013807 5.57007e-05 -0.0254333 -0.0290822 -0.0244007 0.05343 0.0561537 0.0536721 0.0362841 0.0419724 -0.0065936 -0.0138763 0.00727246 0.0401592 0.0492975 0.00111723 -0.0193253 0.0140723 -0.0341573 0.0685465 -0.0544208 0.00533349 0.0202403 0.0161749 0.0414427
internal_weight=905.815 524.112 381.703 246.487 307.735 300.004 136.841 163.163 158.24 148.427 241.123 232.415 227.355 90.9209 85.5919 129.671 112.195 65.5622 17.4765 25.4115 12.7973 40.1507 21.2948 11.2948 10 216.377 11.5 135.216 128.227 45.3934
internal_count=4906 2944 1962 1248 1696 1649 752 897 870 815 1224 1178 1155 467 437 712 616 360 96 139 70 221 117 62 55 1248 62 714 677 238
is_linear=0
shrinkage=0.1


Tree=3
num_leaves=31
num_cat=0
split_feature=14 15 15 176 178 1 22 151 18 167 93 0 100 1 53 0 69 67 10 0 11 151 0 26 0 54 7 13 55 10
split_gain=100.691 16.1309 8.53058 4.97842 4.96738 4.35268 3.83809 4.15927 3.83133 4.03328 3.83077 3.80256 3.71049 4.77441 3.70407 4.79894 4.7342 4.71718 4.94194 3.79759 3.4494 3.87144 3.81397 4.01378 6.37309 4.40864 5.35252 3.88113 3.76934 4.67025
threshold=1.0000000180025095e-35 1.0000000180025095e-35 1.0000000180025095e-35 1.0000000180025095e-35 1.0000000180025095e-35 0.93231424689292919 1.0000000180025095e-35 1.0000000180025095e-35 1.0000000180025095e-35 1.0000000180025095e-35 1.0000000180025095e-35 2.3791923522949223 1.0000000180025095e-35 0.95330443978309642 1.0000000180025095e-35 14.054756641387941 1.0000000180025095e-35 1.0000000180025095e-35 1.0000000180025095e-35 13.813826084136965 1.0000000180025095e-35 1.0000000180025095e-35 2.7748117446899419 1.0000000180025095e-35 5.405886411666871 1.0000000180025095e-35 1.0000000180025095e-35 1.0000000180025095e-35 1.0000000180025095e-35 1.0000000180025095e-35
decision_type=2 2 2 2 2 2 2 2 2 2 2 2 2 2 2 2 2 2 2 2 2 2 2 2 2 2 2 2 2 2
left_child=1 4 3 12 5 8 7 10 -1 14 -4 -3 13 20 16 19 -10 -17 -19 -16 21 -2 -22 24 -24 -26 27 -27 -25 -30
right_child=2 11 6 -5 -6 -7 -8 -9 9 -11 -12 -13 -14 -15 15 17 -18 18 -20 -21 22 -23 23 28 25 26 -28 -29 29 -31
leaf_value=-0.10369534028373575 0.060464381177383356 0.026329665903785788 0.013411017358897305 0.14204442573312789 -0.096217246031645623 -0.073508241544051972 0.083213254636004638 -0.074954202519875987 -0.007781259486801426 -0.062361829332806568 0.09624943180583112 -0.052978018175341229 -0.017517920073786039 0.1428386406175744 -0.00067459903937714901 0.072683930250639961 -0.062256758249564996 0.045712647785469636 -0.062357667267617815 -0.1069811538773823 0.10320355316440005 -0.022170034400170423 -0.054445293360828997 -0.031874435438061642 0.12305316734411627 0.037498828820314314 -0.027002929672646447 0.14683663366104241 0.049510504922092954 -0.035323452404321949
leaf_weight=4.3171874582767478 134.48392875492573 6.2307648062705985 117.11848226189613 5.6268432140350333 7.2786310315132132 11.289053231477736 8.4670653343200666 5.0824377834796897 193.1584994494915 13.378470122814177 5.8618195205926886 203.52650818228722 8.624759912490843 5.3289766907691947 17.600374996662143 19.097893938422203 17.389259353280067 10.163381904363634 7.2497604787349692 4.1533636897802344 6.9737025946378699 5.9191147536039344 4.885823279619216 16.131096288561821 10.009976834058763 8.54013440012932 7.2673606574535361 5.2375654131174079 24.476246610283852 8.8305831551551801
leaf_count=26 659 34 618 24 47 68 41 27 1062 76 28 1214 46 23 97 105 96 56 40 23 34 29 25 82 52 43 37 26 123 45
internal_value=-0.000264839 -0.029275 0.0381427 0.0490373 -0.0145975 -0.0126026 0.018007 0.0136958 -0.0102027 -0.00877242 0.0173595 -0.0506222 0.046916 0.0492502 -0.00610534 0.0162091 -0.0122804 0.0383617 0.000718822 -0.0209713 0.0471075 0.0569807 0.0320973 0.0262894 0.0517189 0.0684215 0.0424362 0.0790634 0.00780241 0.0270186
internal_weight=903.699 514.833 388.866 252.336 305.076 297.797 136.53 128.063 286.508 282.191 122.98 209.757 246.709 238.085 268.813 58.2648 210.548 36.511 17.4131 21.7537 232.756 140.403 92.3525 85.3788 35.9409 31.055 21.0451 13.7777 49.4379 33.3068
internal_count=4906 2944 1962 1248 1696 1649 714 673 1581 1555 646 1248 1224 1178 1479 321 1158 201 96 120 1155 688 467 433 183 158 106 69 250 168
is_linear=0
shrinkage=0.1


Tree=4
num_leaves=31
num_cat=0
split_feature=14 15 15 178 5 174 77 25 83 176 82 0 21 81 99 0 0 222 139 0 16 13 1 0 9 0 44 17 1 64
split_gain=81.4511 13.8352 6.60864 4.3772 4.03616 8.32714 5.62326 4.54636 4.29863 3.85172 3.78292 3.76659 6.58371 4.79327 4.59701 5.2198 4.70157 3.67617 3.49204 8.00754 3.48082 5.88387 3.35942 3.35377 5.15823 4.12223 3.32907 3.30888 3.25804 3.25094
threshold=1.0000000180025095e-35 1.0000000180025095e-35 1.0000000180025095e-35 1.0000000180025095e-35 1.0000000180025095e-35 1.0000000180025095e-35 1.0000000180025095e-35 1.0000000180025095e-35 1.0000000180025095e-35 1.0000000180025095e-35 1.0000000180025095e-35 6.7118411064147958 1.0000000180025095e-35 1.0000000180025095e-35 1.0000000180025095e-35 10.310746192932131 10.513347148895265 1.0000000180025095e-35 1.0000000180025095e-35 9.0704994201660174 1.0000000180025095e-35 1.0000000180025095e-35 0.95330443978309642 2.6652977466583256 1.0000000180025095e-35 3.7193702459335332 1.0000000180025095e-35 1.0000000180025095e-35 0.93231424689292919 1.0000000180025095e-35
decision_type=2 2 2 2 2 2 2 2 2 2 2 2 2 2 2 2 2 2 2 2 2 2 2 2 2 2 2 2 2 2
left_child=1 3 9 4 6 10 7 -1 18 17 11 12 13 -6 16 -16 -13 22 28 -20 -15 -22 26 24 -3 -25 -2 -27 -9 -29
right_child=2 23 -4 -5 5 -7 -8 8 -10 -11 -12 14 -14 20 15 -17 -18 -19 19 -21 21 -23 -24 25 -26 27 -28 29 -30 -31
leaf_value=-0.094097755801643396 -0.020479018636983523 -0.058939971567401252 0.01605327979686719 -0.09232232693256523 -0.024975423211202996 0.10311899862583165 0.080935721819851328 -0.016008349891606214 -0.060706040759027739 0.12375783582414618 -0.045925489844297472 -0.062531304282854208 0.14390512766927463 0.091233522991085142 0.11408525736768733 -0.0071091996041669119 -0.0023497230601220685 -0.050272751713864666 -0.056266948807406097 0.10497645817078452 0.094297714381822106 -0.081401271933804836 0.12584027692981831 -0.099095528160333901 0.07560853596794008 0.028200860237694265 0.043524619626429402 -0.04398488140907466 -0.10292327538677758 -0.092568546021972953
leaf_weight=9.128220856189726 8.4192042946815473 5.9348473548889142 137.61372715234756 6.8495482951402655 16.830189809203148 7.5717577487230292 5.1145981699228278 105.27057875692844 23.30835422873497 5.8019227981567374 19.046857222914696 20.58127535879612 4.3237580806016913 9.3519081324338931 5.6088258773088446 9.6991599053144437 35.153713226318359 4.3046411573886862 5.3796427547931653 7.204553559422493 3.5634067654609671 4.0979177802801132 4.7935140132904044 15.782634913921354 5.4805545508861542 5.8495910167694083 233.90904261171818 155.50162786245346 4.4971214532852164 15.111443459987639
leaf_count=55 42 36 714 47 92 40 27 584 133 24 108 115 23 50 29 54 198 21 30 40 20 23 20 100 26 36 1141 957 28 93
internal_value=-0.000302378 -0.0268544 0.033741 -0.0132917 -0.0114613 0.00121428 -0.0222285 -0.0256373 -0.021347 0.0432038 -0.00480175 0.00237046 0.0277076 0.0128625 -0.0112417 0.0372963 -0.024573 0.0413449 -0.013849 0.0360462 0.0502934 0.000319187 0.0429408 -0.0470047 0.005657 -0.0501317 0.0413009 -0.0457525 -0.0195692 -0.048288
internal_weight=901.084 506.242 394.842 302.581 295.732 135.829 159.903 154.788 145.66 257.228 128.257 109.21 38.1672 33.8434 71.043 15.308 55.735 251.426 122.352 12.5842 17.0132 7.66132 247.122 203.661 11.4154 192.245 242.328 176.463 109.768 170.613
internal_count=4906 2944 1962 1696 1649 752 897 870 815 1248 712 604 208 185 396 83 313 1224 682 70 93 43 1203 1248 62 1186 1183 1086 612 1050
is_linear=0
shrinkage=0.1


Tree=5
num_leaves=31
num_cat=0
split_feature=14 15 15 178 17 167 1 113 7 82 0 0 13 12 61 54 73 0 16 35 73 95 68 73 1 222 176 13 0 61
split_gain=66.1224 11.8228 5.16503 3.84955 3.67911 3.9845 3.50709 3.06459 3.40573 3.7921 4.94528 5.40139 4.10942 3.76606 5.97904 6.61806 4.00903 4.04958 5.86927 3.50141 8.27785 4.64335 5.0718 3.13007 3.90074 3.05661 2.93092 3.15439 6.9807 10.6664
threshold=1.0000000180025095e-35 1.0000000180025095e-35 1.0000000180025095e-35 1.0000000180025095e-35 1.0000000180025095e-35 1.0000000180025095e-35 0.93231424689292919 1.0000000180025095e-35 1.0000000180025095e-35 1.0000000180025095e-35 2.8952771425247197 9.7262148857116717 1.0000000180025095e-35 1.0000000180025095e-35 1.0000000180025095e-35 1.0000000180025095e-35 1.0000000180025095e-35 13.351129055023195 1.0000000180025095e-35 1.0000000180025095e-35 1.0000000180025095e-35 1.0000000180025095e-35 1.0000000180025095e-35 1.0000000180025095e-35 -0.38535249233245844 1.0000000180025095e-35 1.0000000180025095e-35 1.0000000180025095e-35 4.5790553092956552 1.0000000180025095e-35
decision_type=2 2 2 2 2 2 2 2 2 2 2 2 2 2 2 2 2 2 2 2 2 2 2 2 2 2 2 2 2 2
left_child=1 3 25 4 -1 6 -6 8 9 10 -4 12 -12 16 15 -15 17 18 -10 20 -13 22 -22 24 -14 26 27 -2 -29 -30
right_child=2 -3 7 -5 5 -7 -8 -9 13 -11 11 19 23 14 -16 -17 -18 -19 -20 -21 21 -23 -24 -25 -26 -27 -28 28 29 -31
leaf_value=-0.073448343402971794 0.029002270622804062 -0.043629724952946397 0.11506186639457716 -0.088592774347967668 -0.003706520849937884 -0.063396508717182845 -0.063948206205888411 0.076867812106398065 0.09490975014210018 -0.060836638494682828 -0.058180207064408934 -0.059584488276915239 0.036619330570026261 -0.037457646853389218 -0.096351427562405056 0.13309756547066739 0.1182068711056395 -0.038452995666067045 -0.020211728070904024 0.076437792258791701 0.14217215553004728 -0.036675508516837763 0.0033339741866536309 0.074327701159304024 -0.089896051158379592 -0.046251370412623352 0.10918995588367551 0.11142229773952213 0.0094186171907034363 0.082781319304241541
leaf_weight=8.990894749760626 153.38451977074146 197.90322391688824 3.9602727741003028 6.4452490061521521 262.01733955740929 12.624666661024092 10.03397214412689 7.4174177646636954 12.772692009806638 9.4750941544771177 19.594914868474007 10.73685410618782 5.2768227458000174 5.142554894089697 5.1692300587892523 4.080211341381073 7.0024526417255393 6.0794205516576758 6.7791871577501288 10.332296475768088 6.8185106068849546 4.0337968468666086 4.2844249606132507 5.1734896153211585 4.5284094214439383 4.2158268541097632 5.9117817878723136 16.43744894862175 47.562649667263031 33.974980369210243
leaf_count=53 736 1248 20 47 1455 76 65 37 63 50 103 57 28 27 27 21 35 31 34 53 35 21 22 26 24 21 24 78 227 162
internal_value=-0.000334724 -0.0246559 0.0299351 -0.012144 -0.0104661 -0.00847696 -0.00592839 0.0143331 0.0107988 -0.00123896 0.00631651 0.000231959 -0.0280374 0.0323562 -0.0102574 0.0379971 0.0511495 0.0328295 0.0549939 0.0272269 0.0075751 0.055213 0.088597 0.0113949 -0.02181 0.0382083 0.0395923 0.0379554 0.0519721 0.0399873
internal_weight=898.161 498.015 400.145 300.112 293.667 284.676 272.051 138.658 131.241 84.2149 74.7398 70.7795 34.5736 47.0257 14.392 9.22277 32.6338 25.6313 19.5519 36.2059 25.8736 15.1367 11.1029 14.9787 9.80523 261.487 257.271 251.36 97.9751 81.5376
internal_count=4906 2944 1962 1696 1649 1596 1520 714 677 439 389 369 181 238 75 48 163 128 97 188 135 78 57 78 52 1248 1227 1203 467 389
is_linear=0
shrinkage=0.1


Tree=6
num_leaves=31
num_cat=0
split_feature=14 15 15 5 174 77 64 25 83 139 0 12 0 81 11 0 11 81 11 69 9 128 12 7 44 84 138 0 0 1
split_gain=53.5175 10.0849 4.09505 3.42259 6.964 4.62811 4.10877 3.99529 3.92974 3.90197 8.74455 3.8922 5.05877 4.86828 4.65078 4.5049 4.65607 4.37086 4.22235 5.04001 5.03166 3.69772 3.17296 3.01005 3.8066 3.3772 3.51859 3.45345 7.66063 10.1506
threshold=1.0000000180025095e-35 1.0000000180025095e-35 1.0000000180025095e-35 1.0000000180025095e-35 1.0000000180025095e-35 1.0000000180025095e-35 1.0000000180025095e-35 1.0000000180025095e-35 1.0000000180025095e-35 1.0000000180025095e-35 9.0704994201660174 1.0000000180025095e-35 7.8234086036682138 1.0000000180025095e-35 1.0000000180025095e-35 9.5071868896484393 1.0000000180025095e-35 1.0000000180025095e-35 1.0000000180025095e-35 1.0000000180025095e-35 1.0000000180025095e-35 1.0000000180025095e-35 1.0000000180025095e-35 1.0000000180025095e-35 1.0000000180025095e-35 1.0000000180025095e-35 1.0000000180025095e-35 6.5010266304016122 3.6783025264739995 -0.68499505519866932
decision_type=2 2 2 2 2 2 2 2 2 2 2 2 2 2 2 2 2 2 2 2 2 2 2 2 2 2 2 2 2 2
left_child=1 3 23 5 -5 6 7 -1 9 11 -11 12 13 14 -9 16 -13 -18 20 -20 -17 -16 -10 24 -2 26 27 28 29 -26
right_child=2 -3 -4 4 -6 -7 -8 8 22 10 -12 15 -14 -15 21 18 17 -19 19 -21 -22 -23 -24 -25 25 -27 -28 -29 -30 -31
leaf_value=-0.087412317017473609 -0.037249346967343562 -0.040381656409369721 0.012693973246760649 -0.0049850132410506611 0.092047368469475976 0.070987224386102499 -0.087161642839423306 0.094951717263467197 -0.015583958829643536 -0.051352148896688987 0.12206122669170849 -0.059013048890627008 -0.057371380817045847 -0.059274526666763673 -0.061296341956433298 0.13793383916852336 -0.036096731763350834 0.091460927405174475 0.065158013442242479 -0.083483402841842413 0.0018617125728743072 0.068427440577146392 -0.091500904147685025 0.021156643052069317 0.081100591746040354 0.11378725960474456 -0.031541588488130733 0.03554312007595415 0.10521713616358785 -0.081967917992882569
leaf_weight=8.2647074908018094 5.7224671244621268 192.71949751675129 139.34930516779423 129.69992090761662 7.8437956124544135 5.294906720519065 9.6829343885183317 7.1059958785772332 10.736723199486732 5.1779822409152967 6.6325768232345581 14.112076342105865 33.146270334720612 8.4872020781040209 5.8255192190408707 6.7351744472980499 5.3170409947633743 5.429326206445694 4.6071847677230835 4.5182364583015442 4.5556400865316391 3.5280861109495163 11.299143627285957 109.42645701766014 9.6020753830671293 6.9771423190832129 6.1366308927536002 96.285612791776657 24.676218152046204 6.3361244946718207
leaf_count=54 28 1248 714 732 40 27 57 40 64 30 35 80 189 48 33 39 30 31 26 27 26 20 68 518 44 33 29 450 116 30
internal_value=-0.000356412 -0.0225552 0.0265733 -0.0110267 0.000548516 -0.0209489 -0.0240863 -0.019888 -0.0158209 -0.00841866 0.0460334 -0.0146402 -0.0317708 0.00224424 0.0339657 0.00734039 -0.0212464 0.0283485 0.0421472 -0.00843827 0.0830312 -0.0123658 -0.0545112 0.0338672 0.0427981 0.0458516 0.0425378 0.0458585 0.0703134 0.0162738
internal_weight=895.232 490.72 404.512 298 137.544 160.457 155.162 145.479 137.214 115.178 11.8106 103.368 58.0931 24.9468 16.4596 45.2747 24.8584 10.7464 20.4162 9.12542 11.2908 9.35361 22.0359 265.163 155.736 150.014 143.037 136.9 40.6144 15.9382
internal_count=4906 2944 1962 1696 772 924 897 840 786 654 65 589 330 141 93 259 141 61 118 53 65 53 132 1248 730 702 669 640 190 74
is_linear=0
shrinkage=0.1


Tree=7
num_leaves=31
num_cat=0
split_feature=14 15 93 16 11 0 0 12 45 53 73 81 61 129 67 0 0 0 0 13 0 22 5 178 17 167 7 6 0 1
split_gain=43.4898 8.52776 4.05541 7.40105 4.51711 5.36319 4.40817 3.76673 5.05091 5.99815 5.00124 6.64156 6.24328 5.55823 4.84609 5.43774 7.96575 5.26068 4.65898 4.39079 4.30836 4.28446 3.77683 3.39363 3.1998 3.31943 3.11325 3.39485 3.06909 2.9265
threshold=1.0000000180025095e-35 1.0000000180025095e-35 1.0000000180025095e-35 1.0000000180025095e-35 1.0000000180025095e-35 2.2505134344100957 13.096509456634523 1.0000000180025095e-35 1.0000000180025095e-35 1.0000000180025095e-35 1.0000000180025095e-35 1.0000000180025095e-35 1.0000000180025095e-35 1.0000000180025095e-35 1.0000000180025095e-35 13.600273609161379 14.800821304321291 3.9917863607406621 8.1492128372192401 1.0000000180025095e-35 10.310746192932131 1.0000000180025095e-35 1.0000000180025095e-35 1.0000000180025095e-35 1.0000000180025095e-35 1.0000000180025095e-35 1.0000000180025095e-35 1.0000000180025095e-35 2.3791923522949223 0.93231424689292919
decision_type=2 2 2 2 2 2 2 2 2 2 2 2 2 2 2 2 2 2 2 2 2 2 2 2 2 2 2 2 2 2
left_child=1 23 4 6 5 -2 -4 14 10 26 11 -9 -12 -13 -7 17 -17 19 -14 -16 -20 -19 -18 24 -1 29 27 -10 -3 -26
right_child=2 28 3 -5 -6 7 -8 8 9 -11 12 13 18 -15 15 16 22 21 20 -21 -22 -23 -24 -25 25 -27 -28 -29 -30 -31
leaf_value=-0.068846570718183162 0.13224625811233184 0.032960857870803495 0.057120363882626084 -0.011243686085333861 0.007578171219509715 0.015381433644465807 0.16812894862260774 -0.032178271994510697 0.022934635853613022 0.062374085189282537 -0.0018453854192086385 -0.0062257420020076738 0.018428649810734474 0.11096844530922181 -0.036126477436472473 -0.11855409859642313 -0.0077943976311637408 0.069399853491379268 0.21602103950334778 0.07495990719000846 0.087172866036548224 0.15629154283910515 0.106110202809821 -0.084477801416769471 -0.0024222192619149149 -0.058140236992849204 -0.097048339839248862 -0.082150347310565613 -0.039641781958730769 -0.058913034129121689
leaf_weight=8.5388678684830648 5.0029263496398917 6.0149449110031119 7.8144093453884125 8.1612071245908737 148.75764039158821 57.298213809728622 6.597250297665596 21.621945649385452 7.7768763601779973 6.1969852745532981 9.7216568738222122 8.0727951973676682 4.8745870143175134 8.1149964332580566 8.2211009711027128 4.1535643339157096 6.5984663218259794 47.167506262660027 4.1681798100471479 6.2731758952140799 6.8762949109077454 6.4507436007261267 5.2091011106967926 6.006829820573329 259.88048230111599 12.013396948575972 8.341002345085144 5.0839730799198151 181.92944318056107 9.5059520751237851
leaf_count=53 23 34 36 38 727 273 30 105 37 29 46 40 23 38 39 20 32 225 20 29 33 29 25 47 1455 76 40 25 1214 65
internal_value=-0.000375675 -0.0206597 0.0236487 0.0648473 0.0212393 0.0298059 0.107937 0.0275989 0.0117115 -0.0241703 0.0272059 0.00408605 0.0612983 0.0525241 0.0378086 0.0530932 0.000556704 0.0654043 0.0998597 0.0119521 0.1358 0.0798537 0.0424565 -0.0100805 -0.0085392 -0.00670922 -0.049466 -0.0186061 -0.0373182 -0.00441563
internal_weight=892.445 483.89 408.555 22.5729 385.982 237.224 14.4117 232.221 90.8493 27.3988 63.4505 37.8097 25.6407 16.1878 141.372 84.0737 15.9611 68.1125 15.9191 14.4943 11.0445 53.6182 11.8076 295.946 289.939 281.4 21.2019 12.8608 187.944 269.386
internal_count=4906 2944 1962 104 1858 1131 66 1108 436 131 305 183 122 78 672 399 77 322 76 68 53 254 57 1696 1649 1596 102 62 1248 1520
is_linear=0
shrinkage=0.1


Tree=8
num_leaves=31
num_cat=0
split_feature=14 15 176 15 18 5 174 77 64 22 140 26 59 10 16 0 0 13 134 11 45 12 83 79 16 99 55 0 0 50
split_gain=35.2419 7.23558 3.30225 3.15355 3.13592 2.97064 7.64854 3.60575 3.60923 3.33235 3.29843 5.64542 3.11151 4.52603 3.21495 4.22353 3.12564 3.5683 3.34513 3.94907 5.9374 2.89136 4.36904 2.97581 2.83894 7.10866 5.98088 5.81136 7.33699 4.15263
threshold=1.0000000180025095e-35 1.0000000180025095e-35 1.0000000180025095e-35 1.0000000180025095e-35 1.0000000180025095e-35 1.0000000180025095e-35 1.0000000180025095e-35 1.0000000180025095e-35 1.0000000180025095e-35 1.0000000180025095e-35 1.0000000180025095e-35 1.0000000180025095e-35 1.0000000180025095e-35 1.0000000180025095e-35 1.0000000180025095e-35 7.3634495735168466 5.2279260158538827 1.0000000180025095e-35 1.0000000180025095e-35 1.0000000180025095e-35 1.0000000180025095e-35 1.0000000180025095e-35 1.0000000180025095e-35 1.0000000180025095e-35 1.0000000180025095e-35 1.0000000180025095e-35 1.0000000180025095e-35 13.351129055023195 10.513347148895265 1.0000000180025095e-35
decision_type=2 2 2 2 2 2 2 2 2 2 2 2 2 2 2 2 2 2 2 2 2 2 2 2 2 2 2 2 2 2
left_child=1 4 3 -2 -1 7 24 8 9 10 12 -12 13 16 -15 -16 17 -6 19 20 -18 23 -23 -14 26 29 27 28 -7 -26
right_child=2 -3 -4 -5 5 6 -8 -9 -10 -11 11 -13 21 14 15 -17 18 -19 -20 -21 -22 22 -24 -25 25 -27 -28 -29 -30 -31
leaf_value=-0.097096599998815758 0.026027100929254345 -0.03444850191601341 0.077782066677350478 0.0073548425106979287 0.03586326273327433 0.042264870752247441 0.10587208818881691 0.062575202252759934 -0.081609593044419892 -0.067763038159767017 -0.039048599081286044 0.096696738536115864 -0.061933536118135457 -0.065577622039366026 0.076554422643132947 -0.059118027917853477 0.17680610108905045 -0.084488143899655033 0.14166011843136914 -0.017325872956562235 0.0044613639949024489 0.0052212165106286113 -0.10151185968111665 0.033347539971580561 -0.054609981531552082 0.065905672190956555 -0.012267994261754712 -0.044060963459035429 0.19098355198214523 0.014479329772923034
leaf_weight=3.9988097995519629 264.37367314100266 183.50712625682354 10.01147076487541 137.48789222538471 5.4374122917652148 18.865583181381233 6.8538028895854941 5.4498844295740119 9.0050402134656888 11.559920303523539 5.4529570490121824 6.9922221899032593 30.291635580360889 12.697576001286507 4.8262215852737427 4.3740923479199409 3.5995384901762044 4.5043085366487503 3.319549784064292 8.2123941779136658 4.4953676462173462 27.437392346560959 4.4583962187170973 3.6756154596805564 32.502123445272446 8.0716357827186567 46.415647134184837 5.746873825788497 4.0250857323408118 11.879312738776205
leaf_count=28 1224 1248 44 694 31 103 33 27 56 68 31 39 181 74 27 26 21 26 19 50 26 159 29 21 190 45 263 32 22 69
internal_value=-0.000382982 -0.018866 0.0210521 0.0196388 -0.00914478 -0.00793264 0.00296289 -0.0173294 -0.020226 -0.016315 -0.0117322 0.0372188 -0.0169244 0.00149774 -0.0329619 0.0120519 0.0270179 -0.0186645 0.0501577 0.0315312 0.0810974 -0.0313198 -0.00969794 -0.0516231 -0.00256876 -0.0204177 0.00990547 0.0458442 0.0684155 -0.0361173
internal_weight=889.529 477.656 411.873 401.862 294.148 290.15 134.36 155.79 150.34 141.335 129.775 12.4452 117.33 51.4665 21.8979 9.20031 29.5686 9.94172 19.6269 16.3073 8.09491 65.863 31.8958 33.9673 127.506 52.4531 75.0532 28.6375 22.8907 44.3814
internal_count=4906 2944 1962 1918 1696 1668 757 911 884 828 760 70 690 300 127 53 173 57 116 97 47 390 188 202 724 304 420 157 125 259
is_linear=0
shrinkage=0.1


Tree=9
num_leaves=31
num_cat=0
split_feature=14 15 87 67 70 0 67 42 16 67 5 93 81 64 9 0 13 73 69 54 28 237 0 12 0 13 16 96 0 55
split_gain=28.7233 6.06162 3.19864 5.64117 3.24336 6.59573 4.60793 3.76019 5.87145 5.12928 7.73097 5.09887 3.4129 6.67126 3.28385 4.98134 6.51523 3.44552 3.22561 3.18964 2.91182 2.87075 3.81627 6.27108 3.79609 3.15578 4.66503 6.79119 4.14189 5.0589
threshold=1.0000000180025095e-35 1.0000000180025095e-35 1.0000000180025095e-35 1.0000000180025095e-35 1.0000000180025095e-35 13.550992488861086 1.0000000180025095e-35 1.0000000180025095e-35 1.0000000180025095e-35 1.0000000180025095e-35 1.0000000180025095e-35 1.0000000180025095e-35 1.0000000180025095e-35 1.0000000180025095e-35 1.0000000180025095e-35 17.041751861572269 1.0000000180025095e-35 1.0000000180025095e-35 1.0000000180025095e-35 1.0000000180025095e-35 1.0000000180025095e-35 1.0000000180025095e-35 2.6652977466583256 1.0000000180025095e-35 3.7193702459335332 1.0000000180025095e-35 1.0000000180025095e-35 1.0000000180025095e-35 8.1492128372192401 1.0000000180025095e-35
decision_type=2 2 2 2 2 2 2 2 2 2 2 2 2 2 2 2 2 2 2 2 2 2 2 2 2 2 2 2 2 2
left_child=1 20 4 -4 -2 6 18 8 12 -10 -11 -9 14 -14 15 16 -7 -16 -6 -8 -1 22 23 -3 -24 26 27 28 29 -26
right_child=2 21 3 -5 5 7 19 11 9 10 -12 -13 13 -15 17 -17 -18 -19 -20 -21 -22 -23 24 -25 25 -27 -28 -29 -30 -31
leaf_value=-0.085020735651588436 0.01474707268804017 0.10016922319425159 -0.1058031618092214 0.03689012892029183 -0.026339178783295326 -0.025239696202677499 0.068618773608236816 -0.05220158944601682 0.11465359188819067 -0.033930586348385222 0.12725571427735483 0.062076068647410811 -0.085606548159426574 0.070562797435354319 0.018111967134712872 -0.090542522176656204 0.10934574217555788 0.14111588364145161 0.076308345780713577 0.1685326701248776 -0.0070885997772247621 -0.12311601074789341 -0.086722034947090285 -0.060882691204504472 -0.051159201378722263 -0.011171454282654333 -0.067103584443895692 0.07216943673977036 -0.056863798271346522 0.055995312076429542
leaf_weight=4.8757047131657592 293.11203314363956 5.5884463638067228 5.5213302224874479 5.5609084367752075 4.9547479748725882 8.4416695237159747 6.0236020684242249 13.133121103048326 12.846352010965347 8.1078141480684263 4.7008704245090494 5.5561829358339301 8.3924063742160779 4.0580171942710868 4.7161996662616747 4.2735656797885886 6.2674743831157675 4.4036385118961334 8.0111795514822006 6.8044772744178772 287.37030708789825 3.3733579963445655 12.431921347975729 4.2613400369882584 8.5956922173500061 59.224593341350555 39.03143797814846 6.7310937792062751 31.208610564470291 9.0390874892473221
leaf_count=33 1386 32 27 27 23 41 28 63 60 39 22 25 41 19 22 22 30 20 37 30 1663 23 93 25 60 414 273 47 218 63
internal_value=-0.000392604 -0.0172724 0.0187999 -0.0342017 0.0202546 0.0348384 0.079124 0.0213833 0.0325648 0.0700054 0.0252258 -0.0182277 0.00887876 -0.0347056 0.0281882 0.00449446 0.0321063 0.0775061 0.037083 0.121617 -0.00838879 -0.0317369 -0.0299866 0.0304929 -0.0335696 -0.029274 -0.0406065 -0.0219968 -0.0349739 0.00376516
internal_weight=886.617 471.732 414.886 11.0822 403.803 110.691 25.794 84.8973 66.208 25.655 12.8087 18.6893 40.553 12.4504 28.1025 18.9827 14.7091 9.11984 12.9659 12.8281 292.246 179.486 176.112 9.84979 166.262 153.831 94.6059 55.5745 48.8434 17.6348
internal_count=4906 2944 1962 54 1908 522 118 404 316 121 61 88 195 60 135 93 71 42 60 58 1696 1248 1225 57 1168 1075 661 388 341 123
is_linear=0
shrinkage=0.1


Tree=10
num_leaves=31
num_cat=0
split_feature=14 15 178 17 64 9 0 167 137 11 0 0 0 61 84 87 174 26 1 51 0 12 15 16 26 0 0 62 67 42
split_gain=23.3238 5.15373 2.87065 2.76033 3.14755 2.97413 4.62215 3.29878 2.67344 2.6604 3.93698 3.89252 4.61415 6.51788 4.40659 3.77209 3.87156 3.70989 4.72213 6.60842 4.53269 4.21905 3.37655 4.4449 7.8301 3.60636 4.05999 3.1311 3.4162 2.73532
threshold=1.0000000180025095e-35 1.0000000180025095e-35 1.0000000180025095e-35 1.0000000180025095e-35 1.0000000180025095e-35 1.0000000180025095e-35 2.6652977466583256 1.0000000180025095e-35 1.0000000180025095e-35 1.0000000180025095e-35 2.2505134344100957 10.658453464508058 9.3497605323791522 1.0000000180025095e-35 1.0000000180025095e-35 1.0000000180025095e-35 1.0000000180025095e-35 1.0000000180025095e-35 0.88987755775451671 1.0000000180025095e-35 11.690622806549074 1.0000000180025095e-35 1.0000000180025095e-35 1.0000000180025095e-35 1.0000000180025095e-35 8.6036963462829608 2.7748117446899419 1.0000000180025095e-35 1.0000000180025095e-35 1.0000000180025095e-35
decision_type=2 2 2 2 2 2 2 2 2 2 2 2 2 2 2 2 2 2 2 2 2 2 2 2 2 2 2 2 2 2
left_child=1 2 -1 -3 5 7 -7 -5 -8 10 -2 12 14 -14 22 16 17 27 19 20 -19 -21 25 24 -24 26 -11 -13 -29 -30
right_child=9 3 -4 4 -6 6 8 -9 -10 11 -12 15 13 -15 -16 -17 -18 18 -20 21 -22 -23 23 -25 -26 -27 -28 28 29 -31
leaf_value=-0.0062130628836627073 0.10854432126842438 0.040043273394333556 -0.079260441777074003 -0.034202756754764134 -0.079634172349955054 0.077992292501682561 -0.012319761035390847 -0.11999791064459853 -0.095895399087846056 0.066628817604646493 0.021317372973918114 0.11928879967654865 -0.14245615635996975 0.0074497144189138442 0.096542566080575515 -0.068136650632738147 -0.04546418465531156 0.02526742134059112 -0.090941829826423487 0.032484393583740528 -0.10174880096332568 0.14600242117198747 -0.1012751021769281 -0.097511769920390512 0.043965657464361596 0.086311478633391808 -0.013497189165589464 0.011928927772054509 0.039172502305892962 0.13964190316664787
leaf_weight=285.41014798730612 5.2834564298391333 5.5621082633733741 5.4832133427262297 94.15416494756937 12.602881312370299 5.4331878572702399 49.123456671833992 4.7055125832557669 4.1508836895227423 7.711053177714347 250.72789473831654 7.0975392758846274 5.6938441991806013 5.9121559262275696 4.5912202000617972 4.1926624625921241 6.2446298301219931 6.5122726708650625 3.8974648267030707 9.3398289829492551 4.9413920640945435 5.0412321835756311 5.6368749290704772 7.7323401719331732 10.869069471955299 5.5906758457422248 35.150562301278114 14.285119086503983 5.7769721001386642 5.1039479225873947
leaf_count=1649 23 38 47 675 93 26 352 34 30 34 1167 34 28 28 22 21 31 31 20 43 24 23 29 40 54 26 167 67 27 23
internal_value=-0.000396608 -0.0157583 -0.00758997 -0.0292796 -0.0315455 -0.0276991 -0.00987085 -0.0382864 -0.0188316 0.0167796 0.0231175 0.00672145 -0.00730078 -0.0660933 0.00152855 0.0239291 0.0295856 0.0371452 0.0116626 0.0271417 -0.0295305 0.0722778 -0.00447265 -0.0349449 -0.0056349 0.0107711 0.000917944 0.0606283 0.0440844 0.0863
internal_weight=883.958 466.626 290.893 175.732 170.17 157.567 58.7075 98.8597 53.2743 417.332 256.011 161.321 88.8878 11.606 77.2818 72.4331 68.2404 61.9958 29.7322 25.8347 11.4537 14.3811 72.6906 24.2383 16.5059 48.4523 42.8616 32.2636 25.166 10.8809
internal_count=4906 2944 1696 1248 1210 1117 408 709 382 1962 1190 772 428 56 372 344 323 292 141 121 55 66 350 123 83 227 201 151 117 50
is_linear=0
shrinkage=0.1


Tree=11
num_leaves=31
num_cat=0
split_feature=14 118 182 15 28 174 5 237 0 13 139 7 0 0 10 96 78 16 26 0 61 0 0 23 0 176 99 8 10 0
split_gain=18.9221 5.17299 6.73069 4.22051 3.70592 3.03288 9.31511 2.70242 2.81287 2.85601 3.86204 5.48019 4.19031 4.8033 5.31612 3.7686 4.70968 4.49775 3.83494 4.79118 3.82702 3.74015 3.5784 2.62713 2.63396 2.6229 2.54026 2.20237 4.18292 2.19684
threshold=1.0000000180025095e-35 1.0000000180025095e-35 1.0000000180025095e-35 1.0000000180025095e-35 1.0000000180025095e-35 1.0000000180025095e-35 1.0000000180025095e-35 1.0000000180025095e-35 2.3791923522949223 1.0000000180025095e-35 1.0000000180025095e-35 1.0000000180025095e-35 13.151266574859621 8.3682408332824725 1.0000000180025095e-35 1.0000000180025095e-35 1.0000000180025095e-35 1.0000000180025095e-35 1.0000000180025095e-35 8.1492128372192401 1.0000000180025095e-35 10.584530830383303 6.3449692726135263 1.0000000180025095e-35 11.934291839599611 1.0000000180025095e-35 1.0000000180025095e-35 1.0000000180025095e-35 1.0000000180025095e-35 17.80835056304932
decision_type=2 2 2 2 2 2 2 2 2 2 2 2 2 2 2 2 2 2 2 2 2 2 2 2 2 2 2 2 2 2
left_child=1 2 3 4 -1 23 -7 8 -5 15 11 -11 13 14 -13 16 18 20 26 22 -17 -12 27 24 -6 29 -10 -20 -29 -2
right_child=25 -3 -4 7 5 6 -8 -9 9 10 21 12 -14 -15 -16 17 -18 -19 19 -21 -22 -23 -24 -25 -26 -27 -28 28 -30 -31
leaf_value=-0.10015076549893941 0.012902403615635816 -0.10645016376364058 0.13392426095967064 0.045154945411319238 -0.0088612032123287377 -0.061132635459176236 0.12618010479883121 -0.12025294403784961 -0.077692641286616085 -0.042826964380326363 -0.0029681583121929172 -0.062045530677363347 -0.05790194428507426 0.12564849623607452 0.088697473050521169 0.14228920707194473 -0.12007705230573192 -0.058604604535336481 -0.054909012955487196 -0.047455934582218876 -0.0067781866174092785 0.1419271837128632 0.082638817692308769 -0.0056448403186709732 -0.12170881815241995 0.065090866893023 -6.9058410530825889e-05 0.092044878271852149 -0.058279593006366107 0.078052470066428514
leaf_weight=4.1820862740278235 403.86391040682793 6.0198952555656424 3.0909045562148085 5.528813809156417 4.3249311521649343 4.620688319206236 6.2406531572341919 3.0312097519636145 26.162604875862602 36.259177982807159 4.2764398008584967 5.1371978968381899 4.8372124880552283 5.2901020497083655 4.2958017140626907 3.4039794504642469 7.707001917064189 4.8806421831250191 6.1292387843132037 26.54855777323246 3.4859878122806549 3.0535100251436234 5.9265657663345328 260.89296045154333 3.9641845747828484 10.193649619817732 5.0257728695869437 4.2048731669783592 3.3067446053028107 5.2428841441869727
leaf_count=30 1895 41 20 31 28 29 29 23 192 263 31 37 35 38 31 23 57 36 45 198 24 22 43 1518 28 44 37 30 25 23
internal_value=-0.000393725 -0.014357 -0.0131407 -0.0141448 -0.00671075 -0.00531535 0.0464925 -0.0266852 -0.0249711 -0.0273953 -0.0108519 -0.0198134 0.0228471 0.0493768 0.00660305 -0.0381898 -0.0455324 0.0148414 -0.0381006 -0.0197838 0.0668684 0.0573923 0.0177609 -0.00740577 -0.0628294 0.0149858 -0.0651842 -0.0104267 0.0258694 0.0137373
internal_weight=881.128 461.828 455.808 452.717 284.226 280.043 10.8613 168.491 165.46 159.931 63.1494 55.8195 19.5603 14.7231 9.433 96.782 85.0114 11.7706 77.3044 46.116 6.88997 7.32995 19.5674 269.182 8.28912 419.3 31.1884 13.6409 7.51162 409.107
internal_count=4906 2944 2903 2883 1662 1632 58 1221 1198 1167 457 404 141 106 68 710 627 83 570 341 47 53 143 1574 56 1962 229 100 55 1918
is_linear=0
shrinkage=0.1


Tree=12
num_leaves=31
num_cat=0
split_feature=14 118 182 15 28 5 174 77 64 22 68 82 0 16 73 0 67 13 0 9 35 1 0 0 50 99 81 8 67 168
split_gain=15.4564 4.59473 5.09266 3.589 3.24553 2.56498 7.28181 2.89444 2.5983 2.87424 2.62721 2.50036 3.33758 4.173 3.54208 4.42001 3.65922 3.45313 3.31736 3.68925 3.15817 3.12094 2.8874 6.47493 2.87547 4.31898 4.98271 3.03186 2.86023 3.13715
threshold=1.0000000180025095e-35 1.0000000180025095e-35 1.0000000180025095e-35 1.0000000180025095e-35 1.0000000180025095e-35 1.0000000180025095e-35 1.0000000180025095e-35 1.0000000180025095e-35 1.0000000180025095e-35 1.0000000180025095e-35 1.0000000180025095e-35 1.0000000180025095e-35 6.8391511440277108 1.0000000180025095e-35 1.0000000180025095e-35 8.9486651420593279 1.0000000180025095e-35 1.0000000180025095e-35 4.3846678733825692 1.0000000180025095e-35 1.0000000180025095e-35 -0.63966840505599964 12.881587982177736 14.680356025695803 1.0000000180025095e-35 1.0000000180025095e-35 1.0000000180025095e-35 1.0000000180025095e-35 1.0000000180025095e-35 1.0000000180025095e-35
decision_type=2 2 2 2 2 2 2 2 2 2 2 2 2 2 2 2 2 2 2 2 2 2 2 2 2 2 2 2 2 2
left_child=1 2 3 4 -1 7 11 8 9 -6 -10 12 13 18 15 -14 22 -15 21 -20 -18 -7 -17 -24 25 26 -16 -27 -13 -30
right_child=-2 -3 -4 -5 5 6 -8 -9 10 -11 -12 28 14 17 24 16 20 -19 19 -21 -22 -23 23 -25 -26 27 -28 -29 29 -31
leaf_value=-0.096403285217694465 0.013417375797124452 -0.10298534500293172 0.11097514862581725 -0.024627921619980436 -0.0089460786074882122 0.0793313855124817 0.10850152812569405 0.057095330648034529 -0.0069136578790322291 -0.062284800461673673 -0.12358582536955016 -0.077792795284223379 -0.091982491824809401 0.026545871287254642 -0.074307484152090902 -0.033485299493888288 -0.062441477519578362 -0.074113705844513586 0.043075227596500343 0.1554139897762005 0.037176090706023159 -0.020421720873982349 0.16415802205229685 -0.022001742764954115 0.078007287965155631 0.00082489997463398423 0.063279435828524813 0.1131426033302133 0.05058728881962013 -0.068660170363679648
leaf_weight=3.9236607179045668 421.34703424572945 5.6208807975053778 3.3419423699378958 165.46188338845968 124.98651507496834 5.1718211174011213 6.5154258608818045 5.5525666475296012 3.4352615699172011 10.991119123995302 4.4046457856893539 8.251038670539856 8.4112587571144086 8.3544491678476316 9.3940346166491526 4.1004804819822329 13.275733426213266 5.7561120688915244 6.75261642038822 5.1550692021846771 4.1859126314520827 7.9693373441696203 3.7312999963760376 3.7422093003988266 6.3263951092958441 5.2334671691060066 3.6567608043551454 4.4441929310560226 5.5588973611593246 3.6578534245491028
leaf_count=30 1962 41 20 1221 747 28 29 27 23 68 29 51 50 48 56 23 76 35 36 27 24 43 21 22 38 29 22 24 32 24
internal_value=-0.000400507 -0.0131303 -0.0120122 -0.0129289 -0.00608728 -0.0048172 0.00547441 -0.0137497 -0.0164849 -0.0132575 -0.0724628 2.26774e-05 0.00581673 0.0289777 -0.00782155 -0.0281505 -0.00965912 -0.0145161 0.0534787 0.0917089 -0.0385611 0.018837 0.0339452 0.0709423 0.018379 0.0017817 -0.0357564 0.0524036 -0.0350251 0.00326153
internal_weight=878.71 457.363 451.742 448.4 282.938 279.014 129.644 149.37 143.818 135.978 7.83991 123.129 105.661 39.1594 66.5017 37.4469 29.0356 14.1106 25.0488 11.9077 17.4616 13.1412 11.574 7.47351 29.0549 22.7285 13.0508 9.67766 17.4678 9.21675
internal_count=4906 2944 2903 2883 1662 1632 738 894 867 815 52 709 602 217 385 216 166 83 134 63 100 71 66 43 169 131 78 53 107 56
is_linear=0
shrinkage=0.1


Tree=13
num_leaves=31
num_cat=0
split_feature=14 118 182 15 28 237 178 0 13 16 84 96 139 7 12 10 26 99 81 0 6 8 12 6 15 22 151 5 0 10
split_gain=12.6217 4.08191 3.9212 2.96608 2.83676 2.52168 2.34891 2.33973 2.48576 3.30899 5.43482 4.04958 3.1119 4.60729 3.82334 3.32185 3.16825 2.76209 2.58359 4.79441 5.14137 5.51715 3.51439 2.29153 2.28899 2.36068 2.80883 2.54631 4.53519 3.24033
threshold=1.0000000180025095e-35 1.0000000180025095e-35 1.0000000180025095e-35 1.0000000180025095e-35 1.0000000180025095e-35 1.0000000180025095e-35 1.0000000180025095e-35 2.3791923522949223 1.0000000180025095e-35 1.0000000180025095e-35 1.0000000180025095e-35 1.0000000180025095e-35 1.0000000180025095e-35 1.0000000180025095e-35 1.0000000180025095e-35 1.0000000180025095e-35 1.0000000180025095e-35 1.0000000180025095e-35 1.0000000180025095e-35 8.1492128372192401 1.0000000180025095e-35 1.0000000180025095e-35 1.0000000180025095e-35 1.0000000180025095e-35 1.0000000180025095e-35 1.0000000180025095e-35 1.0000000180025095e-35 1.0000000180025095e-35 4.273785114288331 1.0000000180025095e-35
decision_type=2 2 2 2 2 2 2 2 2 2 2 2 2 2 2 2 2 2 2 2 2 2 2 2 2 2 2 2 2 2
left_child=1 2 3 4 -1 7 -6 -5 9 10 11 18 13 -10 -15 -16 -14 -11 19 20 21 -9 -21 -13 -2 26 27 29 -29 -26
right_child=24 -3 -4 5 6 -7 -8 8 12 17 -12 23 16 14 15 -17 -18 -19 -20 22 -22 -23 -24 -25 25 -27 -28 28 -30 -31
leaf_value=-0.092809448869276917 0.017332578288187486 -0.099711013279129138 0.093718801456506476 0.042665401077756404 -0.0032133860110181082 -0.11761209821451557 -0.073404757123054207 0.00460889721987704 -0.037922940214072581 -0.066757407388762374 0.10049217772829291 -0.0074037093478587839 -0.024419950615115985 -0.0075500116937035969 0.011873252021536445 0.15767674626116601 0.10753781848467432 0.0098181063118695927 -0.06893468899304328 -0.088906620932422714 -0.036679489448913548 0.19589041167324353 0.01008432193889611 0.11218610268587044 0.027715542299451473 0.050699096553062775 -0.074771730845850856 -0.088146263578745457 -0.0037233575477060459 -0.01288372699026763
leaf_weight=3.680709332227706 278.01267573237419 5.2444468513131133 3.5492658764123908 5.5840911120176306 272.9076190367341 2.7437170147895804 4.8523516356945029 3.2289929538965243 34.642716638743877 33.20686836540699 3.6356694102287284 3.4634948819875708 3.1118380576372138 13.289913378655912 3.022602565586566 3.2349480241537094 4.3811346590518951 5.4890176281332961 16.044956564903259 10.381393194198607 5.9972004219889641 2.8289664387702942 5.4793068394064894 2.9816234335303307 50.696943461894989 9.2604107558727247 5.0355284959077826 7.5440970659255973 40.650616705417633 32.109763607382774
leaf_count=30 1248 41 20 31 1588 23 44 24 263 262 27 23 22 96 22 23 31 43 123 81 44 20 43 20 249 41 27 37 200 160
internal_value=-0.000398449 -0.0120002 -0.0109728 -0.0118093 -0.00559531 -0.0225552 -0.0044396 -0.0209252 -0.0232248 -0.0335722 -0.0175881 -0.0261049 -0.00766792 -0.01602 0.0227971 0.0872489 0.0527356 -0.0558952 -0.0369579 -0.0185788 0.0289565 0.0939342 -0.0547088 0.0479206 0.0120165 0.00184476 -0.00148089 0.00133631 -0.0169384 0.0119725
internal_weight=876.293 452.983 447.738 444.189 281.441 162.748 277.76 160.005 154.421 92.7375 54.0416 50.4059 61.6832 54.1902 19.5475 6.25755 7.49297 38.6959 43.9608 27.9159 12.0552 6.05796 15.8607 6.44512 423.31 145.297 136.037 131.001 48.1947 82.8067
internal_count=4906 2944 2903 2883 1662 1221 1632 1198 1167 710 405 378 457 404 141 45 53 305 335 212 88 44 124 43 1962 714 673 646 237 409
is_linear=0
shrinkage=0.1


Tree=14
num_leaves=31
num_cat=0
split_feature=14 118 182 15 28 87 67 70 0 74 214 12 54 0 13 81 176 83 0 101 8 13 9 11 15 0 0 94 55 26
split_gain=10.3022 3.62569 3.05584 2.51994 2.48316 2.24559 4.72478 2.0983 5.31708 2.5458 2.44816 2.91446 4.89325 7.38338 6.74473 4.30907 4.13058 3.33563 5.65679 4.04889 3.30853 3.02359 2.87638 2.7227 2.63564 3.2309 4.86642 2.74287 2.36806 2.31092
threshold=1.0000000180025095e-35 1.0000000180025095e-35 1.0000000180025095e-35 1.0000000180025095e-35 1.0000000180025095e-35 1.0000000180025095e-35 1.0000000180025095e-35 1.0000000180025095e-35 12.581793308258058 1.0000000180025095e-35 1.0000000180025095e-35 1.0000000180025095e-35 1.0000000180025095e-35 6.0766596794128427 1.0000000180025095e-35 1.0000000180025095e-35 1.0000000180025095e-35 1.0000000180025095e-35 10.513347148895265 1.0000000180025095e-35 1.0000000180025095e-35 1.0000000180025095e-35 1.0000000180025095e-35 1.0000000180025095e-35 1.0000000180025095e-35 8.2737851142883319 9.7960300445556658 1.0000000180025095e-35 1.0000000180025095e-35 1.0000000180025095e-35
decision_type=2 2 2 2 2 2 2 2 2 2 2 2 2 2 2 2 2 2 2 2 2 2 2 2 2 2 2 2 2 2
left_child=1 2 3 4 -1 7 -7 10 -9 -10 11 16 13 14 -13 -16 17 19 20 -2 23 22 -15 -19 25 -14 -27 -26 -25 -28
right_child=5 -3 -4 -5 -6 6 -8 8 9 -11 -12 12 24 21 15 -17 -18 18 -20 -21 -22 -23 -24 28 27 26 29 -29 -30 -31
leaf_value=-0.089333779293578719 0.013689362322619542 -0.096581792832959507 0.080220382839165466 -0.020783206598449348 -0.0040100323715263732 -0.10144373374329352 0.029546444512100201 0.099479295574678217 0.0048035721440258103 0.036582226482458478 0.083070674820531001 -0.030097877207276299 -0.0049153628144345913 -0.01565101366169918 -0.00373034498362264 0.12441874665289121 0.10321194253183302 0.062675471875643415 -0.12307723907301538 0.089389918350540762 -0.055556580775034538 -0.12153036145476202 -0.10627174114337104 0.033551575914652486 0.0051148868436216958 0.12707023410975313 0.055373500482882643 -0.08911150014888175 -0.071068253928709232 -0.030865560225871537
leaf_weight=3.4533902108669272 147.99205233156681 4.8912638649344435 3.7217330932617179 160.14344975352287 277.02237971127033 5.3300260454416257 5.696636289358139 8.522384434938429 63.785484626889229 41.682151630520821 4.2332648187875739 19.566317275166512 14.251382663846014 10.789398133754732 4.6415960192680377 6.0362878441810608 5.0389934331178656 8.7264815121889185 4.4635115861892691 7.4196466356515876 7.681054785847663 7.647652566432952 5.1862343847751609 4.5273030400276184 13.62064900994301 6.6714353114366558 8.0723746716976148 3.9955322891473761 4.1438003778457642 5.051825448870658
leaf_count=30 683 41 20 1221 1632 27 27 37 297 188 19 92 64 52 21 27 21 39 21 33 36 36 25 22 67 29 36 20 20 23
internal_value=-0.000398131 -0.0109554 -0.0100128 -0.010775 -0.00506059 0.010767 -0.0337711 0.011954 0.0235023 0.0173629 0.00756248 0.00648085 -0.00684399 -0.027932 0.00478796 0.0687133 0.0138821 0.0114483 -0.0193536 0.0173034 -0.000892843 -0.0698225 -0.0450696 0.0232413 0.0151438 0.0313907 0.0575283 -0.0162566 -0.0164448 0.022178
internal_weight=874.006 449.232 444.341 440.619 280.476 424.773 11.0267 413.747 113.99 105.468 299.757 295.524 105.531 53.8675 30.2442 10.6779 189.993 184.954 29.5422 155.412 25.0786 23.6233 15.9756 17.3976 51.6632 34.047 19.7956 17.6162 8.6711 13.1242
internal_count=4906 2944 2903 2883 1662 1962 54 1908 522 485 1386 1367 492 253 140 48 875 854 138 716 117 113 77 81 239 152 88 87 42 59
is_linear=0
shrinkage=0.1


Tree=15
num_leaves=31
num_cat=0
split_feature=14 118 182 195 26 9 167 64 138 151 13 147 10 54 8 0 83 7 15 0 11 6 49 52 6 6 12 15 0 1
split_gain=8.34915 3.22215 2.39932 2.40043 2.14203 5.34944 5.01228 4.73159 5.03731 4.31304 4.68942 4.2891 4.17435 7.2078 5.10626 4.16163 4.6407 5.28585 5.19703 4.88524 4.12596 7.01326 4.31788 4.64416 4.64264 3.86231 3.81625 3.7563 3.94109 3.63623
threshold=1.0000000180025095e-35 1.0000000180025095e-35 1.0000000180025095e-35 1.0000000180025095e-35 1.0000000180025095e-35 1.0000000180025095e-35 1.0000000180025095e-35 1.0000000180025095e-35 1.0000000180025095e-35 1.0000000180025095e-35 1.0000000180025095e-35 1.0000000180025095e-35 1.0000000180025095e-35 1.0000000180025095e-35 1.0000000180025095e-35 14.680356025695803 1.0000000180025095e-35 1.0000000180025095e-35 1.0000000180025095e-35 16.119096755981449 1.0000000180025095e-35 1.0000000180025095e-35 1.0000000180025095e-35 1.0000000180025095e-35 1.0000000180025095e-35 1.0000000180025095e-35 1.0000000180025095e-35 1.0000000180025095e-35 10.788501262664797 -0.35188987851142878
decision_type=2 2 2 2 2 2 2 2 2 2 2 2 2 2 2 2 2 2 2 2 2 2 2 2 2 2 2 2 2 2
left_child=1 2 3 4 9 6 20 8 12 11 -11 15 13 25 -15 -1 17 19 -19 -17 21 26 -22 24 -24 -7 27 -6 -29 -28
right_child=-2 -3 -4 -5 5 7 -8 -9 -10 10 -12 -13 -14 14 -16 16 -18 18 -20 -21 22 -23 23 -25 -26 -27 29 28 -30 -31
leaf_value=-0.026120490188785112 0.0096363340694229013 -0.093560638557030576 0.069353091627023675 -0.092292366751052748 0.076024825480810243 0.042566225322636292 -0.11800467685607972 -0.072121946190981084 -0.060320983300390651 -0.011684218720457076 0.13326740532360967 -0.12250227995752996 -0.0016073327496919304 -0.038641874723470075 0.049448079581762068 0.023022802636766239 0.11143537562517564 0.10297697583329549 -0.040310255145199557 -0.082902562842410765 -0.0078669976991741896 -0.061092307990496954 0.028221987404970179 -0.05689225866363426 0.15651832250676301 0.11240731719005748 -0.10325103012381139 0.036841399295935433 -0.091536908083639845 -0.0061988303688555024
leaf_weight=136.75878065824509 425.55461739003658 4.5614207610487929 3.8660379201173773 3.4970029219984999 9.6741458848118782 18.033467583358288 4.648014970123767 6.0812082961201659 7.4863610193133345 5.2796248942613584 3.8663272932171822 4.0550213456153861 36.628869436681271 14.010273911058903 12.408333748579025 7.9403284713625935 4.2167928889393798 7.2541801631450671 3.8879455402493477 9.6398841291666013 47.542862325906754 34.795230194926262 6.574058495461939 2.9749029651284209 4.9400862753391266 14.116492867469786 5.0983167663216582 6.433936707675457 3.8057818785309792 15.900116994976999
leaf_count=902 1962 41 20 26 56 110 37 44 49 35 25 29 231 94 77 52 29 44 31 67 314 231 44 20 31 87 35 50 30 103
internal_value=-0.000383436 -0.0099444 -0.00908034 -0.00977335 -0.00910853 -0.00311367 -0.0158691 0.0135848 0.0186606 -0.0173405 0.0495921 -0.0208637 0.0248717 0.0414318 0.00273236 -0.018435 0.0134742 -0.000907761 0.0529782 -0.03506 -0.0124225 -0.028089 0.00669782 0.0544893 0.0832669 0.0732322 -2.02288e-05 0.031342 -0.0108728 -0.0297626
internal_weight=871.53 445.976 441.414 437.548 434.051 251.152 142.387 108.765 102.684 182.899 9.14595 173.753 95.1974 58.5686 26.4186 169.698 32.9391 28.7223 11.1421 17.5802 137.739 75.7075 62.0319 14.489 11.5141 32.15 40.9123 19.9139 10.2397 20.9984
internal_count=4906 2944 2903 2883 2857 1643 951 692 648 1214 60 1154 599 368 171 1125 223 194 75 119 914 505 409 95 75 197 274 136 80 138
is_linear=0
shrinkage=0.1


Tree=16
num_leaves=31
num_cat=0
split_feature=14 118 283 11 0 0 99 12 0 73 174 100 0 13 0 54 12 22 55 16 0 67 0 0 0 10 0 5 34 61
split_gain=6.8459 2.85439 2.10057 2.08581 2.93846 3.83256 4.36888 3.34732 2.93501 2.75482 2.5286 2.45978 2.64274 5.37257 4.63762 5.58865 3.3029 5.52515 4.81847 4.08643 3.64562 2.6477 4.93645 4.96853 3.867 4.02951 3.86132 3.12802 4.77458 4.0635
threshold=1.0000000180025095e-35 1.0000000180025095e-35 1.0000000180025095e-35 1.0000000180025095e-35 10.658453464508058 7.4620122909545907 1.0000000180025095e-35 1.0000000180025095e-35 2.2505134344100957 1.0000000180025095e-35 1.0000000180025095e-35 1.0000000180025095e-35 3.6783025264739995 1.0000000180025095e-35 4.3367555141448983 1.0000000180025095e-35 1.0000000180025095e-35 1.0000000180025095e-35 1.0000000180025095e-35 1.0000000180025095e-35 7.8836412429809579 1.0000000180025095e-35 13.726214885711672 14.800821304321291 14.591375827789308 1.0000000180025095e-35 5.7535934448242196 1.0000000180025095e-35 1.0000000180025095e-35 1.0000000180025095e-35
decision_type=2 2 2 2 2 2 2 2 2 2 2 2 2 2 2 2 2 2 2 2 2 2 2 2 2 2 2 2 2 2
left_child=1 2 -1 8 5 -5 7 9 -2 -7 -6 12 13 -10 15 -14 17 21 19 -18 -19 24 26 -24 27 -26 -23 28 29 -16
right_child=3 -3 -4 4 10 6 -8 -9 11 -11 -12 -13 14 -15 16 -17 18 20 -20 -21 -22 22 23 -25 25 -27 -28 -29 -30 -31
leaf_value=-0.0077376349158070961 0.086419711595504697 -0.090617223948740486 -0.091633229228316959 0.0021076238366866816 0.020141844661126781 -0.076441557015828776 0.020425761326289767 -0.1268094696498642 -0.054863240105676926 0.0098124017743546604 -0.046238315261303647 -0.033792742830913651 0.13491364141448978 0.039629528485716159 0.027937424941440182 0.00284444503894659 -0.075025961083989609 0.14838786733976475 0.012820243623470427 0.021514070385852527 0.030938821404670521 -0.014584016204656134 -0.10334711194094269 0.017937987660745058 -0.0026347730562203148 0.10034119878758592 0.059568716687146341 -0.048682248603217404 0.097774129806854168 -0.081629263561590226
leaf_weight=435.58253382146358 5.505968675017356 4.2545776888728133 3.0050062015652648 60.580015376210213 68.038489520549774 8.7760894894599932 8.1785231828689593 6.2889725714921942 14.705368727445602 6.4054661095142356 6.2671639770269385 10.928160488605497 7.2042652070522291 10.184177845716476 7.9619557559490222 5.7705064117908478 13.574772730469705 5.662277549505232 59.652705460786819 6.4764622449874869 4.9560965448617935 8.4458097964525205 4.6546465307474163 12.311314702033995 8.615841329097746 6.7983557730913153 41.665217280387878 16.689311116933823 4.7246933579444876 5.8881060779094696
leaf_count=2883 23 41 20 287 313 42 38 31 68 30 31 53 32 45 37 26 64 24 273 31 21 38 22 56 39 30 184 76 21 27
internal_value=-0.00039232 -0.00910319 -0.00831245 0.00864362 -0.00018316 -0.0123106 -0.0417704 -0.0654621 0.0141788 -0.0400489 0.0145431 0.0126304 0.0146931 -0.0161992 0.0181715 0.0761761 0.0145546 0.024482 -0.00143485 -0.0438439 0.0935689 0.0182522 0.0312859 -0.0153368 0.001001 0.0427823 0.0470709 -0.0172619 0.0109691 -0.0186429
internal_weight=869.753 442.842 438.588 426.911 164.535 90.2291 29.6491 21.4705 262.376 15.1816 74.3057 256.87 245.942 24.8895 221.052 12.9748 208.078 128.374 79.7039 20.0512 10.6184 117.755 67.077 16.966 50.6783 15.4142 50.111 35.2641 18.5748 13.8501
internal_count=4906 2944 2903 1962 772 428 141 103 1190 72 344 1167 1114 113 1001 58 943 575 368 95 45 530 300 78 230 69 222 161 85 64
is_linear=0
shrinkage=0.1


Tree=17
num_leaves=31
num_cat=0
split_feature=14 118 182 195 149 26 139 59 10 69 8 0 13 8 0 0 61 82 8 16 11 81 0 83 0 99 0 36 132 7
split_gain=5.53798 2.53085 1.90458 2.11931 1.89371 1.98353 4.85471 4.80512 7.06004 5.83708 9.24089 4.72397 10.6243 5.76685 4.63415 4.49868 4.20308 4.07756 4.8901 4.02749 3.99036 3.93641 3.96338 3.63349 5.5574 5.16139 3.8817 3.5292 3.47524 3.35038
threshold=1.0000000180025095e-35 1.0000000180025095e-35 1.0000000180025095e-35 1.0000000180025095e-35 1.0000000180025095e-35 1.0000000180025095e-35 1.0000000180025095e-35 1.0000000180025095e-35 1.0000000180025095e-35 1.0000000180025095e-35 1.0000000180025095e-35 6.2258727550506601 1.0000000180025095e-35 1.0000000180025095e-35 5.542778968811036 14.405201911926271 1.0000000180025095e-35 1.0000000180025095e-35 1.0000000180025095e-35 1.0000000180025095e-35 1.0000000180025095e-35 1.0000000180025095e-35 10.658453464508058 1.0000000180025095e-35 14.917180061340334 1.0000000180025095e-35 4.3846678733825692 1.0000000180025095e-35 1.0000000180025095e-35 1.0000000180025095e-35
decision_type=2 2 2 2 2 2 2 2 2 2 2 2 2 2 2 2 2 2 2 2 2 2 2 2 2 2 2 2 2 2
left_child=1 2 3 4 5 23 7 8 11 10 19 12 -7 21 -8 17 20 18 -10 28 -16 -13 -23 -1 25 26 -25 -12 -9 -11
right_child=-2 -3 -4 -5 -6 6 14 9 15 29 27 13 -14 -15 16 -17 -18 -19 -20 -21 -22 22 -24 24 -26 -27 -28 -29 -30 -31
leaf_value=-0.022354029030024515 0.0077348861544471129 -0.087726816810758862 0.061390408855534297 -0.088359199662905938 0.071079191218964888 0.05113106589175076 -0.044546662641463536 -0.028267965538806353 0.030710561212096633 -0.10507095359216456 0.013675258139232092 0.13091184674418063 -0.066371681707561248 0.010661927884966572 0.050702990584798428 -0.10722668116580028 0.023745794573622553 -0.089466105399015713 -0.040911994540914737 -0.073448637019660187 0.19528718236602111 0.10286730667191686 -0.038925450958930838 0.075440008043569595 0.1119661200212516 0.11184653787342483 -0.042069134521299602 0.098544664615814834 0.079958224905510578 -0.029137176429149227
leaf_weight=150.23001662641764 427.2863896638155 3.9700845703482619 3.9740215688943854 3.2697020620107642 3.0417144745588294 17.78141562640667 4.9443692043423679 21.971983559429649 22.844008512794971 11.424662195146084 32.337325371801853 10.801530554890634 13.565245613455774 16.587851718068123 3.9192926362156877 5.4091090112924567 10.558211617171764 5.7333918064832678 16.359543450176716 20.238902293145657 3.7212149798870087 4.3214929923415175 3.6248620226979256 3.3680203780531981 5.0270171985030165 3.3187024518847457 17.00102312117815 5.7747297137975684 3.4302270635962477 11.82480127364397
leaf_count=1019 1962 41 20 26 20 112 32 150 146 80 213 68 91 104 24 37 67 39 105 142 23 27 26 20 33 21 114 37 23 84
internal_value=-0.000375698 -0.00824523 -0.00752217 -0.00815547 -0.00754441 -0.00810564 -0.00230052 -0.00680491 0.007199 -0.0221209 -0.00981525 0.028541 0.000281834 0.05361 0.0413032 -0.0210681 0.0646275 -0.0106971 0.000822649 -0.0401688 0.121121 0.0916098 0.0381862 -0.0161242 0.0164691 -0.0037973 -0.022639 0.0265347 -0.0136535 -0.0664506
internal_weight=867.661 440.374 436.404 432.43 429.161 426.119 247.174 224.031 117.028 107.003 83.7532 66.6824 31.3467 35.3357 23.1431 50.3461 18.1987 44.9369 39.2036 45.6411 7.64051 18.7479 7.94636 178.945 28.7148 23.6877 20.369 38.1121 25.4022 23.2495
internal_count=4906 2944 2903 2883 2857 2837 1630 1484 755 729 565 428 203 225 146 327 114 290 251 315 47 121 53 1207 188 155 134 250 173 164
is_linear=0
shrinkage=0.1


end of trees

feature_importances:
Column_0=102
Column_15=28
Column_1=18
Column_14=18
Column_13=16
Column_16=16
Column_12=15
Column_11=14
Column_7=12
Column_9=11
Column_26=11
Column_67=11
Column_5=10
Column_10=10
Column_8=9
Column_81=9
Column_99=9
Column_174=9
Column_176=9
Column_178=9
Column_6=8
Column_22=8
Column_73=8
Column_54=7
Column_61=7
Column_64=7
Column_83=7
Column_118=7
Column_167=6
Column_182=6
Column_28=5
Column_55=5
Column_69=5
Column_77=5
Column_93=5
Column_139=5
Column_17=4
Column_18=4
Column_82=4
Column_100=4
Column_151=4
Column_25=3
Column_50=3
Column_53=3
Column_84=3
Column_87=3
Column_96=3
Column_237=3
Column_35=2
Column_42=2
Column_44=2
Column_45=2
Column_49=2
Column_59=2
Column_68=2
Column_70=2
Column_74=2
Column_94=2
Column_113=2
Column_138=2
Column_168=2
Column_195=2
Column_222=2
Column_21=1
Column_23=1
Column_34=1
Column_36=1
Column_40=1
Column_51=1
Column_52=1
Column_62=1
Column_78=1
Column_79=1
Column_95=1
Column_101=1
Column_128=1
Column_129=1
Column_132=1
Column_134=1
Column_137=1
Column_140=1
Column_147=1
Column_149=1
Column_214=1
Column_283=1

parameters:
[boosting: gbdt]
[objective: binary]
[metric: binary_logloss]
[tree_learner: serial]
[device_type: cpu]
[data_sample_strategy: bagging]
[data: ]
[valid: ]
[num_iterations: 300]
[learning_rate: 0.1]
[num_leaves: 31]
[num_threads: 0]
[seed: 0]
[deterministic: 0]
[force_col_wise: 0]
[force_row_wise: 0]
[histogram_pool_size: -1]
[max_depth: -1]
[min_data_in_leaf: 20]
[min_sum_hessian_in_leaf: 0.001]
[bagging_fraction: 1]
[pos_bagging_fraction: 1]
[neg_bagging_fraction: 1]
[bagging_freq: 0]
[bagging_seed: 7719]
[bagging_by_query: 0]
[feature_fraction: 1]
[feature_fraction_bynode: 1]
[feature_fraction_seed: 2437]
[extra_trees: 0]
[extra_seed: 11797]
[early_stopping_round: 0]
[early_stopping_min_delta: 0]
[first_metric_only: 0]
[max_delta_step: 0]
[lambda_l1: 0]
[lambda_l2: 0]
[linear_lambda: 0]
[min_gain_to_split: 0]
[drop_rate: 0.1]
[max_drop: 50]
[skip_drop: 0.5]
[xgboost_dart_mode: 0]
[uniform_drop: 0]
[drop_seed: 21238]
[top_rate: 0.2]
[other_rate: 0.1]
[min_data_per_group: 100]
[max_cat_threshold: 32]
[cat_l2: 10]
[cat_smooth: 10]
[max_cat_to_onehot: 4]
[top_k: 20]
[monotone_constraints: ]
[monotone_constraints_method: basic]
[monotone_penalty: 0]
[feature_contri: ]
[forcedsplits_filename: ]
[refit_decay_rate: 0.9]
[cegb_tradeoff: 1]
[cegb_penalty_split: 0]
[cegb_penalty_feature_lazy: ]
[cegb_penalty_feature_coupled: ]
[path_smooth: 0]
[interaction_constraints: ]
[verbosity: -1]
[saved_feature_importance_type: 0]
[use_quantized_grad: 0]
[num_grad_quant_bins: 4]
[quant_train_renew_leaf: 0]
[stochastic_rounding: 1]
[linear_tree: 0]
[max_bin: 255]
[max_bin_by_feature: ]
[min_data_in_bin: 3]
[bin_construct_sample_cnt: 200000]
[data_random_seed: 38]
[is_enable_sparse: 1]
[enable_bundle: 1]
[use_missing: 1]
[zero_as_missing: 0]
[feature_pre_filter: 1]
[pre_partition: 0]
[two_round: 0]
[header: 0]
[label_column: ]
[weight_column: ]
[group_column: ]
[ignore_column: ]
[categorical_feature: ]
[forcedbins_filename: ]
[precise_float_parser: 0]
[parser_config_file: ]
[objective_seed: 8855]
[num_class: 1]
[is_unbalance: 0]
[scale_pos_weight: 1]
[sigmoid: 1]
[boost_from_average: 1]
[reg_sqrt: 0]
[alpha: 0.9]
[fair_c: 1]
[poisson_max_delta_step: 0.7]
[tweedie_variance_power: 1.5]
[lambdarank_truncation_level: 30]
[lambdarank_norm: 1]
[label_gain: ]
[lambdarank_position_bias_regularization: 0]
[eval_at: ]
[multi_error_top_k: 1]
[auc_mu_weights: ]
[num_machines: 1]
[local_listen_port: 12400]
[time_out: 120]
[machine_list_filename: ]
[machines: ]
[gpu_platform_id: -1]
[gpu_device_id: -1]
[gpu_device_id_list: ]
[gpu_use_dp: 0]
[num_gpu: 1]

end of parameters

pandas_categorical:null
