tree
version=v4
num_class=1
num_tree_per_iteration=1
label_index=0
max_feature_idx=567
objective=binary sigmoid:1
feature_names=Column_0 Column_1 Column_2 Column_3 Column_4 Column_5 Column_6 Column_7 Column_8 Column_9 Column_10 Column_11 Column_12 Column_13 Column_14 Column_15 Column_16 Column_17 Column_18 Column_19 Column_20 Column_21 Column_22 Column_23 Column_24 Column_25 Column_26 Column_27 Column_28 Column_29 Column_30 Column_31 Column_32 Column_33 Column_34 Column_35 Column_36 Column_37 Column_38 Column_39 Column_40 Column_41 Column_42 Column_43 Column_44 Column_45 Column_46 Column_47 Column_48 Column_49 Column_50 Column_51 Column_52 Column_53 Column_54 Column_55 Column_56 Column_57 Column_58 Column_59 Column_60 Column_61 Column_62 Column_63 Column_64 Column_65 Column_66 Column_67 Column_68 Column_69 Column_70 Column_71 Column_72 Column_73 Column_74 Column_75 Column_76 Column_77 Column_78 Column_79 Column_80 Column_81 Column_82 Column_83 Column_84 Column_85 Column_86 Column_87 Column_88 Column_89 Column_90 Column_91 Column_92 Column_93 Column_94 Column_95 Column_96 Column_97 Column_98 Column_99 Column_100 Column_101 Column_102 Column_103 Column_104 Column_105 Column_106 Column_107 Column_108 Column_109 Column_110 Column_111 Column_112 Column_113 Column_114 Column_115 Column_116 Column_117 Column_118 Column_119 Column_120 Column_121 Column_122 Column_123 Column_124 Column_125 Column_126 Column_127 Column_128 Column_129 Column_130 Column_131 Column_132 Column_133 Column_134 Column_135 Column_136 Column_137 Column_138 Column_139 Column_140 Column_141 Column_142 Column_143 Column_144 Column_145 Column_146 Column_147 Column_148 Column_149 Column_150 Column_151 Column_152 Column_153 Column_154 Column_155 Column_156 Column_157 Column_158 Column_159 Column_160 Column_161 Column_162 Column_163 Column_164 Column_165 Column_166 Column_167 Column_168 Column_169 Column_170 Column_171 Column_172 Column_173 Column_174 Column_175 Column_176 Column_177 Column_178 Column_179 Column_180 Column_181 Column_182 Column_183 Column_184 Column_185 Column_186 Column_187 Column_188 Column_189 Column_190 Column_191 Column_192 Column_193 Column_194 Column_195 Column_196 Column_197 Column_198 Column_199 Column_200 Column_201 Column_202 Column_203 Column_204 Column_205 Column_206 Column_207 Column_208 Column_209 Column_210 Column_211 Column_212 Column_213 Column_214 Column_215 Column_216 Column_217 Column_218 Column_219 Column_220 Column_221 Column_222 Column_223 Column_224 Column_225 Column_226 Column_227 Column_228 Column_229 Column_230 Column_231 Column_232 Column_233 Column_234 Column_235 Column_236 Column_237 Column_238 Column_239 Column_240 Column_241 Column_242 Column_243 Column_244 Column_245 Column_246 Column_247 Column_248 Column_249 Column_250 Column_251 Column_252 Column_253 Column_254 Column_255 Column_256 Column_257 Column_258 Column_259 Column_260 Column_261 Column_262 Column_263 Column_264 Column_265 Column_266 Column_267 Column_268 Column_269 Column_270 Column_271 Column_272 Column_273 Column_274 Column_275 Column_276 Column_277 Column_278 Column_279 Column_280 Column_281 Column_282 Column_283 Column_284 Column_285 Column_286 Column_287 Column_288 Column_289 Column_290 Column_291 Column_292 Column_293 Column_294 Column_295 Column_296 Column_297 Column_298 Column_299 Column_300 Column_301 Column_302 Column_303 Column_304 Column_305 Column_306 Column_307 Column_308 Column_309 Column_310 Column_311 Column_312 Column_313 Column_314 Column_315 Column_316 Column_317 Column_318 Column_319 Column_320 Column_321 Column_322 Column_323 Column_324 Column_325 Column_326 Column_327 Column_328 Column_329 Column_330 Column_331 Column_332 Column_333 Column_334 Column_335 Column_336 Column_337 Column_338 Column_339 Column_340 Column_341 Column_342 Column_343 Column_344 Column_345 Column_346 Column_347 Column_348 Column_349 Column_350 Column_351 Column_352 Column_353 Column_354 Column_355 Column_356 Column_357 Column_358 Column_359 Column_360 Column_361 Column_362 Column_363 Column_364 Column_365 Column_366 Column_367 Column_368 Column_369 Column_370 Column_371 Column_372 Column_373 Column_374 Column_375 Column_376 Column_377 Column_378 Column_379 Column_380 Column_381 Column_382 Column_383 Column_384 Column_385 Column_386 Column_387 Column_388 Column_389 Column_390 Column_391 Column_392 Column_393 Column_394 Column_395 Column_396 Column_397 Column_398 Column_399 Column_400 Column_401 Column_402 Column_403 Column_404 Column_405 Column_406 Column_407 Column_408 Column_409 Column_410 Column_411 Column_412 Column_413 Column_414 Column_415 Column_416 Column_417 Column_418 Column_419 Column_420 Column_421 Column_422 Column_423 Column_424 Column_425 Column_426 Column_427 Column_428 Column_429 Column_430 Column_431 Column_432 Column_433 Column_434 Column_435 Column_436 Column_437 Column_438 Column_439 Column_440 Column_441 Column_442 Column_443 Column_444 Column_445 Column_446 Column_447 Column_448 Column_449 Column_450 Column_451 Column_452 Column_453 Column_454 Column_455 Column_456 Column_457 Column_458 Column_459 Column_460 Column_461 Column_462 Column_463 Column_464 Column_465 Column_466 Column_467 Column_468 Column_469 Column_470 Column_471 Column_472 Column_473 Column_474 Column_475 Column_476 Column_477 Column_478 Column_479 Column_480 Column_481 Column_482 Column_483 Column_484 Column_485 Column_486 Column_487 Column_488 Column_489 Column_490 Column_491 Column_492 Column_493 Column_494 Column_495 Column_496 Column_497 Column_498 Column_499 Column_500 Column_501 Column_502 Column_503 Column_504 Column_505 Column_506 Column_507 Column_508 Column_509 Column_510 Column_511 Column_512 Column_513 Column_514 Column_515 Column_516 Column_517 Column_518 Column_519 Column_520 Column_521 Column_522 Column_523 Column_524 Column_525 Column_526 Column_527 Column_528 Column_529 Column_530 Column_531 Column_532 Column_533 Column_534 Column_535 Column_536 Column_537 Column_538 Column_539 Column_540 Column_541 Column_542 Column_543 Column_544 Column_545 Column_546 Column_547 Column_548 Column_549 Column_550 Column_551 Column_552 Column_553 Column_554 Column_555 Column_556 Column_557 Column_558 Column_559 Column_560 Column_561 Column_562 Column_563 Column_564 Column_565 Column_566 Column_567
feature_infos=[2.0013689994812012:17.993154525756836] [-0.7776256799697876:0.99923950433731079] none none none [0:1] [0:1] [0:1] [0:1] [0:1] [0:1] [0:1] [0:1] [0:1] [0:1] [0:1] [0:1] [0:1] [0:1] [0:1] [0:1] [0:1] [0:1] [0:1] [0:1] [0:1] [0:1] [0:1] [0:1] [0:1] [0:1] [0:1] [0:1] [0:1] [0:1] [0:1] [0:1] [0:1] [0:1] [0:1] [0:1] [0:1] [0:1] [0:1] [0:1] [0:1] [0:1] [0:1] [0:1] [0:1] [0:1] [0:1] [0:1] [0:1] [0:1] [0:1] [0:1] [0:1] [0:1] [0:1] [0:1] [0:1] [0:1] [0:1] [0:1] [0:1] [0:1] [0:1] [0:1] [0:1] [0:1] [0:1] [0:1] [0:1] [0:1] [0:1] [0:1] [0:1] [0:1] [0:1] [0:1] [0:1] [0:1] [0:1] [0:1] [0:1] [0:1] [0:1] [0:1] [0:1] [0:1] [0:1] [0:1] [0:1] [0:1] [0:1] [0:1] [0:1] [0:1] [0:1] [0:1] [0:1] [0:1] [0:1] [0:1] [0:1] [0:1] [0:1] [0:1] none none none none [0:1] [0:1] none [0:1] none [0:1] none none [0:1] none none none none [0:1] [0:1] [0:1] [0:1] [0:1] none [0:1] [0:1] [0:1] [0:1] none [0:1] [0:1] [0:1] [0:1] [0:1] [0:1] [0:1] [0:1] [0:1] [0:1] [0:1] [0:1] [0:1] [0:1] [0:1] [0:1] [0:1] [0:1] [0:1] [0:1] none none none none none none none none none none [0:1] [0:1] none none none none none [0:1] [0:1] [0:1] [0:1] [0:1] [0:1] [0:1] [0:1] [0:1] [0:1] [0:1] [0:1] [0:1] [0:1] [0:1] [0:1] [0:1] [0:1] [0:1] [0:1] [0:1] [0:1] [0:1] [0:1] [0:1] [0:1] [0:1] [0:1] none none [0:1] [0:1] [0:1] none [0:1] [0:1] [0:1] [0:1] [0:1] none [0:1] none none [0:1] none [0:1] [0:1] [0:1] [0:1] [0:1] [0:1] [0:1] [0:1] [0:1] [0:1] [0:1] [0:1] [0:1] [0:1] [0:1] [0:1] [0:1] [0:1] [0:1] [0:1] [0:1] [0:1] [0:1] [0:1] [0:1] none none none none none none none none none none none none none none none none none [0:1] [0:1] [0:1] [0:1] [0:1] [0:1] [0:1] [0:1] [0:1] [0:1] none [0:1] [0:1] [0:1] [0:1] none [0:1] [0:1] none none none [0:1] [0:1] none none none none none [0:1] [0:1] [0:1] [0:1] [0:1] [0:1] [0:1] none none none [0:1] none [0:1] [0:1] [0:1] none [0:1] [0:1] [0:1] [0:1] none none [0:1] [0:1] none none none none [0:1] [0:1] none none none [0:1] none none [0:1] [0:1] none none [0:1] [0:1] none none none none none none none none none none none none none none none none none none none none none none none none none none none none none none none none none none none none none none none none none none none none none none none none none none none none none none none none none none none none none none none none none none none none none none none none none none none none none none none none none none none none none none none none none none none none none none none none none none none none none none none none none none none none none none none none none none none none none none none none none none none none none none none none none none none none none none none none none none none none none none none none none none none none none none none none none none none none none none none none none none none none none none none none none none none none none none none none none none none none none none none none none none none none none none none none none none none none none none none none none none none none none none none none none none none none none none none none none none none none none none none none none none none none none none none none none none none none none
tree_sizes=3413 3439 3459 3461 3471 3463 3478 3473 3481 3483 3480 3462 3478 3494 3502 3486 3469 3487 3469 3482 3448 3487

Tree=0
num_leaves=31
num_cat=0
split_feature=14 7 12 7 12 9 9 13 0 73 135 55 42 13 12 9 11 45 127 0 9 0 9 15 79 26 62 81 0 0
split_gain=783.21 78.7605 26.4491 22.8201 23.5645 17.4036 14.1396 13.5003 12.206 12.2017 11.2049 9.22111 8.16986 9.54825 13.0595 7.71846 7.51883 12.7554 7.50172 8.59869 7.44932 6.64375 6.36337 8.64383 6.34161 5.88607 5.81137 6.78586 5.73189 5.35679
threshold=1.0000000180025095e-35 1.0000000180025095e-35 1.0000000180025095e-35 1.0000000180025095e-35 1.0000000180025095e-35 1.0000000180025095e-35 1.0000000180025095e-35 1.0000000180025095e-35 17.166323661804203 1.0000000180025095e-35 1.0000000180025095e-35 1.0000000180025095e-35 1.0000000180025095e-35 1.0000000180025095e-35 1.0000000180025095e-35 1.0000000180025095e-35 1.0000000180025095e-35 1.0000000180025095e-35 1.0000000180025095e-35 3.3497605323791508 1.0000000180025095e-35 2.8952771425247197 1.0000000180025095e-35 1.0000000180025095e-35 1.0000000180025095e-35 1.0000000180025095e-35 1.0000000180025095e-35 1.0000000180025095e-35 15.683778285980226 7.5277206897735605
decision_type=2 2 2 2 2 2 2 2 2 2 2 2 2 2 2 2 2 2 2 2 2 2 2 2 2 2 2 2 2 2
left_child=3 2 7 4 5 8 12 9 21 22 11 15 16 14 -14 -4 24 -18 -8 -20 -9 -1 23 25 -3 -2 -22 -28 -11 -13
right_child=1 6 10 -5 -6 -7 18 20 -10 28 -12 29 13 -15 -16 -17 17 -19 19 -21 26 -23 -24 -25 -26 -27 27 -29 -30 -31
leaf_value=-1.012475400641776 -0.79114450301190042 -1.0268206730455087 -1.0228233387127832 -1.2027282866927291 -1.1920089238940645 -1.1709159254723454 -1.1166003746361353 -0.93643759626122247 -0.94708218088749452 -0.82607454285603343 -0.90571096022662256 -1.0523209093059991 -0.84460884971210415 -1.068649921598672 -1.0457366301557276 -1.1522633359869607 -1.0460326675128717 -1.2052311098075958 -1.1260648357890386 -0.96314220751255575 -1.0801997107812946 -1.1231281307521035 -0.96935899201257947 -0.96935899201257947 -0.89645306469411978 -0.90362413951232901 -1.0310486228205069 -0.88025174751223989 -0.95662938565538802 -0.9738898688515798
leaf_weight=5.7982566654682151 7.8557025790214547 40.026675045490265 13.092837631702425 232.67842876911163 141.02856534719467 82.110796004533768 34.976580530405045 37.969229131937027 4.4889729022979727 23.380067199468616 11.783553868532179 10.848351180553435 8.4168241918087023 6.5464188158512107 5.2371350526809684 7.1075404286384574 24.128229349851612 6.3593782782554618 5.4241755902767173 8.042743116617201 7.6686620414257058 84.542322993278503 21.322621285915375 10.848351180553438 4.1148918271064749 11.409472793340683 7.2945809662342072 5.0500945150852203 3.927851289510726 44.141566872596741
leaf_count=31 42 214 70 1244 754 439 187 203 24 125 63 58 45 35 28 38 129 34 29 43 41 452 114 58 22 61 39 27 21 236
internal_value=-1.10351 -0.990341 -0.953266 -1.17893 -1.16152 -1.13721 -1.04823 -0.925842 -1.10803 -0.898877 -0.996379 -1.01059 -1.02578 -0.969359 -0.921754 -1.06837 -1.04105 -1.07924 -1.09218 -1.02876 -0.96246 -1.11603 -0.92756 -0.897963 -1.01467 -0.857759 -1.01183 -0.969359 -0.844853 -0.989363
internal_weight=917.621 366.974 223.7 550.647 317.969 176.94 143.273 136.727 94.8296 78.7441 86.9738 75.1903 94.8296 20.2004 13.654 20.2004 74.6292 30.4876 48.4435 13.4669 57.9826 90.3406 51.4361 30.1135 44.1416 19.2652 20.0133 12.3447 27.3079 54.9899
internal_count=4906 1962 1196 2944 1700 946 766 731 507 421 465 402 507 108 73 108 399 163 259 72 310 483 275 161 236 103 107 66 146 294
is_linear=0
shrinkage=1


Tree=1
num_leaves=31
num_cat=0
split_feature=14 7 7 12 12 9 9 0 9 135 55 9 127 0 0 67 0 0 73 8 0 13 21 0 6 0 11 0 11 81
split_gain=622.389 54.2888 20.9807 21.0443 17.2357 14.9148 10.6069 9.19059 8.49901 7.43149 6.6055 6.04505 5.82414 6.31428 5.75589 8.67992 7.43135 7.348 6.27419 5.67965 7.51417 8.64301 5.47252 6.85682 5.58217 6.62373 5.35895 8.48099 4.90763 4.55898
threshold=1.0000000180025095e-35 1.0000000180025095e-35 1.0000000180025095e-35 1.0000000180025095e-35 1.0000000180025095e-35 1.0000000180025095e-35 1.0000000180025095e-35 17.166323661804203 1.0000000180025095e-35 1.0000000180025095e-35 1.0000000180025095e-35 1.0000000180025095e-35 1.0000000180025095e-35 3.3497605323791508 7.2210814952850351 1.0000000180025095e-35 16.223134994506839 2.7310061454772954 1.0000000180025095e-35 1.0000000180025095e-35 2.960985660552979 1.0000000180025095e-35 1.0000000180025095e-35 8.2737851142883319 1.0000000180025095e-35 8.7460646629333514 1.0000000180025095e-35 13.726214885711672 1.0000000180025095e-35 1.0000000180025095e-35
decision_type=2 2 2 2 2 2 2 2 2 2 2 2 2 2 2 2 2 2 2 2 2 2 2 2 2 2 2 2 2 2
left_child=2 4 3 5 8 7 14 19 22 10 11 -6 29 -14 17 18 -17 -3 -16 20 -1 -22 24 -24 -2 -26 27 -7 -4 -8
right_child=1 6 28 -5 9 26 12 -9 -10 -11 -12 -13 13 -15 15 16 -18 -19 -20 -21 21 -23 23 -25 25 -27 -28 -29 -30 -31
leaf_value=0.14781549285352494 0.15357516972241603 0.15504870680334359 -0.10624000614798364 -0.083593161616050682 0.069666726926211661 -0.0055476439580421678 0.013647051596480178 0.13020711503336743 0.11529596765113265 0.16154253542035668 0.096934198716215822 -0.045045724534997673 -0.020545065849444457 0.11772702735970333 0.091198385315954603 0.13877556907405253 -0.0074466421364880325 0.017951040592094604 -0.00022585141397713006 -0.035254963585148631 0.053089209470738287 -0.04173436909202443 0.2038116174432911 0.047675794115348981 0.1550575474249426 0.24825666628513773 -0.088622928074847118 -0.10622456994976817 -0.075706892814488155 -0.063295949401821969
leaf_weight=3.8786722570657721 49.983847349882126 4.4678087830543509 134.46874682605267 134.70775645971298 13.617050647735597 27.100134640932083 23.226242512464523 4.8328174352645865 55.173803955316544 12.915276825428007 58.082493424415588 6.9327000975608817 5.3626190125942221 8.5972359329462034 15.380918860435486 28.693465322256088 3.9547341167926779 31.278177350759506 14.662122994661331 47.183431535959244 17.778708457946777 20.927021414041519 4.3441565036773664 7.9782373011112213 13.529825344681742 17.474892199039459 40.108199268579483 12.104726806282995 86.50763501226902 11.520216286182402
leaf_count=20 244 23 757 754 70 150 125 24 276 63 294 38 29 43 79 147 21 162 75 254 96 113 21 39 66 85 222 67 487 62
internal_value=-0.000314797 0.0960501 -0.0707648 -0.0539227 0.125368 -0.0309409 0.048224 -0.00412654 0.146409 0.0912413 0.0796944 0.0309671 0.0100549 0.0646104 0.0671099 0.0853693 0.121063 0.0350866 0.04658 -0.0113586 0.0151184 0.00182096 0.164806 0.10272 0.174252 0.207586 -0.0629237 -0.0366322 -0.0942869 -0.0118635
internal_weight=916.774 387.176 529.598 308.621 240.032 173.914 147.144 94.6007 148.485 91.5475 78.6322 20.5498 48.7063 13.9599 98.4372 62.6912 32.6482 35.746 30.043 89.7678 42.5844 38.7057 93.311 12.3224 80.9886 31.0047 79.3131 39.2049 220.976 34.7465
internal_count=4906 1962 2944 1700 1196 946 766 507 731 465 402 108 259 72 507 322 168 185 154 483 229 209 455 60 395 151 439 217 1244 187
is_linear=0
shrinkage=0.1


Tree=2
num_leaves=31
num_cat=0
split_feature=14 7 7 12 13 9 9 12 0 73 15 82 98 10 84 9 60 68 8 12 6 67 42 13 69 11 45 0 11 0
split_gain=500.778 39.2514 19.2885 18.7426 12.8122 12.7632 8.07923 7.15141 7.11385 6.88751 6.73506 13.7721 12.2109 11.3711 6.40003 6.0764 6.65489 6.03331 7.41411 5.95288 7.89705 5.17648 4.96083 6.38455 7.89305 5.60796 9.95535 4.95109 4.82836 7.4943
threshold=1.0000000180025095e-35 1.0000000180025095e-35 1.0000000180025095e-35 1.0000000180025095e-35 1.0000000180025095e-35 1.0000000180025095e-35 1.0000000180025095e-35 1.0000000180025095e-35 17.006159782409672 1.0000000180025095e-35 1.0000000180025095e-35 1.0000000180025095e-35 1.0000000180025095e-35 1.0000000180025095e-35 1.0000000180025095e-35 1.0000000180025095e-35 1.0000000180025095e-35 1.0000000180025095e-35 1.0000000180025095e-35 1.0000000180025095e-35 1.0000000180025095e-35 1.0000000180025095e-35 1.0000000180025095e-35 1.0000000180025095e-35 1.0000000180025095e-35 1.0000000180025095e-35 1.0000000180025095e-35 4.8911705017089853 1.0000000180025095e-35 13.726214885711672
decision_type=2 2 2 2 2 2 2 2 2 2 2 2 2 2 2 2 2 2 2 2 2 2 2 2 2 2 2 2 2 2
left_child=2 4 3 5 7 8 22 9 27 -2 11 -9 13 -12 15 17 -17 19 -19 -6 -21 -18 25 24 -24 -3 -27 -1 29 -7
right_child=1 6 -4 -5 14 28 -8 10 -10 -11 12 -13 -14 -15 -16 16 21 18 -20 20 -22 -23 23 -25 -26 26 -28 -29 -30 -31
leaf_value=0.03251054532338081 0.12255645811403724 0.068519762447146401 -0.089671909373266717 -0.078962413243103186 0.10034960219409964 -0.0050083310736955163 0.0089366849153127668 0.096073202377448985 0.10503682818343874 0.17990280490795704 0.23446461071177419 -0.081663137235648511 -0.019049879850794271 0.084328472324659398 0.18845114541954561 -0.02329434147134363 0.02121474685960242 0.096125764229522695 0.24921340320873087 -0.027201055498464119 0.10626057516978263 0.1241086160083246 0.19537102887016289 0.020539242672496558 0.049441922735008026 0.041744970013818612 -0.099453508113959269 -0.023645633033404452 -0.083906021462828287 -0.10162124349952839
leaf_weight=20.388035178184509 59.17597895860672 47.307423740625381 209.72008895874023 128.6663176715374 32.9149070084095 27.020926773548126 48.878060355782509 29.940187260508537 5.6456721872091284 32.416371911764145 11.714998647570614 5.1025916934013358 4.1066581904888144 8.8599103391170502 5.104285240173339 11.482572838664057 9.7879195511341095 9.1377056092023832 4.8388403207063666 10.517741933465006 7.664296254515647 9.7696920037269592 9.1178968101739901 6.9495759904384604 6.245174601674079 25.623235478997234 6.2020426243543616 68.282707661390305 38.22589784860611 11.423304006457327
leaf_count=108 275 236 1244 754 153 150 259 146 27 146 57 25 20 43 24 59 47 43 23 51 37 47 43 35 30 129 34 372 222 67
internal_value=-0.000519964 0.0827929 -0.0664113 -0.0501318 0.106876 -0.0284369 0.0423355 0.125298 -0.00380377 0.142852 0.0983756 0.0701929 0.138389 0.169813 0.0793354 0.0735406 0.0371348 0.0909063 0.149126 0.0749813 0.0290572 0.0726137 0.0584276 0.100073 0.13605 0.0466851 0.0142285 -0.0107337 -0.0587395 -0.0337159
internal_weight=912.231 402.858 509.373 299.653 252.535 170.987 150.323 151.317 94.3164 91.5924 59.7243 35.0428 24.6816 20.5749 101.218 96.1137 31.0402 65.0735 13.9765 51.0969 18.182 19.5576 101.445 22.3126 15.3631 79.1327 31.8253 88.6707 76.6701 38.4442
internal_count=4906 1962 2944 1700 1196 946 766 712 507 421 291 171 120 100 484 460 153 307 66 241 88 94 507 108 73 399 163 480 439 217
is_linear=0
shrinkage=0.1


Tree=3
num_leaves=31
num_cat=0
split_feature=14 7 7 12 9 12 8 0 13 9 73 135 61 82 0 11 16 0 11 67 10 40 0 127 0 74 11 9 67 93
split_gain=405.996 29.2657 17.7323 16.6797 10.9297 9.45506 7.02128 9.97618 6.60816 6.2303 5.8958 5.12353 5.02984 5.978 7.92237 4.96009 4.78097 6.69307 5.01025 5.08621 7.46208 4.74131 4.59679 4.55681 4.73566 4.44972 4.94645 4.36973 4.31986 4.25663
threshold=1.0000000180025095e-35 1.0000000180025095e-35 1.0000000180025095e-35 1.0000000180025095e-35 1.0000000180025095e-35 1.0000000180025095e-35 1.0000000180025095e-35 16.56947231292725 1.0000000180025095e-35 1.0000000180025095e-35 1.0000000180025095e-35 1.0000000180025095e-35 1.0000000180025095e-35 1.0000000180025095e-35 7.5277206897735605 1.0000000180025095e-35 1.0000000180025095e-35 14.054756641387941 1.0000000180025095e-35 1.0000000180025095e-35 1.0000000180025095e-35 1.0000000180025095e-35 11.880903720855715 1.0000000180025095e-35 3.3497605323791508 1.0000000180025095e-35 1.0000000180025095e-35 1.0000000180025095e-35 1.0000000180025095e-35 1.0000000180025095e-35
decision_type=2 2 2 2 2 2 2 2 2 2 2 2 2 2 2 2 2 2 2 2 2 2 2 2 2 2 2 2 2 2
left_child=2 5 3 4 6 10 7 8 -1 29 -2 12 13 14 -7 -4 -6 18 19 -18 -21 -17 -15 -11 -25 26 -14 -16 -27 -3
right_child=1 9 15 -5 16 11 -8 -9 -10 23 -12 -13 25 22 27 21 17 -19 -20 20 -22 -23 -24 24 -26 28 -28 -29 -30 -31
leaf_value=0.051879994393390666 0.092817161262482739 0.046166763569677596 -0.098076092258351136 -0.074560958929064655 -0.077958998929830797 -0.014598385800501693 -0.030174169879482272 0.17419129629797439 -0.027666964976148983 -0.011622388869074794 0.13228747161336873 0.12357647013382439 0.083309651064352744 0.030789960873321493 0.1094772672534 -0.074901039584056181 0.10635655219283138 -0.11179201405785509 -0.054410198086822847 -0.091986379343820424 0.088334602678576443 0.00028685641372300469 -0.11500478520520829 -0.019503324098081441 0.099262865178499915 0.014019703406982817 0.21353904692515902 0.029659134054383897 0.10414745454020101 0.13205436612144164
leaf_weight=19.829838842153549 104.3708970695734 97.699269950389862 120.22318921983242 122.93880930542946 40.490677461028099 11.948718875646589 48.085408836603165 4.0584058165550223 22.061859056353569 34.69245608150959 59.372695252299309 14.147738635540007 7.0211428701877576 4.6688467115163785 19.642339631915092 69.227694153785706 5.9099203199148169 7.2868680208921424 11.160040676593781 5.1912706941366196 4.1132962554693222 9.5430699884891492 4.0285749286413193 5.3308182954788199 9.068940654397009 10.136644527316093 4.9890398383140564 10.538898274302484 11.187324866652489 6.1326021403074256
leaf_count=104 471 478 757 754 241 59 263 19 121 187 260 63 33 23 92 428 33 45 68 29 23 59 20 29 43 48 23 52 52 29
internal_value=-0.000662676 0.0721241 -0.0622901 -0.0465644 -0.0260999 0.0924108 -0.00346264 0.0244902 0.00998735 0.0373605 0.107129 0.0678963 0.0585363 0.0387386 0.0543208 -0.0852966 -0.0548072 -0.0269583 -0.0035201 0.0338085 -0.0122714 -0.065792 -0.036741 0.00800598 0.0552954 0.0887237 0.137407 0.0816058 0.061304 0.0512395
internal_weight=905.097 414.977 490.12 291.126 168.188 262.053 94.0355 45.9501 41.8917 152.924 163.744 98.3093 84.1615 50.8274 42.13 198.994 74.1521 33.6614 26.3745 15.2145 9.30457 78.7708 8.69742 49.0922 14.3998 33.3342 12.0102 30.1812 21.324 103.832
internal_count=4906 1962 2944 1700 946 1196 507 244 225 766 731 465 402 246 203 1244 439 198 153 85 52 487 43 259 72 156 56 144 100 507
is_linear=0
shrinkage=0.1


Tree=4
num_leaves=31
num_cat=0
split_feature=14 7 7 12 9 13 8 0 128 13 0 174 9 167 9 11 84 78 11 0 61 9 60 99 67 67 0 13 22 68
split_gain=331.188 22.362 16.2648 14.7742 9.35548 9.31768 5.70887 7.48622 5.7213 6.83327 5.40701 6.46817 5.06717 5.0343 4.76273 4.74223 4.41963 4.31736 4.78866 5.66485 4.27493 4.2736 4.6367 4.47376 4.64392 4.27046 7.23953 5.01201 4.93405 4.20378
threshold=1.0000000180025095e-35 1.0000000180025095e-35 1.0000000180025095e-35 1.0000000180025095e-35 1.0000000180025095e-35 1.0000000180025095e-35 1.0000000180025095e-35 16.56947231292725 1.0000000180025095e-35 1.0000000180025095e-35 17.166323661804203 1.0000000180025095e-35 1.0000000180025095e-35 1.0000000180025095e-35 1.0000000180025095e-35 1.0000000180025095e-35 1.0000000180025095e-35 1.0000000180025095e-35 1.0000000180025095e-35 13.726214885711672 1.0000000180025095e-35 1.0000000180025095e-35 1.0000000180025095e-35 1.0000000180025095e-35 1.0000000180025095e-35 1.0000000180025095e-35 7.3634495735168466 1.0000000180025095e-35 1.0000000180025095e-35 1.0000000180025095e-35
decision_type=2 2 2 2 2 2 2 2 2 2 2 2 2 2 2 2 2 2 2 2 2 2 2 2 2 2 2 2 2 2
left_child=2 5 3 4 6 12 7 8 9 20 11 14 13 -2 25 -4 21 18 19 -6 -1 29 -23 24 -24 27 28 -3 -27 -7
right_child=1 10 15 -5 17 16 -8 -9 -10 -11 -12 -13 -14 -15 -16 -17 -18 -19 -20 -21 -22 22 23 -25 -26 26 -28 -29 -30 -31
leaf_value=0.0036603324179066512 0.1150585820718127 0.043366733928687631 -0.094102716895939437 -0.07035533525501364 -0.0047073025439380483 0.054144359236871387 -0.027610839882020472 0.14741728099629306 0.106304135608687 -0.046425120617641341 0.12971015496932281 -0.080502885835662688 0.073712496331760691 0.0097094627170304475 0.0070051307655956659 -0.061766977568592688 0.14444798906517575 0.041161725583331477 -0.084833301411894824 -0.093723111346401877 0.10679924100293625 -0.027164174408425286 0.019121247097238045 -0.019869882183761175 0.132363766268319 0.0056328905713804826 0.094267020520565209 -0.035519027871988754 0.12445295294478012 0.11375049566093086
leaf_weight=11.457808181643488 94.252631306648254 27.236810192465782 113.13940599560738 117.5449945628643 23.86130265891552 54.107222318649292 47.335541635751724 4.3011939823627463 5.2751970738172522 19.147764310240746 5.5829626619815818 5.1628131568431845 63.00834184885025 4.7653870880603781 46.374381184577942 75.699973344802856 5.5921883881092063 4.7317747324705115 32.981337636709213 10.207411676645277 6.1896089911460868 11.692255347967146 6.5603853464126596 6.1730138361454001 8.0832313895225525 22.527523204684261 32.712435081601143 11.435634315013884 4.1365395337343207 15.143517881631849
leaf_count=59 409 130 757 754 134 241 263 19 26 108 28 26 282 21 244 487 24 28 210 67 32 59 30 28 36 110 152 56 20 66
internal_value=-0.000756804 0.0633244 -0.0584111 -0.0432462 -0.0239909 0.080743 -0.00318098 0.0217567 0.00890943 -0.00505371 0.0330852 0.0294789 0.0958816 0.109989 0.0334105 -0.0811403 0.0578944 -0.051157 -0.057672 -0.0313775 0.039835 0.0531378 0.0232276 0.0515315 0.0816308 0.0458994 0.0627421 0.0200398 0.0240661 0.0671788
internal_weight=896.421 424.547 471.873 283.034 165.489 269.378 93.7071 46.3716 42.0704 36.7952 155.169 149.586 162.026 99.018 144.423 188.839 107.352 71.7818 67.0501 34.0687 17.6474 101.76 32.5089 20.8166 14.6436 98.0489 59.3765 38.6724 26.6641 69.2507
internal_count=4906 1962 2944 1700 946 1196 507 244 225 199 766 738 712 430 712 1244 484 439 411 201 91 460 153 94 66 468 282 186 130 307
is_linear=0
shrinkage=0.1


Tree=5
num_leaves=31
num_cat=0
split_feature=14 7 7 12 9 12 8 0 0 13 11 73 40 16 0 6 55 0 174 0 0 0 5 0 34 15 135 9 127 12
split_gain=271.155 17.3916 14.8681 13.0398 7.97001 7.28927 4.63798 5.76782 4.63298 5.35952 4.54437 4.43689 4.37264 4.20818 5.67171 5.07741 5.02085 4.00848 5.30374 4.23994 5.30226 3.89174 7.44017 6.49805 6.31173 5.03801 3.83129 3.77939 4.09439 5.51963
threshold=1.0000000180025095e-35 1.0000000180025095e-35 1.0000000180025095e-35 1.0000000180025095e-35 1.0000000180025095e-35 1.0000000180025095e-35 1.0000000180025095e-35 16.56947231292725 2.960985660552979 1.0000000180025095e-35 1.0000000180025095e-35 1.0000000180025095e-35 1.0000000180025095e-35 1.0000000180025095e-35 14.054756641387941 1.0000000180025095e-35 1.0000000180025095e-35 17.166323661804203 1.0000000180025095e-35 16.56947231292725 15.798768043518068 14.405201911926271 1.0000000180025095e-35 4.3367555141448983 1.0000000180025095e-35 1.0000000180025095e-35 1.0000000180025095e-35 1.0000000180025095e-35 1.0000000180025095e-35 1.0000000180025095e-35
decision_type=2 2 2 2 2 2 2 2 2 2 2 2 2 2 2 2 2 2 2 2 2 2 2 2 2 2 2 2 2 2
left_child=2 5 3 4 6 11 7 8 -1 -10 -4 21 -12 -6 15 16 -15 18 19 20 27 22 24 -24 25 -2 -7 -3 29 -29
right_child=1 17 10 -5 13 26 -8 -9 9 -11 12 -13 -14 14 -16 -17 -18 -19 -20 -21 -22 -23 23 -25 -26 -27 -28 28 -30 -31
leaf_value=0.10563466092067604 0.098780159087957814 0.040356563481678959 -0.090313936887167878 -0.066321370945079117 -0.070515652989640853 0.042114812054579495 -0.025237343947447075 0.12736909621156078 0.034976030877482904 -0.040343591147574069 -0.067210861604553251 0.10496171790627043 0.0065619165811894066 0.11940674428429819 -0.10527237237719118 -0.056912010342544943 -0.0024942608419803109 0.11027062848403474 -0.075344044710973973 -0.068054407672273429 0.13266915944263954 0.10945976631972021 0.090606490768667378 -0.0016173296109254669 0.15451393277330364 0.028278328096440809 0.096872172773870113 0.0028440758930812233 0.047823830114654568 -0.11251923918865965
leaf_weight=4.3503301292657843 23.616108134388924 92.652824699878693 106.44692090153694 112.49351352453232 37.34048356115818 88.21995010972023 46.646250128746033 4.470248579978942 18.571387201547623 19.229450821876526 63.641156852245331 62.367133185267448 9.1952129006385785 4.8518115282058707 6.4213708788156501 9.798713207244873 11.129094079136848 5.8920588493347159 4.9746811240911475 4.3103560954332343 5.1064785420894614 21.709837183356285 11.078011244535444 24.618397742509842 10.754099592566488 17.756879642605782 14.942150577902792 24.393304944038395 14.731856644153593 4.9969789981842032
leaf_count=20 102 434 757 754 241 402 263 19 94 111 428 260 59 29 45 58 66 28 26 22 25 93 47 106 46 77 63 132 72 27
internal_value=-0.000818067 0.0559004 -0.0547336 -0.0401392 -0.0220486 0.0710598 -0.00294359 0.019362 0.00790759 -0.00333939 -0.0771443 0.0836707 -0.0578974 -0.0476718 -0.0211819 -0.000236013 0.0345149 0.0293511 0.0261971 0.0296524 0.0326207 0.0715478 0.0621761 0.0270034 0.0862622 0.0685215 0.0500459 0.0288854 0.004797 -0.0167702
internal_weight=886.707 432.121 454.586 275.303 162.809 275.063 93.2677 46.6214 42.1512 37.8008 179.283 171.9 72.8364 69.5415 32.201 25.7796 15.9809 157.059 151.166 146.192 141.881 109.533 87.8235 35.6964 52.1271 41.373 103.162 136.775 44.1221 29.3903
internal_count=4906 1962 2944 1700 946 1196 507 244 225 205 1244 731 487 439 198 153 95 766 738 712 690 471 378 153 225 179 465 665 231 159
is_linear=0
shrinkage=0.1


Tree=6
num_leaves=31
num_cat=0
split_feature=14 7 7 12 13 9 11 8 129 0 82 59 9 41 8 0 16 0 6 55 128 13 168 12 50 129 1 0 134 8
split_gain=222.63 13.7067 13.5618 11.4724 7.17625 6.7812 4.34442 4.11659 5.04205 5.1188 4.25942 4.73052 3.9063 3.94064 3.77665 4.52019 3.71241 5.0262 4.16542 3.71566 3.69484 4.57396 3.69247 3.65166 8.59007 3.59235 5.64731 4.43109 3.51201 3.44998
threshold=1.0000000180025095e-35 1.0000000180025095e-35 1.0000000180025095e-35 1.0000000180025095e-35 1.0000000180025095e-35 1.0000000180025095e-35 1.0000000180025095e-35 1.0000000180025095e-35 1.0000000180025095e-35 8.6844625473022479 1.0000000180025095e-35 1.0000000180025095e-35 1.0000000180025095e-35 1.0000000180025095e-35 1.0000000180025095e-35 16.56947231292725 1.0000000180025095e-35 14.054756641387941 1.0000000180025095e-35 1.0000000180025095e-35 1.0000000180025095e-35 1.0000000180025095e-35 1.0000000180025095e-35 1.0000000180025095e-35 1.0000000180025095e-35 1.0000000180025095e-35 -0.53289222717285145 3.2950034141540532 1.0000000180025095e-35 1.0000000180025095e-35
decision_type=2 2 2 2 2 2 2 2 2 2 2 2 2 2 2 2 2 2 2 2 2 2 2 2 2 2 2 2 2 2
left_child=2 4 3 5 7 14 -4 10 9 -9 25 -12 13 28 15 20 29 18 19 -18 21 -1 -3 -11 -25 -2 27 -27 -8 -7
right_child=1 22 6 -5 -6 16 12 8 -10 23 11 -13 -14 -15 -16 -17 17 -19 -20 -21 -22 -23 -24 24 -26 26 -28 -29 -30 -31
leaf_value=0.030803799283806166 0.11007018758703793 0.029252781148795148 -0.086667869066624409 -0.062442127556256014 0.043165621423227003 -0.039823852163313252 -0.056611874461862846 -0.026417991924335506 0.10363376472647445 0.079412331319695439 -0.045690987109412662 0.080030385046795952 -0.084100266972599147 0.062295259914681482 -0.023042965769324263 0.11161784915439613 0.10031294198863926 -0.10205217420128493 -0.053003489223242342 -0.0022481563029487328 0.082430267881070343 -0.039959215084473511 -0.047535563425081959 -0.048897762259500259 0.097702835200195112 0.064044694788474951 0.010616676164560628 0.17680094741302343 0.031103482425170782 -0.10270056036537788
leaf_weight=18.275913417339325 61.083511531352997 152.11968158185482 100.1614021062851 107.78460213541985 111.05880312621593 20.587191268801689 34.196267575025558 9.1908224374055845 17.295630916953087 25.684778988361359 4.6230774819850895 8.4875824153423309 26.948077693581581 3.7554928064346305 46.014129012823105 4.5841689705848685 5.1783182173967441 5.984242007136344 9.4859403520822507 11.113512232899666 5.6351757794618598 18.261652916669846 6.5310483425855628 8.6742493063211459 7.4124079495668402 9.522793576121332 10.844985798001288 5.4970656633377066 5.2677765786647788 15.146865308284758
leaf_count=91 257 733 757 754 484 139 239 39 73 106 21 36 187 24 263 19 29 45 58 66 26 108 33 39 32 40 46 23 37 102
internal_value=-0.000855452 0.0495659 -0.051236 -0.0372154 0.0628963 -0.0202496 -0.0733007 0.075915 0.0569803 0.0411471 0.0888317 0.0356985 -0.0542196 -0.0355885 -0.0027042 0.0173115 -0.0443652 -0.0194895 -0.000322779 0.0303506 0.00706037 -0.0045639 0.0260917 0.0560132 0.0186528 0.0968435 0.0656068 0.105312 -0.0449034 -0.0664759
internal_weight=876.407 438.026 438.381 268.052 279.376 160.267 170.329 168.317 68.2579 50.9623 100.059 13.1107 70.1676 43.2195 92.771 46.7569 67.4961 31.762 25.7778 16.2918 42.1727 36.5376 158.651 41.7714 16.0867 86.9484 25.8648 15.0199 39.464 35.7341
internal_count=4906 1962 2944 1700 1196 946 1244 712 289 216 423 57 487 300 507 244 439 198 153 95 225 199 766 177 71 366 109 63 276 241
is_linear=0
shrinkage=0.1


Tree=7
num_leaves=31
num_cat=0
split_feature=14 7 7 12 9 9 0 61 11 13 11 134 21 8 0 13 40 33 53 0 6 73 0 67 1 99 54 167 0 8
split_gain=183.13 12.3296 10.9073 10.0527 5.97655 5.76587 5.6071 4.25723 4.1379 4.05387 3.7149 5.27463 3.98966 3.93522 3.83875 3.76918 3.60264 3.49558 5.12708 8.01982 6.22599 4.02104 9.03346 4.12412 3.44646 5.01511 4.52386 3.35562 3.28316 8.10133
threshold=1.0000000180025095e-35 1.0000000180025095e-35 1.0000000180025095e-35 1.0000000180025095e-35 1.0000000180025095e-35 1.0000000180025095e-35 2.8350445032119755 1.0000000180025095e-35 1.0000000180025095e-35 1.0000000180025095e-35 1.0000000180025095e-35 1.0000000180025095e-35 1.0000000180025095e-35 1.0000000180025095e-35 13.813826084136965 1.0000000180025095e-35 1.0000000180025095e-35 1.0000000180025095e-35 1.0000000180025095e-35 14.176591396331789 1.0000000180025095e-35 1.0000000180025095e-35 10.380561351776125 1.0000000180025095e-35 -0.39508707821369166 1.0000000180025095e-35 1.0000000180025095e-35 1.0000000180025095e-35 16.880219459533695 1.0000000180025095e-35
decision_type=2 2 2 2 2 2 2 2 2 2 2 2 2 2 2 2 2 2 2 2 2 2 2 2 2 2 2 2 2 2
left_child=1 3 4 5 9 17 -6 24 -3 27 11 13 -12 14 15 -7 -10 18 19 21 -20 22 23 -1 -8 26 -26 -2 -5 -30
right_child=2 8 -4 28 6 10 7 -9 16 -11 12 -13 -14 -15 -16 -17 -18 -19 20 -21 -22 -23 -24 -25 25 -27 -28 -29 29 -31
leaf_value=-0.057395942996125528 0.083679937688351871 -0.083131923507686931 0.023231321033218847 -0.063945350866266626 0.1407354847998612 0.079690687665383578 -0.029169496207255109 0.056806640345335391 -0.059833002361615317 0.049356011614800382 -0.080049177127069576 0.097623410807780531 0.026332989454454198 -0.072795223321801314 -0.076763632586323294 -0.029333118760124139 0.0077124369216736216 -0.043774054401583447 -0.087470632369024678 0.16084487582880322 0.02230820662107626 -0.026876950442851766 0.16691217079608806 0.032646170677497061 0.015980565448034056 -0.058616038177099677 0.088067864787756897 -0.0014424329916642249 -0.079120749911536989 0.12341246042341725
leaf_weight=6.5689860731363323 99.062996909022331 94.287164278328419 160.24288710951805 95.183292388916016 4.9212228506803504 6.7019243091344851 13.946653097867964 39.207206815481186 58.575399562716484 76.387351542711258 27.158598288893703 3.5075484067201605 4.0511779338121405 13.306599587202074 4.810567043721675 6.0189874023199081 9.1267397850751859 16.77225336432457 10.946336328983307 3.904543623328208 9.7836652100086212 17.391116753220558 4.3444601148366919 22.543326005339622 25.153049901127815 5.8277006298303595 13.313136249780653 4.8582366555929175 4.937461853027342 3.2916412353515625
leaf_count=36 409 757 766 694 21 39 62 165 428 323 194 20 28 86 37 35 59 93 62 20 52 99 24 121 114 25 56 21 36 24
internal_value=-0.000873341 -0.0479137 0.0440739 -0.0344727 0.055889 -0.0185925 0.0365914 0.031332 -0.0695887 0.0668451 -0.0412679 -0.0185756 -0.0662403 -0.0317921 -0.000670298 0.0281053 -0.0507274 -0.00247952 0.00669616 0.0227327 -0.0356598 0.0121272 0.0324019 0.0123288 0.0141827 0.0278328 0.04093 0.0797005 -0.0587063 0.00189253
internal_weight=866.132 423.212 442.92 261.222 282.678 157.81 102.369 97.4477 161.989 180.309 65.5554 34.3456 31.2098 30.8381 17.5315 12.7209 67.7021 92.2547 75.4824 54.7524 20.73 50.8479 33.4568 29.1123 58.2405 44.2939 38.4662 103.921 103.412 8.2291
internal_count=4906 2944 1962 1700 1196 946 443 422 1244 753 439 217 222 197 111 74 487 507 414 300 114 280 181 157 257 195 170 430 754 60
is_linear=0
shrinkage=0.1


Tree=8
num_leaves=31
num_cat=0
split_feature=14 7 12 7 12 9 93 9 11 73 11 0 21 134 8 0 174 0 0 5 13 50 86 135 39 11 54 67 73 137
split_gain=150.882 11.1541 8.78412 8.74649 5.47408 4.88658 4.10306 8.68496 3.87164 3.41275 3.27351 4.66857 3.51768 2.96533 3.41562 2.9625 4.2895 3.41006 3.88044 3.34344 6.4081 7.37322 4.98068 4.78101 6.36071 3.32846 4.39537 7.18022 3.55709 2.98365
threshold=1.0000000180025095e-35 1.0000000180025095e-35 1.0000000180025095e-35 1.0000000180025095e-35 1.0000000180025095e-35 1.0000000180025095e-35 1.0000000180025095e-35 1.0000000180025095e-35 1.0000000180025095e-35 1.0000000180025095e-35 1.0000000180025095e-35 14.867898464202883 1.0000000180025095e-35 1.0000000180025095e-35 1.0000000180025095e-35 17.166323661804203 1.0000000180025095e-35 16.56947231292725 15.798768043518068 1.0000000180025095e-35 1.0000000180025095e-35 1.0000000180025095e-35 1.0000000180025095e-35 1.0000000180025095e-35 1.0000000180025095e-35 1.0000000180025095e-35 1.0000000180025095e-35 1.0000000180025095e-35 1.0000000180025095e-35 1.0000000180025095e-35
decision_type=2 2 2 2 2 2 2 2 2 2 2 2 2 2 2 2 2 2 2 2 2 2 2 2 2 2 2 2 2 2
left_child=1 2 5 4 9 -1 8 -8 -3 -2 11 13 -12 14 -7 16 17 18 19 20 22 -22 29 24 25 26 -21 -28 -27 -5
right_child=3 6 -4 15 -6 10 7 -9 -10 -11 12 -13 -14 -15 -16 -17 -18 -19 -20 23 21 -23 -24 -25 -26 28 27 -29 -30 -31
leaf_value=-0.0023421176824088303 0.050192931996507754 -0.083614663464104177 -0.055139604811190436 0.01024107132199038 0.03202159499062654 0.018809154715378959 0.10488478222177321 -0.1165802104662866 -0.050817646976155831 0.079053016491558686 -0.076240814220441461 -0.098994062887983611 0.023281739703841266 0.083281099328188821 -0.056995043007506234 0.088266078823462144 -0.073878412694266996 -0.066979657087895758 0.10621027604825867 -0.069615468392077842 -3.8650654147603243e-05 -0.11278286990559411 0.1233836375332899 0.11278896222346246 0.093998713250346796 0.093270055855913428 -0.057871424081059525 0.098437524031360801 -0.014695475969557179 0.082728324068352649
leaf_weight=91.99218176305294 113.50463044643402 84.126838535070419 99.376653522253036 45.987703204154968 107.50743052363396 14.210493803024296 4.0383190661668769 3.1535398066043854 62.909606531262398 64.12124440073967 25.738509841263298 5.7746720463037482 4.1200145632028571 3.6897349059581748 10.21820193529129 6.2415205389261237 4.920282006263732 4.2796762287616721 5.4708210825920096 9.2665610462427139 23.323874309659008 7.720628857612609 5.0275914371013632 7.7738968878984442 10.936592519283293 7.1365937590599042 5.7177262008190155 6.04666568338871 5.3311496675014496 6.4782980233430854
leaf_count=507 471 717 754 218 465 84 32 26 469 260 194 48 28 20 65 28 26 22 25 44 110 39 23 37 50 34 27 28 25 30
internal_value=-0.000886248 -0.0447446 -0.0319101 0.0392965 0.0498317 -0.0170879 -0.0659752 0.00777516 -0.0695824 0.0606111 -0.0383657 -0.0170971 -0.0625082 -0.000277907 -0.0128987 0.0207148 0.0180019 0.0210058 0.0235811 0.0203693 0.00853382 -0.0280776 0.0283027 0.0404402 0.0277829 0.00616491 -0.0181052 0.0224683 0.0471045 0.0191915
internal_weight=856.142 409.349 255.12 446.793 285.133 155.744 154.228 7.19186 147.036 177.626 63.7516 33.8931 29.8585 28.1184 24.4287 161.66 155.418 150.498 146.218 140.747 88.5381 31.0445 57.4936 52.2092 44.4353 33.4987 21.031 11.7644 12.4677 52.466
internal_count=4906 2944 1700 1962 1196 946 1244 58 1186 731 439 217 222 169 149 766 738 712 690 665 420 149 271 245 208 158 99 55 59 248
is_linear=0
shrinkage=0.1


Tree=9
num_leaves=31
num_cat=0
split_feature=14 7 12 7 13 9 11 9 22 130 87 78 21 34 21 42 16 0 6 67 84 24 61 24 12 135 0 8 1 54
split_gain=124.26 10.096 7.66725 7.05238 5.0682 4.15977 3.7507 3.7372 3.7458 4.50546 3.69697 3.71147 4.29536 3.29669 3.46676 3.49989 3.2214 4.13087 3.5873 3.26769 3.18764 3.53953 3.17752 6.53463 7.35671 4.10611 3.65787 3.80472 3.52034 3.09959
threshold=1.0000000180025095e-35 1.0000000180025095e-35 1.0000000180025095e-35 1.0000000180025095e-35 1.0000000180025095e-35 1.0000000180025095e-35 1.0000000180025095e-35 1.0000000180025095e-35 1.0000000180025095e-35 1.0000000180025095e-35 1.0000000180025095e-35 1.0000000180025095e-35 1.0000000180025095e-35 1.0000000180025095e-35 1.0000000180025095e-35 1.0000000180025095e-35 1.0000000180025095e-35 14.054756641387941 1.0000000180025095e-35 1.0000000180025095e-35 1.0000000180025095e-35 1.0000000180025095e-35 1.0000000180025095e-35 1.0000000180025095e-35 1.0000000180025095e-35 1.0000000180025095e-35 10.788501262664797 1.0000000180025095e-35 -0.51387938857078541 1.0000000180025095e-35
decision_type=2 2 2 2 2 2 2 2 2 2 2 2 2 2 2 2 2 2 2 2 2 2 2 2 2 2 2 2 2 2
left_child=1 2 5 4 10 -1 -3 8 13 -10 11 22 -13 14 15 -8 -7 18 29 -20 21 -6 23 -2 -25 26 -26 -28 -24 -18
right_child=3 6 -4 -5 20 16 7 -9 9 -11 -12 12 -14 -15 -16 -17 17 -19 19 -21 -22 -23 28 24 25 -27 27 -29 -30 -31
leaf_value=-0.0021104920100524496 -0.052758497487425282 -0.076343028732357279 -0.051670845908911384 0.018460911263791083 -0.04059938296997663 -0.057592860069875795 -0.028481737972286404 -0.075472661902550378 0.14508504652441531 -0.04050738392027068 -0.022120062947730848 0.068207201035173984 -0.057326618248999817 -0.10461425092560095 -0.11820809601269414 0.066399833861947907 0.069552407196862162 -0.094785343525261634 0.019089561435877742 -0.10253845441491197 0.099565017034249345 0.02933325490907079 0.15362726626585085 0.081962256073045484 -0.030086111016777474 0.086125711328591703 0.081632321826920998 -0.016494504649357724 0.072183534014491985 -0.020049991601790176
leaf_weight=91.885394722223282 5.7250486314296714 83.792634651064873 95.642997294664383 162.50818547606468 7.7978933006525031 32.154928535223007 20.143627911806114 23.72308923304081 2.6517353951930991 2.5813452899456024 5.9478394985198966 5.1533633619546872 5.7860367596149445 6.0014059841632834 3.3712200969457617 4.8174348920583716 9.4682461917400378 5.0147302299737921 4.1124484091997147 4.7720779329538345 5.9360671937465659 100.69941899180412 5.8918754607439032 51.993609368801117 14.085414573550226 8.4172701090574247 9.2355083078145999 6.9060943126678458 53.485912352800369 6.5186959207057962
leaf_count=507 24 757 754 766 33 241 157 187 20 20 25 21 24 42 26 35 55 45 26 32 24 427 24 211 62 34 39 30 218 40
internal_value=-0.000886726 -0.0416827 -0.029435 0.0351073 0.0445309 -0.0156186 -0.0624646 -0.0440903 -0.0252743 0.053537 0.0553493 0.0581137 0.00181021 -0.0372866 -0.0230251 -0.0101698 -0.0356247 -0.0119888 0.0047051 -0.0462396 0.028211 0.0243071 0.0620685 0.0508561 0.0574008 0.0243547 0.00715347 0.0396493 0.0802649 0.0330169
internal_weight=846.222 396.652 249.57 449.57 287.061 153.927 147.082 63.2899 39.5668 5.23308 172.628 166.68 10.9394 34.3337 28.3323 24.9611 62.0411 29.8862 24.8715 8.88453 114.433 108.497 155.741 96.3629 90.6379 38.6443 30.227 16.1416 59.3778 15.9869
internal_count=4906 2944 1700 1962 1196 946 1244 487 300 40 712 687 45 260 218 192 439 198 153 58 484 460 642 400 376 165 131 69 242 95
is_linear=0
shrinkage=0.1


Tree=10
num_leaves=31
num_cat=0
split_feature=14 7 9 12 6 65 44 0 99 45 34 168 73 87 16 81 26 0 82 93 9 11 8 78 11 9 79 7 61 0
split_gain=102.454 9.11009 6.97341 6.66632 4.78962 8.89689 4.89835 5.02885 4.63204 5.39677 4.52694 4.04932 4.26896 6.64762 5.1152 3.88968 5.37162 3.95367 3.88825 3.6512 7.03649 3.54488 3.50267 3.48472 3.55354 4.60895 3.31413 3.8505 5.95149 3.29017
threshold=1.0000000180025095e-35 1.0000000180025095e-35 1.0000000180025095e-35 1.0000000180025095e-35 1.0000000180025095e-35 1.0000000180025095e-35 1.0000000180025095e-35 9.9206023216247576 1.0000000180025095e-35 1.0000000180025095e-35 1.0000000180025095e-35 1.0000000180025095e-35 1.0000000180025095e-35 1.0000000180025095e-35 1.0000000180025095e-35 1.0000000180025095e-35 1.0000000180025095e-35 15.868583202362062 1.0000000180025095e-35 1.0000000180025095e-35 1.0000000180025095e-35 1.0000000180025095e-35 1.0000000180025095e-35 1.0000000180025095e-35 1.0000000180025095e-35 1.0000000180025095e-35 1.0000000180025095e-35 1.0000000180025095e-35 1.0000000180025095e-35 10.709103107452394
decision_type=2 2 2 2 2 2 2 2 2 2 2 2 2 2 2 2 2 2 2 2 2 2 2 2 2 2 2 2 2 2
left_child=1 3 4 11 5 6 -2 26 -4 29 -6 12 13 14 23 16 22 18 -17 21 -21 -3 -9 24 25 -1 27 -8 -29 -10
right_child=2 19 8 -5 10 -7 7 15 9 -11 -12 -13 -14 -15 -16 17 -18 -19 -20 20 -22 -23 -24 -25 -26 -27 -28 28 -30 -31
leaf_value=0.027364225821287017 -0.041833694420908604 -0.077221873641079311 0.021864426766298236 -0.048333241929242619 0.046584986897111255 -0.067264345023014094 0.036018042491726611 0.07288969108996958 -0.053176982857507084 -0.1021083064847894 0.096469460066517299 0.061257036435571094 -0.04197294367095257 0.12921365395146589 0.012213699403710329 0.082045169495708226 0.038707598932284128 -0.052412031095687407 -0.014635315048665252 0.091949993814419539 -0.1136809151520724 -0.044401458879682838 0.14625956813152588 0.050245822946322419 -0.071398284323350103 -0.071299251662249513 0.082599446242007976 -0.031301403467931643 0.061027933636420208 0.034829286366115354
leaf_weight=11.652968406677248 7.8379462212324134 74.657673463225365 130.8419530838728 92.206997573375702 90.788821950554848 8.8709124326705915 49.362648591399193 14.548704922199249 6.6673790365457597 6.671989068388938 22.750271275639534 6.7836627438664427 48.593031957745552 3.5218726098537436 47.594597153365612 11.583654686808591 21.946738138794899 5.0947877466678611 6.4907458126544944 4.2489618733525267 2.7354239746928215 58.849636666476727 11.771344766020775 4.3770590722560874 21.770151942968369 7.9749249666929236 8.7211288809776288 26.516030430793762 9.4765689224004728 11.707196235656737
leaf_count=64 34 717 590 754 384 38 203 62 30 30 97 42 309 22 277 49 92 22 28 32 26 469 49 25 150 57 37 122 43 52
internal_value=-0.000870284 -0.0387747 0.0314379 -0.0271131 0.040459 0.0304139 0.0354124 0.0390704 0.0143225 -0.0250758 0.0565805 -0.0142631 -0.0177845 -0.00565348 -0.0107406 0.0590737 0.0752407 0.0253941 0.047326 -0.0590675 0.011415 -0.0627547 0.105704 -0.0346073 -0.0435789 -0.0127233 0.0238812 0.0178816 -0.00699181 0.00289542
internal_weight=836.616 384.967 451.649 244.475 295.76 182.221 173.35 165.512 155.889 25.0466 113.539 152.268 145.485 96.8916 93.3697 71.436 48.2668 23.1692 18.0744 140.492 6.98439 133.507 26.32 45.7751 41.398 19.6279 94.0764 85.3552 35.9926 18.3746
internal_count=4906 2944 1962 1700 1260 779 741 707 702 112 481 946 904 595 573 302 203 99 77 1244 58 1186 111 296 271 121 405 368 165 82
is_linear=0
shrinkage=0.1


Tree=11
num_leaves=31
num_cat=0
split_feature=14 7 12 9 6 65 44 0 0 36 24 26 0 53 81 99 45 93 9 61 224 34 23 0 8 105 32 0 53 0
split_gain=84.3821 8.17757 5.7717 5.59696 3.79612 7.22887 3.95234 4.00511 4.69241 3.99791 5.90995 5.03481 4.32307 5.03246 4.53654 3.75104 4.53684 3.67469 3.71417 3.6591 3.58352 3.56182 3.2345 3.21136 7.0725 3.13442 3.10746 4.57451 3.34179 5.80164
threshold=1.0000000180025095e-35 1.0000000180025095e-35 1.0000000180025095e-35 1.0000000180025095e-35 1.0000000180025095e-35 1.0000000180025095e-35 1.0000000180025095e-35 11.43189573287964 11.690622806549074 1.0000000180025095e-35 1.0000000180025095e-35 1.0000000180025095e-35 15.924708843231203 1.0000000180025095e-35 1.0000000180025095e-35 1.0000000180025095e-35 1.0000000180025095e-35 1.0000000180025095e-35 1.0000000180025095e-35 1.0000000180025095e-35 1.0000000180025095e-35 1.0000000180025095e-35 1.0000000180025095e-35 16.880219459533695 1.0000000180025095e-35 1.0000000180025095e-35 1.0000000180025095e-35 11.998631000518801 1.0000000180025095e-35 14.176591396331789
decision_type=2 2 2 2 2 2 2 2 2 2 2 2 2 2 2 2 2 2 2 2 2 2 2 2 2 2 2 2 2 2
left_child=1 2 17 4 5 6 -2 -8 -9 10 -10 -11 13 -12 19 -5 -17 18 26 -15 -3 22 -6 -4 -25 -20 28 -28 29 -1
right_child=3 20 23 15 21 -7 7 8 9 11 12 -13 -14 14 -16 16 -18 -19 25 -21 -22 -23 -24 24 -26 -27 27 -29 -30 -31
leaf_value=0.014570986214723643 -0.038009759260444101 -0.057828768896707988 -0.050848038237342741 0.019560634736885414 0.11984330129860998 -0.061476784413672471 0.023800152247126657 0.14811386459603215 -0.041053274263552722 0.062409352547264235 -0.010437303752221174 -0.064385391223521618 0.15822943510527007 0.15811978218012987 0.016592450330634435 0.002581330117253363 -0.094715788667713546 -0.10183215217418791 -0.024170219988060654 0.058130590204651146 0.072542105402237975 0.085600988694822855 0.037096333002696484 -0.0677773935444098 0.12929648028681551 -0.12229241059223686 -0.074214296953266451 0.036094495850913628 -0.025591281217451297 0.13788616599563278
leaf_weight=49.881928294897079 7.7676478624343863 132.24286415427923 81.641878083348274 131.58516530692577 4.9970635622739783 8.7423254549503309 109.54859259724617 5.0927663296461096 4.7699062377214423 6.197760656476019 7.1775909364223507 6.330459788441658 5.5868427455425254 8.774546682834627 6.5267477184534064 18.374330535531048 6.4834183901548377 4.5195465534925452 54.044987857341766 6.2787885814905158 2.1425355002284041 23.056791290640831 86.425846785306931 4.1884061694145194 3.2217682600021362 3.4642177000641814 10.956415116786959 5.7232502251863471 18.153358697891235 4.1311734020709983
leaf_count=275 34 1224 694 590 21 38 469 21 21 26 30 27 23 36 28 82 30 31 398 26 20 97 363 36 24 25 64 31 102 20
internal_value=-0.000854477 -0.0360006 -0.0249387 0.0281408 0.036198 0.0272551 0.031712 0.0349689 0.0565344 0.0475032 0.0632499 -0.00165953 0.0777359 0.0620982 0.0862237 0.0128305 -0.0227958 -0.0130228 -0.0102803 0.116414 -0.0557502 0.0504773 0.0416192 -0.0451269 0.0179057 -0.0300809 0.00253639 -0.0363643 0.0115274 0.0240027
internal_weight=828.029 374.312 239.927 453.717 297.274 182.794 174.052 166.284 56.7354 51.6426 39.1144 12.5282 34.3445 28.7577 21.5801 156.443 24.8577 150.875 146.355 15.0533 134.385 114.48 91.4229 89.0521 7.41017 57.5092 88.8461 16.6797 72.1665 54.0131
internal_count=4906 2944 1700 1962 1260 779 741 707 238 217 164 53 143 120 90 702 112 946 915 62 1244 481 384 754 60 423 492 95 397 295
is_linear=0
shrinkage=0.1


Tree=12
num_leaves=31
num_cat=0
split_feature=14 12 7 177 7 13 1 9 0 93 8 104 129 0 16 71 83 73 82 10 15 73 42 1 61 0 168 53 81 5
split_gain=69.4976 7.49886 5.57178 5.39491 4.70104 4.43768 4.26357 4.31633 3.48226 3.6717 3.04247 4.16429 3.38747 4.62277 3.1912 3.55759 2.90559 3.28243 2.8847 3.51419 6.86211 5.77121 4.32621 4.33016 3.5223 3.15002 2.87116 4.01252 2.86619 3.72629
threshold=1.0000000180025095e-35 1.0000000180025095e-35 1.0000000180025095e-35 1.0000000180025095e-35 1.0000000180025095e-35 1.0000000180025095e-35 -0.46931324899196619 1.0000000180025095e-35 5.3018479347229013 1.0000000180025095e-35 1.0000000180025095e-35 1.0000000180025095e-35 1.0000000180025095e-35 8.6844625473022479 1.0000000180025095e-35 1.0000000180025095e-35 1.0000000180025095e-35 1.0000000180025095e-35 1.0000000180025095e-35 1.0000000180025095e-35 1.0000000180025095e-35 1.0000000180025095e-35 1.0000000180025095e-35 -0.52635180950164784 1.0000000180025095e-35 8.1492128372192401 1.0000000180025095e-35 1.0000000180025095e-35 1.0000000180025095e-35 1.0000000180025095e-35
decision_type=2 2 2 2 2 2 2 2 2 2 2 2 2 2 2 2 2 2 2 2 2 2 2 2 2 2 2 2 2 2
left_child=1 3 5 4 26 10 -3 8 -8 -10 11 16 13 -12 -15 -16 18 -18 19 22 -21 -22 23 -2 -25 -20 27 -1 29 -29
right_child=2 6 -4 -5 -6 -7 7 -9 9 -11 12 -13 -14 14 15 -17 17 -19 25 20 21 -23 -24 24 -26 -27 -28 28 -30 -31
leaf_value=-0.0080516514665035042 0.093320084331040443 -0.087943353755697451 0.01062419353218693 0.082742165123089434 -0.044430622363839024 0.018462585308976456 0.07403851034373099 -0.069418711211932604 -0.039024120599643358 0.060310861646185078 -0.048653738139240316 -0.035200207241503134 0.065212507917994045 0.048375276555713366 0.044633960671638176 -0.054628044099079558 0.066323688734006264 0.15889579402110435 0.0616342399371307 0.12665704768404634 -0.017715917803301354 0.1005940355818906 0.10756057369957515 -0.031272360392576554 0.047320433926713777 -0.050347938080015101 0.0505743723327024 -0.067496588190317994 -0.095787606431200906 0.016090823523805163
leaf_weight=108.96790462732315 6.4244999289512625 26.539795897901058 166.09343089163303 4.7850051596760741 77.777803018689156 115.95167398452759 3.1817730963230124 39.969922967255116 62.061177231371403 3.9583632647991172 9.4159632921218854 4.9124869257211676 17.880748212337494 28.196268394589424 6.6469388604164106 7.9044666737318039 11.9646123200655 5.6339649409055701 4.6517726182937604 16.880608305335045 9.0568189173936862 7.5687720626592627 7.0513562560081473 14.004563152790073 9.6192567646503448 5.4608620256185532 6.575709640979766 11.584759548306465 9.1764401346445101 9.883223682641983
leaf_count=676 26 244 766 35 748 484 29 367 563 33 39 20 73 117 27 33 49 23 20 69 37 31 29 57 39 23 40 80 61 68
internal_value=-0.000827991 -0.0333718 0.0252218 -0.0223234 -0.0245681 0.0336047 -0.0519946 -0.0432553 -0.0281436 -0.0330682 0.0437376 0.0546528 0.0276511 0.0147757 0.0287472 -0.00928614 0.0591423 0.0959595 0.0511153 0.0582697 0.0817452 0.0361445 0.0370681 0.0205258 0.000729419 0.00116343 -0.0140005 -0.0170419 -0.0490103 -0.0290154
internal_weight=819.781 364.462 455.319 228.751 223.966 289.226 135.711 109.171 69.2013 66.0195 173.274 103.23 70.0444 52.1636 42.7477 14.5514 98.3171 17.5986 80.7185 70.6059 33.5062 16.6256 37.0997 30.0483 23.6238 10.1126 146.188 139.612 30.6444 21.468
internal_count=4906 2944 1962 1708 1673 1196 1236 992 625 596 712 423 289 216 177 60 403 72 331 288 137 68 151 122 96 43 925 885 209 148
is_linear=0
shrinkage=0.1


Tree=13
num_leaves=31
num_cat=0
split_feature=14 9 143 178 0 9 12 1 113 99 73 0 82 1 13 0 55 35 0 194 7 13 84 0 35 44 73 262 12 8
split_gain=57.2292 7.08817 4.86491 4.83371 5.11098 4.73839 4.3045 5.55546 3.44805 4.25304 3.62905 3.79109 3.64282 4.05468 3.33549 5.14009 3.97249 3.53733 3.30175 3.27506 3.91401 3.42365 3.79411 4.30568 3.68529 3.18387 5.14627 3.31076 3.27847 3.17287
threshold=1.0000000180025095e-35 1.0000000180025095e-35 1.0000000180025095e-35 1.0000000180025095e-35 12.203969955444338 1.0000000180025095e-35 1.0000000180025095e-35 -0.46931324899196619 1.0000000180025095e-35 1.0000000180025095e-35 1.0000000180025095e-35 2.7310061454772954 1.0000000180025095e-35 -0.20009126514196393 1.0000000180025095e-35 10.310746192932131 1.0000000180025095e-35 1.0000000180025095e-35 5.3018479347229013 1.0000000180025095e-35 1.0000000180025095e-35 1.0000000180025095e-35 1.0000000180025095e-35 14.47091054916382 1.0000000180025095e-35 1.0000000180025095e-35 1.0000000180025095e-35 1.0000000180025095e-35 1.0000000180025095e-35 1.0000000180025095e-35
decision_type=2 2 2 2 2 2 2 2 2 2 2 2 2 2 2 2 2 2 2 2 2 2 2 2 2 2 2 2 2 2
left_child=1 2 3 6 -5 25 29 -8 9 10 11 -7 14 -14 15 -13 -16 -17 -9 20 21 22 23 24 -3 26 -2 28 -27 -1
right_child=5 19 -4 4 -6 8 7 18 -10 -11 -12 12 13 -15 16 17 -18 -19 -20 -21 -22 -23 -24 -25 -26 27 -28 -29 -30 -31
leaf_value=0.0020766255727715779 0.039846436997841003 0.01941426265718757 0.11847045990092056 -0.019967119375569345 0.17071124184791378 0.071149514182971482 -0.099036422351097553 0.068240595599915799 0.066010494104482689 -0.034810558758094509 0.03741661737830345 -0.0060221248836056429 0.015657347028299219 -0.10626928527379131 -0.065597053321308857 0.035035755805513463 0.01643930454405039 0.13970166941797715 -0.035004214845572701 0.055874155220081489 -0.074153736008201063 -0.061588019297267899 -0.11738619203952981 -0.078259157905276253 -0.05137686898117301 0.042365542303723226 -0.088353310290011117 -0.045028484243772759 0.020204141431898946 -0.029037806578047137
leaf_weight=69.238337881863117 6.8065671473741514 27.989785201847553 2.5195075273513785 2.977211780846118 2.6631819754838943 6.9976274222135535 14.115995928645132 3.2611671239137641 9.8169587850570661 22.89647950232029 38.899953275918961 28.183091253042221 4.5186236351728439 6.8806689977645856 12.563411712646484 11.125436410307882 11.133644431829453 4.5493601411581031 61.707739531993866 2.9313567727804175 47.206751205027103 36.717043347656727 3.8061086982488623 8.4118240252137166 9.9744466543197614 171.13382557034492 5.7989837825298309 5.4421965926885596 109.44482031464577 62.230959825217724
leaf_count=475 30 221 21 23 20 31 138 28 43 103 169 124 20 33 60 50 49 20 571 27 491 299 32 79 77 717 25 23 465 442
internal_value=-0.000792742 -0.0308567 -0.0196836 -0.0212936 0.070064 0.022652 -0.0237409 -0.042176 0.00862143 0.00480828 0.0120739 0.000604402 -0.00564793 -0.0579382 0.00317557 0.0195089 -0.0270537 0.0654134 -0.0298218 -0.0486892 -0.0509748 -0.0383832 -0.0214048 -0.0135276 0.000815115 0.030055 -0.0191298 0.0322227 0.0337211 -0.0126514
internal_weight=811.943 355.751 218.714 216.195 5.64039 456.192 210.554 79.0849 157.565 147.748 124.852 85.9519 78.9542 11.3993 67.5549 43.8579 23.6971 15.6748 64.9689 137.037 134.106 86.8992 50.1822 46.3761 37.9642 298.626 12.6056 286.021 280.579 131.469
internal_count=4906 2944 1718 1697 43 1962 1654 737 702 659 556 387 356 53 303 194 109 70 599 1226 1199 708 409 377 298 1260 55 1205 1182 917
is_linear=0
shrinkage=0.1


Tree=14
num_leaves=31
num_cat=0
split_feature=14 7 7 76 9 1 53 0 24 84 35 223 13 10 11 40 8 79 67 15 83 6 87 78 21 105 12 84 24 86
split_gain=47.1045 6.56358 4.67064 4.5343 4.53555 5.05001 6.42008 4.68093 4.62112 4.22922 5.31834 3.91862 3.49055 3.20963 2.99059 4.34939 3.74684 7.23364 3.69761 3.07483 6.03116 4.61768 2.85527 3.00293 3.62952 2.82618 2.77726 2.59898 2.70924 2.81415
threshold=1.0000000180025095e-35 1.0000000180025095e-35 1.0000000180025095e-35 1.0000000180025095e-35 1.0000000180025095e-35 0.7774735987186433 1.0000000180025095e-35 15.63039016723633 1.0000000180025095e-35 1.0000000180025095e-35 1.0000000180025095e-35 1.0000000180025095e-35 1.0000000180025095e-35 1.0000000180025095e-35 1.0000000180025095e-35 1.0000000180025095e-35 1.0000000180025095e-35 1.0000000180025095e-35 1.0000000180025095e-35 1.0000000180025095e-35 1.0000000180025095e-35 1.0000000180025095e-35 1.0000000180025095e-35 1.0000000180025095e-35 1.0000000180025095e-35 1.0000000180025095e-35 1.0000000180025095e-35 1.0000000180025095e-35 1.0000000180025095e-35 1.0000000180025095e-35
decision_type=2 2 2 2 2 2 2 2 2 2 2 2 2 2 2 2 2 2 2 2 2 2 2 2 2 2 2 2 2 2
left_child=1 3 12 4 5 7 -7 8 26 10 -10 14 22 -8 19 16 17 -16 -17 -3 -21 -22 23 -2 -25 -6 -1 28 -14 -30
right_child=2 11 -4 -5 25 6 13 -9 9 -11 -12 -13 27 -15 15 18 -18 -19 -20 20 21 -23 -24 24 -26 -27 -28 -29 29 -31
leaf_value=0.13226549566247522 0.043016521263972471 -0.082152599404810678 0.0070580404368077582 0.076339229158055272 -0.034553772708466976 0.11572533973442888 0.04245422688148015 -0.12197727757100872 -0.013303716488749874 0.053792238355488686 -0.077033759273645114 0.094471174788564344 -0.045453127612022151 -0.074080428234742521 -0.036077150714100878 0.10339894464229536 -0.080009066272662563 0.15072122929190576 -0.035729718356702703 -0.058919924325067236 -0.026806464668041687 0.17743630884613454 -0.030998168232079317 0.049823418732791433 -0.065352794330312311 -0.11701960778461139 -0.0035351608957454785 0.078951056866487124 0.010543173209124011 0.070997752295810193
leaf_weight=3.3904113620519629 156.09534561634064 38.358677841722965 167.74316792190075 4.9332780912518492 80.075208872556686 6.9395804852247247 5.1787443980574608 4.0630558729171744 87.876521863043308 7.7503148913383475 15.387333229184149 1.9176256731152523 7.8529758602380744 4.3475430086255074 25.602268360555176 4.0465630292892447 17.485853634774685 2.2557013109326354 3.6183303594589233 23.029234908521179 2.3781847134232512 2.0708668008446693 5.9564770311117163 5.1736944764852506 5.807029590010643 4.3832530602812758 2.7094481885433197 5.9597659260034552 94.037923574447632 8.3866657614707929
leaf_count=19 642 438 766 36 671 43 36 30 613 51 111 18 33 27 238 31 162 20 28 260 27 22 25 21 24 38 25 24 392 35
internal_value=-0.000771303 -0.0285035 0.0203336 -0.0184845 -0.0205907 -0.0093967 0.0425654 -0.0164575 -0.0127966 -0.0174529 -0.0228001 -0.0473394 0.0280319 -0.0107291 -0.0496276 -0.031949 -0.0437259 -0.0209518 0.0377211 -0.0638615 -0.0383279 0.0682609 0.0370353 0.0394607 -0.0110862 -0.0388336 0.0719453 0.0146294 0.0111532 0.0154933
internal_weight=804.811 347.798 457.013 227.035 222.101 137.643 16.4659 121.177 117.114 111.014 103.264 120.763 289.27 9.52629 118.846 53.0087 45.3438 27.858 7.66489 65.837 27.4783 4.44905 173.033 167.076 10.9807 84.4585 6.09986 116.237 110.278 102.425
internal_count=4906 2944 1962 1700 1664 955 106 849 819 775 724 1244 1196 63 1226 479 420 258 59 747 309 49 712 687 45 709 44 484 460 427
is_linear=0
shrinkage=0.1


Tree=15
num_leaves=31
num_cat=0
split_feature=14 12 0 9 16 8 63 74 7 83 31 11 50 26 1 9 10 65 0 11 55 73 0 83 11 113 99 73 0 6
split_gain=38.8502 6.3467 4.28889 4.20485 3.96327 6.08462 5.74895 5.44581 4.73575 5.91774 4.64232 5.02569 4.2045 3.86237 3.80131 3.53872 3.51871 5.28755 5.14213 4.51598 4.61488 7.00239 3.89855 3.57199 3.45418 3.02642 3.03633 3.57461 2.89481 2.87976
threshold=1.0000000180025095e-35 1.0000000180025095e-35 2.2505134344100957 1.0000000180025095e-35 1.0000000180025095e-35 1.0000000180025095e-35 1.0000000180025095e-35 1.0000000180025095e-35 1.0000000180025095e-35 1.0000000180025095e-35 1.0000000180025095e-35 1.0000000180025095e-35 1.0000000180025095e-35 1.0000000180025095e-35 -0.46931324899196619 1.0000000180025095e-35 1.0000000180025095e-35 1.0000000180025095e-35 10.788501262664797 1.0000000180025095e-35 1.0000000180025095e-35 1.0000000180025095e-35 8.0862421989440936 1.0000000180025095e-35 1.0000000180025095e-35 1.0000000180025095e-35 1.0000000180025095e-35 1.0000000180025095e-35 7.6317591667175302 1.0000000180025095e-35
decision_type=2 2 2 2 2 2 2 2 2 2 2 2 2 2 2 2 2 2 2 2 2 2 2 2 2 2 2 2 2 2
left_child=1 4 -2 29 5 6 8 -6 9 10 11 -1 24 -14 -3 16 17 -16 19 20 -18 -22 -21 -20 -9 26 27 -5 -12 -4
right_child=2 14 3 25 7 -7 -8 12 -10 -11 28 -13 13 -15 15 -17 18 -19 23 22 21 -23 -24 -25 -26 -27 -28 -29 -30 -31
leaf_value=0.08703814952559219 0.0839486277105468 -0.081242289381872085 0.016001911663476916 -0.005755662883474265 0.014999654917701114 -0.053848736689123891 0.13843442712800211 -0.086290489600655579 -0.05035498305650056 -0.079603727933686863 -0.12105480176660655 -0.0025395051005147763 0.086330125698411073 -0.056710897494052781 -0.050862592280463741 -0.061556852392120311 -0.020459913559172559 0.10688059487390114 -0.056588049756386344 -0.11387549055323767 0.26889754975804236 0.038110359605201954 0.072776714523201419 0.070454383371020099 -0.013070839779544388 0.056799485892169314 -0.033713550947732478 0.030942891276137908 0.011577085979873843 0.036334789146315674
leaf_weight=13.292567834258083 9.7334073185920698 22.851549543440342 179.92518821358681 82.297205716371536 66.975108847022057 52.433983244001865 2.5789731219410887 14.400691464543343 22.547101780772209 6.4881401509046546 3.0396029353141776 11.8437295332551 4.7735513076186171 3.1224771663546562 36.323286153376102 35.358202740550041 2.166150242090227 2.257010005414485 12.223175838589666 2.3424482941627502 2.6173956543207169 2.6414658948779106 2.1425353810191154 2.7024733424186698 11.659721001982689 9.9577079862356168 22.768397614359856 39.176813825964928 3.5882144123315811 113.65734608471394
leaf_count=77 41 244 761 371 484 447 21 119 237 46 23 80 35 25 345 367 22 21 118 22 26 26 20 25 89 43 103 169 25 474
internal_value=-0.000754512 -0.0263377 0.0182781 0.0168506 -0.0160248 -0.0286486 -0.00780006 -0.00153984 -0.014003 0.00742402 0.0252003 0.0448309 -0.0341621 0.0297647 -0.0444185 -0.0360683 -0.0222914 -0.0416344 0.00551706 0.0545205 0.102378 0.152976 -0.0247093 -0.0335854 -0.0535312 0.00347962 -0.00020129 0.00608006 -0.0492496 0.0238736
internal_weight=797.886 340.37 457.516 447.783 216.744 115.812 63.3783 100.932 60.7994 38.2523 31.7641 25.1363 33.9564 7.89603 123.626 100.774 65.4159 38.5803 26.8356 11.91 7.42501 5.25886 4.48498 14.9256 26.0604 154.2 144.242 121.474 6.62782 293.583
internal_count=4906 2944 1962 1921 1708 956 509 752 488 251 205 157 268 60 1236 992 625 366 259 116 74 52 42 143 208 686 643 540 48 1235
is_linear=0
shrinkage=0.1


Tree=16
num_leaves=31
num_cat=0
split_feature=14 12 177 13 101 68 8 0 0 51 0 1 1 0 0 12 1 16 26 26 36 78 16 99 1 6 108 8 13 167
split_gain=32.0555 5.5401 4.04524 3.94435 7.4618 5.86376 5.45491 5.41845 4.89611 6.65615 4.1454 8.44969 5.92848 8.44521 7.3406 5.69663 7.58897 6.14875 4.44103 4.1131 6.6283 6.49847 4.03342 3.90471 3.8557 3.9227 3.78842 4.24518 5.32067 4.33086
threshold=1.0000000180025095e-35 1.0000000180025095e-35 1.0000000180025095e-35 1.0000000180025095e-35 1.0000000180025095e-35 1.0000000180025095e-35 1.0000000180025095e-35 2.7310061454772954 15.034907817840578 1.0000000180025095e-35 5.5947980880737314 -0.34367632865905756 -0.53289222717285145 3.2950034141540532 2.8350445032119755 1.0000000180025095e-35 0.72499811649322521 1.0000000180025095e-35 1.0000000180025095e-35 1.0000000180025095e-35 1.0000000180025095e-35 1.0000000180025095e-35 1.0000000180025095e-35 1.0000000180025095e-35 -0.48695717751979822 1.0000000180025095e-35 1.0000000180025095e-35 1.0000000180025095e-35 1.0000000180025095e-35 1.0000000180025095e-35
decision_type=2 2 2 2 2 2 2 2 2 2 2 2 2 2 2 2 2 2 2 2 2 2 2 2 2 2 2 2 2 2
left_child=1 2 26 6 5 7 10 -5 9 19 12 -12 13 14 -2 16 18 -17 -13 20 -8 -21 23 -20 -14 -26 27 28 29 -1
right_child=3 -3 -4 4 -6 -7 8 -9 -10 -11 11 15 24 -15 -16 17 -18 -19 22 21 -22 -23 -24 -25 25 -27 -28 -29 -30 -31
leaf_value=0.014117228522900316 0.039892597883955723 -0.041578395506904481 0.075413518260185095 0.073264339699242162 0.11977634991183482 0.038629573441695007 -0.050703205402817343 -0.013481802461163052 0.052070319906010853 -0.060709441699382041 0.1723068931809601 0.10230875057308919 -0.099675345890236466 0.1075257108894959 -0.10252319787746628 -0.014441531907287676 -0.019726548558317701 0.057218267080755419 0.050624525328008818 0.039919636855182711 0.055979605934175197 -0.080692143394389071 0.0056626255651504257 0.1545165699285192 0.040635350212746515 -0.065329308901563757 -0.068092673904943654 -0.029817148878938479 -0.023885512749300779 0.13851018769951604
leaf_weight=55.575984738767147 11.475704789161687 119.50776342302561 4.8682822212576857 7.6352488547563544 5.435721591114997 32.788906544446945 20.608988851308823 126.52103672921658 19.473208457231522 16.484842255711555 4.9554604291915885 26.204508528113365 5.8697531074285534 11.07005102932453 5.2864730805158606 30.787455603480339 10.757723942399023 19.59469448029995 14.446103006601335 42.785860314965248 8.1179370284080523 4.9879371970891944 13.695192381739615 4.8262187093496314 8.388794392347334 5.9866817295551291 13.470497921109198 86.47044862806797 50.651866182684898 2.9472965225577346
leaf_count=418 48 1236 35 32 23 140 89 547 83 71 21 113 25 47 23 132 46 83 63 183 34 21 58 20 35 25 114 716 403 22
internal_value=-0.000745564 -0.0243316 -0.0146994 0.0164216 0.0044747 0.000720484 0.0236274 -0.00854481 0.00647523 -0.00307338 0.034755 0.0443353 0.00979317 0.0397426 -0.00502264 0.0390643 0.0575341 0.0134285 0.0715804 0.00934639 -0.0205557 0.0273269 0.0471558 0.0766414 -0.0313799 -0.00349374 -0.0167973 -0.0132655 -0.000156046 0.0203818
internal_weight=791.677 333.492 213.984 458.185 172.381 166.945 285.804 134.156 112.459 92.9856 173.345 125.267 48.0775 27.8322 16.7622 120.312 69.9297 50.3822 59.172 76.5007 28.7269 47.7738 32.9675 19.2723 20.2452 14.3755 209.116 195.646 109.175 58.5233
internal_count=4906 2944 1708 1962 742 719 1220 579 481 398 739 536 203 118 71 515 300 215 254 327 123 204 141 83 85 60 1673 1559 843 440
is_linear=0
shrinkage=0.1


Tree=17
num_leaves=31
num_cat=0
split_feature=14 7 7 167 26 6 222 0 12 68 11 40 8 79 15 83 6 67 73 0 5 34 133 81 1 1 0 13 95 62
split_gain=26.3084 5.52251 4.04789 3.95718 5.46874 6.42861 3.88023 3.58944 3.26139 3.04106 2.86959 3.69087 3.36588 5.62148 2.96146 5.28267 3.15758 2.82054 2.78698 3.07545 4.02533 4.35484 3.43157 4.77939 2.73581 10.5508 5.44008 4.15649 7.05793 4.61807
threshold=1.0000000180025095e-35 1.0000000180025095e-35 1.0000000180025095e-35 1.0000000180025095e-35 1.0000000180025095e-35 1.0000000180025095e-35 1.0000000180025095e-35 17.548254966735843 1.0000000180025095e-35 1.0000000180025095e-35 1.0000000180025095e-35 1.0000000180025095e-35 1.0000000180025095e-35 1.0000000180025095e-35 1.0000000180025095e-35 1.0000000180025095e-35 1.0000000180025095e-35 1.0000000180025095e-35 1.0000000180025095e-35 15.034907817840578 1.0000000180025095e-35 1.0000000180025095e-35 1.0000000180025095e-35 1.0000000180025095e-35 0.19841813296079638 0.16662864387035373 11.741273403167726 1.0000000180025095e-35 1.0000000180025095e-35 1.0000000180025095e-35
decision_type=2 2 2 2 2 2 2 2 2 2 2 2 2 2 2 2 2 2 2 2 2 2 2 2 2 2 2 2 2 2
left_child=1 3 8 7 5 -5 10 24 18 -9 14 12 13 -12 -3 -16 -17 -13 19 20 21 22 23 -2 25 27 -26 28 -1 -29
right_child=2 6 -4 4 -6 -7 -8 9 -10 -11 11 17 -14 -15 15 16 -18 -19 -20 -21 -22 -23 -24 -25 26 -27 -28 29 -30 -31
leaf_value=-0.0068567490072367013 -0.030117945151445641 -0.077048401929660476 0.0025036046366111483 0.015289938081770864 -0.04279716925862817 0.23447390332165657 0.10377066660373094 0.12903661096960678 0.0084822086261239441 -0.0038840781408977787 -0.029722094316279448 0.093703512412688234 -0.073703330074815276 0.12990676697807102 -0.052950397806032348 -0.01889095119449551 0.14909873351755221 -0.028811331793830636 0.047226628904497178 0.059654421958306336 -0.010609204272547391 0.086887257181594277 0.060666004810551878 0.046778674942377169 -0.10034191546136509 0.14252112493603117 -0.022618784109295118 -0.0047723950284729423 0.12285868275342658 -0.065520707066199058
leaf_weight=60.404385536909103 20.270879685878754 33.995180249214172 169.59484152495861 2.9206461459398252 3.6508032530546188 2.4696232602000237 1.8335306793451298 3.0729849636554709 110.58269017934799 3.9129358977079391 23.981133788824085 4.2059940993785849 15.530458822846411 2.429623268544673 21.070112518966202 2.1971018314361563 2.280007503926754 3.3966586738824844 63.135528579354286 17.511397287249565 39.247198298573494 11.194009333848951 13.214289650321005 13.442897304892538 10.319132268428801 4.441586695611476 70.738379240036011 24.199566878378391 4.5076560303568831 25.91463078558445
leaf_count=459 83 438 766 23 29 20 17 20 465 28 238 31 162 20 261 27 22 28 260 72 161 46 54 55 85 31 582 181 36 206
internal_value=-0.000705268 -0.0223507 0.0147647 -0.0130566 0.0517057 0.115712 -0.0404957 -0.0158783 0.02197 0.0545854 -0.0429205 -0.0251401 -0.0367608 -0.0150372 -0.0577152 -0.031989 0.0666593 0.0389672 0.0303485 0.0210727 0.014134 0.030842 0.0174732 0.000543507 -0.0183331 -0.00871187 -0.0325134 -0.0145515 0.00215102 -0.036186
internal_weight=785.666 327.472 458.194 216.552 9.04107 5.39027 110.92 207.511 288.599 6.98592 109.086 49.5439 41.9412 26.4108 59.5424 25.5472 4.47711 7.60265 178.016 114.881 97.3693 58.1221 46.9281 33.7138 200.525 119.468 81.0575 115.026 64.912 50.1142
internal_count=4906 2944 1962 1700 72 43 1244 1628 1196 48 1227 479 420 258 748 310 49 59 731 471 399 238 192 138 1580 913 667 882 495 387
is_linear=0
shrinkage=0.1


Tree=18
num_leaves=31
num_cat=0
split_feature=14 9 144 6 0 1 61 1 93 1 9 16 12 0 55 13 8 105 65 6 195 7 76 12 8 168 13 68 0 8
split_gain=21.7041 5.43424 4.41964 4.50175 4.93623 7.08955 5.06237 4.55907 4.35706 4.64369 3.39836 3.11883 5.03796 4.23373 3.75168 3.18601 3.405 3.10187 3.10031 3.82933 2.9952 3.73543 3.11243 2.92763 4.17018 2.89226 2.97609 5.08098 4.62834 4.05315
threshold=1.0000000180025095e-35 1.0000000180025095e-35 1.0000000180025095e-35 1.0000000180025095e-35 9.6605067253112811 0.17408167570829394 1.0000000180025095e-35 -0.052095215767621987 1.0000000180025095e-35 0.94737243652343761 1.0000000180025095e-35 1.0000000180025095e-35 1.0000000180025095e-35 3.9917863607406621 1.0000000180025095e-35 1.0000000180025095e-35 1.0000000180025095e-35 1.0000000180025095e-35 1.0000000180025095e-35 1.0000000180025095e-35 1.0000000180025095e-35 1.0000000180025095e-35 1.0000000180025095e-35 1.0000000180025095e-35 1.0000000180025095e-35 1.0000000180025095e-35 1.0000000180025095e-35 1.0000000180025095e-35 7.2210814952850351 1.0000000180025095e-35
decision_type=2 2 2 2 2 2 2 2 2 2 2 2 2 2 2 2 2 2 2 2 2 2 2 2 2 2 2 2 2 2
left_child=1 2 3 -1 7 6 -6 11 9 -7 18 13 15 14 -5 16 -13 20 25 -20 21 22 -3 -15 -25 26 28 -28 -2 -29
right_child=10 17 -4 4 5 8 -8 -9 -10 -11 -12 12 -14 23 -16 -17 -18 -19 19 -21 -22 -23 -24 24 -26 -27 27 29 -30 -31
leaf_value=-0.025649435349780404 0.011696605672491036 -0.027228366297766399 0.12298494359957367 0.086689456380919405 0.040957623910661829 -0.0080104359864576497 0.24285465834010803 -0.10096361302085458 0.12420708360081789 0.11293701213198688 0.0014386543113568168 0.16812150193563163 -0.066045867372903008 -0.098877441949942482 -0.057420753859968282 -0.010073324053705292 0.03683709472890466 -0.11330270386382518 -0.067484657783657517 0.030832629925763484 0.06963481155551883 -0.062217625586171346 0.090785437137092473 0.062972028980145839 -0.1126924778815851 -0.028057667760346097 0.00086244346738370613 0.020041441043496117 0.046281011236926711 0.10903491825577485
leaf_weight=110.65693663060665 63.89950130879879 72.309879034757614 2.4480375200510016 4.5581560656428364 2.5095737576484671 32.21988769620657 2.458634041249752 5.8722114190459243 3.2875206619501105 3.5214023217558852 158.23911565542221 3.6224812939763087 4.364975854754447 8.8020231276750547 2.9924735501408577 4.3262363448739052 4.3453564196825027 5.1567764952778807 8.8079801499843615 7.1997142136096945 2.7214429080486289 37.649394243955612 2.306043066084384 3.4105223566293708 2.2383458018302917 11.104923352599142 89.231723129749298 12.999303296208382 98.107003644108772 8.440779834985733
leaf_count=965 270 653 20 36 22 269 19 52 26 21 702 22 48 70 27 30 32 55 38 30 26 475 17 36 23 48 375 54 410 35
internal_value=-0.000688533 -0.0205927 -0.0105614 -0.0122027 0.00460485 0.0283613 0.140871 -0.0188658 0.0140392 0.00390588 0.0132947 -0.00639581 0.0262451 -0.0311108 0.0295755 0.0590128 0.096524 -0.0374281 0.0195527 -0.0232649 -0.0340254 -0.0365383 -0.0235811 -0.0628196 -0.00663447 0.021968 0.0240053 0.0113653 0.03264 0.0550774
internal_weight=779.808 321.778 201.635 199.187 88.5298 43.997 4.96821 44.5328 39.0288 35.7413 458.03 38.6606 16.659 22.0015 7.55063 12.2941 7.96784 120.144 299.791 16.0077 114.987 112.265 74.6159 14.4509 5.64887 283.783 272.678 110.672 162.007 21.4401
internal_count=4906 2944 1718 1698 733 357 41 376 316 290 1962 324 132 192 63 84 54 1226 1260 68 1171 1145 670 129 59 1192 1144 464 680 89
is_linear=0
shrinkage=0.1


Tree=19
num_leaves=31
num_cat=0
split_feature=14 12 150 1 9 61 7 78 21 9 108 168 178 93 16 51 0 10 0 0 74 11 0 0 63 35 45 55 67 0
split_gain=17.8815 4.92327 4.37127 3.67847 3.5802 3.86885 3.4179 3.36624 4.30094 3.15527 3.24627 3.04397 2.96115 2.95833 2.83428 3.37089 3.20486 6.43613 2.99405 5.11137 2.80821 5.28311 4.2107 6.24743 3.60481 3.59254 3.57154 4.67337 5.12156 3.36629
threshold=1.0000000180025095e-35 1.0000000180025095e-35 1.0000000180025095e-35 -0.46931324899196619 1.0000000180025095e-35 1.0000000180025095e-35 1.0000000180025095e-35 1.0000000180025095e-35 1.0000000180025095e-35 1.0000000180025095e-35 1.0000000180025095e-35 1.0000000180025095e-35 1.0000000180025095e-35 1.0000000180025095e-35 1.0000000180025095e-35 1.0000000180025095e-35 11.623545169830324 1.0000000180025095e-35 7.1540040969848642 4.7556469440460214 1.0000000180025095e-35 1.0000000180025095e-35 8.2067074775695819 13.474332809448244 1.0000000180025095e-35 1.0000000180025095e-35 1.0000000180025095e-35 1.0000000180025095e-35 1.0000000180025095e-35 6.3449692726135263
decision_type=2 2 2 2 2 2 2 2 2 2 2 2 2 2 2 2 2 2 2 2 2 2 2 2 2 2 2 2 2 2
left_child=1 2 4 -3 12 14 -2 9 -9 13 -11 -7 20 -5 -6 16 17 18 19 -16 22 -22 29 26 25 -25 27 -24 -29 -1
right_child=6 3 -4 7 5 11 -8 8 -10 10 -12 -13 -14 -15 15 -17 -18 -19 -20 -21 21 -23 23 24 -26 -27 -28 28 -30 -31
leaf_value=-8.1442195213614839e-06 0.018602259976060905 -0.074857291350819102 0.12519989121528924 -0.025008319539003749 -0.034635750662568833 -0.074980099658495655 0.0007249428807000576 -0.068191700348593384 0.10241447411561855 -0.069532675526799023 0.049965441150143092 0.045350626823439051 0.089801563173348545 0.066171794373100126 -0.085116687786817385 -0.067866588381900531 0.14025754662269407 0.095640343679561604 -0.095503449831206289 0.088870719965453149 -0.058834818044974591 0.013034628446397646 0.19240899899122629 -0.050586214726934191 0.091380309310356622 0.063080859599845843 0.013422787006294085 -0.025409183198819015 0.12004660346070817 -0.068553470474282369
leaf_weight=29.985217057168484 287.93305799365044 19.861463196575642 2.3729325011372557 52.36595357209444 29.115817591547966 20.64057140797377 170.13504306972027 2.2845333665609351 4.1837493628263474 26.681965690106157 2.4850593693554393 2.3406639806926242 3.4930377751588813 3.8177478089928618 3.0707790553569883 4.3611223697662345 2.298956185579299 6.2842102795839301 4.3651945218443871 3.7510722354054451 21.671224012970924 19.370722368359566 3.744893141090869 14.007371939718729 2.9561213329434386 3.4692253172397605 8.1069621816277504 4.0484611317515373 6.0205845087766647 9.4140699505805951
leaf_count=214 1196 244 18 545 308 215 766 25 44 317 29 19 23 32 27 46 19 46 38 29 187 138 25 102 20 23 63 31 42 75
internal_value=-0.00066827 -0.0189444 -0.0097373 -0.0358357 -0.0113184 -0.0284322 0.0119623 -0.0273949 0.0421581 -0.0326659 -0.0593513 -0.0627243 -0.000988366 -0.0188125 -0.0136319 0.0117105 0.0292645 0.0146594 -0.0308308 0.0105523 -0.00357099 -0.0249143 0.00714389 0.0290328 -0.0107478 -0.0280225 0.0661128 0.0970349 0.0615632 -0.0163864
internal_weight=774.638 316.57 204.889 111.68 202.516 76.2284 458.068 91.819 6.46828 85.3507 29.167 22.9812 126.288 56.1837 53.2472 24.1313 19.7702 17.4713 11.187 6.82185 122.795 41.0419 81.7529 42.3536 20.4327 17.4766 21.9209 13.8139 10.069 39.3993
internal_count=4906 2944 1708 1236 1690 747 1962 992 69 923 346 234 943 577 513 205 159 140 94 56 920 325 595 306 145 125 161 98 73 289
is_linear=0
shrinkage=0.1


Tree=20
num_leaves=31
num_cat=0
split_feature=14 7 222 146 0 13 101 68 8 0 42 0 51 39 5 1 7 1 0 0 1 1 0 0 12 16 15 26 16 61
split_gain=14.768 4.41857 3.28603 3.21347 4.16515 3.41055 6.27398 4.86405 4.28069 3.86791 3.9155 3.75759 5.39082 3.71666 3.46198 3.53874 5.24614 4.52011 3.45868 4.55964 6.31286 5.02399 7.57407 5.4287 4.52125 6.14749 3.32096 3.29314 4.2899 4.03838
threshold=1.0000000180025095e-35 1.0000000180025095e-35 1.0000000180025095e-35 1.0000000180025095e-35 2.2505134344100957 1.0000000180025095e-35 1.0000000180025095e-35 1.0000000180025095e-35 1.0000000180025095e-35 13.096509456634523 1.0000000180025095e-35 15.034907817840578 1.0000000180025095e-35 1.0000000180025095e-35 1.0000000180025095e-35 -0.045250589028000825 1.0000000180025095e-35 -0.46444596350193018 16.735113143920902 5.5947980880737314 -0.34367632865905756 -0.53289222717285145 3.2950034141540532 2.8350445032119755 1.0000000180025095e-35 1.0000000180025095e-35 1.0000000180025095e-35 1.0000000180025095e-35 1.0000000180025095e-35 1.0000000180025095e-35
decision_type=2 2 2 2 2 2 2 2 2 2 2 2 2 2 2 2 2 2 2 2 2 2 2 2 2 2 2 2 2 2
left_child=1 -1 -3 4 -2 8 7 -7 18 -9 13 12 14 -11 -10 16 17 -16 19 21 -21 22 23 -6 27 -26 -27 -22 -29 -30
right_child=3 2 -4 -5 5 6 -8 9 11 10 -12 -13 -14 -15 15 -17 -18 -19 -20 20 24 -23 -24 -25 25 26 -28 28 29 -31
leaf_value=-0.009096966199461742 0.077577728536245144 -0.036867728856524694 0.096223315236966395 -0.06797410993985735 0.03891371558664939 -0.013190299478524101 0.10461059240154379 0.11171378962250962 -0.012704682678276562 0.071312020725455463 -0.036494812448079984 0.041360788435363692 -0.058948113522599391 -0.030588522672733168 0.10386646798134272 0.071554108255007493 -0.088609521585108042 -0.02482667302422982 -0.029822963012636025 0.15124247105774424 0.078514959261334699 -0.033887344220469927 0.093976137981955657 -0.09741854315677978 -0.01731633343862286 0.096713929494444309 0.010349268137224893 0.06382219287812782 0.034196114398485009 -0.070547769117095024
leaf_weight=208.70826105028391 9.3851865679025632 100.95199779048562 1.8898589238524426 5.1255178898572913 6.6627793908119219 129.74678644537926 5.4419915080070487 4.9313203990459433 44.733349591493607 12.906335011124613 9.4685827642679232 19.535489574074745 16.353087618947029 4.9529047757387152 5.3425246328115454 12.561924546957014 4.6598894149065009 5.5794830918312099 10.029712677001951 4.9821822792291632 28.651299595832825 19.882914528250694 11.137127697467802 5.200560450553894 27.790245205163956 9.8627236783504486 8.1163875609636307 19.688906118273735 9.4689072817563993 6.0216936171054831
leaf_count=1700 39 1227 17 22 28 560 23 21 192 54 41 83 71 21 22 54 21 23 43 21 124 84 47 23 119 41 34 85 40 26
internal_value=-0.000658848 -0.0174567 -0.034422 0.0107622 0.0116529 0.0102585 -0.00100265 -0.00455034 0.0170841 0.0301997 0.0154905 0.00163684 -0.00706006 0.0430519 0.00458323 0.0320616 0.000223246 0.0381239 0.0271151 0.0307417 0.0411519 0.00292625 0.03475 -0.0208506 0.0361474 0.0121618 0.057726 0.0533461 0.0328479 -0.00652119
internal_weight=769.77 311.55 102.842 458.22 453.094 443.709 167.448 162.006 276.261 32.2591 27.3278 108.766 89.2303 17.8592 72.8772 28.1438 15.5819 10.922 167.495 157.466 114.582 42.8834 23.0005 11.8633 109.6 45.7694 17.9791 63.8308 35.1795 15.4906
internal_count=4906 2944 1244 1962 1940 1901 720 697 1181 137 116 466 383 75 312 120 66 45 715 672 490 182 98 51 469 194 75 275 151 66
is_linear=0
shrinkage=0.1


Tree=21
num_leaves=31
num_cat=0
split_feature=14 12 1 150 9 61 195 9 10 0 83 99 60 34 1 11 108 9 168 105 0 1 11 15 26 10 8 65 6 85
split_gain=12.0851 4.25119 3.40925 3.35319 3.06453 3.42534 2.91661 3.6092 3.7612 3.76691 4.10769 3.72695 4.80402 3.70495 3.31577 5.38651 3.26345 2.86182 2.69057 2.67905 2.93254 3.94505 4.02686 4.82369 3.82216 3.19284 2.67831 2.62054 3.12411 2.76117
threshold=1.0000000180025095e-35 1.0000000180025095e-35 -0.46931324899196619 1.0000000180025095e-35 1.0000000180025095e-35 1.0000000180025095e-35 1.0000000180025095e-35 1.0000000180025095e-35 1.0000000180025095e-35 12.581793308258058 1.0000000180025095e-35 1.0000000180025095e-35 1.0000000180025095e-35 1.0000000180025095e-35 0.7774735987186433 1.0000000180025095e-35 1.0000000180025095e-35 1.0000000180025095e-35 1.0000000180025095e-35 1.0000000180025095e-35 16.425735473632816 0.73214691877365123 1.0000000180025095e-35 1.0000000180025095e-35 1.0000000180025095e-35 1.0000000180025095e-35 1.0000000180025095e-35 1.0000000180025095e-35 1.0000000180025095e-35 1.0000000180025095e-35
decision_type=2 2 2 2 2 2 2 2 2 2 2 2 2 2 2 2 2 2 2 2 2 2 2 2 2 2 2 2 2 2
left_child=1 3 -3 4 -1 19 7 8 14 11 26 12 13 -10 15 -4 -9 27 -7 20 21 22 23 -6 -25 -26 -11 29 -29 -2
right_child=17 2 6 -5 5 18 -8 16 9 10 -12 -13 -14 -15 -16 -17 -18 -19 -20 -21 -22 -23 -24 24 25 -27 -28 28 -30 -31
leaf_value=0.00074812354517156409 0.019085834598450424 -0.071201663374471674 -0.086045648088131144 0.107233867046793 -0.013516110838070526 -0.070927652518687156 0.081741083966546488 -0.066922560757974106 0.066641193898820492 -0.1107335030159111 0.10410170934931368 -0.069177916589832494 0.11911355205384072 -0.11123649270349784 0.047152730053748523 0.0003893024158299884 0.054649546205724403 -0.0011687502478506448 0.041860035156344261 -0.11339393413614909 -0.087118098038582878 0.13837156205981871 -0.039812548200832375 0.15260623220041461 -0.050858872154030503 0.1014497378815938 0.0067578934257194996 -0.064383349297063228 0.02474645734793722 -0.051476414466756638
leaf_weight=124.50910164415836 277.35512390732765 18.401629082858562 15.865270588546991 2.5218236818909636 15.053309816867113 19.192859478294853 2.5385769307613364 25.6469318009913 2.7789176627993601 4.6797201931476575 1.829011373221874 2.2664627805352202 7.7060705348849297 2.0236670598387718 4.3171292319893828 13.215711154043674 2.4160581417381755 158.39431713521481 2.37699295207858 2.4393107220530501 4.0922739021480075 2.005975190550088 18.858347825706005 3.9545374736189842 2.8098632209002972 2.6978090479969978 3.3143294900655746 8.6963493227958661 7.179094433784484 5.6587357074022284
leaf_count=943 1168 244 184 18 145 215 23 328 28 55 17 23 75 23 41 134 28 702 19 28 46 24 190 31 25 24 33 38 30 24
internal_value=-0.000610026 -0.015939 -0.0320345 -0.00734999 -0.00880946 -0.0250041 -0.0238996 -0.0270158 -0.0127704 0.0169034 -0.0310902 0.0488113 0.07019 -0.0083112 -0.0346256 -0.0467657 -0.0564559 0.00969835 -0.0584985 -0.0110868 -0.00604239 0.00126888 -0.00507191 0.021652 0.0776005 0.0237461 -0.0620216 0.0154573 -0.0240776 0.017675
internal_weight=764.795 307.512 106.999 200.512 197.99 73.4813 88.5979 86.0593 57.9963 24.5982 9.82306 14.7751 12.5087 4.80258 33.3981 29.081 28.063 457.284 21.5699 51.9114 49.4721 45.3798 43.3739 24.5155 9.46221 5.50767 7.99405 298.889 15.8754 283.014
internal_count=4906 2944 1236 1708 1690 747 992 969 613 254 105 149 126 51 359 318 356 1962 234 513 485 439 415 225 80 49 88 1260 68 1192
is_linear=0
shrinkage=0.1


end of trees

feature_importances:
Column_0=97
Column_9=47
Column_12=36
Column_7=35
Column_11=28
Column_1=26
Column_8=26
Column_13=26
Column_14=22
Column_6=16
Column_73=16
Column_16=13
Column_67=12
Column_61=11
Column_26=9
Column_10=8
Column_15=8
Column_55=8
Column_99=8
Column_21=7
Column_93=7
Column_34=6
Column_68=6
Column_78=6
Column_81=6
Column_82=6
Column_83=6
Column_84=6
Column_135=6
Column_168=6
Column_5=5
Column_24=5
Column_40=5
Column_42=5
Column_45=5
Column_53=5
Column_65=5
Column_35=4
Column_79=4
Column_105=4
Column_127=4
Column_167=4
Column_44=3
Column_50=3
Column_51=3
Column_54=3
Column_60=3
Column_74=3
Column_87=3
Column_108=3
Column_129=3
Column_134=3
Column_174=3
Column_22=2
Column_36=2
Column_39=2
Column_62=2
Column_63=2
Column_76=2
Column_86=2
Column_101=2
Column_113=2
Column_128=2
Column_150=2
Column_177=2
Column_178=2
Column_195=2
Column_222=2
Column_23=1
Column_31=1
Column_32=1
Column_33=1
Column_41=1
Column_59=1
Column_69=1
Column_71=1
Column_85=1
Column_95=1
Column_98=1
Column_104=1
Column_130=1
Column_133=1
Column_137=1
Column_143=1
Column_144=1
Column_146=1
Column_194=1
Column_223=1
Column_224=1
Column_262=1

parameters:
[boosting: gbdt]
[objective: binary]
[metric: binary_logloss]
[tree_learner: serial]
[device_type: cpu]
[data_sample_strategy: bagging]
[data: ]
[valid: ]
[num_iterations: 300]
[learning_rate: 0.1]
[num_leaves: 31]
[num_threads: 0]
[seed: 0]
[deterministic: 0]
[force_col_wise: 0]
[force_row_wise: 0]
[histogram_pool_size: -1]
[max_depth: -1]
[min_data_in_leaf: 20]
[min_sum_hessian_in_leaf: 0.001]
[bagging_fraction: 1]
[pos_bagging_fraction: 1]
[neg_bagging_fraction: 1]
[bagging_freq: 0]
[bagging_seed: 7719]
[bagging_by_query: 0]
[feature_fraction: 1]
[feature_fraction_bynode: 1]
[feature_fraction_seed: 2437]
[extra_trees: 0]
[extra_seed: 11797]
[early_stopping_round: 0]
[early_stopping_min_delta: 0]
[first_metric_only: 0]
[max_delta_step: 0]
[lambda_l1: 0]
[lambda_l2: 0]
[linear_lambda: 0]
[min_gain_to_split: 0]
[drop_rate: 0.1]
[max_drop: 50]
[skip_drop: 0.5]
[xgboost_dart_mode: 0]
[uniform_drop: 0]
[drop_seed: 21238]
[top_rate: 0.2]
[other_rate: 0.1]
[min_data_per_group: 100]
[max_cat_threshold: 32]
[cat_l2: 10]
[cat_smooth: 10]
[max_cat_to_onehot: 4]
[top_k: 20]
[monotone_constraints: ]
[monotone_constraints_method: basic]
[monotone_penalty: 0]
[feature_contri: ]
[forcedsplits_filename: ]
[refit_decay_rate: 0.9]
[cegb_tradeoff: 1]
[cegb_penalty_split: 0]
[cegb_penalty_feature_lazy: ]
[cegb_penalty_feature_coupled: ]
[path_smooth: 0]
[interaction_constraints: ]
[verbosity: -1]
[saved_feature_importance_type: 0]
[use_quantized_grad: 0]
[num_grad_quant_bins: 4]
[quant_train_renew_leaf: 0]
[stochastic_rounding: 1]
[linear_tree: 0]
[max_bin: 255]
[max_bin_by_feature: ]
[min_data_in_bin: 3]
[bin_construct_sample_cnt: 200000]
[data_random_seed: 38]
[is_enable_sparse: 1]
[enable_bundle: 1]
[use_missing: 1]
[zero_as_missing: 0]
[feature_pre_filter: 1]
[pre_partition: 0]
[two_round: 0]
[header: 0]
[label_column: ]
[weight_column: ]
[group_column: ]
[ignore_column: ]
[categorical_feature: ]
[forcedbins_filename: ]
[precise_float_parser: 0]
[parser_config_file: ]
[objective_seed: 8855]
[num_class: 1]
[is_unbalance: 0]
[scale_pos_weight: 1]
[sigmoid: 1]
[boost_from_average: 1]
[reg_sqrt: 0]
[alpha: 0.9]
[fair_c: 1]
[poisson_max_delta_step: 0.7]
[tweedie_variance_power: 1.5]
[lambdarank_truncation_level: 30]
[lambdarank_norm: 1]
[label_gain: ]
[lambdarank_position_bias_regularization: 0]
[eval_at: ]
[multi_error_top_k: 1]
[auc_mu_weights: ]
[num_machines: 1]
[local_listen_port: 12400]
[time_out: 120]
[machine_list_filename: ]
[machines: ]
[gpu_platform_id: -1]
[gpu_device_id: -1]
[gpu_device_id_list: ]
[gpu_use_dp: 0]
[num_gpu: 1]

end of parameters

pandas_categorical:null
