tree
version=v4
num_class=1
num_tree_per_iteration=1
label_index=0
max_feature_idx=567
objective=binary sigmoid:1
feature_names=Column_0 Column_1 Column_2 Column_3 Column_4 Column_5 Column_6 Column_7 Column_8 Column_9 Column_10 Column_11 Column_12 Column_13 Column_14 Column_15 Column_16 Column_17 Column_18 Column_19 Column_20 Column_21 Column_22 Column_23 Column_24 Column_25 Column_26 Column_27 Column_28 Column_29 Column_30 Column_31 Column_32 Column_33 Column_34 Column_35 Column_36 Column_37 Column_38 Column_39 Column_40 Column_41 Column_42 Column_43 Column_44 Column_45 Column_46 Column_47 Column_48 Column_49 Column_50 Column_51 Column_52 Column_53 Column_54 Column_55 Column_56 Column_57 Column_58 Column_59 Column_60 Column_61 Column_62 Column_63 Column_64 Column_65 Column_66 Column_67 Column_68 Column_69 Column_70 Column_71 Column_72 Column_73 Column_74 Column_75 Column_76 Column_77 Column_78 Column_79 Column_80 Column_81 Column_82 Column_83 Column_84 Column_85 Column_86 Column_87 Column_88 Column_89 Column_90 Column_91 Column_92 Column_93 Column_94 Column_95 Column_96 Column_97 Column_98 Column_99 Column_100 Column_101 Column_102 Column_103 Column_104 Column_105 Column_106 Column_107 Column_108 Column_109 Column_110 Column_111 Column_112 Column_113 Column_114 Column_115 Column_116 Column_117 Column_118 Column_119 Column_120 Column_121 Column_122 Column_123 Column_124 Column_125 Column_126 Column_127 Column_128 Column_129 Column_130 Column_131 Column_132 Column_133 Column_134 Column_135 Column_136 Column_137 Column_138 Column_139 Column_140 Column_141 Column_142 Column_143 Column_144 Column_145 Column_146 Column_147 Column_148 Column_149 Column_150 Column_151 Column_152 Column_153 Column_154 Column_155 Column_156 Column_157 Column_158 Column_159 Column_160 Column_161 Column_162 Column_163 Column_164 Column_165 Column_166 Column_167 Column_168 Column_169 Column_170 Column_171 Column_172 Column_173 Column_174 Column_175 Column_176 Column_177 Column_178 Column_179 Column_180 Column_181 Column_182 Column_183 Column_184 Column_185 Column_186 Column_187 Column_188 Column_189 Column_190 Column_191 Column_192 Column_193 Column_194 Column_195 Column_196 Column_197 Column_198 Column_199 Column_200 Column_201 Column_202 Column_203 Column_204 Column_205 Column_206 Column_207 Column_208 Column_209 Column_210 Column_211 Column_212 Column_213 Column_214 Column_215 Column_216 Column_217 Column_218 Column_219 Column_220 Column_221 Column_222 Column_223 Column_224 Column_225 Column_226 Column_227 Column_228 Column_229 Column_230 Column_231 Column_232 Column_233 Column_234 Column_235 Column_236 Column_237 Column_238 Column_239 Column_240 Column_241 Column_242 Column_243 Column_244 Column_245 Column_246 Column_247 Column_248 Column_249 Column_250 Column_251 Column_252 Column_253 Column_254 Column_255 Column_256 Column_257 Column_258 Column_259 Column_260 Column_261 Column_262 Column_263 Column_264 Column_265 Column_266 Column_267 Column_268 Column_269 Column_270 Column_271 Column_272 Column_273 Column_274 Column_275 Column_276 Column_277 Column_278 Column_279 Column_280 Column_281 Column_282 Column_283 Column_284 Column_285 Column_286 Column_287 Column_288 Column_289 Column_290 Column_291 Column_292 Column_293 Column_294 Column_295 Column_296 Column_297 Column_298 Column_299 Column_300 Column_301 Column_302 Column_303 Column_304 Column_305 Column_306 Column_307 Column_308 Column_309 Column_310 Column_311 Column_312 Column_313 Column_314 Column_315 Column_316 Column_317 Column_318 Column_319 Column_320 Column_321 Column_322 Column_323 Column_324 Column_325 Column_326 Column_327 Column_328 Column_329 Column_330 Column_331 Column_332 Column_333 Column_334 Column_335 Column_336 Column_337 Column_338 Column_339 Column_340 Column_341 Column_342 Column_343 Column_344 Column_345 Column_346 Column_347 Column_348 Column_349 Column_350 Column_351 Column_352 Column_353 Column_354 Column_355 Column_356 Column_357 Column_358 Column_359 Column_360 Column_361 Column_362 Column_363 Column_364 Column_365 Column_366 Column_367 Column_368 Column_369 Column_370 Column_371 Column_372 Column_373 Column_374 Column_375 Column_376 Column_377 Column_378 Column_379 Column_380 Column_381 Column_382 Column_383 Column_384 Column_385 Column_386 Column_387 Column_388 Column_389 Column_390 Column_391 Column_392 Column_393 Column_394 Column_395 Column_396 Column_397 Column_398 Column_399 Column_400 Column_401 Column_402 Column_403 Column_404 Column_405 Column_406 Column_407 Column_408 Column_409 Column_410 Column_411 Column_412 Column_413 Column_414 Column_415 Column_416 Column_417 Column_418 Column_419 Column_420 Column_421 Column_422 Column_423 Column_424 Column_425 Column_426 Column_427 Column_428 Column_429 Column_430 Column_431 Column_432 Column_433 Column_434 Column_435 Column_436 Column_437 Column_438 Column_439 Column_440 Column_441 Column_442 Column_443 Column_444 Column_445 Column_446 Column_447 Column_448 Column_449 Column_450 Column_451 Column_452 Column_453 Column_454 Column_455 Column_456 Column_457 Column_458 Column_459 Column_460 Column_461 Column_462 Column_463 Column_464 Column_465 Column_466 Column_467 Column_468 Column_469 Column_470 Column_471 Column_472 Column_473 Column_474 Column_475 Column_476 Column_477 Column_478 Column_479 Column_480 Column_481 Column_482 Column_483 Column_484 Column_485 Column_486 Column_487 Column_488 Column_489 Column_490 Column_491 Column_492 Column_493 Column_494 Column_495 Column_496 Column_497 Column_498 Column_499 Column_500 Column_501 Column_502 Column_503 Column_504 Column_505 Column_506 Column_507 Column_508 Column_509 Column_510 Column_511 Column_512 Column_513 Column_514 Column_515 Column_516 Column_517 Column_518 Column_519 Column_520 Column_521 Column_522 Column_523 Column_524 Column_525 Column_526 Column_527 Column_528 Column_529 Column_530 Column_531 Column_532 Column_533 Column_534 Column_535 Column_536 Column_537 Column_538 Column_539 Column_540 Column_541 Column_542 Column_543 Column_544 Column_545 Column_546 Column_547 Column_548 Column_549 Column_550 Column_551 Column_552 Column_553 Column_554 Column_555 Column_556 Column_557 Column_558 Column_559 Column_560 Column_561 Column_562 Column_563 Column_564 Column_565 Column_566 Column_567
feature_infos=[2.0013689994812012:17.993154525756836] [-0.7776256799697876:0.99923950433731079] none none none [0:1] [0:1] [0:1] [0:1] [0:1] [0:1] [0:1] [0:1] [0:1] [0:1] [0:1] [0:1] [0:1] [0:1] [0:1] [0:1] [0:1] [0:1] [0:1] [0:1] [0:1] [0:1] [0:1] [0:1] [0:1] [0:1] [0:1] [0:1] [0:1] [0:1] [0:1] [0:1] [0:1] [0:1] [0:1] [0:1] [0:1] [0:1] [0:1] [0:1] [0:1] [0:1] [0:1] [0:1] [0:1] [0:1] [0:1] [0:1] [0:1] [0:1] [0:1] [0:1] [0:1] [0:1] [0:1] [0:1] [0:1] [0:1] [0:1] [0:1] [0:1] [0:1] [0:1] [0:1] [0:1] [0:1] [0:1] [0:1] [0:1] [0:1] [0:1] [0:1] [0:1] [0:1] [0:1] [0:1] [0:1] [0:1] [0:1] [0:1] [0:1] [0:1] [0:1] [0:1] [0:1] [0:1] [0:1] [0:1] [0:1] [0:1] [0:1] [0:1] [0:1] [0:1] [0:1] [0:1] [0:1] [0:1] [0:1] [0:1] [0:1] [0:1] [0:1] [0:1] none none none none [0:1] [0:1] none [0:1] none [0:1] none none [0:1] none none none none [0:1] [0:1] [0:1] [0:1] [0:1] none [0:1] [0:1] [0:1] [0:1] none [0:1] [0:1] [0:1] [0:1] [0:1] [0:1] [0:1] [0:1] [0:1] [0:1] [0:1] [0:1] [0:1] [0:1] [0:1] [0:1] [0:1] [0:1] [0:1] [0:1] none none none none none none none none none none [0:1] [0:1] none none none none none [0:1] [0:1] [0:1] [0:1] [0:1] [0:1] [0:1] [0:1] [0:1] [0:1] [0:1] [0:1] [0:1] [0:1] [0:1] [0:1] [0:1] [0:1] [0:1] [0:1] [0:1] [0:1] [0:1] [0:1] [0:1] [0:1] [0:1] [0:1] none none [0:1] [0:1] [0:1] none [0:1] [0:1] [0:1] [0:1] [0:1] none [0:1] none none [0:1] none [0:1] [0:1] [0:1] [0:1] [0:1] [0:1] [0:1] [0:1] [0:1] [0:1] [0:1] [0:1] [0:1] [0:1] [0:1] [0:1] [0:1] [0:1] [0:1] [0:1] [0:1] [0:1] [0:1] [0:1] [0:1] none none none none none none none none none none none none none none none none none [0:1] [0:1] [0:1] [0:1] [0:1] [0:1] [0:1] [0:1] [0:1] [0:1] none [0:1] [0:1] [0:1] [0:1] none [0:1] [0:1] none none none [0:1] [0:1] none none none none none [0:1] [0:1] [0:1] [0:1] [0:1] [0:1] [0:1] none none none [0:1] none [0:1] [0:1] [0:1] none [0:1] [0:1] [0:1] [0:1] none none [0:1] [0:1] none none none none [0:1] [0:1] none none none [0:1] none none [0:1] [0:1] none none [0:1] [0:1] none none none none none none none none none none none none none none none none none none none none none none none none none none none none none none none none none none none none none none none none none none none none none none none none none none none none none none none none none none none none none none none none none none none none none none none none none none none none none none none none none none none none none none none none none none none none none none none none none none none none none none none none none none none none none none none none none none none none none none none none none none none none none none none none none none none none none none none none none none none none none none none none none none none none none none none none none none none none none none none none none none none none none none none none none none none none none none none none none none none none none none none none none none none none none none none none none none none none none none none none none none none none none none none none none none none none none none none none none none none none none none none none none none none none none none none none none none none none none
tree_sizes=3423 3482 3476 3473 3485 3482 3480 3480 3469 3484 3496 3473 3498 3500 3476 3480

Tree=0
num_leaves=31
num_cat=0
split_feature=15 10 11 16 9 11 69 16 11 16 86 6 16 14 13 1 167 14 5 6 81 50 22 130 10 6 0 81 54 60
split_gain=127.072 60.0262 45.9703 29.1611 15.3003 13.3399 11.6917 10.4079 9.07407 14.4137 9.0071 8.93314 8.82216 8.81917 9.59228 8.61311 8.52016 8.04941 7.98147 7.29629 12.1829 8.77452 6.92731 11.1629 7.1742 7.04166 6.68487 6.27071 8.64005 7.28518
threshold=1.0000000180025095e-35 1.0000000180025095e-35 1.0000000180025095e-35 1.0000000180025095e-35 1.0000000180025095e-35 1.0000000180025095e-35 1.0000000180025095e-35 1.0000000180025095e-35 1.0000000180025095e-35 1.0000000180025095e-35 1.0000000180025095e-35 1.0000000180025095e-35 1.0000000180025095e-35 1.0000000180025095e-35 1.0000000180025095e-35 0.75739601254463207 1.0000000180025095e-35 1.0000000180025095e-35 1.0000000180025095e-35 1.0000000180025095e-35 1.0000000180025095e-35 1.0000000180025095e-35 1.0000000180025095e-35 1.0000000180025095e-35 1.0000000180025095e-35 1.0000000180025095e-35 15.585215568542482 1.0000000180025095e-35 1.0000000180025095e-35 1.0000000180025095e-35
decision_type=2 2 2 2 2 2 2 2 2 2 2 2 2 2 2 2 2 2 2 2 2 2 2 2 2 2 2 2 2 2
left_child=1 2 3 10 8 -3 27 16 9 -2 19 -11 -7 -9 -15 22 -4 -14 -12 26 21 -21 24 -24 25 -6 -1 28 29 -5
right_child=4 5 7 6 15 12 -8 13 -10 11 18 -13 17 14 -16 -17 -18 -19 -20 20 -22 -23 23 -25 -26 -27 -28 -29 -30 -31
leaf_value=-1.042841385185256 -1.1443034018485614 -1.0648061408031761 -1.0874765804101059 -0.91098299537172611 -1.0968925397175155 -1.1385523290146506 -1.0128852899429273 -1.0562241888168318 -1.1580230200543822 -1.1094836712897018 -0.82521874885815438 -1.0280570041463193 -1.1090294493725541 -0.92741470386291491 -1.0729526933563014 -1.1657280752887118 -0.95473792794404877 -1.0014383364500685 -1.008576793128549 -0.91570475068528612 -1.0632740585870368 -1.040788341446321 -1.1071174468580647 -0.89228484433002853 -1.1261179718458036 -1.0315759656946899 -1.1499038142378621 -0.9561573162080037 -0.85404614767033804 -1.0647405184005618
leaf_weight=39.852137714624405 87.295158803462982 138.53362157940865 85.966754212975502 11.765869230031965 42.129402726888657 55.792992800474167 18.407892182469368 34.158975183963776 97.163307189941406 37.385100618004799 4.174985855817793 21.064701363444328 20.115840941667557 14.232906326651575 6.6420229524373999 14.043134242296217 5.1238462775945655 10.627236723899843 5.503390446305275 17.079487591981888 18.597664266824722 8.3499717116355914 4.9340741932392103 4.7443021088838577 36.436240196228027 27.137408062815666 6.8317950367927542 31.312393918633461 21.444245532155037 4.1749858558177939
leaf_count=210 460 730 453 62 222 294 97 180 512 197 22 111 106 75 35 74 27 56 29 90 98 44 26 25 192 143 36 165 113 22
internal_value=-1.0743 -1.04414 -1.01722 -0.984447 -1.11955 -1.08405 -0.94211 -1.05927 -1.13435 -1.11857 -1.02118 -1.08014 -1.11485 -1.02493 -0.973722 -1.09178 -1.08001 -1.07184 -0.929481 -1.03097 -1.00176 -0.956777 -1.08278 -1.00181 -1.0902 -1.0713 -1.05851 -0.923145 -0.895495 -0.951253
internal_weight=931.022 558.689 333.619 187.495 372.333 225.07 87.1054 146.125 242.908 145.745 100.389 58.4498 86.5361 55.0339 20.8749 129.425 91.0906 30.7431 9.67838 90.7111 44.0271 25.4295 115.381 9.67838 105.703 69.2668 46.6839 68.6975 37.3851 15.9409
internal_count=4906 2944 1758 988 1962 1186 459 770 1280 768 529 308 456 290 110 682 480 162 51 478 232 134 608 51 557 365 246 362 197 84
is_linear=0
shrinkage=1


Tree=1
num_leaves=31
num_cat=0
split_feature=15 10 11 16 9 11 16 11 16 69 129 6 16 22 79 0 6 81 57 168 14 13 14 0 33 6 12 0 5 84
split_gain=103.67 46.5905 34.2314 20.5974 13.2047 11.0716 8.16003 8.12 12.4364 7.97975 7.61618 8.91002 7.53174 7.3979 7.28042 6.92212 6.79982 8.70416 6.75942 6.64104 6.54029 6.86707 6.38551 6.34291 6.06747 5.77633 5.93848 5.93804 5.60779 8.24218
threshold=1.0000000180025095e-35 1.0000000180025095e-35 1.0000000180025095e-35 1.0000000180025095e-35 1.0000000180025095e-35 1.0000000180025095e-35 1.0000000180025095e-35 1.0000000180025095e-35 1.0000000180025095e-35 1.0000000180025095e-35 1.0000000180025095e-35 1.0000000180025095e-35 1.0000000180025095e-35 1.0000000180025095e-35 1.0000000180025095e-35 4.0835044384002694 1.0000000180025095e-35 1.0000000180025095e-35 1.0000000180025095e-35 1.0000000180025095e-35 1.0000000180025095e-35 1.0000000180025095e-35 1.0000000180025095e-35 15.585215568542482 1.0000000180025095e-35 1.0000000180025095e-35 1.0000000180025095e-35 9.4346337318420428 1.0000000180025095e-35 1.0000000180025095e-35
decision_type=2 2 2 2 2 2 2 2 2 2 2 2 2 2 2 2 2 2 2 2 2 2 2 2 2 2 2 2 2 2
left_child=1 2 3 16 7 -3 19 8 -2 28 11 -6 -7 15 25 -12 23 24 -17 -4 -8 -22 -14 -1 -18 -10 -27 -28 29 -5
right_child=4 5 6 9 10 12 20 -9 14 -11 13 -13 22 -15 -16 18 17 -19 -20 -21 21 -23 -24 -25 -26 26 27 -29 -30 -31
leaf_value=0.034260042271237967 -0.065390844085377681 0.0085026164549170235 -0.012708111521419346 0.16698679025868318 -0.053951045534945376 -0.059831444677785645 0.016117528801036948 -0.078795570663792253 -0.021504777925757036 0.053581328595143043 -0.04356176641255069 0.0093191364375385718 -0.031831408361335196 0.13092882121890567 -0.13336764949953989 0.14197266801614666 0.12903596879525883 0.020727669588716902 -0.003602083388754636 0.09191522107790337 0.1230313048605407 0.0012116396337062563 0.06321134996984866 -0.070838316796718925 0.02300151787567568 0.08968805219641468 -0.11000348015005189 0.057479740527629747 0.095152252030567638 0.027764862741217068
leaf_weight=45.308658912777901 84.269169867038727 139.17827546596527 84.290634661912918 36.478694900870323 59.640448674559593 54.019018203020096 34.46123868227005 93.129180908203125 33.193341970443726 18.957516118884087 14.458434924483301 35.509942933917046 19.77134695649147 5.5275979191064826 4.1252573877573004 5.445583835244177 24.184585154056553 19.921168819069862 7.6992227882146835 6.5376397967338553 15.232941135764124 6.646413803100585 11.002947926521303 6.5758752822875968 6.9465616494417182 12.419154167175293 3.8809856772422791 4.6571828126907349 32.342377528548241 4.8134325742721549
leaf_count=234 460 730 447 179 321 294 180 512 178 97 77 187 106 27 22 29 119 104 41 33 75 35 56 36 36 64 20 24 159 24
internal_value=-0.000131551 0.0266169 0.0497975 0.077217 -0.0417783 -0.00885155 0.0133679 -0.0558312 -0.0408278 0.111439 -0.0159608 -0.0303387 -0.0373364 0.0253322 -0.00530871 0.00418631 0.0464346 0.072345 0.0567061 -0.00517753 0.0432656 0.0860255 0.00214989 0.0209398 0.105376 0.00444696 0.0455507 -0.018649 0.126334 0.150758
internal_weight=930.625 566.669 342.698 195.529 363.956 223.972 147.169 235.674 142.545 92.592 128.281 95.1504 84.7933 33.1308 58.2759 27.6032 102.937 51.0523 13.1448 90.8283 56.3406 21.8794 30.7743 51.8845 31.1311 54.1507 20.9573 8.53817 73.6345 41.2921
internal_count=4906 2944 1758 988 1962 1186 770 1280 768 459 682 508 456 174 308 147 529 259 70 480 290 110 162 270 155 286 108 44 362 203
is_linear=0
shrinkage=0.1


Tree=2
num_leaves=31
num_cat=0
split_feature=15 10 11 16 9 11 11 16 1 16 16 79 32 0 93 69 1 167 0 0 139 16 86 6 13 0 1 12 22 10
split_gain=84.851 36.5385 26.0065 15.068 11.3889 9.18386 7.24509 10.6818 7.18088 6.44297 6.41877 6.3654 6.03069 6.36179 5.92449 5.72941 5.55422 5.26994 4.97129 4.91548 4.61165 5.11497 4.59711 4.59477 5.10644 6.89983 4.43658 4.27205 4.20207 7.17693
threshold=1.0000000180025095e-35 1.0000000180025095e-35 1.0000000180025095e-35 1.0000000180025095e-35 1.0000000180025095e-35 1.0000000180025095e-35 1.0000000180025095e-35 1.0000000180025095e-35 0.75739601254463207 1.0000000180025095e-35 1.0000000180025095e-35 1.0000000180025095e-35 1.0000000180025095e-35 13.211498737335207 1.0000000180025095e-35 1.0000000180025095e-35 0.96379950642585765 1.0000000180025095e-35 15.868583202362062 16.661190986633304 1.0000000180025095e-35 1.0000000180025095e-35 1.0000000180025095e-35 1.0000000180025095e-35 1.0000000180025095e-35 5.9260780811309823 0.61715719103813182 1.0000000180025095e-35 1.0000000180025095e-35 1.0000000180025095e-35
decision_type=2 2 2 2 2 2 2 2 2 2 2 2 2 2 2 2 2 2 2 2 2 2 2 2 2 2 2 2 2 2
left_child=1 2 3 14 6 16 7 -2 20 17 22 23 13 27 19 26 -3 -4 -11 -1 28 -22 -7 -9 25 -25 -5 -12 29 -6
right_child=4 5 9 15 8 10 -8 11 -10 18 12 -13 -14 -15 -16 -17 -18 -19 -20 -21 21 -23 -24 24 -26 -27 -28 -29 -30 -31
leaf_value=0.040481896708283331 -0.061037129552623817 0.0042731529851427761 -0.010898805915288363 0.099394298782839827 0.0131985088360705 -0.064092416800936025 -0.074145435365724849 -0.019578726155675231 -0.084518769602608734 0.048629649546747533 -0.021128308015455996 -0.12920266141539732 0.10836906261848489 0.060053004846191971 0.13329206640028368 0.046992707280993778 0.12639912643524995 0.089043353545540091 -0.044390203392104012 -0.052495181132222291 -0.1187983032956606 0.024598890762121167 0.04853665728295551 -0.02424623832116235 -0.023791363014949916 0.12775135397431378 0.17645050146020602 -0.13325020450405289 0.062066457021653115 -0.045564409255673038
leaf_weight=92.432846575975418 81.405153572559357 135.9252256155014 84.938342720270157 69.084611415863037 61.918780356645584 48.429282903671265 89.277252197265625 32.832654446363449 13.157646656036375 50.920111358165741 14.083537191152582 3.8467370867729178 4.5349009633064261 7.6761739253997794 6.5057231336832038 19.427046850323677 3.8288795948028556 5.6254748553037635 6.4760674834251395 6.0588070750236502 7.0681962817907316 3.838298961520195 3.917074352502822 4.465662524104121 7.9129143357276908 9.0165208727121335 8.3780723661184293 4.4790035486221305 9.8776376694440824 31.285778850317001
leaf_count=466 460 710 453 323 329 272 512 178 74 257 74 22 24 40 31 97 20 27 33 32 38 21 22 23 40 45 39 24 49 171
internal_value=-0.000219167 0.0236097 0.0437699 0.0671109 -0.0385646 -0.00803593 -0.0519011 -0.0376631 -0.0145702 0.0119217 -0.0343575 -0.00489874 0.00188573 -0.016518 0.0408673 0.0955505 0.00761907 -0.00469078 0.0381341 0.0347623 -0.00649612 -0.0683328 -0.0556644 0.00391897 0.0399782 0.0774057 0.107728 -0.0481825 4.64436e-05 -0.00652632
internal_weight=928.624 572.721 349.847 201.887 355.903 222.874 228.757 139.48 127.146 147.96 83.12 58.0745 30.7736 26.2387 104.997 96.8897 139.754 90.5638 57.3962 98.4917 113.989 10.9065 52.3464 54.2278 21.3951 13.4822 77.4627 18.5625 103.082 93.2046
internal_count=4906 2944 1758 988 1962 1186 1280 768 682 770 456 308 162 138 529 459 730 480 290 498 608 59 294 286 108 68 362 98 549 500
is_linear=0
shrinkage=0.1


Tree=3
num_leaves=31
num_cat=0
split_feature=15 10 11 16 9 11 11 16 1 16 0 0 16 168 33 6 81 9 14 67 14 56 0 69 6 0 0 0 102 5
split_gain=69.5303 28.8769 20.0267 11.3341 9.81564 7.62605 6.44891 9.15199 6.18912 5.44821 5.20154 11.8128 5.67909 5.81563 5.67356 5.09477 6.28556 5.11438 5.08057 4.88371 4.8739 4.89851 4.74831 5.90212 4.70205 4.64011 4.49671 4.43058 4.33816 4.57645
threshold=1.0000000180025095e-35 1.0000000180025095e-35 1.0000000180025095e-35 1.0000000180025095e-35 1.0000000180025095e-35 1.0000000180025095e-35 1.0000000180025095e-35 1.0000000180025095e-35 0.75739601254463207 1.0000000180025095e-35 15.683778285980226 15.034907817840578 1.0000000180025095e-35 1.0000000180025095e-35 1.0000000180025095e-35 1.0000000180025095e-35 1.0000000180025095e-35 1.0000000180025095e-35 1.0000000180025095e-35 1.0000000180025095e-35 1.0000000180025095e-35 1.0000000180025095e-35 16.56947231292725 1.0000000180025095e-35 1.0000000180025095e-35 5.3018479347229013 15.51813840866089 4.2108144760131845 1.0000000180025095e-35 1.0000000180025095e-35
decision_type=2 2 2 2 2 2 2 2 2 2 2 2 2 2 2 2 2 2 2 2 2 2 2 2 2 2 2 2 2 2
left_child=1 2 3 15 6 -3 7 -2 -6 -7 11 12 13 14 -4 17 27 26 -16 -12 -11 -22 23 28 -9 -18 -1 -17 29 -5
right_child=4 5 10 22 8 9 -8 24 -10 20 19 -13 -14 -15 18 16 25 -19 -20 -21 21 -23 -24 -25 -26 -27 -28 -29 -30 -31
leaf_value=0.0012814813725640474 -0.056917259397999347 0.0068214185382137905 -0.028185158413177203 0.1165432457368339 -0.0059171954307242992 -0.051756234004154626 -0.069732158799435048 -0.027080144576950561 -0.079900854875715438 -0.02891388935252432 -0.08515242531886616 0.15767709250932874 0.037896461297736932 0.08366601674169874 0.11102752406566369 0.17140822151082336 -0.057164883369582753 0.042913579952056698 -0.021881932374487545 0.012658826840879168 0.12372033733431782 -0.0077943516483708385 0.16360478496739714 0.020750570145834417 0.031521603117823975 0.04604428239003882 -0.10830626050330038 0.069376850128748099 -0.0026563054689545725 0.066112387882993187
leaf_weight=20.035289078950886 78.712075650691986 140.26387602090836 55.360756352543831 40.925662875175476 113.5315754711628 50.777285188436508 85.628631591796875 35.568842858076096 12.557972609996794 19.400579884648323 10.205349162220955 5.7908954918384543 48.967406466603279 6.5766339600086203 6.1488582193851453 5.0184217393398276 6.2855768203735378 28.694992765784264 5.4035420715808868 10.213532254099846 5.3055812418460864 6.0750172734260559 6.7958988398313513 15.536628961563109 22.261309117078781 14.190002948045729 4.604882910847663 28.010124400258064 4.918498381972312 32.114633977413177
leaf_count=100 460 730 297 182 608 294 512 197 74 106 54 30 242 31 33 23 32 144 29 54 26 30 32 76 111 72 26 132 23 146
internal_value=-0.000278378 0.0210001 0.0386546 0.0587543 -0.0355706 -0.00731726 -0.048218 -0.0347261 -0.0132856 -0.0316329 0.0106507 0.0181143 0.0115145 -0.00606422 -0.0148835 0.0360902 0.0578929 0.0142184 0.0488602 -0.0362272 0.00156301 0.0535172 0.0828981 0.0770317 -0.00452182 0.0143612 -0.0191988 0.0848797 0.0882482 0.0943696
internal_weight=925.88 577.62 355.798 207.131 348.26 221.822 222.171 136.542 126.09 81.5585 148.667 128.248 122.457 73.4898 66.9132 106.839 53.5041 53.3352 11.5524 20.4189 30.7812 11.3806 100.291 93.4954 57.8302 20.4756 24.6402 33.0285 77.9588 73.0403
internal_count=4906 2944 1758 988 1962 1186 1280 768 682 456 770 662 632 390 359 529 259 270 62 108 162 56 459 427 308 104 126 155 351 328
is_linear=0
shrinkage=0.1


Tree=4
num_leaves=31
num_cat=0
split_feature=15 10 11 10 16 11 6 0 16 0 99 53 13 57 0 167 69 86 9 22 9 137 135 26 73 40 8 7 5 0
split_gain=56.9277 22.8982 15.6263 8.78004 8.69273 6.32096 6.11285 8.6186 8.08822 5.53025 4.83464 4.65512 6.09107 4.56939 7.22779 4.50747 4.77513 4.37547 6.32135 4.33623 4.28745 6.93385 5.33824 4.27133 6.57317 5.73938 5.22582 7.78444 6.62351 4.66946
threshold=1.0000000180025095e-35 1.0000000180025095e-35 1.0000000180025095e-35 1.0000000180025095e-35 1.0000000180025095e-35 1.0000000180025095e-35 1.0000000180025095e-35 3.639972567558289 1.0000000180025095e-35 9.7960300445556658 1.0000000180025095e-35 1.0000000180025095e-35 1.0000000180025095e-35 1.0000000180025095e-35 3.639972567558289 1.0000000180025095e-35 1.0000000180025095e-35 1.0000000180025095e-35 1.0000000180025095e-35 1.0000000180025095e-35 1.0000000180025095e-35 1.0000000180025095e-35 1.0000000180025095e-35 1.0000000180025095e-35 1.0000000180025095e-35 1.0000000180025095e-35 1.0000000180025095e-35 1.0000000180025095e-35 1.0000000180025095e-35 4.7049965858459482
decision_type=2 2 2 2 2 2 2 2 2 2 2 2 2 2 2 2 2 2 2 2 2 2 2 2 2 2 2 2 2 2
left_child=1 2 4 6 17 23 9 -8 -9 13 -10 20 -13 -2 -15 16 -6 -1 -19 -4 21 -7 -22 -3 25 29 28 -28 -26 -25
right_child=3 5 19 -5 15 11 7 8 10 -11 -12 12 -14 14 -16 -17 -18 18 -20 -21 22 -23 -24 24 26 -27 27 -29 -30 -31
leaf_value=0.025138987324109775 -0.039958125260078359 -0.013013181086176998 0.0043584027765045828 -0.052695779860946847 0.088074811576667966 -0.077542865829992952 -0.083704951154965387 -0.012266714786112853 0.077010183449985503 -0.055465911141705987 -0.033494406050234793 -0.03356520424320527 0.085852234027177177 0.14714901777322889 -0.0034979189781855578 -0.023266631613956198 0.032709293121429908 0.0015204796008340873 0.15402542032805094 0.066228764731116205 -0.033555677266864502 0.057971832350271195 0.080682579037424193 -0.034351470348617068 0.040074814056550959 -0.075323593781146586 0.092146142017471816 -0.068121689445237013 0.17464102498969059 0.038025196752286924
leaf_weight=97.045820012688637 32.31968954205513 63.795749887824059 136.85676135122776 133.94978946447372 78.823455333709717 34.193843171000481 10.405538007616995 44.922088518738747 22.001428559422497 60.568178445100784 4.8279583156108847 10.201958864927294 7.3474540859460822 3.5835284292697898 28.624669477343559 4.6849085688590995 19.414729475975037 4.6266173273324949 6.5883490890264511 12.35005548596382 18.843612700700763 4.2444100677967063 5.2246306836605063 12.895499929785727 7.9573742002248764 8.3092654347419721 6.1590447425842285 5.9665745943784714 6.7695042490959167 28.870522230863571
leaf_count=478 186 331 706 781 345 195 58 256 115 356 25 57 41 20 165 21 93 21 30 64 109 24 30 67 41 43 32 31 35 150
internal_value=-0.000319128 0.0187163 0.0342524 -0.0327422 0.0517551 -0.0066441 -0.019846 0.001346 0.0136802 -0.0337638 0.0571248 -0.0290777 0.0164316 -0.0133934 0.0132633 0.0725629 0.077133 0.0319732 0.0911111 0.0094795 -0.0418549 -0.0625791 -0.00875733 0.0061181 0.0219836 0.000578013 0.0619012 0.0132842 0.101931 0.0156785
internal_weight=922.373 581.17 360.391 341.203 211.184 220.779 207.253 82.157 71.7515 125.096 26.8294 80.0559 17.5494 64.5279 32.2082 102.923 98.2382 108.261 11.215 149.207 62.5065 38.4383 24.0682 140.724 76.9278 50.0753 26.8525 12.1256 14.7269 41.766
internal_count=4906 2944 1758 1962 988 1186 1181 454 396 727 140 456 98 371 185 459 438 529 51 770 358 219 139 730 399 260 139 63 76 217
is_linear=0
shrinkage=0.1


Tree=5
num_leaves=31
num_cat=0
split_feature=15 16 9 10 9 21 0 84 0 7 53 78 14 11 16 177 14 0 45 74 5 99 65 129 6 139 0 22 55 22
split_gain=46.614 19.5993 11.3005 8.71715 8.52534 8.00287 8.78446 7.85881 6.09981 7.13189 7.81371 5.8224 10.0705 5.7864 7.58932 5.60104 6.05304 7.29214 9.45599 5.68314 7.23039 5.66238 5.54501 5.54397 6.74828 5.43687 7.30293 5.26571 4.94971 4.76037
threshold=1.0000000180025095e-35 1.0000000180025095e-35 1.0000000180025095e-35 1.0000000180025095e-35 1.0000000180025095e-35 1.0000000180025095e-35 15.798768043518068 1.0000000180025095e-35 3.9917863607406621 1.0000000180025095e-35 1.0000000180025095e-35 1.0000000180025095e-35 1.0000000180025095e-35 1.0000000180025095e-35 1.0000000180025095e-35 1.0000000180025095e-35 1.0000000180025095e-35 2.7748117446899419 1.0000000180025095e-35 1.0000000180025095e-35 1.0000000180025095e-35 1.0000000180025095e-35 1.0000000180025095e-35 1.0000000180025095e-35 1.0000000180025095e-35 1.0000000180025095e-35 6.5010266304016122 1.0000000180025095e-35 1.0000000180025095e-35 1.0000000180025095e-35
decision_type=2 2 2 2 2 2 2 2 2 2 2 2 2 2 2 2 2 2 2 2 2 2 2 2 2 2 2 2 2 2
left_child=1 2 11 15 13 6 8 22 -4 10 25 -1 -13 14 -2 16 17 -3 19 -19 -21 -18 27 24 -6 26 -10 -5 -12 -25
right_child=4 3 5 7 23 -7 -8 -9 9 -11 28 12 -14 -15 -16 -17 21 18 -20 20 -22 -23 -24 29 -26 -27 -28 -29 -30 -31
leaf_value=-0.021553031283029073 -0.050327293498151876 0.15688597417344452 -0.012563680997321783 -0.0092517556498914084 -0.04371230079859046 -0.041799615709046604 -0.043853339481985214 0.11670325607015766 0.10592667614626439 0.020084753711952976 0.23177241278909697 0.12107669041848045 -0.05108380946442867 -0.063384566425851774 -0.0018044800747347518 -0.060137971992305611 0.089624554531732056 -0.012308657468649311 0.08573515061453274 -0.0084952040477435219 0.098930799622425597 0.010098475905139195 0.11357744038405485 0.0082241981818661023 0.012437022846002347 0.15311117048329645 0.0076160748101159886 0.082102452048207153 0.097252632752833509 0.10751444664833548
leaf_weight=165.87641941010952 74.474712744355202 4.8625506162643424 19.328226774930954 73.861391440033913 55.310912430286407 17.881333559751511 14.495764270424841 6.7387008368968955 11.146929308772085 45.333338916301727 4.2711333036422712 7.7925448864698392 6.0245248079299927 80.443485349416733 56.831126138567924 4.3979229032993308 56.717320010066032 39.424189254641533 23.271755278110504 11.804013624787331 13.352582708001137 10.631483957171438 4.4203694462776175 27.003738015890121 34.916615694761276 4.775457724928855 23.455972895026207 6.8989050984382621 7.6069702208042145 5.8801194727420798
leaf_count=876 460 22 101 387 321 93 78 35 58 230 21 41 32 512 308 20 253 182 107 54 62 49 23 147 187 24 121 36 39 27
internal_value=-0.00035039 0.0166961 0.000504466 0.03741 -0.0300984 0.020937 0.029539 0.0127454 0.0387168 0.0489784 0.0745331 -0.0163579 0.0460112 -0.0422648 -0.0293259 0.0511952 0.0542542 0.0376802 0.0310822 0.011388 0.0485242 0.0770708 0.00452126 -0.0091724 -0.0219834 0.0530895 0.0392857 -0.00144787 0.145623 0.0259788
internal_weight=919.231 584.37 327.989 256.381 334.861 148.295 130.414 91.9194 115.918 96.5898 51.2565 179.693 13.8171 211.749 131.306 164.462 160.064 92.7151 87.8525 64.5808 25.1566 67.3488 85.1807 123.111 90.2275 39.3784 34.6029 80.7603 11.8781 32.8839
internal_count=4906 2944 1714 1230 1962 765 672 481 594 493 263 949 73 1280 768 749 729 427 405 298 116 302 446 682 508 203 179 423 60 174
is_linear=0
shrinkage=0.1


Tree=6
num_leaves=31
num_cat=0
split_feature=15 10 11 10 0 5 84 16 84 178 11 13 9 11 84 0 139 80 0 0 0 8 59 5 9 59 42 13 0 1
split_gain=38.148 16.2384 11.7757 7.59501 5.61718 5.43932 9.34965 5.01006 5.22807 4.6634 4.60011 4.58832 4.50129 7.00964 6.4627 6.7156 6.0748 5.29923 5.05711 4.42277 8.46523 5.1301 6.99572 10.7415 4.99077 4.38304 4.91169 4.36247 6.34298 7.22459
threshold=1.0000000180025095e-35 1.0000000180025095e-35 1.0000000180025095e-35 1.0000000180025095e-35 17.698836326599125 1.0000000180025095e-35 1.0000000180025095e-35 1.0000000180025095e-35 1.0000000180025095e-35 1.0000000180025095e-35 1.0000000180025095e-35 1.0000000180025095e-35 1.0000000180025095e-35 1.0000000180025095e-35 1.0000000180025095e-35 14.97056818008423 1.0000000180025095e-35 1.0000000180025095e-35 3.639972567558289 4.7049965858459482 2.7310061454772954 1.0000000180025095e-35 1.0000000180025095e-35 1.0000000180025095e-35 1.0000000180025095e-35 1.0000000180025095e-35 1.0000000180025095e-35 1.0000000180025095e-35 11.934291839599611 -0.0050954443868249646
decision_type=2 2 2 2 2 2 2 2 2 2 2 2 2 2 2 2 2 2 2 2 2 2 2 2 2 2 2 2 2 2
left_child=1 2 5 9 7 6 -1 10 19 12 -3 -8 13 18 15 16 25 -15 -2 20 -9 22 -21 -24 -23 -14 -27 28 29 -5
right_child=3 4 -4 27 -6 -7 11 8 -10 -11 -12 -13 14 17 -16 -17 -18 -19 -20 21 -22 24 23 -25 -26 26 -28 -29 -30 -31
leaf_value=0.066860450064610208 -0.074637625386790724 -0.0070692873433278267 0.0063471923590604513 -0.034808786249211021 0.09174288710582533 0.026171677074156477 -0.10407824917475164 0.05981954256002521 0.092529862227916038 -0.10961446473036683 -0.046628142431966481 0.032320782952817574 0.0064494321658295183 -0.064929167446758071 -0.089132273967929956 -0.059481155912492194 -0.074055413127613809 0.070706786282918418 0.0043108533220781358 -0.026461175896450313 -0.096373308665850907 -0.047900970937745327 0.0088575202490126983 0.13749200496184497 0.039916087299347203 0.037461310895514126 0.12740253071289342 -0.072089035565668036 -0.069680090918701337 0.0484962143012444
leaf_weight=102.84782384335995 9.3200226873159391 77.093352004885674 150.98246029019356 38.547947391867638 5.6618661135435095 103.28210993111134 4.8730955868959409 5.1368316113948813 6.8881541490554801 5.1366835236549369 47.5115856975317 4.9932304918766022 25.481362700462341 43.018400400876999 6.5980231761932364 10.515635937452315 5.4126428067684165 3.0871841609477988 62.681906014680862 11.900477588176726 10.69284851849079 19.380333125591278 14.627808913588524 11.670982927083969 9.7159902453422564 21.492442443966866 8.4624350816011447 44.32999324798584 30.347352981567383 14.262228950858114
leaf_count=463 55 400 770 231 29 479 23 27 34 30 288 23 135 283 35 65 31 20 367 62 57 101 77 60 51 114 46 274 189 87
internal_value=-0.000378332 0.0148896 0.0277728 -0.0276567 -0.00657335 0.0427494 0.05794 -0.00916704 0.00880933 -0.0155568 -0.022153 -0.0350483 -0.0130927 -0.0254029 0.00555647 0.0143109 0.0270634 -0.0558471 -0.00590834 0.00187184 -0.0456877 0.0130591 0.037156 0.0659434 -0.0185767 0.0369363 0.0628703 -0.0467532 -0.0332471 -0.0123109
internal_weight=915.953 587.259 366.979 328.694 220.28 215.996 112.714 214.618 90.0134 201.207 124.605 9.86633 196.07 118.108 77.9625 71.3645 60.8489 46.1056 72.0019 83.1253 15.8297 67.2956 38.1993 26.2988 29.0963 55.4362 29.9549 127.488 83.1575 52.8102
internal_count=4906 2944 1758 1962 1186 988 509 1157 469 1181 688 46 1151 725 426 391 326 303 422 435 84 351 199 137 152 295 160 781 507 318
is_linear=0
shrinkage=0.1


Tree=7
num_leaves=31
num_cat=0
split_feature=15 16 6 178 6 167 168 0 0 16 0 11 10 0 73 0 95 9 0 22 134 14 0 45 74 5 99 12 42 13
split_gain=31.2916 14.0401 9.32975 7.27517 6.78119 6.11846 5.79685 5.78077 5.98478 5.77016 6.41086 5.60527 5.54106 6.4169 5.01311 7.86913 7.58844 4.99505 5.47872 4.54801 4.28375 4.27247 6.80585 5.8736 5.3586 6.72533 4.68024 4.26256 6.63269 4.11708
threshold=1.0000000180025095e-35 1.0000000180025095e-35 1.0000000180025095e-35 1.0000000180025095e-35 1.0000000180025095e-35 1.0000000180025095e-35 1.0000000180025095e-35 9.7960300445556658 9.1197810173034686 1.0000000180025095e-35 3.8535249233245854 1.0000000180025095e-35 1.0000000180025095e-35 14.054756641387941 1.0000000180025095e-35 15.181382656097414 1.0000000180025095e-35 1.0000000180025095e-35 3.639972567558289 1.0000000180025095e-35 1.0000000180025095e-35 1.0000000180025095e-35 2.7748117446899419 1.0000000180025095e-35 1.0000000180025095e-35 1.0000000180025095e-35 1.0000000180025095e-35 1.0000000180025095e-35 1.0000000180025095e-35 1.0000000180025095e-35
decision_type=2 2 2 2 2 2 2 2 2 2 2 2 2 2 2 2 2 2 2 2 2 2 2 2 2 2 2 2 2 2
left_child=1 2 6 -4 7 12 11 8 -2 27 -11 17 21 19 16 -16 20 18 -1 -14 -13 22 -3 24 -24 -26 -23 -6 -29 -12
right_child=4 5 3 -5 9 -7 -8 -9 -10 10 29 14 13 -15 15 -17 -18 -19 -20 -21 -22 26 23 -25 25 -27 -28 28 -30 -31
leaf_value=0.069135288255550625 -0.026246121692184533 0.14577825841584371 0.021926602469857705 -0.11184051875996651 -0.004721099420528784 -0.043365319927114655 0.060968822498002673 -0.054394959761497511 0.077936518019621023 -0.06922138104719662 0.06009616556059677 -0.044978070887726124 -0.008989396622255624 0.064956761113405717 -0.096630520999081246 0.038155011161166756 0.1085362635084109 0.019831521157272988 -0.038557982767739168 0.07615768104046225 0.04434006625410393 0.075225534841760242 -0.014960246673561535 0.066999111702034764 -0.011237296062997448 0.0913501688480199 0.0051737374035904816 -0.074686581336752225 0.044401272291437199 -0.0092445055983413661
leaf_weight=5.3259702473878852 96.957263693213463 4.8747816085815421 143.92683628201485 4.1839806884527198 47.808855965733528 10.718120962381361 9.3446857035160047 96.555513545870781 5.8463558107614508 6.6552839428186408 25.765400901436806 37.600756451487541 62.477894723415375 19.13881504535675 24.074799507856373 5.2818159759044638 4.1964071840047827 46.434178650379181 41.789487242698669 6.9732472151517859 6.2642130702733985 57.624449819326401 38.431114703416824 23.634238541126251 11.864809334278107 13.849858492612839 11.429008930921553 25.028037324547771 5.7516503483057013 12.824941247701643
leaf_count=27 592 21 736 22 288 51 46 614 35 39 135 215 328 96 138 29 24 227 215 35 35 249 177 105 54 62 52 155 34 70
internal_value=-0.00040137 0.0133099 -0.000448955 0.0181478 -0.0254079 0.0306219 -0.0157246 -0.0368242 -0.0203213 -0.00702903 0.0214198 -0.0199165 0.0337901 0.013688 -0.0398205 -0.07238 -0.0199327 -0.00344465 -0.0263842 -0.000440198 -0.0322228 0.0448028 0.0307704 0.0243836 0.00868209 0.0440161 0.0636313 -0.0234078 -0.0524332 0.0370518
internal_weight=912.633 589.439 328.423 148.111 323.193 261.016 180.312 199.359 102.804 123.834 45.2456 170.968 250.298 88.59 77.418 29.3566 48.0614 93.5496 47.1155 69.4511 43.865 161.708 92.6548 87.78 64.1458 25.7147 69.0535 78.5885 30.7797 38.5903
internal_count=4906 2944 1714 758 1962 1230 956 1241 627 721 244 910 1179 459 441 167 274 469 242 363 250 720 419 398 293 116 301 477 189 205
is_linear=0
shrinkage=0.1


Tree=8
num_leaves=31
num_cat=0
split_feature=15 10 11 9 129 1 6 11 16 80 5 84 16 0 5 0 13 1 5 9 0 0 98 86 0 16 8 26 10 5
split_gain=25.611 11.6148 8.47928 6.62635 4.75378 4.76609 5.32336 4.5904 6.2258 4.91456 4.37218 7.27351 4.2473 11.8947 4.15222 4.02513 3.93991 3.92901 3.90638 4.50458 4.38261 6.94524 3.9239 5.38412 4.14157 5.26129 4.19123 6.91265 3.82336 4.01604
threshold=1.0000000180025095e-35 1.0000000180025095e-35 1.0000000180025095e-35 1.0000000180025095e-35 1.0000000180025095e-35 -0.28800669312477106 1.0000000180025095e-35 1.0000000180025095e-35 1.0000000180025095e-35 1.0000000180025095e-35 1.0000000180025095e-35 1.0000000180025095e-35 1.0000000180025095e-35 10.658453464508058 1.0000000180025095e-35 17.698836326599125 1.0000000180025095e-35 -0.67100161314010609 1.0000000180025095e-35 1.0000000180025095e-35 4.507871389389039 5.4524297714233407 1.0000000180025095e-35 1.0000000180025095e-35 7.9493498802185067 1.0000000180025095e-35 1.0000000180025095e-35 1.0000000180025095e-35 1.0000000180025095e-35 1.0000000180025095e-35
decision_type=2 2 2 2 2 2 2 2 2 2 2 2 2 2 2 2 2 2 2 2 2 2 2 2 2 2 2 2 2 2
left_child=1 2 10 7 5 -5 -7 8 28 -10 11 -1 -8 -14 17 -3 -13 -6 19 -4 -20 -22 23 24 -23 26 27 -26 29 -2
right_child=3 15 18 4 14 6 12 -9 9 -11 -12 16 13 -15 -16 -17 -18 -19 20 -21 21 22 -24 -25 25 -27 -28 -29 -30 -31
leaf_value=0.056349248669678165 -0.054389206325667398 -0.008615503388153185 -0.029309253096540856 -0.098731902224237972 -0.074593660312413768 -0.031529025389691316 -0.0007498497340101977 -0.054343762885161018 0.010551647990990983 -0.10337051024951219 0.020449704362395696 -0.099556560452144352 0.19395847461229077 -0.04042675357500275 0.076925002137520015 0.0745944204886657 0.027438341314399414 0.026098399127207145 -0.032737193886090636 0.016137393713514001 0.15716379575693293 -0.008509266097739606 -0.042846798333026598 -0.068831825467130778 -0.0088194167902950742 0.12358284093558938 -0.027718933016431226 0.16087972157481711 -0.068409628557084864 0.010562228595119277
leaf_weight=105.24467697739601 18.734443143010139 213.36213634908199 49.064445570111275 6.5752003192901602 5.103694722056388 47.643151059746742 24.139394879341125 73.391530111432076 51.384043201804161 4.0880359262228003 104.85460378229618 4.7172721028327924 4.4865055829286558 4.1847180128097534 11.29462583363056 5.9762222766876212 5.0670187771320343 16.099067807197574 11.402147620916365 39.262312635779381 4.3180339783430091 9.1878632307052595 7.2821804881095877 4.3046024292707434 4.8257236033678073 10.726310387253763 6.6441024690866461 4.7761737257242203 31.663312524557114 19.354202777147293
leaf_count=463 121 1157 248 38 28 295 131 512 283 25 479 23 22 22 60 29 23 86 59 199 21 46 37 22 26 50 36 26 214 125
internal_value=-0.000413723 0.0119004 0.0226696 -0.0232899 -0.00468606 -0.0168726 -0.0101825 -0.0344856 -0.022847 0.00215611 0.0352191 0.0486821 0.020814 0.0808446 0.0279498 -0.00634832 -0.0337893 0.00186092 0.00449076 -0.00910767 0.0234156 0.035713 0.0247295 0.0368907 0.0494762 0.0692284 0.0333413 0.0755923 -0.0427315 -0.0213851
internal_weight=909.158 591.016 371.677 318.142 119.526 87.029 80.4538 198.616 125.224 55.4721 219.884 115.029 32.8106 8.67122 32.4974 219.338 9.78429 21.2028 151.794 88.3268 63.4671 52.065 47.747 40.4648 36.1602 26.9723 16.246 9.6019 69.752 38.0886
internal_count=4906 2944 1758 1962 682 508 470 1280 768 308 988 509 175 44 174 1186 46 114 770 447 323 264 243 206 184 138 88 52 460 246
is_linear=0
shrinkage=0.1


Tree=9
num_leaves=31
num_cat=0
split_feature=15 16 9 21 0 10 167 139 78 14 86 14 1 12 63 53 135 178 6 1 1 176 139 84 9 0 50 11 99 0
split_gain=21.014 10.7312 7.6073 6.2765 7.33512 5.94256 4.93816 4.84504 4.72201 7.34547 4.65626 6.79374 4.507 8.8043 4.15631 5.62783 4.29784 4.09404 4.04807 4.72102 3.96582 3.93723 3.95095 4.5781 6.62627 5.19524 5.17156 4.64702 4.37275 4.02133
threshold=1.0000000180025095e-35 1.0000000180025095e-35 1.0000000180025095e-35 1.0000000180025095e-35 15.798768043518068 1.0000000180025095e-35 1.0000000180025095e-35 1.0000000180025095e-35 1.0000000180025095e-35 1.0000000180025095e-35 1.0000000180025095e-35 1.0000000180025095e-35 0.59692752361297619 1.0000000180025095e-35 1.0000000180025095e-35 1.0000000180025095e-35 1.0000000180025095e-35 1.0000000180025095e-35 1.0000000180025095e-35 -0.5564681589603423 -0.68499505519866932 1.0000000180025095e-35 1.0000000180025095e-35 1.0000000180025095e-35 1.0000000180025095e-35 14.97056818008423 1.0000000180025095e-35 1.0000000180025095e-35 1.0000000180025095e-35 3.639972567558289
decision_type=2 2 2 2 2 2 2 2 2 2 2 2 2 2 2 2 2 2 2 2 2 2 2 2 2 2 2 2 2 2
left_child=1 2 8 4 7 17 10 12 14 -10 -3 -12 18 -14 16 -16 -1 21 19 20 -4 22 23 24 27 26 -26 29 -29 -2
right_child=5 6 3 -5 -6 -7 -8 -9 9 -11 11 -13 13 -15 15 -17 -18 -19 -20 -21 -22 -23 -24 -25 25 -27 -28 28 -30 -31
leaf_value=-0.030472410632660749 -0.062453846889495006 0.03238718926499657 0.021370258172915484 -0.040887043497691899 -0.044551549406358561 -0.038942432408628554 -0.041230375652472416 0.091814820223391339 0.10083362160992798 -0.04602999450209707 -0.074679411616898811 0.043971864075284958 0.01139497081843667 0.18641916207395984 0.13184883505209821 -0.029573944236384597 0.018458670012111718 -0.10332069549839129 0.04063822631274544 0.013518723230488717 -0.10586195478625045 -0.093687914886521173 -0.051255908206366219 -0.060852506834643078 0.061111688557736125 -0.04289271387709806 -0.0063634778603482147 -0.057873093316309222 0.044711875851913802 0.013808261111446812
leaf_weight=134.46370302140713 8.0001089572906476 233.71478894352913 3.8014858812093735 17.66699056327343 14.517071649432181 119.21304748952389 10.585941344499586 11.712127909064291 8.2526036351919156 5.7983832359313956 10.217891037464142 9.1445688158273697 7.1280006766319257 4.8158892691135406 4.1209616363048536 4.5383108258247375 20.716234013438225 4.6452188193798056 40.702935680747032 43.650807484984405 6.8902145922183902 5.2497815787792197 17.363448902964592 11.91817758977413 37.028113171458244 8.7063876986503583 16.385211110115051 28.845381304621696 4.8544307351112357 50.947115510702133
leaf_count=721 51 1087 20 93 78 781 51 56 41 32 50 42 35 23 22 23 110 30 201 222 37 31 109 73 195 58 88 207 35 304
internal_value=-0.000419899 0.0106552 -0.00139733 0.0151191 0.0225465 -0.021372 0.0256841 0.0307525 -0.0154065 0.0402278 0.028483 -0.0186424 0.024068 0.0819664 -0.0201778 0.0472474 -0.0239402 -0.0105719 0.0167922 -0.00106859 -0.0606239 -0.00829588 -0.00586017 -0.00113133 0.00346764 0.0287371 0.0404128 -0.0134755 -0.0430958 0.00345824
internal_weight=905.595 592.439 328.776 150.886 133.219 313.156 263.663 118.701 177.89 14.051 253.077 19.3625 106.989 11.9439 163.839 8.65927 155.18 193.943 95.0454 54.3425 10.6917 189.298 184.048 166.685 154.767 62.1197 53.4133 92.647 33.6998 58.9472
internal_count=4906 2944 1714 765 672 1962 1230 594 949 73 1179 92 538 58 876 45 831 1181 480 279 57 1151 1120 1011 938 341 283 597 242 355
is_linear=0
shrinkage=0.1


Tree=10
num_leaves=31
num_cat=0
split_feature=15 11 10 16 11 22 21 42 0 137 5 9 52 10 139 22 6 174 69 61 0 7 26 13 0 16 138 12 134 0
split_gain=17.2033 9.39648 6.17398 5.53992 7.56172 5.42188 6.52879 5.98989 4.69506 5.14165 4.42319 5.60799 4.88254 4.39158 5.74124 4.1285 3.93847 6.21583 4.33977 12.071 5.3884 5.1492 5.84102 5.34383 4.2143 4.1948 3.9066 3.83147 3.78403 4.08899
threshold=1.0000000180025095e-35 1.0000000180025095e-35 1.0000000180025095e-35 1.0000000180025095e-35 1.0000000180025095e-35 1.0000000180025095e-35 1.0000000180025095e-35 1.0000000180025095e-35 9.6605067253112811 1.0000000180025095e-35 1.0000000180025095e-35 1.0000000180025095e-35 1.0000000180025095e-35 1.0000000180025095e-35 1.0000000180025095e-35 1.0000000180025095e-35 1.0000000180025095e-35 1.0000000180025095e-35 1.0000000180025095e-35 1.0000000180025095e-35 7.1540040969848642 1.0000000180025095e-35 1.0000000180025095e-35 1.0000000180025095e-35 2.8350445032119755 1.0000000180025095e-35 1.0000000180025095e-35 1.0000000180025095e-35 1.0000000180025095e-35 7.0814509391784677
decision_type=2 2 2 2 2 2 2 2 2 2 2 2 2 2 2 2 2 2 2 2 2 2 2 2 2 2 2 2 2 2
left_child=1 2 16 13 15 7 26 10 9 -6 11 -3 -13 14 28 -5 17 18 20 27 24 22 25 -23 -1 -22 -7 -20 29 -2
right_child=3 5 -4 4 8 6 -8 -9 -10 -11 -12 12 -14 -15 -16 -17 -18 -19 19 -21 21 23 -24 -25 -26 -27 -28 -29 -30 -31
leaf_value=0.077208470382100561 0.029633368796869203 -0.054304679159170879 0.0032343307585920378 0.0087502637877870191 0.008606748288034911 0.16329560931282783 -0.019466607058468269 0.022226168847971017 -0.077025805865101729 -0.126066984201298 -0.00018139023105807141 0.01161490087517901 -0.070576103889077688 -0.049763440149666931 -0.086530522860019179 0.097286058248636953 0.044266826097521257 0.12442053285096111 0.087901519176482409 -0.11481812497017199 -0.10278967496626897 0.12605318003164839 0.059298090828708128 0.023774830594331737 -0.014417732515539778 0.016576916527710102 0.040809451116726174 -0.021248275364382188 -0.063195053512516905 -0.017273445610265739
leaf_weight=5.7608963698148719 25.987727411091328 55.119450435042381 142.09329850971699 74.425227791070938 21.39168414473534 4.870288074016571 8.6874153912067413 43.213857442140579 17.447995737195015 3.2679742872714987 69.161492273211479 33.604885816574097 9.2081198394298536 72.009790495038033 11.118325062096117 5.6680089086294165 102.84469673037529 5.2065628767013541 6.6711075305938721 9.1733458638191223 5.1981193870306015 12.080133303999901 14.407037347555161 8.8514949679374695 39.021000534296036 6.7892878204584122 5.5955904722213745 6.2095241546630859 12.207151308655737 65.234324529767036
leaf_count=25 163 304 730 421 138 24 48 227 121 22 368 177 49 501 75 32 453 23 31 43 26 53 63 40 174 28 29 29 74 415
internal_value=-0.000425547 0.00953028 0.0195141 -0.0195714 -0.00302091 -0.0063206 0.0446156 -0.0109595 -0.0373285 -0.00924063 -0.019542 -0.0332147 -0.00606255 -0.0304125 -0.0182477 0.0150157 0.0299241 0.0175667 0.0126935 -0.0271519 0.0222339 0.0457618 0.0163876 0.0828021 -0.00263062 -0.0351842 0.0978083 0.0352823 -0.0109075 -0.00391043
internal_weight=902.526 593.768 364.307 308.758 122.201 229.461 19.1533 210.308 42.1077 24.6597 167.094 97.9325 42.813 186.557 114.548 80.0932 222.213 119.369 114.162 22.054 92.108 47.3261 26.3944 20.9316 44.7819 11.9874 10.4659 12.8806 103.429 91.2221
internal_count=4906 2944 1718 1962 734 1226 101 1125 281 160 898 530 226 1228 727 453 988 535 512 103 409 210 117 93 199 54 53 60 652 578
is_linear=0
shrinkage=0.1


Tree=11
num_leaves=31
num_cat=0
split_feature=16 6 11 14 87 9 0 99 13 7 0 8 0 1 135 0 6 105 139 99 67 0 54 0 69 71 42 74 81 41
split_gain=14.1587 9.40666 6.50021 7.81981 7.16122 5.70762 5.73133 5.6333 5.26625 6.00187 7.67069 5.1081 7.42273 4.85646 4.51649 4.46206 3.96585 9.5485 6.35316 5.6495 7.65708 6.72143 4.50674 9.11493 5.28303 4.39066 4.27698 4.23436 4.06688 5.93669
threshold=1.0000000180025095e-35 1.0000000180025095e-35 1.0000000180025095e-35 1.0000000180025095e-35 1.0000000180025095e-35 1.0000000180025095e-35 15.585215568542482 1.0000000180025095e-35 1.0000000180025095e-35 1.0000000180025095e-35 12.643394947052004 1.0000000180025095e-35 4.0561258792877206 -0.088143587112426744 1.0000000180025095e-35 14.591375827789308 1.0000000180025095e-35 1.0000000180025095e-35 1.0000000180025095e-35 1.0000000180025095e-35 1.0000000180025095e-35 4.5790553092956552 1.0000000180025095e-35 4.9609856605529794 1.0000000180025095e-35 1.0000000180025095e-35 1.0000000180025095e-35 1.0000000180025095e-35 1.0000000180025095e-35 1.0000000180025095e-35
decision_type=2 2 2 2 2 2 2 2 2 2 2 2 2 2 2 2 2 2 2 2 2 2 2 2 2 2 2 2 2 2
left_child=1 5 4 -4 16 -1 15 -5 -3 10 11 12 -10 -13 -11 -7 17 18 22 21 -21 -18 27 -24 28 -20 -23 -2 29 -25
right_child=2 8 3 7 -6 6 -8 -9 9 14 -12 13 -14 -15 -16 -17 19 -19 25 20 -22 26 23 24 -26 -27 -28 -29 -30 -31
leaf_value=-0.036255540037519983 -0.0064470251626067392 -0.008633380939601646 -0.021894006299418158 0.041806406499975447 -0.067895340305023033 -0.0064230938802160983 -0.066160395001144512 -0.059352347225827877 -0.082635304182758468 -0.024251984413977665 0.092887124314232336 0.011518203178973814 0.07238320143301917 -0.11455747673206328 0.073614212849922617 0.064066848588268055 0.0018793781175007131 0.12863433063521923 0.037290079663676957 -0.090797169242730416 0.049113181367637676 0.08217919777994348 -0.083813892586934474 0.10431321547282811 -0.01121903416031541 0.16083445259367996 0.016334942417352279 -0.090240829178586848 0.016600666823298745 -0.026324886096984648
leaf_weight=155.98140583187342 56.332126215100288 133.23058997094631 85.944708064198494 41.743430696427822 8.3107751309871656 106.85177330672741 15.002997905015944 6.3412432596087447 3.7426446378231075 30.436766505241394 19.957795560359955 8.5369624421000463 17.682024277746677 4.7582803815603247 5.5801188647747031 9.8040619343519193 19.64678817987442 7.185410112142562 9.1628764718770963 6.979521214962003 8.8993055373430252 49.415417030453682 7.2073326706886283 19.809780403971676 17.011130690574646 4.1929889023303977 12.325780898332594 6.753659561276435 16.248008847236633 4.2195596098899832
leaf_count=983 284 741 483 216 43 577 96 34 22 163 111 46 97 26 29 51 94 34 46 33 41 226 35 93 88 21 57 34 80 22
internal_value=-0.000425553 -0.0113494 0.0139872 -0.00382676 0.0233982 -0.0233138 -0.00798129 0.0284659 0.00401945 0.0226065 0.0434851 0.0150876 0.0453032 -0.0336035 -0.00908951 -0.000498934 0.0264901 0.0161884 0.0104555 0.0421782 -0.0123843 0.0528233 0.00358607 0.0221743 0.0355084 0.076076 0.0690343 -0.0154176 0.0552437 0.0813731
internal_weight=899.295 511.565 387.73 134.029 253.7 287.64 131.659 48.0847 223.925 90.6946 54.6777 34.7199 21.4247 13.2952 36.0169 116.656 245.39 148.123 140.937 97.2668 15.8788 81.388 127.582 64.4958 57.2885 13.3559 61.7412 63.0858 40.2773 24.0293
internal_count=4906 2942 1964 733 1231 1707 724 250 1235 494 302 191 119 72 192 628 1188 737 703 451 74 377 636 318 283 67 283 318 195 115
is_linear=0
shrinkage=0.1


Tree=12
num_leaves=31
num_cat=0
split_feature=15 10 9 11 70 13 86 86 12 7 9 0 11 137 128 7 26 0 1 59 8 6 12 97 0 11 1 1 8 7
split_gain=13.5752 7.6857 4.78582 4.24565 3.80638 4.86734 8.46282 6.81864 6.46316 3.98598 3.89333 5.36191 6.22228 5.29882 4.24884 4.43239 4.09867 3.77842 3.57178 3.56142 3.5251 3.40844 4.56536 6.53184 6.17103 4.59374 4.40596 6.02647 3.77236 3.63612
threshold=1.0000000180025095e-35 1.0000000180025095e-35 1.0000000180025095e-35 1.0000000180025095e-35 1.0000000180025095e-35 1.0000000180025095e-35 1.0000000180025095e-35 1.0000000180025095e-35 1.0000000180025095e-35 1.0000000180025095e-35 1.0000000180025095e-35 11.824777603149416 1.0000000180025095e-35 1.0000000180025095e-35 1.0000000180025095e-35 1.0000000180025095e-35 1.0000000180025095e-35 2.8952771425247197 0.75739601254463207 1.0000000180025095e-35 1.0000000180025095e-35 1.0000000180025095e-35 1.0000000180025095e-35 1.0000000180025095e-35 5.4948666095733651 1.0000000180025095e-35 0.066088676452636733 -0.038862271234393113 1.0000000180025095e-35 1.0000000180025095e-35
decision_type=2 2 2 2 2 2 2 2 2 2 2 2 2 2 2 2 2 2 2 2 2 2 2 2 2 2 2 2 2 2
left_child=1 3 21 -1 10 7 -7 8 9 -6 11 12 16 17 15 19 20 -14 -4 -12 -3 26 23 25 -24 28 27 -2 -23 -30
right_child=2 4 18 -5 5 6 -8 -9 -10 -11 14 -13 13 -15 -16 -17 -18 -19 -20 -21 -22 22 24 -25 -26 -27 -28 -29 29 -31
leaf_value=0.025836725430647547 -0.030012670613448117 0.0053318101904376849 0.0035964522731808386 0.0041340017290494805 -0.059012356983739148 0.012648735201164444 0.13745906295861629 -0.087225977821979828 0.069337299778594555 0.039681991186677854 -0.0038034676819267083 -0.10052677271957547 0.026759043280737138 0.044798998544576779 -0.060454127145891323 -0.019864976045759836 0.023700558218742774 -0.088985867239843988 -0.059108588264778994 0.067115882179611897 -0.075671109002268505 0.077128583356536926 -0.12175062486227002 -0.12100734473513097 -0.014947485489419175 -0.026532919007660822 -0.058393994417006094 0.0760615338745112 -0.040433304402341413 0.071061291081703323
leaf_weight=223.29765677452087 51.337424740195274 11.341886296868324 106.80808162689209 151.15843117237091 11.873633965849878 21.199138581752781 7.3046219497919074 8.7940636575221998 12.121716871857645 6.2441276162862769 11.425677120685579 9.2341773360967618 3.2318573892116609 4.3846330791711798 8.5930637419223768 20.844001725316048 31.115807220339775 22.151793941855431 9.9284621775150281 18.621610954403877 10.207503765821457 15.228404015302658 7.2541159167885807 3.5590368807315818 21.279655925929546 13.983817510306833 55.951970234513283 5.9799202978610984 7.5575603842735291 4.7719194144010544
leaf_count=988 362 59 608 770 64 110 38 48 64 33 61 51 20 23 49 111 160 143 74 98 54 90 51 25 137 103 403 39 44 26
internal_value=-0.000426156 0.00837678 -0.0176222 0.0170759 -0.00651846 0.0132184 0.0446337 -0.00972229 0.0128169 -0.0249982 -0.0153372 -0.0282657 -0.020171 -0.0567143 0.00458603 0.0155681 0.000484602 -0.0742492 -0.00173662 0.0401483 -0.0330376 -0.0275441 -0.0107953 0.00901018 -0.0421 0.0201493 -0.0384322 -0.0189459 0.0438374 0.00271882
internal_weight=896.786 593.145 303.64 374.456 218.689 67.5373 28.5038 39.0335 30.2395 18.1178 151.152 91.6677 82.4335 29.7683 59.4844 50.8913 52.6652 25.3837 116.737 30.0473 21.5494 186.904 73.6345 45.1007 28.5338 41.5417 113.269 57.3173 27.5579 12.3295
internal_count=4906 2944 1962 1758 1186 357 148 209 161 97 829 510 459 186 319 270 273 163 682 159 113 1280 476 288 188 263 804 401 160 70
is_linear=0
shrinkage=0.1


Tree=13
num_leaves=31
num_cat=0
split_feature=16 9 1 21 118 0 11 14 87 21 17 15 108 22 10 24 6 135 70 60 0 5 61 7 49 10 7 67 133 54
split_gain=11.2156 7.45428 5.35339 5.9265 5.20807 4.84215 4.49998 6.30014 5.65333 4.70515 4.34874 4.29807 5.99775 5.55531 6.16387 4.12373 4.03499 4.17724 5.38225 4.93562 7.28449 4.52739 6.23669 5.78825 4.37683 6.40563 3.9477 3.88815 3.80614 6.1762
threshold=1.0000000180025095e-35 1.0000000180025095e-35 0.75739601254463207 1.0000000180025095e-35 1.0000000180025095e-35 14.591375827789308 1.0000000180025095e-35 1.0000000180025095e-35 1.0000000180025095e-35 1.0000000180025095e-35 1.0000000180025095e-35 1.0000000180025095e-35 1.0000000180025095e-35 1.0000000180025095e-35 1.0000000180025095e-35 1.0000000180025095e-35 1.0000000180025095e-35 1.0000000180025095e-35 1.0000000180025095e-35 1.0000000180025095e-35 2.4503763914108281 1.0000000180025095e-35 1.0000000180025095e-35 1.0000000180025095e-35 1.0000000180025095e-35 1.0000000180025095e-35 1.0000000180025095e-35 1.0000000180025095e-35 1.0000000180025095e-35 1.0000000180025095e-35
decision_type=2 2 2 2 2 2 2 2 2 2 2 2 2 2 2 2 2 2 2 2 2 2 2 2 2 2 2 2 2 2
left_child=1 15 3 5 6 11 8 -8 10 -9 -2 12 -3 14 -13 -1 -17 18 21 20 -19 24 27 -24 -18 -26 -7 -23 29 -5
right_child=4 2 -4 28 -6 26 7 9 -10 -11 -12 13 -14 -15 -16 16 17 19 -20 -21 -22 22 23 -25 25 -27 -28 -29 -30 -31
leaf_value=-0.067312944039977687 0.11990375486729249 0.013441436566888976 -0.043209774716693378 0.040225344679740822 0.11483487971508113 0.1059759856685648 -0.020641969760356475 0.035127835994087434 -0.063606327190398396 -0.073084039029710904 0.01977222865999019 0.0015522071170631702 0.096212115880129456 0.10709395365899549 -0.073800975756200898 -0.029435700361309682 -0.076729218786449324 -0.032038389576252012 0.019912026463665692 -0.027856773901209875 0.13979951895207771 -0.10176401574542866 -0.0057109785104057518 0.13643293985937296 0.05137840523864079 -0.10067836215003778 0.0089284134468423128 -0.0048959332572449188 -0.11707219050427829 -0.069244900225430547
leaf_weight=18.128573194146156 4.4172805398702613 99.261847153306007 22.409605644643307 9.6497833877801931 4.8982693180441848 9.9592007547616976 82.958088830113411 43.061580397188663 8.0464696884155256 4.4316541999578467 239.61484999209642 34.110654056072235 9.6013876348733884 3.5461518913507453 15.92286656796932 141.12319497764111 24.514908604323864 3.7331799417734164 34.453924462199211 6.600220024585723 7.2732694521546364 6.0493887439370164 6.447468653321268 5.1555035933852196 7.7297950237989408 4.318118155002594 7.2377017587423316 13.15305719524622 4.7997450530529013 11.061733394861221
leaf_count=116 22 494 141 52 25 50 475 222 43 24 1153 187 44 17 103 916 152 21 197 38 42 34 40 29 40 29 37 75 25 63
internal_value=-0.000430805 -0.0102311 0.00319744 0.00826671 0.012375 0.0146718 0.011063 -0.00401408 0.0188654 0.0250304 0.0215847 0.00932997 0.0207415 -0.0138561 -0.0224285 -0.0211964 -0.0179877 -0.00446017 -0.0122371 0.040515 0.0815153 -0.028679 -0.000436528 0.0574473 -0.0524742 -0.00312058 0.0651313 -0.0354125 -0.0368355 -0.0182412
internal_weight=893.669 506.241 227.561 205.151 387.428 179.64 382.53 130.451 252.079 47.4932 244.032 162.443 108.863 53.5797 50.0335 278.681 260.552 119.429 101.822 17.6067 11.0064 67.3682 30.8054 11.603 36.5628 12.0479 17.1969 19.2024 25.5113 20.7115
internal_count=4906 2942 1213 1072 1964 932 1939 721 1218 246 1175 845 538 307 290 1729 1613 697 596 101 63 399 178 69 221 69 87 109 140 115
is_linear=0
shrinkage=0.1


Tree=14
num_leaves=31
num_cat=0
split_feature=15 10 10 13 68 94 0 1 16 0 177 16 167 6 0 0 178 0 0 6 176 79 140 1 0 1 62 12 0 86
split_gain=10.2125 5.93166 4.03425 4.09143 5.81067 5.07123 3.96044 7.88875 5.41178 3.96797 3.88049 3.70415 6.70444 5.51622 5.3613 3.66101 3.60672 3.50022 3.45337 4.59676 3.32718 3.25176 3.32597 3.16696 3.06119 3.00274 4.77992 5.8114 3.74897 4.49685
threshold=1.0000000180025095e-35 1.0000000180025095e-35 1.0000000180025095e-35 1.0000000180025095e-35 1.0000000180025095e-35 1.0000000180025095e-35 11.296372413635256 -0.0050954443868249646 1.0000000180025095e-35 5.9260780811309823 1.0000000180025095e-35 1.0000000180025095e-35 1.0000000180025095e-35 1.0000000180025095e-35 16.661190986633304 15.305954456329347 1.0000000180025095e-35 9.7960300445556658 17.30732345581055 1.0000000180025095e-35 1.0000000180025095e-35 1.0000000180025095e-35 1.0000000180025095e-35 -0.15446041524410245 16.880219459533695 0.62826070189476024 1.0000000180025095e-35 1.0000000180025095e-35 13.151266574859621 1.0000000180025095e-35
decision_type=2 2 2 2 2 2 2 2 2 2 2 2 2 2 2 2 2 2 2 2 2 2 2 2 2 2 2 2 2 2
left_child=1 10 16 4 5 6 7 8 9 -4 11 12 13 14 25 -5 20 -9 -3 -20 -2 22 -15 -14 -17 28 -27 -28 29 -1
right_child=2 18 3 15 -6 -7 -8 17 -10 -11 -12 -13 23 21 -16 24 -18 -19 19 -21 -22 -23 -24 -25 -26 26 27 -29 -30 -31
leaf_value=-0.016492017060864107 -0.0022773639262541972 -0.0089011609216979332 -0.014606315431028489 -0.070979366310453387 -0.076011771808085118 0.091777873325358861 -0.060189866368403892 0.17003990334174779 0.027402845173346124 -0.10746989299690712 -0.046679180151890487 0.027351623172639079 0.027412273024719463 0.031652169201841419 -0.10858601805167865 0.089041995683905792 -0.098084237834612523 0.034575526863976934 0.00016874955478956991 0.13525326122860792 -0.086783825675161436 -0.047678763889034623 -0.045406967517844649 0.14306342878060069 -0.054701521616654342 0.12730033538934424 -0.090360633691783682 0.066284801701698218 -0.084704468785183298 0.068729815928593715
leaf_weight=64.647721037268639 178.37982912361622 206.22435286641121 10.972379587590689 31.665928907692432 13.540596559643744 5.1133096888661376 13.144634217023848 3.3865374326705995 14.668952681124209 7.9243351966142646 10.004980221390722 168.18565738201141 4.4417509883642197 77.770458176732063 5.5842839777469626 2.8612712174653998 4.2114941030740729 4.3671387955546379 7.0029549449682218 3.934299036860466 4.783985197544097 6.431946173310279 6.0357501953840247 5.0710199624299985 3.0724073797464371 4.0145154744386646 4.2282561361789703 5.3841155618429184 7.0619170516729346 6.8474760949611655
leaf_count=331 1120 1131 77 230 101 35 96 22 89 58 49 729 20 370 34 21 30 29 35 20 31 32 30 23 23 20 22 29 36 33
internal_value=-0.000432052 0.00715952 -0.0155308 -0.0306648 -0.0168797 -0.00344032 -0.0123798 0.00282967 -0.018171 -0.0535486 0.0147641 0.016445 0.00715817 0.00301394 -0.0134423 -0.0574719 -0.00658833 0.0937417 -0.00599704 0.0487607 -0.00448456 0.0208434 0.0261023 0.089063 0.0146128 -0.00767872 0.035655 -0.00261984 -0.0151956 -0.00832987
internal_weight=890.964 592.871 298.093 110.717 73.1179 59.5773 54.464 41.3193 33.5657 18.8967 375.71 365.705 197.519 188.006 97.7683 37.5996 187.375 7.75368 217.162 10.9373 183.164 90.2382 83.8062 9.51277 5.93368 92.184 13.6269 9.61237 78.5571 71.4952
internal_count=4906 2944 1962 781 507 406 371 275 224 135 1758 1709 980 937 505 274 1181 51 1186 55 1151 432 400 43 44 471 71 51 400 364
is_linear=0
shrinkage=0.1


Tree=15
num_leaves=31
num_cat=0
split_feature=6 201 15 91 84 10 13 168 42 174 0 0 7 0 83 9 62 13 0 0 140 0 69 11 0 0 70 69 57 133
split_gain=8.96926 7.51564 6.09945 5.40917 4.49478 5.28162 5.06161 5.98827 4.14804 4.68326 4.98991 4.70292 6.65605 5.15207 4.1012 3.93015 8.06593 4.7435 6.07221 7.23085 4.04412 4.4074 6.09314 4.32105 3.81508 4.75853 5.39855 5.87914 5.3802 4.70423
threshold=1.0000000180025095e-35 1.0000000180025095e-35 1.0000000180025095e-35 1.0000000180025095e-35 1.0000000180025095e-35 1.0000000180025095e-35 1.0000000180025095e-35 1.0000000180025095e-35 1.0000000180025095e-35 1.0000000180025095e-35 10.658453464508058 7.3634495735168466 1.0000000180025095e-35 3.639972567558289 1.0000000180025095e-35 1.0000000180025095e-35 1.0000000180025095e-35 1.0000000180025095e-35 13.096509456634523 11.560575008392336 1.0000000180025095e-35 16.735113143920902 1.0000000180025095e-35 1.0000000180025095e-35 16.119096755981449 13.600273609161379 1.0000000180025095e-35 1.0000000180025095e-35 1.0000000180025095e-35 1.0000000180025095e-35
decision_type=2 2 2 2 2 2 2 2 2 2 2 2 2 2 2 2 2 2 2 2 2 2 2 2 2 2 2 2 2 2
left_child=1 2 4 15 5 6 7 -1 9 10 11 13 -13 -8 -15 20 -17 18 19 -18 21 24 -23 -24 25 29 -27 -28 -29 -2
right_child=3 -3 -4 -5 -6 -7 8 -9 -10 -11 -12 12 -14 14 -16 16 17 -19 -20 -21 -22 22 23 -25 -26 26 27 28 -30 -31
leaf_value=0.017044407958875577 -0.013738458107646829 -0.11555792745346566 -0.022612391601086922 0.086233045191125748 0.045696427149135611 -0.019174609706652815 0.033869680731793847 0.13119402813541364 0.032430249010754884 0.078140028539586293 -0.080130007744079884 -0.030521449973430426 0.096651942170648861 -0.077941788798784412 0.017375241896043222 -0.0081967796368049729 0.024971071075000253 0.072117898071910089 -0.027139788627198194 0.13322451358003412 -0.049203601844371843 0.14546887322598817 0.062310177888948007 -0.075360420094508898 -0.070508062211558309 -0.066500580558494546 -0.0067941285108738371 0.011490363687401806 0.13322726796370538 0.027920839030630584
leaf_weight=101.84712383151054 114.34715526551008 6.5283688530325881 176.54712905734777 9.4225101023912412 20.531554467976093 119.16942158341408 8.3368458449840528 4.8128787875175467 18.077257692813873 4.4307840615510932 14.369658797979353 8.5769745111465472 7.9119019210338584 20.078587293624881 5.823275312781333 54.416107572615147 35.180808708071709 31.156776949763298 16.720773383975029 7.4826629459857932 14.962152801454065 5.1163757592439625 6.0764373764395714 3.6489075571298599 7.2692280784249297 4.1083213165402439 9.244742192327978 5.4265748783946046 10.968081839382648 35.527789153158665
leaf_count=484 636 40 1230 48 101 668 39 21 84 20 72 40 37 95 27 270 171 151 85 36 86 27 30 22 39 22 47 31 59 188
internal_value=-0.000428626 -0.00894219 -0.0075788 0.0114338 0.000368517 -0.00260069 0.00756636 0.0221952 -0.0102444 -0.0213398 -0.0281108 -0.0133753 0.0305005 -0.0345052 -0.0565125 0.00948501 0.0222307 0.040518 0.0239386 0.0439574 0.000958858 0.0046793 0.0571304 0.0106568 0.000513977 0.0033882 0.0399219 0.0569745 0.0929328 -0.00386314
internal_weight=888.117 517.042 510.513 371.075 333.966 313.435 194.265 106.66 87.6053 69.528 65.0972 50.7276 16.4889 34.2387 25.9019 361.653 144.957 90.541 59.3842 42.6635 216.696 201.734 14.8417 9.72534 186.892 179.623 29.7477 25.6394 16.3947 149.875
internal_count=4906 2958 2918 1948 1688 1587 919 505 414 330 310 238 77 161 122 1900 713 443 292 207 1187 1101 79 52 1022 983 159 137 90 824
is_linear=0
shrinkage=0.1


end of trees

feature_importances:
Column_0=74
Column_16=34
Column_11=30
Column_6=23
Column_10=23
Column_9=22
Column_1=19
Column_15=15
Column_5=14
Column_13=14
Column_14=13
Column_7=10
Column_22=10
Column_69=9
Column_12=8
Column_84=8
Column_86=8
Column_139=7
Column_8=6
Column_99=6
Column_167=6
Column_21=5
Column_42=5
Column_81=5
Column_26=4
Column_135=4
Column_168=4
Column_178=4
Column_53=3
Column_54=3
Column_57=3
Column_59=3
Column_67=3
Column_70=3
Column_74=3
Column_79=3
Column_129=3
Column_137=3
Column_33=2
Column_45=2
Column_50=2
Column_60=2
Column_61=2
Column_62=2
Column_73=2
Column_78=2
Column_80=2
Column_87=2
Column_133=2
Column_134=2
Column_140=2
Column_174=2
Column_176=2
Column_177=2
Column_17=1
Column_24=1
Column_32=1
Column_40=1
Column_41=1
Column_49=1
Column_52=1
Column_55=1
Column_56=1
Column_63=1
Column_65=1
Column_68=1
Column_71=1
Column_83=1
Column_91=1
Column_93=1
Column_94=1
Column_95=1
Column_97=1
Column_98=1
Column_102=1
Column_105=1
Column_108=1
Column_118=1
Column_128=1
Column_130=1
Column_138=1
Column_201=1

parameters:
[boosting: gbdt]
[objective: binary]
[metric: binary_logloss]
[tree_learner: serial]
[device_type: cpu]
[data_sample_strategy: bagging]
[data: ]
[valid: ]
[num_iterations: 300]
[learning_rate: 0.1]
[num_leaves: 31]
[num_threads: 0]
[seed: 0]
[deterministic: 0]
[force_col_wise: 0]
[force_row_wise: 0]
[histogram_pool_size: -1]
[max_depth: -1]
[min_data_in_leaf: 20]
[min_sum_hessian_in_leaf: 0.001]
[bagging_fraction: 1]
[pos_bagging_fraction: 1]
[neg_bagging_fraction: 1]
[bagging_freq: 0]
[bagging_seed: 7719]
[bagging_by_query: 0]
[feature_fraction: 1]
[feature_fraction_bynode: 1]
[feature_fraction_seed: 2437]
[extra_trees: 0]
[extra_seed: 11797]
[early_stopping_round: 0]
[early_stopping_min_delta: 0]
[first_metric_only: 0]
[max_delta_step: 0]
[lambda_l1: 0]
[lambda_l2: 0]
[linear_lambda: 0]
[min_gain_to_split: 0]
[drop_rate: 0.1]
[max_drop: 50]
[skip_drop: 0.5]
[xgboost_dart_mode: 0]
[uniform_drop: 0]
[drop_seed: 21238]
[top_rate: 0.2]
[other_rate: 0.1]
[min_data_per_group: 100]
[max_cat_threshold: 32]
[cat_l2: 10]
[cat_smooth: 10]
[max_cat_to_onehot: 4]
[top_k: 20]
[monotone_constraints: ]
[monotone_constraints_method: basic]
[monotone_penalty: 0]
[feature_contri: ]
[forcedsplits_filename: ]
[refit_decay_rate: 0.9]
[cegb_tradeoff: 1]
[cegb_penalty_split: 0]
[cegb_penalty_feature_lazy: ]
[cegb_penalty_feature_coupled: ]
[path_smooth: 0]
[interaction_constraints: ]
[verbosity: -1]
[saved_feature_importance_type: 0]
[use_quantized_grad: 0]
[num_grad_quant_bins: 4]
[quant_train_renew_leaf: 0]
[stochastic_rounding: 1]
[linear_tree: 0]
[max_bin: 255]
[max_bin_by_feature: ]
[min_data_in_bin: 3]
[bin_construct_sample_cnt: 200000]
[data_random_seed: 38]
[is_enable_sparse: 1]
[enable_bundle: 1]
[use_missing: 1]
[zero_as_missing: 0]
[feature_pre_filter: 1]
[pre_partition: 0]
[two_round: 0]
[header: 0]
[label_column: ]
[weight_column: ]
[group_column: ]
[ignore_column: ]
[categorical_feature: ]
[forcedbins_filename: ]
[precise_float_parser: 0]
[parser_config_file: ]
[objective_seed: 8855]
[num_class: 1]
[is_unbalance: 0]
[scale_pos_weight: 1]
[sigmoid: 1]
[boost_from_average: 1]
[reg_sqrt: 0]
[alpha: 0.9]
[fair_c: 1]
[poisson_max_delta_step: 0.7]
[tweedie_variance_power: 1.5]
[lambdarank_truncation_level: 30]
[lambdarank_norm: 1]
[label_gain: ]
[lambdarank_position_bias_regularization: 0]
[eval_at: ]
[multi_error_top_k: 1]
[auc_mu_weights: ]
[num_machines: 1]
[local_listen_port: 12400]
[time_out: 120]
[machine_list_filename: ]
[machines: ]
[gpu_platform_id: -1]
[gpu_device_id: -1]
[gpu_device_id_list: ]
[gpu_use_dp: 0]
[num_gpu: 1]

end of parameters

pandas_categorical:null
