tree
version=v4
num_class=1
num_tree_per_iteration=1
label_index=0
max_feature_idx=567
objective=binary sigmoid:1
feature_names=Column_0 Column_1 Column_2 Column_3 Column_4 Column_5 Column_6 Column_7 Column_8 Column_9 Column_10 Column_11 Column_12 Column_13 Column_14 Column_15 Column_16 Column_17 Column_18 Column_19 Column_20 Column_21 Column_22 Column_23 Column_24 Column_25 Column_26 Column_27 Column_28 Column_29 Column_30 Column_31 Column_32 Column_33 Column_34 Column_35 Column_36 Column_37 Column_38 Column_39 Column_40 Column_41 Column_42 Column_43 Column_44 Column_45 Column_46 Column_47 Column_48 Column_49 Column_50 Column_51 Column_52 Column_53 Column_54 Column_55 Column_56 Column_57 Column_58 Column_59 Column_60 Column_61 Column_62 Column_63 Column_64 Column_65 Column_66 Column_67 Column_68 Column_69 Column_70 Column_71 Column_72 Column_73 Column_74 Column_75 Column_76 Column_77 Column_78 Column_79 Column_80 Column_81 Column_82 Column_83 Column_84 Column_85 Column_86 Column_87 Column_88 Column_89 Column_90 Column_91 Column_92 Column_93 Column_94 Column_95 Column_96 Column_97 Column_98 Column_99 Column_100 Column_101 Column_102 Column_103 Column_104 Column_105 Column_106 Column_107 Column_108 Column_109 Column_110 Column_111 Column_112 Column_113 Column_114 Column_115 Column_116 Column_117 Column_118 Column_119 Column_120 Column_121 Column_122 Column_123 Column_124 Column_125 Column_126 Column_127 Column_128 Column_129 Column_130 Column_131 Column_132 Column_133 Column_134 Column_135 Column_136 Column_137 Column_138 Column_139 Column_140 Column_141 Column_142 Column_143 Column_144 Column_145 Column_146 Column_147 Column_148 Column_149 Column_150 Column_151 Column_152 Column_153 Column_154 Column_155 Column_156 Column_157 Column_158 Column_159 Column_160 Column_161 Column_162 Column_163 Column_164 Column_165 Column_166 Column_167 Column_168 Column_169 Column_170 Column_171 Column_172 Column_173 Column_174 Column_175 Column_176 Column_177 Column_178 Column_179 Column_180 Column_181 Column_182 Column_183 Column_184 Column_185 Column_186 Column_187 Column_188 Column_189 Column_190 Column_191 Column_192 Column_193 Column_194 Column_195 Column_196 Column_197 Column_198 Column_199 Column_200 Column_201 Column_202 Column_203 Column_204 Column_205 Column_206 Column_207 Column_208 Column_209 Column_210 Column_211 Column_212 Column_213 Column_214 Column_215 Column_216 Column_217 Column_218 Column_219 Column_220 Column_221 Column_222 Column_223 Column_224 Column_225 Column_226 Column_227 Column_228 Column_229 Column_230 Column_231 Column_232 Column_233 Column_234 Column_235 Column_236 Column_237 Column_238 Column_239 Column_240 Column_241 Column_242 Column_243 Column_244 Column_245 Column_246 Column_247 Column_248 Column_249 Column_250 Column_251 Column_252 Column_253 Column_254 Column_255 Column_256 Column_257 Column_258 Column_259 Column_260 Column_261 Column_262 Column_263 Column_264 Column_265 Column_266 Column_267 Column_268 Column_269 Column_270 Column_271 Column_272 Column_273 Column_274 Column_275 Column_276 Column_277 Column_278 Column_279 Column_280 Column_281 Column_282 Column_283 Column_284 Column_285 Column_286 Column_287 Column_288 Column_289 Column_290 Column_291 Column_292 Column_293 Column_294 Column_295 Column_296 Column_297 Column_298 Column_299 Column_300 Column_301 Column_302 Column_303 Column_304 Column_305 Column_306 Column_307 Column_308 Column_309 Column_310 Column_311 Column_312 Column_313 Column_314 Column_315 Column_316 Column_317 Column_318 Column_319 Column_320 Column_321 Column_322 Column_323 Column_324 Column_325 Column_326 Column_327 Column_328 Column_329 Column_330 Column_331 Column_332 Column_333 Column_334 Column_335 Column_336 Column_337 Column_338 Column_339 Column_340 Column_341 Column_342 Column_343 Column_344 Column_345 Column_346 Column_347 Column_348 Column_349 Column_350 Column_351 Column_352 Column_353 Column_354 Column_355 Column_356 Column_357 Column_358 Column_359 Column_360 Column_361 Column_362 Column_363 Column_364 Column_365 Column_366 Column_367 Column_368 Column_369 Column_370 Column_371 Column_372 Column_373 Column_374 Column_375 Column_376 Column_377 Column_378 Column_379 Column_380 Column_381 Column_382 Column_383 Column_384 Column_385 Column_386 Column_387 Column_388 Column_389 Column_390 Column_391 Column_392 Column_393 Column_394 Column_395 Column_396 Column_397 Column_398 Column_399 Column_400 Column_401 Column_402 Column_403 Column_404 Column_405 Column_406 Column_407 Column_408 Column_409 Column_410 Column_411 Column_412 Column_413 Column_414 Column_415 Column_416 Column_417 Column_418 Column_419 Column_420 Column_421 Column_422 Column_423 Column_424 Column_425 Column_426 Column_427 Column_428 Column_429 Column_430 Column_431 Column_432 Column_433 Column_434 Column_435 Column_436 Column_437 Column_438 Column_439 Column_440 Column_441 Column_442 Column_443 Column_444 Column_445 Column_446 Column_447 Column_448 Column_449 Column_450 Column_451 Column_452 Column_453 Column_454 Column_455 Column_456 Column_457 Column_458 Column_459 Column_460 Column_461 Column_462 Column_463 Column_464 Column_465 Column_466 Column_467 Column_468 Column_469 Column_470 Column_471 Column_472 Column_473 Column_474 Column_475 Column_476 Column_477 Column_478 Column_479 Column_480 Column_481 Column_482 Column_483 Column_484 Column_485 Column_486 Column_487 Column_488 Column_489 Column_490 Column_491 Column_492 Column_493 Column_494 Column_495 Column_496 Column_497 Column_498 Column_499 Column_500 Column_501 Column_502 Column_503 Column_504 Column_505 Column_506 Column_507 Column_508 Column_509 Column_510 Column_511 Column_512 Column_513 Column_514 Column_515 Column_516 Column_517 Column_518 Column_519 Column_520 Column_521 Column_522 Column_523 Column_524 Column_525 Column_526 Column_527 Column_528 Column_529 Column_530 Column_531 Column_532 Column_533 Column_534 Column_535 Column_536 Column_537 Column_538 Column_539 Column_540 Column_541 Column_542 Column_543 Column_544 Column_545 Column_546 Column_547 Column_548 Column_549 Column_550 Column_551 Column_552 Column_553 Column_554 Column_555 Column_556 Column_557 Column_558 Column_559 Column_560 Column_561 Column_562 Column_563 Column_564 Column_565 Column_566 Column_567
feature_infos=[2.0013689994812012:17.993154525756836] [-0.7776256799697876:0.99923950433731079] none none none [0:1] [0:1] [0:1] [0:1] [0:1] [0:1] [0:1] [0:1] [0:1] [0:1] [0:1] [0:1] [0:1] [0:1] [0:1] [0:1] [0:1] [0:1] [0:1] [0:1] [0:1] [0:1] [0:1] [0:1] [0:1] [0:1] [0:1] [0:1] [0:1] [0:1] [0:1] [0:1] [0:1] [0:1] [0:1] [0:1] [0:1] [0:1] [0:1] [0:1] [0:1] [0:1] [0:1] [0:1] [0:1] [0:1] [0:1] [0:1] [0:1] [0:1] [0:1] [0:1] [0:1] [0:1] [0:1] [0:1] [0:1] [0:1] [0:1] [0:1] [0:1] [0:1] [0:1] [0:1] [0:1] [0:1] [0:1] [0:1] [0:1] [0:1] [0:1] [0:1] [0:1] [0:1] [0:1] [0:1] [0:1] [0:1] [0:1] [0:1] [0:1] [0:1] [0:1] [0:1] [0:1] [0:1] [0:1] [0:1] [0:1] [0:1] [0:1] [0:1] [0:1] [0:1] [0:1] [0:1] [0:1] [0:1] [0:1] [0:1] [0:1] [0:1] [0:1] [0:1] none none none none [0:1] [0:1] none [0:1] none [0:1] none none [0:1] none none none none [0:1] [0:1] [0:1] [0:1] [0:1] none [0:1] [0:1] [0:1] [0:1] none [0:1] [0:1] [0:1] [0:1] [0:1] [0:1] [0:1] [0:1] [0:1] [0:1] [0:1] [0:1] [0:1] [0:1] [0:1] [0:1] [0:1] [0:1] [0:1] [0:1] none none none none none none none none none none [0:1] [0:1] none none none none none [0:1] [0:1] [0:1] [0:1] [0:1] [0:1] [0:1] [0:1] [0:1] [0:1] [0:1] [0:1] [0:1] [0:1] [0:1] [0:1] [0:1] [0:1] [0:1] [0:1] [0:1] [0:1] [0:1] [0:1] [0:1] [0:1] [0:1] [0:1] none none [0:1] [0:1] [0:1] none [0:1] [0:1] [0:1] [0:1] [0:1] none [0:1] none none [0:1] none [0:1] [0:1] [0:1] [0:1] [0:1] [0:1] [0:1] [0:1] [0:1] [0:1] [0:1] [0:1] [0:1] [0:1] [0:1] [0:1] [0:1] [0:1] [0:1] [0:1] [0:1] [0:1] [0:1] [0:1] [0:1] none none none none none none none none none none none none none none none none none [0:1] [0:1] [0:1] [0:1] [0:1] [0:1] [0:1] [0:1] [0:1] [0:1] none [0:1] [0:1] [0:1] [0:1] none [0:1] [0:1] none none none [0:1] [0:1] none none none none none [0:1] [0:1] [0:1] [0:1] [0:1] [0:1] [0:1] none none none [0:1] none [0:1] [0:1] [0:1] none [0:1] [0:1] [0:1] [0:1] none none [0:1] [0:1] none none none none [0:1] [0:1] none none none [0:1] none none [0:1] [0:1] none none [0:1] [0:1] none none none none none none none none none none none none none none none none none none none none none none none none none none none none none none none none none none none none none none none none none none none none none none none none none none none none none none none none none none none none none none none none none none none none none none none none none none none none none none none none none none none none none none none none none none none none none none none none none none none none none none none none none none none none none none none none none none none none none none none none none none none none none none none none none none none none none none none none none none none none none none none none none none none none none none none none none none none none none none none none none none none none none none none none none none none none none none none none none none none none none none none none none none none none none none none none none none none none none none none none none none none none none none none none none none none none none none none none none none none none none none none none none none none none none none none none none none none none none
tree_sizes=3400 3434 3476 3459 3491 3472 3466 3467 3481 3483 3472 3473 3470 3470 3492 3501 3499 3484 3468 3501 3475 3500 3467

Tree=0
num_leaves=31
num_cat=0
split_feature=9 6 13 6 174 13 0 15 0 1 73 62 95 16 16 65 137 137 33 168 11 83 10 69 68 0 81 6 73 0
split_gain=216.269 70.2206 35.0709 13.2717 10.8632 8.96458 9.37098 8.84923 8.71518 7.58468 6.8833 9.43549 6.74511 11.7903 6.53679 8.95156 6.27477 5.92602 7.94218 8.66587 6.9707 5.9236 5.51982 5.41102 5.35911 8.30057 5.35818 5.05021 7.2058 8.52518
threshold=1.0000000180025095e-35 1.0000000180025095e-35 1.0000000180025095e-35 1.0000000180025095e-35 1.0000000180025095e-35 1.0000000180025095e-35 2.6652977466583256 1.0000000180025095e-35 6.566735267639161 0.091489847749471678 1.0000000180025095e-35 1.0000000180025095e-35 1.0000000180025095e-35 1.0000000180025095e-35 1.0000000180025095e-35 1.0000000180025095e-35 1.0000000180025095e-35 1.0000000180025095e-35 1.0000000180025095e-35 1.0000000180025095e-35 1.0000000180025095e-35 1.0000000180025095e-35 1.0000000180025095e-35 1.0000000180025095e-35 1.0000000180025095e-35 15.51813840866089 1.0000000180025095e-35 1.0000000180025095e-35 1.0000000180025095e-35 4.8911705017089853
decision_type=2 2 2 2 2 2 2 2 2 2 2 2 2 2 2 2 2 2 2 2 2 2 2 2 2 2 2 2 2 2
left_child=1 -1 3 4 17 6 -3 8 -5 10 11 -9 14 26 15 23 -8 18 19 24 -20 -10 -18 27 25 -2 -14 -4 29 -29
right_child=2 5 12 7 -6 -7 16 9 21 -11 -12 -13 13 -15 -16 -17 22 -19 20 -21 -22 -23 -24 -25 -26 -27 -28 28 -30 -31
leaf_value=-1.1765898753707782 -1.0524294758418704 -1.2084263791821939 -1.0952410402581361 -0.91405149052843848 -1.1962487086642501 -1.1283243686641651 -1.0753147265898599 -1.0920619720107332 -1.0125189365328726 -0.97687415136274558 -1.1790750707543298 -0.90920361788415249 -1.0265731661142368 -0.91249589132679154 -1.12746132654938 -0.9380467960881429 -1.2016940084893468 -0.96268723308933302 -0.95858771952373911 -1.1739229793813537 -1.0704127799788337 -0.9015490821300165 -1.0533640412537126 -1.1404343854570089 -1.0021695966802588 -1.1834911490740236 -1.1873184169510915 -1.1191234620506079 -1.1172499742786164 -0.95028728436115328
leaf_weight=328.09678986668587 64.200964570045471 6.1588134616613379 38.445926457643509 18.663071095943451 4.4791370630264273 92.382201924920082 117.76397861540318 10.078058391809469 34.153420105576515 12.877519056200979 4.8523984849452964 3.9192449301481238 4.665767773985861 5.7855520397424689 41.432017832994461 4.2925063520669928 7.6518591493368131 9.7047969698905927 17.356656119227409 5.9721827507019034 8.2117512822151202 5.5989213287830344 3.7326142191886902 14.930456876754759 18.849701806902885 5.2256599068641654 3.7326142191886902 4.1058756411075619 7.278597727417945 11.011211946606634
leaf_count=1758 344 33 206 100 24 495 631 54 183 69 26 21 25 31 222 23 41 52 93 32 44 30 20 80 101 28 20 22 39 59
internal_value=-1.10787 -1.14698 -1.04747 -1.02318 -1.04314 -1.10431 -1.08792 -0.993514 -0.970424 -1.03603 -1.07644 -1.04086 -1.0876 -1.02234 -1.09522 -1.07853 -1.08217 -1.03785 -1.04393 -1.05734 -0.994502 -0.996889 -1.15306 -1.08649 -1.04946 -1.06229 -1.09802 -1.07325 -1.0355 -0.996144
internal_weight=915.61 555.786 359.824 224.143 134.001 227.689 135.307 90.1426 58.4154 31.7272 18.8497 13.9973 135.681 14.1839 121.497 80.0646 129.148 129.522 119.817 94.2485 25.5684 39.7523 11.3845 75.7721 88.2763 69.4266 8.39838 60.8416 22.3957 15.1171
internal_count=4906 2978 1928 1201 718 1220 725 483 313 170 101 75 727 76 651 429 692 694 642 505 137 213 61 406 473 372 45 326 120 81
is_linear=0
shrinkage=1


Tree=1
num_leaves=31
num_cat=0
split_feature=9 6 13 6 174 13 0 15 21 67 24 62 0 1 73 62 0 0 137 0 1 0 0 10 67 8 42 14 83 84
split_gain=172.936 60.1743 26.058 9.37084 8.62026 7.2361 7.8481 6.09515 6.02447 5.9945 5.71605 6.19035 5.65366 5.46297 5.49877 6.61784 5.36792 5.16003 5.07423 4.92879 4.8131 7.91805 5.19012 4.6869 4.58734 5.09917 4.44406 4.38214 6.86095 4.31912
threshold=1.0000000180025095e-35 1.0000000180025095e-35 1.0000000180025095e-35 1.0000000180025095e-35 1.0000000180025095e-35 1.0000000180025095e-35 2.6652977466583256 1.0000000180025095e-35 1.0000000180025095e-35 1.0000000180025095e-35 1.0000000180025095e-35 1.0000000180025095e-35 6.566735267639161 0.091489847749471678 1.0000000180025095e-35 1.0000000180025095e-35 7.1540040969848642 17.80835056304932 1.0000000180025095e-35 13.813826084136965 -0.4741805493831634 3.8535249233245854 5.5947980880737314 1.0000000180025095e-35 1.0000000180025095e-35 1.0000000180025095e-35 1.0000000180025095e-35 1.0000000180025095e-35 1.0000000180025095e-35 1.0000000180025095e-35
decision_type=2 2 2 2 2 2 2 2 2 2 2 2 2 2 2 2 2 2 2 2 2 2 2 2 2 2 2 2 2 2
left_child=1 17 3 4 -2 6 -3 12 9 10 -4 16 -5 14 15 -9 -12 -1 -8 -11 21 -7 -22 -20 -14 -26 -21 28 -13 -24
right_child=2 5 8 7 -6 20 18 13 -10 19 11 27 24 -15 -16 -17 -18 -19 23 26 22 -23 29 -25 25 -27 -28 -29 -30 -31
leaf_value=-0.065764733501556233 0.06071577141562319 -0.095643179905220699 0.16199807086754711 0.15852392743884194 -0.083482525170593042 -0.013925184817737657 0.028806565465772146 0.014112536050016049 -0.038239686964581909 -0.0058626056063082795 0.058161175086511335 0.12770785967545892 0.059501679037258406 0.11033588907419119 -0.066614821302619767 0.16213201472606825 -0.075984667774452119 0.039986346324404148 -0.088899432141580623 0.026648513465765234 -0.11643382269892755 0.13834492776305896 -0.028483309276366799 0.047685257966103609 0.087046537151234241 0.18544663893722124 0.15137627641360185 0.019301105275873479 -0.016030215875905529 0.068162818260798785
leaf_weight=311.98080676794052 134.01193134486675 5.8439366966485968 4.3818764835596076 20.427736639976501 4.2780658006668082 11.821098327636721 119.68652552366257 10.158133596181871 16.7530118227005 57.13316522538662 5.2283526211976987 14.860435247421266 19.861378252506256 13.710534140467642 4.6771603226661673 4.2987070530652991 6.9459226876497269 4.6833146512508383 7.2870360612869245 11.1802591830492 6.2799584865570059 4.8023211956024161 63.538403511047363 3.8343241810798645 13.391021698713303 8.6799110174179077 3.8370081186294547 12.415034651756288 4.2764141112565985 4.9870258569717398
leaf_count=1732 694 33 23 100 24 64 631 54 89 304 28 78 101 69 26 21 37 26 41 59 34 26 344 20 68 44 20 66 23 27
internal_value=-0.000145215 -0.0359939 0.0525621 0.072877 0.0562549 0.00316802 0.0177374 0.0970214 0.0179417 0.0257682 0.0531102 0.0421983 0.115384 0.0621568 0.0276339 0.0581258 -0.0183745 -0.0642007 0.0228028 0.00753731 -0.0186078 0.030064 -0.0294237 -0.041809 0.0943685 0.125745 0.0585173 0.0655703 0.0955874 -0.0214498
internal_weight=915.251 544.745 370.506 233.495 138.29 228.081 136.652 95.2046 137.011 120.258 48.108 43.7262 62.36 32.8445 19.134 14.4568 12.1743 316.664 130.808 72.1504 91.4288 16.6234 74.8054 11.1214 41.9323 22.0709 15.0173 31.5519 19.1368 68.5254
internal_count=4906 2978 1928 1201 718 1220 725 483 727 638 255 232 313 170 101 75 65 1758 692 383 495 90 405 61 213 112 79 167 101 371
is_linear=0
shrinkage=0.1


Tree=2
num_leaves=31
num_cat=0
split_feature=9 6 13 6 174 55 0 13 5 95 65 6 73 69 56 133 83 35 0 127 52 10 81 0 39 7 42 11 51 7
split_gain=139.124 51.4479 19.7638 6.87614 6.90437 6.45037 7.11082 5.93451 5.30694 6.1355 5.51783 5.30747 6.21168 5.94351 5.83864 5.19389 5.03041 8.64513 5.23325 5.03263 4.97761 5.09114 4.9577 9.85487 8.68466 5.73978 5.56146 4.85235 4.70601 8.15919
threshold=1.0000000180025095e-35 1.0000000180025095e-35 1.0000000180025095e-35 1.0000000180025095e-35 1.0000000180025095e-35 1.0000000180025095e-35 4.3367555141448983 1.0000000180025095e-35 1.0000000180025095e-35 1.0000000180025095e-35 1.0000000180025095e-35 1.0000000180025095e-35 1.0000000180025095e-35 1.0000000180025095e-35 1.0000000180025095e-35 1.0000000180025095e-35 1.0000000180025095e-35 1.0000000180025095e-35 12.203969955444338 1.0000000180025095e-35 1.0000000180025095e-35 1.0000000180025095e-35 1.0000000180025095e-35 7.0266940593719491 1.0000000180025095e-35 1.0000000180025095e-35 1.0000000180025095e-35 1.0000000180025095e-35 1.0000000180025095e-35 1.0000000180025095e-35
decision_type=2 2 2 2 2 2 2 2 2 2 2 2 2 2 2 2 2 2 2 2 2 2 2 2 2 2 2 2 2 2
left_child=1 -1 3 4 -2 15 -7 -8 9 10 11 13 20 14 -4 28 17 -5 19 -18 21 -13 23 -10 26 -24 -25 -17 29 -3
right_child=2 5 8 16 -6 6 7 -9 22 -11 -12 12 -14 -15 -16 27 18 -19 -20 -21 -22 -23 25 24 -26 -27 -28 -29 -30 -31
leaf_value=-0.059937241434940593 0.053041168454626135 0.055575937160813098 -0.029410120466333046 0.092092517538765739 -0.078862993722269514 0.078912484889568812 0.024302858046814167 -0.018587353295107283 0.11073398389640676 0.1073906696608567 0.13605306139769205 0.14487429869605636 -0.023471798764998771 -0.083547455817466976 0.048979660650579432 -0.029585819203326893 0.23575707536912965 0.017180752279148562 0.056565927420182807 0.093459475816384807 -0.016664014448501623 0.0228785827121047 -0.080472302796546297 -0.016185727010829092 -0.10633345647424407 0.026663166551937401 0.12503540184073711 -0.13082820990717237 -0.047559297124887004 -0.037507362710577669
leaf_weight=305.87038868665695 137.84201326966286 21.649335891008377 18.382085010409355 62.982838988304138 4.085951328277587 15.536408662796019 82.258508771657944 53.075654312968254 8.1592710465192813 9.3470899760723096 4.001426473259925 10.674368098378183 8.2089245468378085 8.0342055112123472 19.667413845658302 14.695887401700022 6.0678432732820493 20.393526718020439 5.4935344755649558 4.2097562402486801 4.2099434286355963 5.0340192317962638 15.024721264839174 8.4117069691419619 7.3241114020347586 7.4953505992889395 4.1715610027313224 6.9836245328187934 17.452943578362465 16.666004091501236
leaf_count=1758 694 115 99 307 24 83 429 291 43 47 20 55 44 43 104 81 29 101 26 20 22 26 80 44 39 40 21 39 93 89
internal_value=-0.000242023 -0.0331247 0.046078 0.0633595 0.0492438 0.00279516 0.0148379 0.00748208 0.0159205 0.0308182 0.0216671 0.0154994 0.0497304 -0.00539352 0.0111088 -0.0206644 0.0835659 0.0737694 0.135356 0.177471 0.0798992 0.105779 -0.00986564 0.0181765 -0.0197592 -0.0448144 0.0306314 -0.062199 -0.00451808 0.0150875
internal_weight=913.41 534.189 379.222 241.075 141.928 228.318 150.871 135.334 138.146 87.5595 78.2124 74.211 28.1273 46.0837 38.0495 77.4478 99.1475 83.3764 15.7711 10.2776 19.9183 15.7084 50.5867 28.0667 19.9074 22.5201 12.5833 21.6795 55.7683 38.3153
internal_count=4906 2978 1928 1201 718 1220 803 720 727 460 413 393 147 246 203 417 483 408 75 49 103 81 267 147 104 120 65 120 297 204
is_linear=0
shrinkage=0.1


Tree=3
num_leaves=31
num_cat=0
split_feature=9 6 13 137 11 53 12 6 39 50 78 11 168 151 19 21 0 67 0 1 0 15 73 62 0 108 0 81 5 7
split_gain=112.221 43.9044 15.2183 6.21024 5.63513 5.80732 7.23921 5.15482 4.93322 4.89882 8.20513 7.7869 7.48205 4.86941 6.00863 4.81801 4.55002 4.50139 4.21316 8.76823 6.42887 4.16303 4.51924 6.11998 4.16921 4.15242 5.83939 4.04982 4.01242 3.99091
threshold=1.0000000180025095e-35 1.0000000180025095e-35 1.0000000180025095e-35 1.0000000180025095e-35 1.0000000180025095e-35 1.0000000180025095e-35 1.0000000180025095e-35 1.0000000180025095e-35 1.0000000180025095e-35 1.0000000180025095e-35 1.0000000180025095e-35 1.0000000180025095e-35 1.0000000180025095e-35 1.0000000180025095e-35 1.0000000180025095e-35 1.0000000180025095e-35 17.80835056304932 1.0000000180025095e-35 15.63039016723633 0.6562476158142091 14.017796039581301 1.0000000180025095e-35 1.0000000180025095e-35 1.0000000180025095e-35 10.658453464508058 1.0000000180025095e-35 13.813826084136965 1.0000000180025095e-35 1.0000000180025095e-35 1.0000000180025095e-35
decision_type=2 2 2 2 2 2 2 2 2 2 2 2 2 2 2 2 2 2 2 2 2 2 2 2 2 2 2 2 2 2
left_child=1 16 7 4 13 6 -6 9 -8 10 12 28 18 14 -3 17 -1 -4 19 20 -2 -9 23 -23 -24 26 -19 -17 29 -11
right_child=2 3 15 -5 5 -7 8 21 -10 11 -12 -13 -14 -15 -16 27 -18 25 -20 -21 -22 22 24 -25 -26 -27 -28 -29 -30 -31
leaf_value=-0.057457903686415082 0.039071998927679194 0.020416936890087268 0.044155062146086006 -0.053783343117494553 0.029452354344958666 -0.059903961263814268 -0.071397111478121555 0.087097929871337243 0.041276502046071278 0.079670054356250061 0.13475375804071349 0.010959119601178423 -0.08440477249589684 -0.057004270891598 0.13968639378417461 -0.085479254718731718 0.042418964001948889 -0.015510638007983768 -0.031566482642332069 0.15345411979033979 -0.058011823787477157 0.028891946854221223 -0.074312511719363247 0.13251076635763209 0.050334901307982551 0.10135540173103462 0.057139213518414049 0.013486395888340445 0.06409717282346461 0.18871413433030448
leaf_weight=291.11084711551666 68.907257318496704 120.58106933534145 49.640237972140312 18.075178235769272 36.11394165456295 20.402183085680008 16.076302289962772 67.565260544419289 5.1245136111974707 5.8534159809350967 7.2411711663007727 13.326931267976759 5.932792291045188 7.767752766609191 4.3772671371698371 8.3657953292131424 4.633846402168273 54.72020323574543 9.5131440758705121 6.1628597229719153 7.5702460557222357 14.877279654145241 5.1497307717800123 9.240201935172081 5.6030127257108688 4.2221815735101691 13.86743053793907 8.1760337650775909 12.636894643306732 7.8676978796720505
leaf_count=1732 340 641 255 101 192 109 86 313 27 28 35 66 31 41 23 45 26 290 49 31 39 74 28 42 26 22 71 44 61 38
internal_value=-0.000317034 -0.0304551 0.0405697 0.00246629 0.00729763 -0.0140872 0.00222213 0.0554425 -0.0441624 0.0433118 0.0320298 0.0732552 0.0244463 0.0198194 0.0245949 0.0140915 -0.055893 0.0209346 0.031454 0.0387086 0.029462 0.0726154 0.0445537 0.0685917 -0.00936155 0.00510329 -0.000821886 -0.0365641 0.104753 0.142196
internal_weight=910.703 524.263 386.44 228.518 210.443 77.7169 57.3148 247.448 21.2008 145.012 105.327 39.6849 98.0863 132.726 124.958 138.992 295.745 122.45 92.1535 82.6404 76.4775 102.435 34.8702 24.1175 10.7527 72.8098 68.5876 16.5418 26.358 13.7211
internal_count=4906 2978 1928 1220 1119 414 305 1201 113 718 525 193 490 705 664 727 1758 638 459 410 379 483 170 116 54 383 361 89 127 66
is_linear=0
shrinkage=0.1


Tree=4
num_leaves=31
num_cat=0
split_feature=9 6 13 0 55 128 13 0 5 137 132 95 39 6 65 69 79 73 6 54 0 10 138 19 137 50 168 11 13 15
split_gain=90.778 37.402 11.804 5.27472 5.16579 5.82845 5.77825 4.90737 4.28818 4.43211 9.1905 4.40121 4.18313 3.96954 3.86317 4.27485 4.4116 4.03773 6.72082 8.54149 5.73327 4.06782 3.82016 3.9304 3.79882 5.89774 7.80826 5.76768 3.69771 5.00056
threshold=1.0000000180025095e-35 1.0000000180025095e-35 1.0000000180025095e-35 17.860369682312015 1.0000000180025095e-35 1.0000000180025095e-35 1.0000000180025095e-35 2.3121149539947514 1.0000000180025095e-35 1.0000000180025095e-35 1.0000000180025095e-35 1.0000000180025095e-35 1.0000000180025095e-35 1.0000000180025095e-35 1.0000000180025095e-35 1.0000000180025095e-35 1.0000000180025095e-35 1.0000000180025095e-35 1.0000000180025095e-35 1.0000000180025095e-35 4.850102663040162 1.0000000180025095e-35 1.0000000180025095e-35 1.0000000180025095e-35 1.0000000180025095e-35 1.0000000180025095e-35 1.0000000180025095e-35 1.0000000180025095e-35 1.0000000180025095e-35 1.0000000180025095e-35
decision_type=2 2 2 2 2 2 2 2 2 2 2 2 2 2 2 2 2 2 2 2 2 2 2 2 2 2 2 2 2 2
left_child=1 3 13 28 7 6 -6 -3 11 10 12 14 -10 24 15 16 17 18 19 -4 -19 -20 23 -9 25 26 -2 -27 29 -1
right_child=2 4 8 -5 5 -7 -8 22 9 -11 -12 -13 -14 -15 -16 -17 -18 20 21 -21 -22 -23 -24 -25 -26 27 -28 -29 -30 -31
leaf_value=-0.060060102754065439 0.027364925156544748 -0.12695562824367773 -0.023800312303148396 0.070603414121096775 0.024184537547500138 0.097497205054861313 -0.016892749806490092 -0.012588440887417084 0.0022727099106460676 -0.10868029597615469 0.12764915992311648 0.088729983313645511 -0.069208602041179373 0.063641391370078626 0.11026485536081337 -0.039709188326420237 -0.050728745476636777 0.10105888167923248 0.13797145361602195 0.11310757229369749 -0.037929714548172469 0.030523366172775953 -0.093035390185736061 0.089627035036979621 0.094105734650745468 0.092410876384696694 -0.095441012510849577 0.0092848798544723811 -0.066824669967444433 -0.024852679675555038
leaf_weight=86.841262370347977 91.892654091119766 3.9919406473636618 15.726993620395662 3.4630004316568366 88.614124655723572 7.7190463095903388 55.813656985759735 63.06868776679039 30.286787196993828 4.2291754633188239 4.9085520207881919 9.8706888258457166 11.219621956348417 104.98686492443085 4.2856115549802771 12.911182105541227 7.087436005473136 3.8140638619661358 10.354764595627783 6.4160661846399298 13.377024248242376 5.3406958580017081 5.5202592462301245 4.0004854351282111 11.229835718870161 26.783058524131775 5.4865696579217902 12.126026660203932 120.63200262188911 75.339620068669319
leaf_count=534 452 24 86 19 456 40 307 340 157 23 25 47 62 483 20 70 37 20 50 33 70 27 32 21 52 124 30 60 742 463
internal_value=-0.00036835 -0.0279759 0.0358712 -0.0520644 0.00217318 0.0128352 0.00831035 -0.0190094 0.0125623 -0.0106768 -0.00174704 0.0257588 -0.0170494 0.0487789 0.0179219 0.0126473 0.0235297 0.0330937 0.0513518 0.0158695 -0.00709331 0.10141 -0.013073 -0.00649158 0.0382015 0.0335952 0.0204458 0.0665046 -0.0535664 -0.0437048
internal_weight=907.338 515.004 392.334 286.276 228.728 152.147 144.428 76.5814 139.829 50.6441 46.415 89.1845 41.5064 252.505 79.3138 75.0282 62.117 55.0296 37.8385 22.1431 17.1911 15.6955 72.5894 67.0692 147.518 136.288 97.3792 38.9091 282.813 162.181
internal_count=4906 2978 1928 1758 1220 803 763 417 727 267 244 460 219 1201 413 393 323 286 196 119 90 77 393 361 718 666 482 184 1739 997
is_linear=0
shrinkage=0.1


Tree=5
num_leaves=31
num_cat=0
split_feature=9 6 13 12 102 0 140 133 7 55 0 11 140 32 0 49 13 8 0 14 55 81 21 78 67 65 0 62 108 65
split_gain=73.5755 31.8087 9.25253 4.89826 7.42984 6.23665 7.4988 9.15991 8.75435 6.26808 5.20216 9.84144 7.40448 5.84796 4.96062 4.63738 4.403 10.6847 4.37012 3.94293 4.28742 4.98174 3.91676 3.98156 4.2759 4.89139 4.51851 5.72795 4.31826 3.79547
threshold=1.0000000180025095e-35 1.0000000180025095e-35 1.0000000180025095e-35 1.0000000180025095e-35 1.0000000180025095e-35 11.560575008392336 1.0000000180025095e-35 1.0000000180025095e-35 1.0000000180025095e-35 1.0000000180025095e-35 13.151266574859621 1.0000000180025095e-35 1.0000000180025095e-35 1.0000000180025095e-35 14.591375827789308 1.0000000180025095e-35 1.0000000180025095e-35 1.0000000180025095e-35 17.860369682312015 1.0000000180025095e-35 1.0000000180025095e-35 1.0000000180025095e-35 1.0000000180025095e-35 1.0000000180025095e-35 1.0000000180025095e-35 1.0000000180025095e-35 4.5790553092956552 1.0000000180025095e-35 1.0000000180025095e-35 1.0000000180025095e-35
decision_type=2 2 2 2 2 2 2 2 2 2 2 2 2 2 2 2 2 2 2 2 2 2 2 2 2 2 2 2 2 2
left_child=1 18 -2 5 10 6 7 8 16 -9 12 14 13 -5 -12 29 -3 -18 -1 20 -10 -22 23 24 26 28 -4 -28 -26 -7
right_child=2 3 22 4 -6 15 -8 9 19 -11 11 -13 -14 -15 -16 -17 17 -19 -20 -21 21 -23 -24 -25 25 -27 27 -29 -30 -31
leaf_value=-0.049880388425929643 0.04309676716697395 0.12273649670284295 0.11919065557980453 -0.06143916119970079 0.10184376285189055 -0.0058939564393853247 -0.081384360469585582 -0.063908451541907801 -0.019752605646373777 0.046791783455774519 0.15199574067884716 -0.071185686073777524 0.085865078902600186 0.01914135729736989 0.027948939061486384 -0.05639234176702082 -0.024869400944642593 0.1472542187331416 0.061181979555973355 -0.041764975474380309 0.17332053857881138 0.019064322454345146 -0.034898862709007231 -0.064628478316619484 -0.0076062957986907133 0.11666763037972844 -0.037515065146041832 0.051577215495388462 0.096830407433970644 0.088877600203438295
leaf_weight=273.87281185388565 256.84851270914078 19.547699734568596 6.8618126660585395 48.837584063410759 5.0849616676568976 29.689446195960045 5.5565459281206122 12.235895738005638 6.1565474271774283 8.788863405585289 4.540946528315545 8.2218098044395447 4.5412549525499335 11.042668029665945 11.113959580659865 16.834011867642403 8.264316797256468 6.3988941311836234 3.5893340259790412 8.5747286975383759 3.8771402984857559 4.5511999875307083 16.314623549580574 5.6709324270486823 61.988221451640129 3.7361922264099112 9.3042705208063108 32.158300742506981 4.2292717248201361 4.9270932078361502
leaf_count=1739 1201 98 33 265 27 158 29 71 33 46 24 45 24 58 59 90 44 34 19 45 20 24 89 30 328 17 50 159 21 26
internal_value=-0.000405832 -0.025682 0.0318168 0.00192245 -0.0156967 0.0140739 0.0308752 0.038832 0.0595249 -0.017633 -0.0224657 0.0174041 -0.0372427 -0.0465791 0.0639306 -0.0133408 0.0916653 0.0502438 -0.0484437 0.0120478 0.0436853 0.0900241 0.0111611 0.0172237 0.0211482 0.00534517 0.0440243 0.0315848 -0.000935986 0.00759521
internal_weight=903.36 506.248 397.112 228.786 93.3832 135.402 83.9518 78.3953 57.3705 21.0248 88.2982 23.8767 64.4215 59.8803 15.6549 51.4506 34.2109 14.6632 277.462 23.1596 14.5849 8.42834 140.264 123.949 118.278 69.9537 48.3244 41.4626 66.2175 34.6165
internal_count=4906 2978 1928 1220 502 718 444 415 298 117 475 128 347 323 83 274 176 78 1758 122 77 44 727 638 608 366 242 209 349 184
is_linear=0
shrinkage=0.1


Tree=6
num_leaves=31
num_cat=0
split_feature=9 6 13 137 11 24 151 19 0 13 8 0 53 0 0 12 55 5 40 137 132 0 17 1 86 73 25 0 0 54
split_gain=59.8293 26.8619 7.26703 4.48306 4.32359 5.14735 3.97123 3.9506 3.72236 3.65922 4.69641 4.10779 3.49713 5.56794 3.52293 3.89501 3.79163 3.43776 3.77289 4.55585 5.66497 3.41564 8.50519 6.63685 5.91233 6.38129 5.56128 5.57823 5.42659 5.29474
threshold=1.0000000180025095e-35 1.0000000180025095e-35 1.0000000180025095e-35 1.0000000180025095e-35 1.0000000180025095e-35 1.0000000180025095e-35 1.0000000180025095e-35 1.0000000180025095e-35 3.639972567558289 1.0000000180025095e-35 1.0000000180025095e-35 12.462697029113771 1.0000000180025095e-35 11.108829498291017 9.9780974388122576 1.0000000180025095e-35 1.0000000180025095e-35 1.0000000180025095e-35 1.0000000180025095e-35 1.0000000180025095e-35 1.0000000180025095e-35 12.803559303283693 1.0000000180025095e-35 0.6562476158142091 1.0000000180025095e-35 1.0000000180025095e-35 1.0000000180025095e-35 15.51813840866089 11.43189573287964 1.0000000180025095e-35
decision_type=2 2 2 2 2 2 2 2 2 2 2 2 2 2 2 2 2 2 2 2 2 2 2 2 2 2 2 2 2 2
left_child=1 8 21 4 6 -6 7 -3 -1 12 -11 -12 13 14 15 -7 -17 -4 19 20 -19 24 -23 -24 25 28 -25 -28 -2 -27
right_child=2 3 17 -5 5 9 -8 -9 -10 10 11 -13 -14 -15 -16 16 -18 18 -20 -21 -22 22 23 26 -26 29 27 -29 -30 -31
leaf_value=-0.077707198919193865 0.060357675764298263 0.017135465097999139 0.021660904382158438 -0.047546858232620622 -0.11206633813629496 0.051066004103284594 -0.053894861104776162 0.10997475813698637 -0.04077500831297292 -0.066828822111424796 0.066159217232657649 -0.069375824755485954 -0.041624273171345288 0.10212883758567487 -0.083727128132050355 -0.10506627020841644 0.02573271341095569 -0.0049772357795848689 -0.083017015273824338 -0.10313724939223778 0.10682778403418108 -0.11804205151886414 -0.0071524494894958414 0.16373476458961925 0.11865440287987482 -0.045934841340980623 0.11403897772949086 0.020852969596292976 -0.022613611969108265 0.029195025683186146
leaf_weight=30.817036643624306 109.53870159387589 122.09278035163879 90.201698631048203 17.16367506980896 4.9374904483556739 14.720824941992763 7.5793623924255362 4.7623052000999442 238.46623024344444 17.335409536957741 6.4940690547227877 3.4105658382177353 9.8525789678096753 7.5107694119215003 3.8498561531305304 3.9960215091705322 4.9759764969348907 35.007564395666122 6.3469920754432669 3.9432975798845282 5.2057417184114447 4.2042123675346366 30.188130334019661 4.1988832503557196 10.409319236874579 11.809802055358885 8.3315639644861204 28.054693967103958 8.4938733875751478 45.599125802516937
leaf_count=202 498 641 460 101 27 74 41 23 1556 98 35 20 53 38 20 23 26 183 36 23 25 21 142 20 47 55 38 131 38 211
internal_value=-0.000439394 -0.0235983 0.0282813 0.00160501 0.00559345 -0.0132875 0.0164196 0.0206208 -0.0450016 -0.0065273 -0.0354432 0.019489 0.0110131 0.025808 0.00499569 0.0194123 -0.0325236 0.00996493 -0.0109246 -0.000562179 0.00949628 0.0381622 0.0201455 0.0283544 0.0454306 0.0410861 0.0547651 0.0421903 0.0543869 0.0137398
internal_weight=899.499 497.965 401.534 228.682 211.518 77.0836 134.434 126.855 269.283 72.1461 27.24 9.90463 44.906 35.0534 27.5427 23.6928 8.972 140.705 50.5036 44.1566 40.2133 260.828 74.9775 70.7733 185.851 175.442 40.5851 36.3863 118.033 57.4089
internal_count=4906 2978 1928 1220 1119 414 705 664 1758 387 153 55 234 181 143 123 49 727 267 231 208 1201 352 331 849 802 189 169 536 266
is_linear=0
shrinkage=0.1


Tree=7
num_leaves=31
num_cat=0
split_feature=9 6 6 74 97 24 108 13 1 1 8 16 74 42 13 0 0 13 83 15 0 0 0 78 55 1 69 130 67 16
split_gain=48.6081 22.6856 6.57947 4.40536 4.81399 4.54367 7.80517 4.13397 4.73866 6.38596 6.10029 8.85284 6.46812 10.7347 3.74282 4.7746 3.69656 3.52662 5.06914 4.67282 4.51306 4.75549 10.8945 4.51146 4.47328 5.46576 8.8027 6.64017 4.69434 3.44209
threshold=1.0000000180025095e-35 1.0000000180025095e-35 1.0000000180025095e-35 1.0000000180025095e-35 1.0000000180025095e-35 1.0000000180025095e-35 1.0000000180025095e-35 1.0000000180025095e-35 -0.50079855322837818 -0.5642254352569579 1.0000000180025095e-35 1.0000000180025095e-35 1.0000000180025095e-35 1.0000000180025095e-35 1.0000000180025095e-35 2.6652977466583256 17.860369682312015 1.0000000180025095e-35 1.0000000180025095e-35 1.0000000180025095e-35 15.979465961456301 3.639972567558289 4.3367555141448983 1.0000000180025095e-35 1.0000000180025095e-35 -0.14837630838155744 1.0000000180025095e-35 1.0000000180025095e-35 1.0000000180025095e-35 1.0000000180025095e-35
decision_type=2 2 2 2 2 2 2 2 2 2 2 2 2 2 2 2 2 2 2 2 2 2 2 2 2 2 2 2 2 2
left_child=1 16 7 4 29 -5 -7 -2 9 -9 12 -12 -10 -14 15 -3 17 19 -19 -1 21 -21 -23 24 -24 27 -27 -26 -28 -4
right_child=2 14 3 5 -6 6 -8 8 10 -11 11 -13 13 -15 -16 -17 -18 18 -20 20 -22 22 23 -25 25 26 28 -29 -30 -31
leaf_value=-0.049817340793893182 0.024969492446153745 -0.084165138809127737 0.060496789938954854 0.10526515350979562 0.13408580165109121 0.023482688252521713 -0.097346944148402781 0.007983642142510369 -0.058884922057934233 0.14984296646862058 0.070907252431979442 -0.047650445411063863 -0.0332565838030685 0.14079613716965889 -0.014647289449926468 0.015171863660980176 0.05854214006723725 -0.066961090821407859 -0.011109637511367348 -0.08150017630532902 -0.093079988483133314 0.16756685988009817 -0.050423266027745189 -0.10157880851100286 0.16591663920760555 -0.039051245907584999 0.01857550773502439 -0.012857266979126192 0.17716814379278412 0.020391878137096749
leaf_weight=78.949274659156799 154.10715119540691 5.0189800858497611 65.538456648588181 5.383632853627204 6.857976719737052 43.12477932870388 6.1026041805744162 11.08842249214649 32.608538433909416 4.4455143362283698 16.790926039218903 10.078901425004007 12.332024082541468 4.9721530079841605 88.933281764388084 134.58819690346718 3.6254386007785788 89.28766667842865 19.866083607077599 7.3996439576148978 6.5931770503520957 3.787372261285781 12.422581017017363 4.6963416039943686 4.8478364944457919 19.088356196880351 4.2418569326400748 3.6358773708343506 3.332887589931488 31.776910006999969
leaf_count=534 718 33 296 24 30 204 29 58 174 22 87 53 63 25 495 692 19 607 135 50 43 25 82 31 32 126 28 24 22 145
internal_value=-0.000454523 -0.0216341 0.0251735 0.0410477 0.0531078 0.0180426 0.00850372 0.0149448 -0.00178974 0.0485811 -0.0119803 0.0264361 -0.0326613 0.0167554 0.00138662 0.0116006 -0.0417322 -0.0431405 -0.0567961 -0.0331364 -0.0143352 -0.00615306 0.00379361 -0.00807402 0.00115735 0.0193884 -0.00285593 0.0892993 0.0883563 0.0474011
internal_weight=895.523 490.315 405.208 158.784 104.173 54.611 49.2274 246.424 92.3165 15.5339 76.7825 26.8698 49.9127 17.3042 228.54 139.607 261.774 258.149 109.154 148.995 70.0459 63.4528 56.0531 52.2657 47.5694 35.1468 26.6631 8.48371 7.57474 97.3154
internal_count=4906 2978 1928 728 471 257 233 1200 482 80 402 140 262 88 1220 725 1758 1739 742 997 463 420 370 345 314 232 176 56 50 441
is_linear=0
shrinkage=0.1


Tree=8
num_leaves=31
num_cat=0
split_feature=9 6 6 137 11 24 0 74 0 8 61 97 237 0 1 13 1 8 16 74 42 1 108 12 151 94 98 51 42 1
split_gain=39.547 19.2467 5.20515 3.69748 3.55336 4.48842 3.53157 3.45079 3.74799 6.72055 3.77806 3.67549 3.39004 5.04443 5.16118 3.32602 3.78349 4.99301 7.01019 5.42595 8.23605 4.7462 3.29037 4.49736 3.28199 3.42563 3.23939 3.75047 5.09284 5.13096
threshold=1.0000000180025095e-35 1.0000000180025095e-35 1.0000000180025095e-35 1.0000000180025095e-35 1.0000000180025095e-35 1.0000000180025095e-35 4.3367555141448983 1.0000000180025095e-35 13.474332809448244 1.0000000180025095e-35 1.0000000180025095e-35 1.0000000180025095e-35 1.0000000180025095e-35 3.7686516046524052 -0.53289222717285145 1.0000000180025095e-35 -0.50079855322837818 1.0000000180025095e-35 1.0000000180025095e-35 1.0000000180025095e-35 1.0000000180025095e-35 -0.5642254352569579 1.0000000180025095e-35 1.0000000180025095e-35 1.0000000180025095e-35 1.0000000180025095e-35 1.0000000180025095e-35 1.0000000180025095e-35 1.0000000180025095e-35 0.12160620465874673
decision_type=2 2 2 2 2 2 2 2 2 2 2 2 2 2 2 2 2 2 2 2 2 2 2 2 2 2 2 2 2 2
left_child=1 12 15 4 24 -6 -5 11 22 10 -10 -4 13 -1 -15 -2 21 19 -19 -18 -21 -17 23 -9 25 -3 27 28 29 -7
right_child=2 3 7 6 5 26 -8 8 9 -11 -12 -13 -14 14 -16 16 17 18 -20 20 -22 -23 -24 -25 -26 -27 -28 -29 -30 -31
leaf_value=-0.079226987149299599 0.022260924227316303 0.023277688757957219 0.042013719766957558 0.015258739828893732 -0.10757687931403775 0.0041034589245217473 -0.079696801485008406 0.038094765371767772 0.076594491898026848 0.1493797602489868 -0.050390114537418998 0.11657589190973282 0.052202801211781273 0.045323289169276693 -0.037939484387246265 0.007156862218366593 -0.054643711768181003 0.061714871128358641 -0.043925764046807418 -0.0304124332441605 0.11937478342869856 0.12693580439067836 -0.072342401400710452 -0.037171765485797564 -0.050281320194456386 -0.035242557495541137 0.051583097641953124 -0.054108306909806982 0.084412537425270551 -0.090227135913307929
leaf_weight=29.247416198253632 155.4940787255764 117.09187859296799 98.722106531262398 6.2702470868825939 4.6559784561395636 32.882656738162041 10.435225188732145 22.526329338550568 4.3756893426179868 5.2984924167394629 5.0435361564159393 7.0856750160455695 4.0348314940929404 7.713265359401702 213.8170231282711 11.130120173096655 31.675667718052864 17.331519648432732 9.8524405807256716 12.146877408027651 5.2606916874647132 4.7072731107473365 5.3982588350772849 12.259212106466292 7.3850690722465506 10.937306612730024 8.5315534323453885 17.072043746709824 6.2852285206317893 6.9924245178699485
leaf_count=209 718 607 441 38 27 175 63 107 20 24 23 30 28 51 1470 58 174 87 53 63 25 22 26 57 41 57 45 97 32 38
internal_value=-0.000476517 -0.0198327 0.0224372 0.00123789 0.00480983 -0.0124307 -0.0440561 0.0364516 0.0161091 0.0592821 0.00860042 0.047007 -0.0387307 -0.0401938 -0.0350404 0.0133408 -0.00171852 -0.0109544 0.0234269 -0.0299959 0.0148543 0.0427582 0.000296529 0.0115691 0.0145394 0.0182784 -0.0062577 -0.0140618 0.000749091 -0.0124382
internal_weight=891.66 483.352 408.308 228.54 211.834 76.4199 16.7055 160.709 54.9015 14.7177 9.41923 105.808 254.813 250.778 221.53 247.599 92.1046 76.2672 27.184 49.0832 17.4076 15.8374 40.1838 34.7855 135.414 128.029 71.7639 63.2324 46.1603 39.8751
internal_count=4906 2978 1928 1220 1119 414 101 728 257 67 43 471 1758 1730 1521 1200 482 402 140 262 88 80 190 164 705 664 387 342 245 213
is_linear=0
shrinkage=0.1


Tree=9
num_leaves=31
num_cat=0
split_feature=9 6 13 102 81 100 51 0 133 45 14 15 63 21 81 0 13 83 15 0 0 0 78 34 7 0 12 99 81 0
split_gain=32.173 16.1953 4.16043 3.67214 6.1292 6.37675 4.82332 5.28501 4.25956 4.17503 3.76545 3.87808 3.53142 3.30983 3.41119 3.12732 3.14331 4.62195 4.02122 4.00749 3.92943 7.13909 4.05688 3.94627 4.32137 5.1005 3.83631 3.43875 3.16766 3.05565
threshold=1.0000000180025095e-35 1.0000000180025095e-35 1.0000000180025095e-35 1.0000000180025095e-35 1.0000000180025095e-35 1.0000000180025095e-35 1.0000000180025095e-35 13.096509456634523 1.0000000180025095e-35 1.0000000180025095e-35 1.0000000180025095e-35 1.0000000180025095e-35 1.0000000180025095e-35 1.0000000180025095e-35 1.0000000180025095e-35 17.860369682312015 1.0000000180025095e-35 1.0000000180025095e-35 1.0000000180025095e-35 15.979465961456301 3.639972567558289 4.3367555141448983 1.0000000180025095e-35 1.0000000180025095e-35 1.0000000180025095e-35 8.8720054626464862 1.0000000180025095e-35 1.0000000180025095e-35 1.0000000180025095e-35 14.97056818008423
decision_type=2 2 2 2 2 2 2 2 2 2 2 2 2 2 2 2 2 2 2 2 2 2 2 2 2 2 2 2 2 2
left_child=1 15 -2 4 6 8 -3 -8 -6 12 11 -5 -9 -4 -15 16 18 -18 27 20 -20 -22 23 24 26 -26 28 -1 -23 -19
right_child=2 3 13 10 5 -7 7 9 -10 -11 -12 -13 -14 14 -16 -17 17 29 19 -21 21 22 -24 -25 25 -27 -28 -29 -30 -31
leaf_value=-0.052996774428096111 0.027353925874431376 0.024163632793193043 0.011699156999359195 0.13639453230322876 -0.019604657014402192 0.10281556638117102 -0.11223179524574085 0.03068413206140665 -0.082113764743118656 -0.060071522375544417 -0.027465832078199887 0.014109921139012209 -0.065739386354016091 -0.082535680764283054 0.0088345291216385628 0.055912832645527905 -0.060758091663487862 -0.023016564863385467 -0.074508665626790746 -0.087553396896265609 0.13094315825972599 0.056442836773432405 -0.09680391628623447 -0.054984029362342958 0.15522789275284252 0.026032510145046508 -0.069110217926830267 0.0056211012393920963 -0.050250411167118231 0.089046417578860865
leaf_weight=62.567839592695236 268.65127523243427 89.488896638154984 125.76567836105824 5.803087964653967 63.438546478748322 3.7733116298913947 5.0843331664800635 24.154175221920017 13.163279220461844 9.8060134649276716 4.5159272104501715 4.6889168322086334 4.5069682002067557 8.0453563332557678 8.3026041388511658 3.6616674661636344 83.219541892409325 16.366873279213909 6.7260403633117667 6.0625751763582221 4.2512652426958075 8.4044546484947222 4.3070888072252265 8.9607498794794065 3.9508406221866634 13.487952992320059 7.5404042452573767 11.913417294621466 4.160074070096015 2.8581160306930533
leaf_count=449 1201 466 638 29 340 20 28 128 81 55 23 25 25 45 44 19 607 115 50 43 25 57 31 61 26 91 51 85 28 20
internal_value=-0.000478861 -0.0181486 0.0200342 0.00107068 -0.00229162 -0.0240948 0.0108806 -0.0164132 -0.0303462 -0.00374859 0.0488832 0.0817451 0.0155215 0.00619696 -0.0361317 -0.0358195 -0.0371917 -0.050549 -0.0275778 -0.00996739 -0.00235484 0.00645891 -0.00395635 0.00464288 0.0188743 0.0553023 -0.0127229 -0.0436207 0.0211171 -0.00635653
internal_weight=887.627 476.862 410.765 228.423 213.416 80.3751 133.04 43.5515 76.6018 38.4672 15.0079 10.492 28.6611 142.114 16.348 248.439 244.777 102.445 142.333 67.8514 61.7889 55.0628 50.8116 46.5045 37.5437 17.4388 20.1049 74.4813 12.5645 19.225
internal_count=4906 2978 1928 1220 1143 441 702 236 421 208 77 54 153 727 89 1758 1739 742 997 463 420 370 345 314 253 117 136 534 85 135
is_linear=0
shrinkage=0.1


Tree=10
num_leaves=31
num_cat=0
split_feature=9 6 6 12 0 11 140 0 133 7 55 140 32 7 26 74 0 69 15 14 1 0 0 237 0 0 26 7 74 0
split_gain=26.2605 13.6509 4.09595 3.30983 5.33731 5.19335 4.94996 5.11981 6.27497 6.14762 4.69958 4.27135 4.15599 14.2578 3.97184 4.52193 6.99187 4.7749 3.58028 3.39444 3.87512 9.09334 3.24844 2.85954 4.36996 3.85238 2.74245 4.48436 2.71005 3.50111
threshold=1.0000000180025095e-35 1.0000000180025095e-35 1.0000000180025095e-35 1.0000000180025095e-35 13.151266574859621 1.0000000180025095e-35 1.0000000180025095e-35 11.560575008392336 1.0000000180025095e-35 1.0000000180025095e-35 1.0000000180025095e-35 1.0000000180025095e-35 1.0000000180025095e-35 1.0000000180025095e-35 1.0000000180025095e-35 1.0000000180025095e-35 14.528405189514162 1.0000000180025095e-35 1.0000000180025095e-35 1.0000000180025095e-35 -0.4741805493831634 9.0704994201660174 17.746748924255375 1.0000000180025095e-35 3.7686516046524052 4.0835044384002694 1.0000000180025095e-35 1.0000000180025095e-35 1.0000000180025095e-35 12.803559303283693
decision_type=2 2 2 2 2 2 2 2 2 2 2 2 2 2 2 2 2 2 2 2 2 2 2 2 2 2 2 2 2 2
left_child=1 23 22 6 11 18 7 8 9 -3 -10 12 26 -14 15 17 -17 -9 -6 20 -11 -22 -2 24 -1 -26 -5 -28 29 -4
right_child=2 3 28 4 5 -7 -8 14 10 19 -12 -13 13 -15 -16 16 -18 -19 -20 -21 21 -23 -24 -25 25 -27 27 -29 -30 -31
leaf_value=-0.072730210947111781 0.011405016229993801 0.073839704391622088 0.050278644456550364 -0.075692185959642111 0.088317519315853965 -0.041280434524650786 -0.056046971405992824 -0.075275610665547832 -0.058306400815760065 0.10064608385716733 0.037871361761866291 0.059931640413317361 -0.060195687026453074 0.17499331584306141 -0.039470678093792726 -0.0010144203512964165 0.17665041373940987 0.042584047578482977 -0.0062259350605526819 -0.042086343079781943 -0.11078636366213507 0.089739083824725355 -0.074788139900726788 0.049921235855937898 0.051748520964677552 -0.032005964525108309 -0.00084305517870548368 -0.086934337042696819 0.012281232228571214 0.0093380399904789968
leaf_weight=26.665080040693283 245.72617304325104 36.098328366875648 79.279436573386192 21.440049946308136 11.478688612580301 8.130671292543413 10.249116048216818 6.9400418698787689 11.566212542355061 5.8174378275871286 9.0603553652763367 5.0100640058517447 7.7896693497896177 3.8523858487606049 23.227966457605362 5.2437241822481155 3.8351492434740067 6.8109009265899658 6.1523173153400412 8.5624161064624786 4.2419237196445447 4.8436811119318008 4.4517110288143149 4.073208048939704 5.6421511471271506 206.05703142285347 19.07853738963604 8.8602108359336871 55.459992870688438 28.360183745622635
leaf_count=209 1178 176 345 121 58 49 55 38 71 29 46 25 40 20 125 28 20 37 32 45 23 25 22 28 36 1485 107 50 257 126
internal_value=-0.000485011 -0.0166345 0.0179095 0.000914462 -0.0137686 0.0248364 0.0107887 0.0162145 0.0314763 0.0479377 -0.0160597 -0.0288302 -0.0361179 0.017629 -0.0103575 0.0192635 0.0740358 -0.0168992 0.0553267 0.00809112 0.0369201 -0.00388304 0.00987128 -0.0331595 -0.0345792 -0.0297738 -0.0487899 -0.0281452 0.0302392 0.0394919
internal_weight=884.005 470.727 413.277 228.29 91.7926 25.7617 136.497 126.248 80.1904 59.5638 20.6266 66.0309 61.0209 11.6421 46.0578 22.8298 9.07887 13.7509 17.631 23.4655 14.903 9.0856 250.178 242.437 238.364 211.699 49.3788 27.9387 163.1 107.64
internal_count=4906 2978 1928 1220 502 139 718 663 415 298 117 363 338 60 248 123 48 75 90 122 77 48 1200 1758 1730 1521 278 157 728 471
is_linear=0
shrinkage=0.1


Tree=11
num_leaves=31
num_cat=0
split_feature=9 6 6 13 0 63 174 13 25 15 56 82 7 0 0 0 8 42 99 12 0 0 7 24 1 13 53 42 8 67
split_gain=21.4506 11.37 3.27063 3.11159 3.80887 2.83275 2.74733 2.70577 3.8278 3.4496 3.5433 5.94866 5.15712 3.53655 3.36175 3.26559 3.20986 3.20503 3.19993 2.91746 4.75853 3.70685 2.8898 2.69103 4.66863 3.2049 3.44599 3.43132 3.32086 6.37514
threshold=1.0000000180025095e-35 1.0000000180025095e-35 1.0000000180025095e-35 1.0000000180025095e-35 2.6652977466583256 1.0000000180025095e-35 1.0000000180025095e-35 1.0000000180025095e-35 1.0000000180025095e-35 1.0000000180025095e-35 1.0000000180025095e-35 1.0000000180025095e-35 1.0000000180025095e-35 12.921286582946779 14.800821304321291 4.7556469440460214 1.0000000180025095e-35 1.0000000180025095e-35 1.0000000180025095e-35 1.0000000180025095e-35 9.0704994201660174 11.998631000518801 1.0000000180025095e-35 1.0000000180025095e-35 0.92577382922172557 1.0000000180025095e-35 1.0000000180025095e-35 1.0000000180025095e-35 1.0000000180025095e-35 1.0000000180025095e-35
decision_type=2 2 2 2 2 2 2 2 2 2 2 2 2 2 2 2 2 2 2 2 2 2 2 2 2 2 2 2 2 2
left_child=1 7 6 4 -3 -5 23 9 14 18 13 12 19 16 -9 -10 -11 -14 -1 21 -21 -12 -18 -2 25 28 -27 -28 29 -25
right_child=2 3 -4 5 -6 -7 -8 8 15 10 11 -13 17 -15 -16 -17 22 -19 -20 20 -22 -23 -24 24 -26 26 27 -29 -30 -31
leaf_value=-0.046401065102794098 0.063188599229567169 -0.078946166033247778 0.026992994011692209 -0.01023885180140361 0.013057151246581109 -0.099328598070165988 -0.048326498100362408 -0.035463184378087841 -0.085742686030845797 -0.046988573903221004 -0.017312762927269028 -0.084788737610353382 0.096768400227356166 -0.10286993584434484 0.10671080771923365 -0.039006285212228757 -0.017186730665293134 -0.004448519342478926 0.0096444772387433847 0.055737624042655004 -0.10306871692495929 0.10470724387400672 0.10192446947711881 -0.0027663170989077421 -0.065935930343464788 -0.015000140007965335 -0.016017755959462514 0.074946102993474081 0.0023801026596993432 0.054370304193782228
leaf_weight=59.530921556055546 9.4111444354057294 4.6548663824796668 164.34698045253754 84.362087890505791 135.042156688869 3.7267133295536032 8.132377624511717 3.6289562210440627 18.818367771804333 12.233568444848064 6.697480708360672 5.3692210167646399 11.819723069667818 5.7878649979829779 3.0701601505279541 72.734839305281639 4.7880507409572601 4.2544966638088217 12.290526226162909 2.8217193633317947 5.695066437125206 3.9627700597047806 3.5448818057775497 31.033062472939491 8.1014254391193372 64.716318488121033 7.2933210134506234 9.612404853105545 60.11693249642849 52.674500182271004
leaf_count=452 44 33 728 472 692 23 44 28 149 89 46 37 79 42 22 551 34 29 88 20 41 27 24 140 41 341 38 48 269 235
internal_value=-0.000486533 -0.0152441 0.0160257 0.0007105 0.00999149 -0.0140079 0.00884735 -0.0305753 -0.0432736 -0.0215864 -0.00526085 0.013266 0.028201 -0.0338166 0.0296942 -0.0486128 -0.0143835 0.0699785 -0.0368102 -0.00681693 -0.0504542 0.0280461 0.0334839 0.0107611 0.00864844 0.0113286 -0.00449835 0.0357033 0.0203106 0.0331879
internal_weight=880.273 464.834 415.438 227.786 139.697 88.0888 251.091 237.049 98.2523 138.796 66.9748 40.6205 35.2513 26.3544 6.69912 91.5532 20.5665 16.0742 71.8214 19.177 8.51679 10.6603 8.33293 242.959 233.548 225.447 81.622 16.9057 143.824 83.7076
internal_count=4906 2978 1928 1220 725 495 1200 1758 750 1008 468 279 242 189 50 700 147 108 540 134 61 73 58 1156 1112 1071 427 86 644 375
is_linear=0
shrinkage=0.1


Tree=12
num_leaves=31
num_cat=0
split_feature=9 6 19 55 128 0 13 177 100 13 15 67 50 0 0 0 12 0 5 0 132 65 80 6 68 10 73 0 61 0
split_gain=17.4963 9.567 2.83074 2.85218 4.80063 3.33082 2.72982 2.94041 2.69166 2.63084 3.15087 5.56162 4.49433 3.89876 7.93145 3.66854 3.77867 2.59566 2.74934 3.35808 3.04703 2.71382 2.96588 3.05823 5.12989 4.65046 3.00854 3.20506 2.87215 5.40682
threshold=1.0000000180025095e-35 1.0000000180025095e-35 1.0000000180025095e-35 1.0000000180025095e-35 1.0000000180025095e-35 2.3121149539947514 1.0000000180025095e-35 1.0000000180025095e-35 1.0000000180025095e-35 1.0000000180025095e-35 1.0000000180025095e-35 1.0000000180025095e-35 1.0000000180025095e-35 11.741273403167726 9.3497605323791522 13.474332809448244 1.0000000180025095e-35 2.5407255887985234 1.0000000180025095e-35 3.6783025264739995 1.0000000180025095e-35 1.0000000180025095e-35 1.0000000180025095e-35 1.0000000180025095e-35 1.0000000180025095e-35 1.0000000180025095e-35 1.0000000180025095e-35 11.623545169830324 1.0000000180025095e-35 11.377138614654543
decision_type=2 2 2 2 2 2 2 2 2 2 2 2 2 2 2 2 2 2 2 2 2 2 2 2 2 2 2 2 2 2
left_child=1 8 3 5 9 -3 -2 17 -1 -5 11 12 -11 14 -12 16 -13 -8 19 -19 -20 22 23 24 28 26 27 -25 29 -21
right_child=6 2 -4 4 -6 -7 7 -9 -10 10 13 15 -14 -15 -16 -17 -18 18 20 21 -22 -23 -24 25 -26 -27 -28 -29 -30 -31
leaf_value=-0.026335054915501001 0.020212592210200244 -0.1189464586921406 0.059388969120655569 0.012464293945949428 0.081610811897664004 -0.013552790125149325 -0.074779478315944697 0.087141031037005545 -0.089602669264295207 -0.068230033945822027 -0.082741725174473674 0.0554139717739148 0.042516817938175716 -0.10268554510580996 0.091933013585461326 0.11694606168617168 -0.060938891955161882 0.08517433911123834 -0.024934040761920639 -0.049747326392252253 0.053472425116520353 0.083540958103845153 -0.056828425133757056 0.12920248832666795 -0.087630451150633976 -0.024855702018215929 0.0073047694161180775 0.021610482285265648 0.042726983190879003 0.060569244560094986
leaf_weight=225.12937699258327 273.4546233266592 3.1421852931380263 7.9132416918873778 89.540632620453835 7.9948513060808173 65.632569193840027 4.4067979305982581 4.053855448961257 6.9314878955483428 12.858378872275354 6.2175564169883746 7.815382584929468 5.1248979121446601 7.8048779666423789 4.4672339707612991 4.821250692009925 4.3417623043060303 6.1378930062055579 42.857215106487274 14.238883256912233 5.6046681553125373 4.5404292047023764 7.2608637958765021 8.2260259240865725 6.5783634334802619 8.4490120261907595 6.1205498874187461 4.1733727157115927 14.487937748432158 6.4578069299459449
leaf_count=1705 1201 24 40 446 39 370 22 18 53 74 35 41 28 46 25 27 25 30 228 77 28 20 37 35 36 41 31 20 71 33
internal_value=-0.000481732 -0.0139362 0.000627689 -0.0014882 0.00620058 -0.018368 0.0143499 0.00318512 -0.0282248 0.00198431 -0.0155716 0.00208492 -0.0366693 -0.0489578 -0.00971147 0.0431328 0.0138601 0.000746071 0.00320902 0.0138749 -0.0158662 0.00844076 0.00395367 0.0103747 -0.00657618 0.0366241 0.0646719 0.0929893 0.00857829 -0.0153262
internal_weight=876.784 459.736 227.675 219.762 150.987 68.7748 417.048 143.594 232.061 142.992 53.4513 34.9617 17.9833 18.4897 10.6848 16.9784 12.1571 139.54 135.133 86.6711 48.4619 80.5332 75.9928 68.732 41.763 26.969 18.5199 12.3994 35.1846 20.6967
internal_count=4906 2978 1220 1180 786 394 1928 727 1758 747 301 195 102 106 60 93 66 709 687 431 256 401 381 344 217 127 86 55 181 110
is_linear=0
shrinkage=0.1


Tree=13
num_leaves=31
num_cat=0
split_feature=9 6 102 81 100 15 167 51 0 42 45 67 16 10 14 0 0 24 0 17 0 0 237 0 1 16 132 99 24 0
split_gain=14.2508 7.95111 2.68439 4.92609 4.84288 3.75662 4.76184 3.59678 4.25532 3.55512 3.42459 3.30466 4.44317 8.18544 2.87823 3.17602 2.58469 2.56455 6.45454 7.35783 3.69333 3.50494 2.52078 3.52079 3.46609 3.01705 5.2401 2.53427 5.48789 3.24382
threshold=1.0000000180025095e-35 1.0000000180025095e-35 1.0000000180025095e-35 1.0000000180025095e-35 1.0000000180025095e-35 1.0000000180025095e-35 1.0000000180025095e-35 1.0000000180025095e-35 13.096509456634523 1.0000000180025095e-35 1.0000000180025095e-35 1.0000000180025095e-35 1.0000000180025095e-35 1.0000000180025095e-35 1.0000000180025095e-35 12.881587982177736 17.860369682312015 1.0000000180025095e-35 11.43189573287964 1.0000000180025095e-35 17.746748924255375 14.800821304321291 1.0000000180025095e-35 3.7686516046524052 -0.53289222717285145 1.0000000180025095e-35 1.0000000180025095e-35 1.0000000180025095e-35 1.0000000180025095e-35 14.109513759613039
decision_type=2 2 2 2 2 2 2 2 2 2 2 2 2 2 2 2 2 2 2 2 2 2 2 2 2 2 2 2 2 2
left_child=1 16 3 7 5 11 9 -3 -9 -7 -10 -5 -13 -14 15 -4 22 18 -2 -20 -19 -21 23 25 -25 26 -1 29 -29 -26
right_child=17 2 14 4 -6 6 -8 8 10 -11 -12 12 13 -15 -16 -17 -18 20 19 21 -22 -23 -24 24 27 -27 -28 28 -30 -31
leaf_value=-0.067521083924963254 0.14185668215886901 0.020639133873088175 0.11656498118513209 -0.082885596071550272 0.085344596393072042 -0.030228458485221984 0.10520483957540668 -0.10539109298842896 0.013532572598079729 0.073782264724855925 -0.05588276261695381 -0.061759905026041152 -0.043736383120909716 0.12457050742855967 -0.026591696475760845 0.0077968914784908088 0.057730318747984191 0.012008653269230915 -0.076108827096882409 0.00709116312218763 -0.070959396931644492 0.10597113056225292 0.050877920464842602 0.040920835533576998 -0.024839293872212443 -0.10568132568098498 0.081261921854984737 0.13149494137237894 -0.014562546147231965 -0.059823526963202568
leaf_weight=10.486097849905489 5.2953128218650845 90.287728130817413 6.0899766534566862 16.060009069740772 3.9748796522617331 23.544011011719711 3.6969723701477042 4.6025238931179038 28.77707701921463 3.8193193376064292 9.4381669163703901 15.401770569384098 7.7901478633284569 4.5934538915753365 4.4818107932806006 4.8010034710168839 3.6340312212705603 387.19347090274096 5.9037436991930052 7.1690823435783351 5.4407199323177329 7.170080840587616 4.0512519031763068 7.8206347972154608 116.67551442980766 10.332342483103275 3.05737578123808 2.7798433378338805 34.49162770062685 34.294407419860363
leaf_count=92 23 466 29 91 20 135 19 28 153 21 55 86 44 25 23 25 19 1785 29 32 27 32 28 51 904 90 27 20 260 267
internal_value=-0.0004696 -0.0127173 0.000509934 -0.00241617 -0.0222182 -0.0279261 -0.00131878 0.00931887 -0.0145516 -0.0157108 -0.0036112 -0.0467748 -0.0259027 0.0186938 0.04086 0.0686174 -0.0259292 0.0128562 0.0435624 0.0178498 0.010859 0.0565346 -0.0272865 -0.0287263 -0.024311 -0.0649829 -0.033934 -0.0270212 -0.00366904 -0.0327863
internal_weight=873.154 454.982 227.359 211.986 78.8806 74.9057 31.0603 133.105 42.8178 27.3633 38.2152 43.8454 27.7854 12.3836 15.3728 10.891 227.623 418.172 25.5382 20.2429 392.634 14.3392 223.989 219.938 196.062 23.8758 13.5435 188.241 37.2715 150.97
internal_count=4906 2978 1220 1143 441 421 175 702 236 156 208 246 155 69 77 54 1758 1928 116 93 1812 64 1739 1711 1502 209 119 1451 280 1171
is_linear=0
shrinkage=0.1


Tree=14
num_leaves=31
num_cat=0
split_feature=9 6 0 267 6 11 24 138 135 53 10 26 97 32 12 0 59 100 0 73 5 69 13 15 0 78 0 0 8 55
split_gain=11.6393 6.61934 3.80394 2.59799 2.64988 2.36214 3.67467 2.89594 2.49982 2.64983 5.38892 3.30875 3.17838 2.56208 3.10206 3.45427 3.42174 2.34444 2.85386 4.60226 4.63145 7.83871 2.69287 3.96919 3.66872 3.56777 3.24531 4.13517 7.95298 4.30517
threshold=1.0000000180025095e-35 1.0000000180025095e-35 17.901437759399418 1.0000000180025095e-35 1.0000000180025095e-35 1.0000000180025095e-35 1.0000000180025095e-35 1.0000000180025095e-35 1.0000000180025095e-35 1.0000000180025095e-35 1.0000000180025095e-35 1.0000000180025095e-35 1.0000000180025095e-35 1.0000000180025095e-35 1.0000000180025095e-35 10.120465755462648 1.0000000180025095e-35 1.0000000180025095e-35 15.979465961456301 1.0000000180025095e-35 1.0000000180025095e-35 1.0000000180025095e-35 1.0000000180025095e-35 1.0000000180025095e-35 4.7556469440460214 1.0000000180025095e-35 3.639972567558289 5.7535934448242196 1.0000000180025095e-35 1.0000000180025095e-35
decision_type=2 2 2 2 2 2 2 2 2 2 2 2 2 2 2 2 2 2 2 2 2 2 2 2 2 2 2 2 2 2
left_child=1 2 17 4 -2 7 -7 -3 9 12 11 -11 13 14 15 16 -8 18 22 20 -20 -22 23 -1 -24 26 -25 28 -28 -29
right_child=3 5 -4 -5 -6 6 8 -9 -10 10 -12 -13 -14 -15 -16 -17 -18 -19 19 -21 21 -23 24 25 -26 -27 27 29 -30 -31
leaf_value=-0.028312048713966882 0.0041887362675438111 0.010956575942144501 0.097375131656035577 0.085521390306638079 0.020516027418871381 -0.10293572553221425 -0.016342910605649311 -0.059742749743133622 -0.059528299444715695 -0.050414521786282002 -0.11086223329999625 0.062538114892367588 0.087305155343042298 0.049917337993802477 -0.04867293367777225 -0.054095057144181002 0.069404166355202218 -0.085019713987448564 -0.075148592292580113 -0.11823823394636215 -0.079176428922991593 0.16218375803769947 -0.074778694181041702 -0.058495663888779741 -0.022579402958261274 -0.074846266741282363 -0.016106635908638877 -0.051131476877622539 0.16240599992787688 0.028420762818865349
leaf_weight=58.552191652357578 249.94481837749481 139.61188504099846 2.5590142160654059 4.6909416019916526 165.03830754756927 4.3255255296826354 8.2358161807060277 6.044584982097148 8.451911620795725 5.0830006450414675 6.1590211763977996 5.2949558049440384 4.7348409295082083 8.8404230028390867 13.378202512860296 6.1604674458503714 10.700119450688362 6.373413771390914 6.8804854676127452 7.9923567026853553 2.5422950461506844 2.8585986271500587 17.240443520247936 5.2272205874323836 61.473592594265938 4.6839049980044356 4.5701116323471052 8.9860892072319967 5.4982349574565887 27.998676553368568
leaf_count=472 1184 727 13 23 721 27 44 40 52 30 38 33 23 44 78 33 51 53 54 63 20 23 152 45 498 38 29 70 33 195
internal_value=-0.000463763 -0.0116273 -0.0238463 0.0115186 0.0106821 0.000398821 -0.0132491 0.00802263 -0.00821348 -0.00188999 -0.0367615 0.00721525 0.00918917 0.00137206 -0.00978234 0.0109492 0.0321101 -0.0252507 -0.0234748 -0.0591767 -0.0207412 0.0485713 -0.0197483 -0.0100286 -0.0340124 0.00876456 0.0162554 0.0245597 0.0813775 0.00909217
internal_weight=870.131 450.457 223.437 419.674 414.983 227.021 81.3643 145.656 77.0388 68.5868 16.537 10.378 52.0499 47.315 38.4746 25.0964 18.9359 220.878 214.504 20.2737 12.2814 5.40089 194.23 115.516 78.714 56.9642 52.2803 47.0531 10.0683 36.9848
internal_count=4906 2978 1758 1928 1905 1220 453 767 426 374 101 63 273 250 206 128 95 1745 1692 160 97 43 1532 882 650 410 372 327 62 265
is_linear=0
shrinkage=0.1


Tree=15
num_leaves=31
num_cat=0
split_feature=9 6 0 19 85 84 81 100 15 13 80 10 51 0 0 12 56 67 7 59 0 15 11 13 73 13 21 81 84 67
split_gain=9.52691 5.53256 3.02183 2.31006 2.33932 3.26119 3.09598 4.59013 4.19309 3.73241 4.72802 4.7932 3.30479 3.20019 2.76361 3.80499 2.55981 2.55589 2.59494 3.81267 2.32709 3.78433 2.91856 2.66514 2.57159 2.16799 2.51998 2.98648 2.78107 2.87765
threshold=1.0000000180025095e-35 1.0000000180025095e-35 17.901437759399418 1.0000000180025095e-35 1.0000000180025095e-35 1.0000000180025095e-35 1.0000000180025095e-35 1.0000000180025095e-35 1.0000000180025095e-35 1.0000000180025095e-35 1.0000000180025095e-35 1.0000000180025095e-35 1.0000000180025095e-35 13.096509456634523 11.934291839599611 1.0000000180025095e-35 1.0000000180025095e-35 1.0000000180025095e-35 1.0000000180025095e-35 1.0000000180025095e-35 16.56947231292725 1.0000000180025095e-35 1.0000000180025095e-35 1.0000000180025095e-35 1.0000000180025095e-35 1.0000000180025095e-35 1.0000000180025095e-35 1.0000000180025095e-35 1.0000000180025095e-35 1.0000000180025095e-35
decision_type=2 2 2 2 2 2 2 2 2 2 2 2 2 2 2 2 2 2 2 2 2 2 2 2 2 2 2 2 2 2
left_child=1 2 -1 4 5 6 12 8 14 10 11 -10 -3 -14 17 -16 -7 -8 19 -19 21 22 24 -24 -15 -2 28 -28 29 -27
right_child=25 3 -4 -5 -6 16 7 -9 9 -11 -12 -13 13 20 15 -17 -18 18 -20 -21 -22 -23 23 -25 -26 26 27 -29 -30 -31
leaf_value=-0.023260868917076613 0.01551981903983325 0.016946902485705982 0.083756385809415801 0.052962068084728024 -0.070552564556081387 0.10257787780066732 -0.10739024758136424 0.085586043112379884 -0.048361679713940571 -0.047042418604174387 0.11591307313229499 0.069725977867441127 -0.10037994399890467 0.10272084436463735 -0.077111394657784493 0.055097467820642981 0.010295430603217547 -0.065600412289886584 -0.083668682060479005 0.051029271204708293 -0.052696879727115176 -0.050854337072082992 0.034244883927363863 -0.091059760077213614 0.016076444302333296 0.027931748675717905 -0.080872126724412144 0.0047861919385740886 -0.047013550413010675 -0.0037123280581259094
leaf_weight=216.80408575385809 276.44542896747589 88.727714687585831 2.6710358560085288 8.0392419546842557 4.8146275281906119 5.2761478275060636 8.9404930695891398 3.892897516489028 8.3880676999688166 9.9086160659790057 4.6801130622625342 5.823779769241809 4.1562091261148444 6.2402436435222643 3.7053084820508939 5.2772731930017471 6.985674113035202 6.0199854820966721 8.8441689684987068 5.2450152635574341 8.8966376408934575 8.3945440500974673 3.6020213216543189 3.2101549282670021 7.5941610783338547 48.739388853311539 7.8807070553302774 8.4179859310388565 9.4784485995769483 70.027396067976952
leaf_count=1745 1201 455 13 40 27 26 54 19 49 61 24 31 27 32 21 29 33 35 54 27 51 46 20 22 37 235 45 44 49 354
internal_value=-0.000459545 -0.0106416 -0.0219585 0.000316379 -0.00161951 -6.72522e-05 -0.00311349 -0.0199698 -0.0261182 0.00266553 0.0287368 2.8687e-05 0.00599947 -0.0170761 -0.0479152 0.000561407 0.0500037 -0.0629049 -0.0431268 -0.0112973 -0.00794983 0.00575825 0.028776 -0.0248034 0.0551589 0.0103308 0.000406497 -0.0366311 0.00511361 0.00927374
internal_weight=867.128 446.138 219.475 226.663 218.624 213.809 201.547 70.7257 66.8328 28.8006 18.892 14.2118 130.822 42.094 38.0322 8.98258 12.2618 29.0497 20.1092 11.265 37.9378 29.0411 20.6466 6.81218 13.8344 420.989 144.544 16.2987 128.245 118.767
internal_count=4906 2978 1758 1220 1180 1153 1094 404 385 165 104 80 690 235 220 50 59 170 116 62 208 157 111 42 69 1928 727 89 638 589
is_linear=0
shrinkage=0.1


Tree=16
num_leaves=31
num_cat=0
split_feature=9 107 6 126 113 11 94 86 55 67 99 98 135 68 14 151 14 32 10 81 0 0 1 73 67 7 13 7 8 61
split_gain=7.78071 5.06001 4.82294 2.54335 2.61025 2.89702 4.00228 3.4111 3.97664 3.00662 4.59429 6.00349 4.44835 3.5629 2.98694 2.88209 2.72853 2.6592 2.49169 4.71776 2.8286 2.38088 2.34225 2.1697 2.15461 4.74737 9.75588 3.05072 5.19642 3.85305
threshold=1.0000000180025095e-35 1.0000000180025095e-35 1.0000000180025095e-35 1.0000000180025095e-35 1.0000000180025095e-35 1.0000000180025095e-35 1.0000000180025095e-35 1.0000000180025095e-35 1.0000000180025095e-35 1.0000000180025095e-35 1.0000000180025095e-35 1.0000000180025095e-35 1.0000000180025095e-35 1.0000000180025095e-35 1.0000000180025095e-35 1.0000000180025095e-35 1.0000000180025095e-35 1.0000000180025095e-35 1.0000000180025095e-35 1.0000000180025095e-35 9.4346337318420428 17.901437759399418 -0.74309831857681263 1.0000000180025095e-35 1.0000000180025095e-35 1.0000000180025095e-35 1.0000000180025095e-35 1.0000000180025095e-35 1.0000000180025095e-35 1.0000000180025095e-35
decision_type=2 2 2 2 2 2 2 2 2 2 2 2 2 2 2 2 2 2 2 2 2 2 2 2 2 2 2 2 2 2
left_child=1 2 21 4 5 6 7 15 -9 10 11 14 13 17 -7 22 -8 18 19 20 -11 -1 -4 -16 25 -24 -27 29 -29 -26
right_child=-2 -3 3 -5 -6 9 16 8 -10 12 -12 -13 -14 -15 23 -17 -18 -19 -20 -21 -22 -23 24 -25 27 26 -28 28 -30 -31
leaf_value=-0.020696572004736888 0.0092690888712169944 -0.13265202238133236 -0.080542696031059124 0.067588115653694228 -0.051100891041130948 -0.069101903765692821 0.0040815770501828356 -0.0071259841203181757 0.12182294624269666 -0.015515770883367572 -0.12960487394575382 0.094446819350042094 -0.10135404354820042 -0.049423140058291765 -0.034816759476205598 -0.053400423472626538 -0.098766372954663825 0.087513499701124153 0.055954579784348674 -0.071000570884673986 0.090385285634108192 0.07273926542424973 0.0067541698033505172 0.068001132257134417 0.0024770365704135239 0.13443544555925943 -0.028206948780860847 0.013088924926665366 -0.077250036789316967 0.071177737964442309
leaf_weight=211.94985154271126 421.92592780292034 3.3228450194001189 2.511287420988082 5.6720452308654776 9.6443857252597791 14.167608276009567 5.0070866495370847 3.9125415384769422 6.1519730389118195 5.2582345306873339 4.6026035174727431 3.8295937925577155 3.7131327390670767 7.4164004549384108 5.2212498188018799 6.5574449673295012 5.3204712420701981 5.9989125877618781 9.1383040100336093 7.1189083084464064 4.8471030443906784 2.7627084702253333 23.346882008016109 3.3816901296377182 25.26865092664957 10.487456835806372 5.6885210871696463 17.868902169167995 9.8922014385461825 12.059801205992697
leaf_count=1734 1928 21 19 28 54 84 27 21 32 25 28 20 24 44 32 39 28 29 47 45 26 13 121 18 130 52 31 95 52 59
internal_value=-0.000444794 -0.00971502 -0.00878406 0.00147833 -0.000238512 0.00211117 0.0109037 0.0158951 0.0716945 -0.0136712 -0.0373577 -0.0213963 0.0033227 0.0130939 -0.040879 0.010955 -0.0489028 0.0274212 0.0137469 -0.00864626 0.0352805 -0.0194943 0.0148944 0.00559945 0.0171855 0.0356027 0.0772399 0.00600238 -0.0191018 0.0246724
internal_weight=864.045 442.119 438.796 224.083 218.411 208.767 134.073 123.746 10.0645 74.6937 31.2027 26.6001 43.491 39.7779 22.7705 113.681 10.3276 32.3615 26.3625 17.2242 10.1053 214.713 107.124 8.60294 104.612 39.5229 16.176 65.0896 27.7611 37.3285
internal_count=4906 2978 2957 1210 1182 1128 706 651 53 422 182 154 240 216 134 598 55 172 143 96 51 1747 559 50 540 204 83 336 147 189
is_linear=0
shrinkage=0.1


Tree=17
num_leaves=31
num_cat=0
split_feature=9 312 107 6 30 24 174 53 0 13 101 82 0 15 34 1 99 55 50 8 95 69 0 0 127 10 10 8 16 15
split_gain=6.36807 4.74844 4.41922 3.89291 2.44691 5.65113 4.8619 6.44501 5.1642 2.5669 4.10127 2.68371 3.32995 2.79502 3.32016 2.8284 3.29871 3.85884 2.61698 3.46505 2.83538 4.85621 6.14317 2.35078 2.55319 8.91846 4.13809 4.57839 5.31612 6.22231
threshold=1.0000000180025095e-35 1.0000000180025095e-35 1.0000000180025095e-35 1.0000000180025095e-35 1.0000000180025095e-35 1.0000000180025095e-35 1.0000000180025095e-35 1.0000000180025095e-35 10.380561351776125 1.0000000180025095e-35 1.0000000180025095e-35 1.0000000180025095e-35 7.1540040969848642 1.0000000180025095e-35 1.0000000180025095e-35 0.87664461135864269 1.0000000180025095e-35 1.0000000180025095e-35 1.0000000180025095e-35 1.0000000180025095e-35 1.0000000180025095e-35 1.0000000180025095e-35 5.7535934448242196 4.7556469440460214 1.0000000180025095e-35 1.0000000180025095e-35 1.0000000180025095e-35 1.0000000180025095e-35 1.0000000180025095e-35 1.0000000180025095e-35
decision_type=2 2 2 2 2 2 2 2 2 2 2 2 2 2 2 2 2 2 2 2 2 2 2 2 2 2 2 2 2 2
left_child=1 2 3 4 -1 6 7 8 -6 10 11 13 -13 15 18 16 17 -7 19 -15 21 22 -21 -11 26 -26 -25 28 29 -28
right_child=-2 -3 -4 -5 5 9 -8 -9 -10 23 -12 12 -14 14 -16 -17 -18 -19 -20 20 -22 -23 -24 24 25 -27 27 -29 -30 -31
leaf_value=-0.093546405463164992 0.0083178085556145295 -0.12040074168286954 -0.12946746360774614 0.0021561088403720778 0.12295082341968691 -0.002946359114349967 -0.053506996989885584 0.19793666082085437 -0.079282262379322399 -0.068354094557864384 0.10260078696666933 0.011152239076029136 -0.086568231201240964 -0.015718368038098063 -0.046476298392259675 0.068685010089160448 0.027420546950579546 -0.06791192881055258 0.11282649527020777 0.06357023725956909 0.13252657371899235 0.12983646118689368 -0.082429229594783243 -0.055625028888885181 0.1225489126238901 -0.11614257722636266 0.16762263582916481 -0.050000663175477612 -0.032401340726874658 -0.017897361382293735
leaf_weight=4.0783467441797248 423.09684711694717 3.7850828170776358 2.9702759087085715 221.99867260456085 2.4835171028971654 15.124734744429587 3.1580226495861998 3.4175293892621994 2.5687038749456406 15.454253166913984 3.1488225609064093 5.3882820680737487 9.8832341507077199 18.304593712091446 8.5149306431412679 3.1089414432644835 8.2735779881477338 23.11812349408865 2.9584499150514594 6.2787387073040026 3.1265748366713515 3.5761328861117354 5.32717015594244 31.563027590513229 4.1987321674823752 2.4958753734827042 4.5401247441768646 10.541523337364197 5.9952792823314667 3.0041312500834465
leaf_count=34 1928 29 20 1200 20 132 26 24 20 149 24 43 81 141 70 23 65 200 21 41 21 25 39 271 36 21 37 89 51 25
internal_value=-0.000433822 -0.00888024 -0.00790897 -0.00707246 -0.0168455 -0.0153237 0.0523897 0.0918743 0.0201293 -0.0193838 -0.00996745 -0.0131047 -0.0520893 -0.00701175 0.0101697 -0.0236604 -0.0298323 -0.0422186 0.0223586 0.0150485 0.0458087 0.02795 -0.00344425 -0.0334408 -0.0247855 0.0335602 -0.0318052 -0.00058455 0.0378895 0.0937484
internal_weight=861.482 438.385 434.6 431.63 209.631 205.553 11.6278 8.46975 5.05222 193.925 116.132 112.983 15.2715 97.712 48.0866 49.6254 46.5164 38.2429 39.5717 36.6132 18.3086 15.182 11.6059 77.7929 62.3387 6.69461 55.6441 24.0811 13.5395 7.54426
internal_count=4906 2978 2949 2929 1729 1695 90 64 40 1605 926 902 124 778 358 420 397 332 288 267 126 105 80 679 530 57 473 202 113 62
is_linear=0
shrinkage=0.1


Tree=18
num_leaves=31
num_cat=0
split_feature=13 12 177 8 101 87 0 5 0 0 0 83 80 83 11 0 23 174 26 0 105 0 85 0 5 61 0 16 73 83
split_gain=5.67574 3.76296 4.23037 4.37067 4.509 3.90471 2.99438 14.4317 3.62739 5.27407 4.21401 3.58079 2.95317 6.2636 3.2323 3.88856 3.01063 7.65634 5.60582 3.32314 2.89644 3.3505 2.99073 2.8419 2.72492 2.63104 5.13125 5.72279 5.8701 4.95062
threshold=1.0000000180025095e-35 1.0000000180025095e-35 1.0000000180025095e-35 1.0000000180025095e-35 1.0000000180025095e-35 1.0000000180025095e-35 6.5010266304016122 1.0000000180025095e-35 17.006159782409672 15.63039016723633 14.917180061340334 1.0000000180025095e-35 1.0000000180025095e-35 1.0000000180025095e-35 1.0000000180025095e-35 7.8234086036682138 1.0000000180025095e-35 1.0000000180025095e-35 1.0000000180025095e-35 17.548254966735843 1.0000000180025095e-35 8.8720054626464862 1.0000000180025095e-35 12.746064186096193 1.0000000180025095e-35 1.0000000180025095e-35 9.5838465690612811 1.0000000180025095e-35 1.0000000180025095e-35 1.0000000180025095e-35
decision_type=2 2 2 2 2 2 2 2 2 2 2 2 2 2 2 2 2 2 2 2 2 2 2 2 2 2 2 2 2 2
left_child=1 2 3 4 -1 20 7 11 9 10 -8 -5 16 14 -14 -16 17 18 24 -18 22 -22 25 -7 -2 -3 -27 29 -29 -28
right_child=12 5 -4 6 -6 23 8 -9 -10 -11 -12 -13 13 -15 15 -17 19 -19 -20 -21 21 -23 -24 -25 -26 26 27 28 -30 -31
leaf_value=0.021988002198860952 0.17820794565006659 -0.016024008153891735 -0.063462194715318943 -0.011689019770275146 0.11139325046584779 0.12378564358144438 -0.013347583223920803 0.0873929376477659 0.047796542398966441 -0.083430860680497723 0.072123518837448317 -0.11841557401410291 -0.097769503508550681 0.073813918821211147 -0.10219044142395961 0.026882120884818624 -0.0090898393098982171 -0.064183476169696579 -0.013650316462996765 -0.078962892095354051 0.096667675893337413 -0.022278193296253503 -0.094310834946124356 0.01086825023131225 0.063444970771280501 -0.024637777434823316 0.041365334263831779 0.053337182475066372 -0.069698631716096332 0.16127956754028525
leaf_weight=168.0113974660635 4.2839988991618174 131.92207890748978 7.1402023136615744 21.431577578186992 5.8369543328881255 3.9452875107526761 69.975672200322151 19.453806817531586 10.198441572487353 10.031845964491366 6.2866573706269255 3.6840329244732848 12.373428307473663 3.8938957974314681 3.7232858091592789 6.2559025585651398 263.34355188906193 5.8939188718795767 4.7313422709703437 6.9871763736009589 5.599968843162058 4.1034646332263947 4.0799177885055533 5.1232429370284081 4.0014531463384628 27.769130982458591 19.514057219028476 6.9516577124595615 8.7696750238537788 4.1803990378975859
leaf_count=867 23 745 37 115 31 20 376 105 51 55 34 21 79 24 24 39 1654 37 26 42 29 23 22 28 24 154 112 37 50 22
internal_value=-0.000441014 0.00574737 0.0126519 0.0143777 0.0249898 -0.00427077 0.00129914 0.0227368 -0.00860279 -0.0152682 -0.0063018 -0.027344 -0.0111119 -0.0432298 -0.0636192 -0.0212755 -0.00819744 0.0303763 0.0731924 -0.0108958 -0.00700824 0.0463669 -0.00955723 0.0599933 0.122783 -0.00782054 0.00828752 0.031484 -0.0152947 0.0625217
internal_weight=859.497 544.009 322.051 314.91 173.848 221.959 141.062 44.5694 96.4926 86.2942 76.2623 25.1156 315.488 26.2465 22.3526 9.97919 289.241 18.9107 13.0168 270.331 212.89 9.70343 203.187 9.06853 8.28545 199.107 67.1849 39.4158 15.7213 23.6945
internal_count=4906 2934 1692 1655 898 1242 757 241 516 465 410 136 1972 166 142 63 1806 110 73 1696 1194 52 1142 48 47 1120 375 221 87 134
is_linear=0
shrinkage=0.1


Tree=19
num_leaves=31
num_cat=0
split_feature=9 145 312 13 227 19 87 7 61 12 113 64 68 0 55 73 10 137 67 0 96 88 6 267 0 0 11 14 1 11
split_gain=5.10268 4.29086 4.17781 3.18926 3.12075 2.91613 2.43732 3.08405 2.87084 2.55057 3.45896 2.66567 5.07644 3.37428 3.1563 3.82019 3.30563 2.25976 2.24733 3.45834 2.22714 2.15176 2.98615 2.12792 2.12434 2.11866 3.79458 2.20306 3.7155 5.94163
threshold=1.0000000180025095e-35 1.0000000180025095e-35 1.0000000180025095e-35 1.0000000180025095e-35 1.0000000180025095e-35 1.0000000180025095e-35 1.0000000180025095e-35 1.0000000180025095e-35 1.0000000180025095e-35 1.0000000180025095e-35 1.0000000180025095e-35 1.0000000180025095e-35 1.0000000180025095e-35 6.3449692726135263 1.0000000180025095e-35 1.0000000180025095e-35 1.0000000180025095e-35 1.0000000180025095e-35 1.0000000180025095e-35 15.51813840866089 1.0000000180025095e-35 1.0000000180025095e-35 1.0000000180025095e-35 1.0000000180025095e-35 6.9705681800842294 14.405201911926271 1.0000000180025095e-35 1.0000000180025095e-35 -0.53289222717285145 1.0000000180025095e-35
decision_type=2 2 2 2 2 2 2 2 2 2 2 2 2 2 2 2 2 2 2 2 2 2 2 2 2 2 2 2 2 2
left_child=1 2 3 4 6 21 8 -8 9 11 17 12 13 14 -1 16 -16 25 -14 -20 24 -5 -23 -2 -15 27 -27 28 29 -11
right_child=23 -3 -4 5 -6 -7 7 -9 -10 10 -12 -13 18 20 15 -17 -18 -19 19 -21 -22 22 -24 -25 -26 26 -28 -29 -30 -31
leaf_value=-0.0093492070608150561 0.0066202286848207536 0.11334565940549135 -0.11801651038959567 -0.023758841353783599 0.09924030852339491 0.053127715332612818 -0.0025366644125391796 0.11223946517020203 0.010336956056827364 0.17089470846456159 -0.12696847911759776 -0.065165982715349846 0.11557703029348446 -0.095872668417839507 0.14551258134614439 -0.022919732220509234 0.028924486589633442 -0.076238565339966063 0.091566615339540858 -0.044075309020737946 -0.091663100394792502 -0.030739411327448809 0.10042421373770571 0.07339115608100763 -0.010314679923868555 -0.0058917320483478268 -0.11974066203101159 -0.032496454599813158 -0.0076458957688972668 -0.023735431009449304
leaf_weight=19.628689579665661 418.71608464419842 2.8926773294806472 3.4777099639177314 153.12779868394136 3.0622582882642737 5.4448943883180609 5.3874941617250425 4.14017453789711 88.097452335059643 3.3486019149422637 3.2821351736783972 6.1287384480237952 4.8381736874580366 3.1751855909824362 4.9176426008343679 4.5779728516936293 4.8111334145069122 6.8115390911698332 4.0287161469459534 3.5237036794424057 4.5723599269986144 3.5639123916625968 3.3837150931358337 4.8279048651456824 33.73501680791378 7.1376029700040799 4.9633195251226425 18.290697365999222 21.403407342731956 2.9505672231316566
leaf_count=139 1905 20 29 1131 20 38 33 27 555 23 22 38 31 21 29 30 29 54 24 23 29 32 18 23 206 46 38 128 143 22
internal_value=-0.000430262 -0.00804133 -0.0088545 -0.00796819 -0.0011203 -0.0188413 -0.00230347 0.0473384 -0.00419367 -0.0120895 -0.0268112 -0.00140319 0.00304723 -0.00669862 0.0166876 0.0524097 0.0878567 -0.0217465 0.0623674 0.0282807 -0.02583 -0.0212892 0.0331414 0.00738134 -0.0176748 -0.0153573 -0.0525881 -0.00556181 0.0122219 0.0797288
internal_weight=858.247 434.703 431.811 428.333 262.813 165.52 259.75 9.52767 250.223 162.125 68.1879 93.9373 87.8086 75.418 33.9354 14.3067 9.72878 64.9057 12.3906 7.55242 41.4826 160.075 6.94763 423.544 36.9102 58.0942 12.1009 45.9933 27.7026 6.29917
internal_count=4906 2978 2958 2929 1710 1219 1690 60 1630 1075 476 599 561 483 227 88 58 454 78 47 256 1181 50 1928 227 400 84 316 188 45
is_linear=0
shrinkage=0.1


Tree=20
num_leaves=31
num_cat=0
split_feature=9 107 312 6 30 24 174 53 26 104 108 10 0 0 79 16 0 237 0 132 7 1 0 0 267 19 0 0 0 11
split_gain=4.17782 3.99545 3.75208 3.24933 2.19203 4.26943 3.1749 4.15355 4.35206 2.33038 2.12658 2.76951 2.03777 4.42967 2.02265 2.23068 2.59059 2.09191 2.6503 3.49748 1.9404 2.09559 2.7195 1.92174 1.86667 2.16084 1.97984 7.02473 4.43683 2.94256
threshold=1.0000000180025095e-35 1.0000000180025095e-35 1.0000000180025095e-35 1.0000000180025095e-35 1.0000000180025095e-35 1.0000000180025095e-35 1.0000000180025095e-35 1.0000000180025095e-35 1.0000000180025095e-35 1.0000000180025095e-35 1.0000000180025095e-35 1.0000000180025095e-35 2.088980078697205 2.2505134344100957 1.0000000180025095e-35 1.0000000180025095e-35 7.1540040969848642 1.0000000180025095e-35 3.7686516046524052 1.0000000180025095e-35 1.0000000180025095e-35 -0.69168758392333973 3.2429842948913579 17.746748924255375 1.0000000180025095e-35 1.0000000180025095e-35 2.960985660552979 3.1252566576004033 2.7310061454772954 1.0000000180025095e-35
decision_type=2 2 2 2 2 2 2 2 2 2 2 2 2 2 2 2 2 2 2 2 2 2 2 2 2 2 2 2 2 2
left_child=1 2 3 4 -1 6 7 8 -6 14 -5 -12 -2 -14 17 -16 -17 18 19 20 21 -7 -23 24 25 26 28 -28 29 -15
right_child=12 -3 -4 10 5 9 -8 -9 -10 -11 11 -13 13 23 15 16 -18 -19 -20 -21 -22 22 -24 -25 -26 -27 27 -29 -30 -31
leaf_value=-0.090180536724010191 0.072508980907220896 -0.12569587184300421 -0.11619401870773383 -0.00011091950236046558 0.10444460841334686 -0.11295128297797603 -0.046435111145748165 0.15157728046880625 -0.078609741343882059 -0.079751309949239721 -0.00097549240196787229 0.081752705426931194 -0.085810293100400087 0.054635068987622604 -0.088696469402619632 0.052013652614947996 -0.058705216876207604 0.068729388484737183 -0.0088219649327239344 0.0328125147316208 -0.11208815762827098 0.064169731501708308 -0.07681318242546295 -0.045858809905683071 0.069942619112562124 -0.034680394573347345 -0.10298787070105089 0.0086529102790387346 0.10554043085269887 -0.051301275696487694
leaf_weight=3.7883864790201178 4.6435366719961158 2.833564080297946 3.0990618765354148 204.63172542303801 2.6583826094865781 2.5910103023052216 2.9128952994942656 3.8966674208641052 2.5394509583711624 5.7505354285240164 8.7114226371049899 7.5571058988571158 5.2015596926212302 5.194981053471567 7.5210421308875093 3.5147147476673126 5.2999053969979286 3.1627056822180739 145.55112116783857 4.1021415367722502 6.5553198754787436 2.8376003950834292 2.6422426104545593 6.7533699721097937 4.796261101961135 11.961425468325613 5.7237722277641288 368.2318878993392 6.6580571979284278 5.2940080612897873
leaf_count=34 20 21 28 1115 20 26 26 24 20 53 47 38 23 24 67 29 47 23 1195 40 69 30 26 33 22 57 26 1671 29 23
internal_value=-0.000419381 -0.00734054 -0.00655939 -0.00576224 -0.0148186 -0.013402 0.0444238 0.0735251 0.0150117 -0.0170655 0.00265558 0.0374537 0.0066273 0.00589859 -0.015104 -0.0486916 -0.0145575 -0.0118272 -0.0133781 -0.0487871 -0.0716731 -0.0388471 -0.00380869 0.00704913 0.00792518 0.0071872 0.00846768 0.00694413 0.0416942 0.00116682
internal_weight=856.616 432.157 429.323 426.224 205.324 201.536 12.0074 9.0945 5.19783 189.528 220.9 16.2685 424.459 419.815 183.778 16.3357 8.81462 167.442 164.279 18.7283 14.6262 8.07085 5.47984 414.614 407.86 403.064 391.103 373.956 17.147 10.489
internal_count=4906 2978 2957 2929 1729 1695 90 64 40 1605 1200 85 1928 1908 1552 143 76 1409 1386 191 151 82 56 1885 1852 1830 1773 1697 76 47
is_linear=0
shrinkage=0.1


Tree=21
num_leaves=31
num_cat=0
split_feature=13 177 37 80 83 209 12 1 177 8 102 0 0 5 87 1 1 14 7 83 105 97 108 0 81 16 11 6 0 88
split_gain=4.0295 2.81703 2.747 2.72672 5.42114 2.59868 2.81443 3.68841 3.30496 3.96886 4.65822 5.1226 2.9325 11.2001 2.7918 2.53753 2.88015 2.64334 3.60458 3.57942 3.15764 4.38266 3.3794 3.2679 2.42011 4.87808 2.78912 2.40218 3.89479 3.88187
threshold=1.0000000180025095e-35 1.0000000180025095e-35 1.0000000180025095e-35 1.0000000180025095e-35 1.0000000180025095e-35 1.0000000180025095e-35 1.0000000180025095e-35 0.95330443978309642 1.0000000180025095e-35 1.0000000180025095e-35 1.0000000180025095e-35 8.8049278259277362 6.5010266304016122 1.0000000180025095e-35 1.0000000180025095e-35 0.9397673010826112 0.90113317966461193 1.0000000180025095e-35 1.0000000180025095e-35 1.0000000180025095e-35 1.0000000180025095e-35 1.0000000180025095e-35 1.0000000180025095e-35 12.203969955444338 1.0000000180025095e-35 1.0000000180025095e-35 1.0000000180025095e-35 1.0000000180025095e-35 2.1683777570724492 1.0000000180025095e-35
decision_type=2 2 2 2 2 2 2 2 2 2 2 2 2 2 2 2 2 2 2 2 2 2 2 2 2 2 2 2 2 2
left_child=2 3 -1 27 -5 6 7 8 9 10 -4 -12 13 24 15 16 17 20 19 -19 21 22 -8 -23 26 -26 -11 28 -2 -29
right_child=1 -3 5 4 -6 -7 14 -9 -10 12 11 -13 -14 -15 -16 -17 -18 18 -20 -21 -22 23 -24 -25 25 -27 -28 29 -30 -31
leaf_value=-0.060153326160268999 0.18266818416484495 0.051602495825616802 0.01667422593009479 -0.062937313318830693 0.063579745882168401 0.088147355791384871 7.5543238038260237e-05 0.080265712041519971 -0.058981383188668114 0.03714165121504933 0.15664985989716912 0.020666719957429441 -0.012165755595830724 0.074646272789428092 0.049546431395312521 -0.067694765486751254 0.07908914619796964 -0.050935440122334724 0.0070716824994083343 0.025440478304398509 0.069712641064013564 -0.10021010843628375 0.066474671869731702 0.017579739248262703 0.017645076578469324 -0.12204861340504634 -0.051447382754870846 -0.0012497987282515952 -0.017647911713146777 0.09095621441839491
leaf_weight=6.4362966120243064 0.97676451504230399 7.3711140751838675 156.91815928369761 21.025338500738147 4.0371350049972525 3.7837786376476279 95.774745441973209 7.4949253425002089 6.9357916340231887 8.5500045046210271 5.1559076532721502 5.9871294721961021 91.181094899773598 20.058294661343098 9.3586311787366849 6.5188495293259612 4.0583521425724021 37.809841364622116 28.120665073394775 7.3249783515930167 6.706907019019126 7.2185957729816419 8.3318530619144422 3.4960548579692841 4.3272320255637169 5.9190454557538033 6.0819576233625421 118.54628823697567 154.48679914325476 4.7487561106681815
leaf_count=40 9 39 802 140 24 19 532 38 37 45 26 31 490 104 48 36 24 217 174 40 35 44 43 18 25 35 31 643 1093 24
internal_value=-0.000406673 -0.00948098 0.00478854 -0.0109629 -0.0425576 0.00556675 0.00498087 0.0109444 0.00927442 0.0108308 0.0211107 0.0835864 -0.00186167 0.0190464 -0.00386808 -0.00630226 -0.00428957 -0.00602678 -0.0210312 -0.0385403 0.00301767 -0.000878097 0.00538959 -0.0617768 -0.0257814 -0.0630528 0.000318514 -0.00812235 -0.0163893 0.00230155
internal_weight=854.741 311.192 543.549 303.821 25.0625 537.113 533.329 318.61 311.115 304.179 168.061 11.143 136.118 44.9365 214.719 205.361 198.842 194.784 73.2555 45.1348 121.528 114.821 104.107 10.7147 24.8782 10.2463 14.632 278.759 155.464 123.295
internal_count=4906 1972 2934 1933 164 2894 2875 1664 1626 1589 859 57 730 240 1211 1163 1127 1103 431 257 672 637 575 62 136 60 76 1769 1102 667
is_linear=0
shrinkage=0.1


Tree=22
num_leaves=31
num_cat=0
split_feature=9 312 145 12 140 0 262 45 87 102 6 50 16 0 1 0 7 0 70 1 0 15 7 81 15 0 79 5 0 1
split_gain=3.46833 3.4018 3.14835 2.40748 3.49369 3.24479 3.03435 2.57498 9.41667 5.56704 4.67343 3.35529 2.90527 3.69831 3.19705 4.70627 4.68642 5.31145 3.8549 3.3545 5.09816 3.25202 4.04303 3.22799 3.03423 2.63745 2.50239 3.04707 2.49304 2.46372
threshold=1.0000000180025095e-35 1.0000000180025095e-35 1.0000000180025095e-35 1.0000000180025095e-35 1.0000000180025095e-35 17.80835056304932 1.0000000180025095e-35 1.0000000180025095e-35 1.0000000180025095e-35 1.0000000180025095e-35 1.0000000180025095e-35 1.0000000180025095e-35 1.0000000180025095e-35 2.3791923522949223 0.1512662544846535 8.8049278259277362 1.0000000180025095e-35 13.600273609161379 1.0000000180025095e-35 -0.43676325678825373 4.3846678733825692 1.0000000180025095e-35 1.0000000180025095e-35 1.0000000180025095e-35 1.0000000180025095e-35 15.034907817840578 1.0000000180025095e-35 1.0000000180025095e-35 7.5879535675048837 0.17408167570829394
decision_type=2 2 2 2 2 2 2 2 2 2 2 2 2 2 2 2 2 2 2 2 2 2 2 2 2 2 2 2 2 2
left_child=1 2 3 4 5 26 7 8 9 12 -11 -9 13 -5 15 19 18 -18 -16 20 23 22 -21 -15 -25 -19 -1 -28 -6 -14
right_child=-2 -3 -4 6 28 -7 -8 11 -10 10 -12 -13 29 14 16 -17 17 25 -20 21 -22 -23 -24 24 -26 -27 27 -29 -30 -31
leaf_value=0.0043794427426712161 0.0060166428874747586 -0.11433007361664665 0.094884948270293812 0.12349143872047806 0.029585945006441312 0.096242315130809178 0.077813737426680865 -0.12493360124271916 0.1385062889698907 -0.011772808344363532 0.14588091403421344 -0.029338329622159754 -0.021744012326801541 0.044329550171048684 0.058611277541963838 -0.098412564855542201 -0.016614606660975664 0.19842138454691596 -0.052529577045126265 0.14523472119927866 -0.12317767530625312 -0.026389687412606246 -0.014365108106671168 -0.11805407205519561 0.021110726858200313 0.067682140613350331 0.0015894071524838278 -0.082647489040854033 -0.060585225820355686 -0.071006325482838417
leaf_weight=211.15362080186605 424.32201304286718 2.9184632152318946 3.0712236762046805 2.074901543557643 3.8615557923913029 3.6627304404973975 3.3909243866801253 4.005867287516593 4.127523533999919 3.7155362442135802 3.8067761659622192 44.003022916615009 25.408079586923122 6.384343244135378 4.3648896366357794 8.0668791085481626 4.5991444364190102 2.7430045008659363 10.949310138821602 3.688259951770311 5.2262480631470671 5.8342098221182823 2.7863345071673393 3.5347071439027786 2.8139745891094208 3.5271501019597054 9.8879564628005046 7.5906189382076255 14.88577715307474 16.908166505396366
leaf_count=1416 1928 29 20 18 27 18 23 29 28 31 19 311 187 45 33 58 32 19 79 25 38 39 21 31 22 23 69 60 101 127
internal_value=-0.000393717 -0.00673431 -0.00599731 -0.00672977 -0.000485955 0.00286539 -0.0158451 -0.0177291 -0.00992975 -0.0151918 0.0680102 -0.0373148 -0.0209385 -0.00791891 -0.012145 -0.0305421 0.0147899 0.0650072 -0.0208519 -0.0124537 -0.0400141 0.0277585 0.0765511 -0.00587971 -0.056371 0.124877 0.00136947 -0.0349931 -0.0420119 -0.0414276
internal_weight=853.313 428.991 426.073 423.002 251.042 232.295 171.959 168.568 120.559 116.432 7.52231 48.0089 108.91 66.5934 64.5185 38.335 26.1835 10.8693 15.3142 30.2681 17.9593 12.3088 6.47459 12.733 6.34868 6.27015 228.632 17.4786 18.7473 42.3162
internal_count=4906 2978 2949 2929 1691 1563 1238 1215 875 847 50 340 797 483 465 279 186 74 112 221 136 85 46 98 53 42 1545 129 128 314
is_linear=0
shrinkage=0.1


end of trees

feature_importances:
Column_0=128
Column_6=36
Column_13=34
Column_1=25
Column_9=21
Column_7=18
Column_15=18
Column_11=17
Column_8=14
Column_12=14
Column_10=13
Column_67=13
Column_73=13
Column_81=13
Column_16=12
Column_55=12
Column_5=10
Column_24=10
Column_83=10
Column_137=10
Column_14=9
Column_42=8
Column_19=7
Column_69=7
Column_174=7
Column_53=6
Column_65=6
Column_74=6
Column_108=6
Column_21=5
Column_26=5
Column_50=5
Column_51=5
Column_61=5
Column_62=5
Column_78=5
Column_99=5
Column_100=5
Column_102=5
Column_132=5
Column_140=5
Column_32=4
Column_68=4
Column_80=4
Column_87=4
Column_95=4
Column_97=4
Column_133=4
Column_151=4
Column_177=4
Column_237=4
Column_312=4
Column_39=3
Column_45=3
Column_56=3
Column_79=3
Column_84=3
Column_107=3
Column_168=3
Column_267=3
Column_17=2
Column_25=2
Column_30=2
Column_34=2
Column_54=2
Column_59=2
Column_63=2
Column_82=2
Column_85=2
Column_86=2
Column_88=2
Column_94=2
Column_98=2
Column_101=2
Column_105=2
Column_113=2
Column_127=2
Column_128=2
Column_135=2
Column_138=2
Column_145=2
Column_23=1
Column_33=1
Column_35=1
Column_37=1
Column_40=1
Column_49=1
Column_52=1
Column_64=1
Column_70=1
Column_96=1
Column_104=1
Column_126=1
Column_130=1
Column_167=1
Column_209=1
Column_227=1
Column_262=1

parameters:
[boosting: gbdt]
[objective: binary]
[metric: binary_logloss]
[tree_learner: serial]
[device_type: cpu]
[data_sample_strategy: bagging]
[data: ]
[valid: ]
[num_iterations: 300]
[learning_rate: 0.1]
[num_leaves: 31]
[num_threads: 0]
[seed: 0]
[deterministic: 0]
[force_col_wise: 0]
[force_row_wise: 0]
[histogram_pool_size: -1]
[max_depth: -1]
[min_data_in_leaf: 20]
[min_sum_hessian_in_leaf: 0.001]
[bagging_fraction: 1]
[pos_bagging_fraction: 1]
[neg_bagging_fraction: 1]
[bagging_freq: 0]
[bagging_seed: 7719]
[bagging_by_query: 0]
[feature_fraction: 1]
[feature_fraction_bynode: 1]
[feature_fraction_seed: 2437]
[extra_trees: 0]
[extra_seed: 11797]
[early_stopping_round: 0]
[early_stopping_min_delta: 0]
[first_metric_only: 0]
[max_delta_step: 0]
[lambda_l1: 0]
[lambda_l2: 0]
[linear_lambda: 0]
[min_gain_to_split: 0]
[drop_rate: 0.1]
[max_drop: 50]
[skip_drop: 0.5]
[xgboost_dart_mode: 0]
[uniform_drop: 0]
[drop_seed: 21238]
[top_rate: 0.2]
[other_rate: 0.1]
[min_data_per_group: 100]
[max_cat_threshold: 32]
[cat_l2: 10]
[cat_smooth: 10]
[max_cat_to_onehot: 4]
[top_k: 20]
[monotone_constraints: ]
[monotone_constraints_method: basic]
[monotone_penalty: 0]
[feature_contri: ]
[forcedsplits_filename: ]
[refit_decay_rate: 0.9]
[cegb_tradeoff: 1]
[cegb_penalty_split: 0]
[cegb_penalty_feature_lazy: ]
[cegb_penalty_feature_coupled: ]
[path_smooth: 0]
[interaction_constraints: ]
[verbosity: -1]
[saved_feature_importance_type: 0]
[use_quantized_grad: 0]
[num_grad_quant_bins: 4]
[quant_train_renew_leaf: 0]
[stochastic_rounding: 1]
[linear_tree: 0]
[max_bin: 255]
[max_bin_by_feature: ]
[min_data_in_bin: 3]
[bin_construct_sample_cnt: 200000]
[data_random_seed: 38]
[is_enable_sparse: 1]
[enable_bundle: 1]
[use_missing: 1]
[zero_as_missing: 0]
[feature_pre_filter: 1]
[pre_partition: 0]
[two_round: 0]
[header: 0]
[label_column: ]
[weight_column: ]
[group_column: ]
[ignore_column: ]
[categorical_feature: ]
[forcedbins_filename: ]
[precise_float_parser: 0]
[parser_config_file: ]
[objective_seed: 8855]
[num_class: 1]
[is_unbalance: 0]
[scale_pos_weight: 1]
[sigmoid: 1]
[boost_from_average: 1]
[reg_sqrt: 0]
[alpha: 0.9]
[fair_c: 1]
[poisson_max_delta_step: 0.7]
[tweedie_variance_power: 1.5]
[lambdarank_truncation_level: 30]
[lambdarank_norm: 1]
[label_gain: ]
[lambdarank_position_bias_regularization: 0]
[eval_at: ]
[multi_error_top_k: 1]
[auc_mu_weights: ]
[num_machines: 1]
[local_listen_port: 12400]
[time_out: 120]
[machine_list_filename: ]
[machines: ]
[gpu_platform_id: -1]
[gpu_device_id: -1]
[gpu_device_id_list: ]
[gpu_use_dp: 0]
[num_gpu: 1]

end of parameters

pandas_categorical:null
