tree
version=v4
num_class=1
num_tree_per_iteration=1
label_index=0
max_feature_idx=567
objective=binary sigmoid:1
feature_names=Column_0 Column_1 Column_2 Column_3 Column_4 Column_5 Column_6 Column_7 Column_8 Column_9 Column_10 Column_11 Column_12 Column_13 Column_14 Column_15 Column_16 Column_17 Column_18 Column_19 Column_20 Column_21 Column_22 Column_23 Column_24 Column_25 Column_26 Column_27 Column_28 Column_29 Column_30 Column_31 Column_32 Column_33 Column_34 Column_35 Column_36 Column_37 Column_38 Column_39 Column_40 Column_41 Column_42 Column_43 Column_44 Column_45 Column_46 Column_47 Column_48 Column_49 Column_50 Column_51 Column_52 Column_53 Column_54 Column_55 Column_56 Column_57 Column_58 Column_59 Column_60 Column_61 Column_62 Column_63 Column_64 Column_65 Column_66 Column_67 Column_68 Column_69 Column_70 Column_71 Column_72 Column_73 Column_74 Column_75 Column_76 Column_77 Column_78 Column_79 Column_80 Column_81 Column_82 Column_83 Column_84 Column_85 Column_86 Column_87 Column_88 Column_89 Column_90 Column_91 Column_92 Column_93 Column_94 Column_95 Column_96 Column_97 Column_98 Column_99 Column_100 Column_101 Column_102 Column_103 Column_104 Column_105 Column_106 Column_107 Column_108 Column_109 Column_110 Column_111 Column_112 Column_113 Column_114 Column_115 Column_116 Column_117 Column_118 Column_119 Column_120 Column_121 Column_122 Column_123 Column_124 Column_125 Column_126 Column_127 Column_128 Column_129 Column_130 Column_131 Column_132 Column_133 Column_134 Column_135 Column_136 Column_137 Column_138 Column_139 Column_140 Column_141 Column_142 Column_143 Column_144 Column_145 Column_146 Column_147 Column_148 Column_149 Column_150 Column_151 Column_152 Column_153 Column_154 Column_155 Column_156 Column_157 Column_158 Column_159 Column_160 Column_161 Column_162 Column_163 Column_164 Column_165 Column_166 Column_167 Column_168 Column_169 Column_170 Column_171 Column_172 Column_173 Column_174 Column_175 Column_176 Column_177 Column_178 Column_179 Column_180 Column_181 Column_182 Column_183 Column_184 Column_185 Column_186 Column_187 Column_188 Column_189 Column_190 Column_191 Column_192 Column_193 Column_194 Column_195 Column_196 Column_197 Column_198 Column_199 Column_200 Column_201 Column_202 Column_203 Column_204 Column_205 Column_206 Column_207 Column_208 Column_209 Column_210 Column_211 Column_212 Column_213 Column_214 Column_215 Column_216 Column_217 Column_218 Column_219 Column_220 Column_221 Column_222 Column_223 Column_224 Column_225 Column_226 Column_227 Column_228 Column_229 Column_230 Column_231 Column_232 Column_233 Column_234 Column_235 Column_236 Column_237 Column_238 Column_239 Column_240 Column_241 Column_242 Column_243 Column_244 Column_245 Column_246 Column_247 Column_248 Column_249 Column_250 Column_251 Column_252 Column_253 Column_254 Column_255 Column_256 Column_257 Column_258 Column_259 Column_260 Column_261 Column_262 Column_263 Column_264 Column_265 Column_266 Column_267 Column_268 Column_269 Column_270 Column_271 Column_272 Column_273 Column_274 Column_275 Column_276 Column_277 Column_278 Column_279 Column_280 Column_281 Column_282 Column_283 Column_284 Column_285 Column_286 Column_287 Column_288 Column_289 Column_290 Column_291 Column_292 Column_293 Column_294 Column_295 Column_296 Column_297 Column_298 Column_299 Column_300 Column_301 Column_302 Column_303 Column_304 Column_305 Column_306 Column_307 Column_308 Column_309 Column_310 Column_311 Column_312 Column_313 Column_314 Column_315 Column_316 Column_317 Column_318 Column_319 Column_320 Column_321 Column_322 Column_323 Column_324 Column_325 Column_326 Column_327 Column_328 Column_329 Column_330 Column_331 Column_332 Column_333 Column_334 Column_335 Column_336 Column_337 Column_338 Column_339 Column_340 Column_341 Column_342 Column_343 Column_344 Column_345 Column_346 Column_347 Column_348 Column_349 Column_350 Column_351 Column_352 Column_353 Column_354 Column_355 Column_356 Column_357 Column_358 Column_359 Column_360 Column_361 Column_362 Column_363 Column_364 Column_365 Column_366 Column_367 Column_368 Column_369 Column_370 Column_371 Column_372 Column_373 Column_374 Column_375 Column_376 Column_377 Column_378 Column_379 Column_380 Column_381 Column_382 Column_383 Column_384 Column_385 Column_386 Column_387 Column_388 Column_389 Column_390 Column_391 Column_392 Column_393 Column_394 Column_395 Column_396 Column_397 Column_398 Column_399 Column_400 Column_401 Column_402 Column_403 Column_404 Column_405 Column_406 Column_407 Column_408 Column_409 Column_410 Column_411 Column_412 Column_413 Column_414 Column_415 Column_416 Column_417 Column_418 Column_419 Column_420 Column_421 Column_422 Column_423 Column_424 Column_425 Column_426 Column_427 Column_428 Column_429 Column_430 Column_431 Column_432 Column_433 Column_434 Column_435 Column_436 Column_437 Column_438 Column_439 Column_440 Column_441 Column_442 Column_443 Column_444 Column_445 Column_446 Column_447 Column_448 Column_449 Column_450 Column_451 Column_452 Column_453 Column_454 Column_455 Column_456 Column_457 Column_458 Column_459 Column_460 Column_461 Column_462 Column_463 Column_464 Column_465 Column_466 Column_467 Column_468 Column_469 Column_470 Column_471 Column_472 Column_473 Column_474 Column_475 Column_476 Column_477 Column_478 Column_479 Column_480 Column_481 Column_482 Column_483 Column_484 Column_485 Column_486 Column_487 Column_488 Column_489 Column_490 Column_491 Column_492 Column_493 Column_494 Column_495 Column_496 Column_497 Column_498 Column_499 Column_500 Column_501 Column_502 Column_503 Column_504 Column_505 Column_506 Column_507 Column_508 Column_509 Column_510 Column_511 Column_512 Column_513 Column_514 Column_515 Column_516 Column_517 Column_518 Column_519 Column_520 Column_521 Column_522 Column_523 Column_524 Column_525 Column_526 Column_527 Column_528 Column_529 Column_530 Column_531 Column_532 Column_533 Column_534 Column_535 Column_536 Column_537 Column_538 Column_539 Column_540 Column_541 Column_542 Column_543 Column_544 Column_545 Column_546 Column_547 Column_548 Column_549 Column_550 Column_551 Column_552 Column_553 Column_554 Column_555 Column_556 Column_557 Column_558 Column_559 Column_560 Column_561 Column_562 Column_563 Column_564 Column_565 Column_566 Column_567
feature_infos=[2.0013689994812012:17.993154525756836] [-0.7776256799697876:0.99923950433731079] none none none [0:1] [0:1] [0:1] [0:1] [0:1] [0:1] [0:1] [0:1] [0:1] [0:1] [0:1] [0:1] [0:1] [0:1] [0:1] [0:1] [0:1] [0:1] [0:1] [0:1] [0:1] [0:1] [0:1] [0:1] [0:1] [0:1] [0:1] [0:1] [0:1] [0:1] [0:1] [0:1] [0:1] [0:1] [0:1] [0:1] [0:1] [0:1] [0:1] [0:1] [0:1] [0:1] [0:1] [0:1] [0:1] [0:1] [0:1] [0:1] [0:1] [0:1] [0:1] [0:1] [0:1] [0:1] [0:1] [0:1] [0:1] [0:1] [0:1] [0:1] [0:1] [0:1] [0:1] [0:1] [0:1] [0:1] [0:1] [0:1] [0:1] [0:1] [0:1] [0:1] [0:1] [0:1] [0:1] [0:1] [0:1] [0:1] [0:1] [0:1] [0:1] [0:1] [0:1] [0:1] [0:1] [0:1] [0:1] [0:1] [0:1] [0:1] [0:1] [0:1] [0:1] [0:1] [0:1] [0:1] [0:1] [0:1] [0:1] [0:1] [0:1] [0:1] [0:1] [0:1] none none none none [0:1] [0:1] none [0:1] none [0:1] none none [0:1] none none none none [0:1] [0:1] [0:1] [0:1] [0:1] none [0:1] [0:1] [0:1] [0:1] none [0:1] [0:1] [0:1] [0:1] [0:1] [0:1] [0:1] [0:1] [0:1] [0:1] [0:1] [0:1] [0:1] [0:1] [0:1] [0:1] [0:1] [0:1] [0:1] [0:1] none none none none none none none none none none [0:1] [0:1] none none none none none [0:1] [0:1] [0:1] [0:1] [0:1] [0:1] [0:1] [0:1] [0:1] [0:1] [0:1] [0:1] [0:1] [0:1] [0:1] [0:1] [0:1] [0:1] [0:1] [0:1] [0:1] [0:1] [0:1] [0:1] [0:1] [0:1] [0:1] [0:1] none none [0:1] [0:1] [0:1] none [0:1] [0:1] [0:1] [0:1] [0:1] none [0:1] none none [0:1] none [0:1] [0:1] [0:1] [0:1] [0:1] [0:1] [0:1] [0:1] [0:1] [0:1] [0:1] [0:1] [0:1] [0:1] [0:1] [0:1] [0:1] [0:1] [0:1] [0:1] [0:1] [0:1] [0:1] [0:1] [0:1] none none none none none none none none none none none none none none none none none [0:1] [0:1] [0:1] [0:1] [0:1] [0:1] [0:1] [0:1] [0:1] [0:1] none [0:1] [0:1] [0:1] [0:1] none [0:1] [0:1] none none none [0:1] [0:1] none none none none none [0:1] [0:1] [0:1] [0:1] [0:1] [0:1] [0:1] none none none [0:1] none [0:1] [0:1] [0:1] none [0:1] [0:1] [0:1] [0:1] none none [0:1] [0:1] none none none none [0:1] [0:1] none none none [0:1] none none [0:1] [0:1] none none [0:1] [0:1] none none none none none none none none none none none none none none none none none none none none none none none none none none none none none none none none none none none none none none none none none none none none none none none none none none none none none none none none none none none none none none none none none none none none none none none none none none none none none none none none none none none none none none none none none none none none none none none none none none none none none none none none none none none none none none none none none none none none none none none none none none none none none none none none none none none none none none none none none none none none none none none none none none none none none none none none none none none none none none none none none none none none none none none none none none none none none none none none none none none none none none none none none none none none none none none none none none none none none none none none none none none none none none none none none none none none none none none none none none none none none none none none none none none none none none none none none none none none none
tree_sizes=3386 3407 3418 3458 3465 3432 3449 3469 3483 3473 3484 3490 3471 3457 3472 3472 3456 3484 3474

Tree=0
num_leaves=31
num_cat=0
split_feature=10 1 15 9 0 0 1 0 15 9 1 6 9 15 6 82 14 0 81 12 26 11 6 57 0 5 6 14 73 21
split_gain=494.231 384.743 70.7655 48.7315 37.6125 29.712 27.6172 27.1666 22.0637 16.2755 18.0052 12.1922 10.227 9.23579 9.15736 10.0248 11.0721 9.05676 9.08791 8.50132 8.4539 9.18468 7.95456 8.75527 8.12396 7.9146 7.78017 7.19248 9.38339 8.64131
threshold=1.0000000180025095e-35 -0.10076811909675597 1.0000000180025095e-35 1.0000000180025095e-35 11.108829498291017 4.3367555141448983 -0.19324663281440732 3.5961669683456425 1.0000000180025095e-35 1.0000000180025095e-35 0.75739601254463207 1.0000000180025095e-35 1.0000000180025095e-35 1.0000000180025095e-35 1.0000000180025095e-35 1.0000000180025095e-35 1.0000000180025095e-35 5.6960985660552987 1.0000000180025095e-35 1.0000000180025095e-35 1.0000000180025095e-35 1.0000000180025095e-35 1.0000000180025095e-35 1.0000000180025095e-35 5.07460641860962 1.0000000180025095e-35 1.0000000180025095e-35 1.0000000180025095e-35 1.0000000180025095e-35 1.0000000180025095e-35
decision_type=2 2 2 2 2 2 2 2 2 2 2 2 2 2 2 2 2 2 2 2 2 2 2 2 2 2 2 2 2 2
left_child=3 2 5 -1 27 -2 8 26 11 -6 13 19 22 -11 15 16 20 -14 -19 -5 -9 -22 24 -24 -7 -26 -4 29 -29 -3
right_child=1 4 7 6 9 12 -8 14 -10 10 -12 -13 17 -15 -16 -17 -18 18 -20 -21 21 -23 23 -25 25 -27 -28 28 -30 -31
leaf_value=-1.2032831853662784 -0.78877611613362608 -1.1031931101095036 -0.82502469039072701 -0.96009034407181693 -1.1664893208870857 -1.0187148998294002 -1.1691817979164174 -1.1372454223993769 -1.1647474049436601 -1.1005070948173081 -1.188210634806615 -1.1095235572569202 -0.77575936383731792 -1.0029674386738969 -1.0921440726331513 -1.1468560053104562 -0.87263403958099628 -0.80902945449676289 -0.96857272811942163 -1.0699713420218224 -0.90027095908745103 -1.0763783972958754 -0.9239500822875959 -1.0802226304603071 -0.77449302820668153 -0.9327849820362214 -0.96532277254562682 -0.95580926622960893 -1.0699713420218224 -0.98027256818508324
leaf_weight=316.80106982588768 39.948522001504898 30.100746810436249 9.6619681119918841 14.864566326141357 95.319031566381454 3.901948660612109 138.42627391219139 4.4593698978424152 29.543325573205948 26.198798149824142 16.351022958755493 23.597499042749405 9.2903539538383502 15.421987563371657 16.53683003783226 3.9019486606121054 7.4322831630706778 6.1316336095333073 8.5471256375312805 13.378109693527222 6.8748619258403778 5.2025982141494751 7.9897044003009814 6.5032477676868439 6.3174406886100751 6.3174406886100769 6.68905484676361 14.307145088911057 14.492952167987823 7.0606690049171439
leaf_count=1705 215 162 52 80 513 21 745 24 159 141 88 127 50 83 89 21 40 33 46 72 37 28 43 35 34 34 36 77 78 38
internal_value=-1.11663 -1.02854 -0.908342 -1.17818 -1.11391 -0.854413 -1.142 -0.992616 -1.09578 -1.14108 -1.0993 -1.05647 -0.902089 -1.06437 -1.03319 -0.998212 -0.974015 -0.853025 -0.901928 -1.01214 -1.01958 -0.976133 -0.939989 -0.994072 -0.892589 -0.853639 -0.882419 -1.05077 -1.01326 -1.07984
internal_weight=911.57 374.959 155.706 536.611 219.252 94.9474 219.81 60.7589 81.3835 153.291 57.9718 51.8402 54.9989 41.6208 44.4079 27.8711 23.9691 23.9691 14.6788 28.2427 16.5368 12.0775 31.0298 14.493 16.5368 12.6349 16.351 65.9615 28.8001 37.1614
internal_count=4906 2018 838 2888 1180 511 1183 327 438 825 312 279 296 224 239 150 129 129 79 152 89 65 167 78 89 68 88 355 155 200
is_linear=0
shrinkage=1


Tree=1
num_leaves=31
num_cat=0
split_feature=10 0 9 15 0 1 0 0 15 9 1 6 9 5 1 0 5 13 6 1 6 0 14 73 13 82 62 61 0 12
split_gain=393.238 267.77 43.345 43.276 29.0563 22.9935 18.0498 17.8231 17.5529 15.0765 15.749 9.012 8.86454 8.45135 9.58076 7.19632 10.9928 8.96344 7.16191 7.85197 6.98866 7.44019 6.48164 8.94021 6.36479 6.27285 7.17257 7.64815 6.04448 5.87465
threshold=1.0000000180025095e-35 8.1492128372192401 1.0000000180025095e-35 1.0000000180025095e-35 10.709103107452394 -0.19324663281440732 6.5010266304016122 3.5961669683456425 1.0000000180025095e-35 1.0000000180025095e-35 0.75739601254463207 1.0000000180025095e-35 1.0000000180025095e-35 1.0000000180025095e-35 0.12905924767255786 3.2429842948913579 1.0000000180025095e-35 1.0000000180025095e-35 1.0000000180025095e-35 -0.19324663281440732 1.0000000180025095e-35 7.3634495735168466 1.0000000180025095e-35 1.0000000180025095e-35 1.0000000180025095e-35 1.0000000180025095e-35 1.0000000180025095e-35 1.0000000180025095e-35 13.419575691223146 1.0000000180025095e-35
decision_type=2 2 2 2 2 2 2 2 2 2 2 2 2 2 2 2 2 2 2 2 2 2 2 2 2 2 2 2 2 2
left_child=2 3 -1 6 13 8 12 -5 11 -6 24 29 15 14 22 -2 -17 -18 -8 -20 21 -9 -3 -24 28 -7 -27 -28 -11 -4
right_child=1 4 5 7 9 25 18 20 -10 10 -12 -13 -14 -15 -16 16 17 -19 19 -21 -22 -23 23 -25 -26 26 27 -29 -30 -31
leaf_value=-0.081800084150248698 0.26021883640950971 -0.04641510017318428 0.1301841658361102 0.18798246336943966 -0.044051135103146268 -0.057214558484408151 0.18319899951096591 0.12390025318946918 -0.044453058752957832 0.12034255811676892 -0.066999668745214278 0.0063723037778137485 0.26924919187135388 0.10832560999908461 0.12574861997459885 0.22499267121834415 0.038583254788664756 0.19963301865345398 -0.0043284489394074636 0.15951673549345846 0.020041626912290316 -0.0058769240509248619 0.1464227940698915 -0.026042418543292881 -0.0066556929132868233 -0.092924313600801306 0.15745851331812133 -0.0069197245192440943 0.032095185564526944 0.040975313816306695
leaf_weight=302.77511775493622 15.037264227867125 13.661621049046516 16.016687154769897 18.207231879234314 99.60027602314949 116.45615255832672 13.236915826797485 24.469183415174488 28.819411978125572 14.899240389466287 15.753752350807188 23.682413160800934 33.792564898729324 23.818075612187386 8.052798315882681 19.843188047409058 7.8656784892082197 6.1640832126140594 5.9789320975542068 5.7261403799057007 16.928495064377785 5.3908635377883902 5.6165404319763184 6.4659503996372223 14.085177257657049 5.2441435158252725 4.1591483056545249 8.8607942163944244 16.202012479305267 13.69260084629059
leaf_count=1705 70 72 80 88 548 644 64 124 159 78 88 127 158 124 42 95 39 30 30 29 90 28 28 34 74 29 23 49 85 72
internal_value=-0.000367006 0.0754194 -0.057355 0.16847 0.00178268 -0.0232366 0.207374 0.104037 0.0184401 -0.0200805 0.019097 0.0523881 0.229862 0.062703 0.0305508 0.202649 0.177091 0.109342 0.132809 0.0758249 0.0713707 0.100471 0.0007728 0.054128 0.0491137 -0.0486691 0.00581856 0.04559 0.0743706 0.089069
internal_weight=910.502 390.796 519.706 172.641 218.155 216.931 107.645 64.9958 82.2111 160.54 60.9402 53.3917 82.7028 57.615 33.7969 48.9102 33.8729 14.0298 24.942 11.7051 46.7885 29.86 25.7441 12.0825 45.1864 134.72 18.2641 13.0199 31.1013 29.7093
internal_count=4906 2018 2888 845 1173 1183 515 330 438 873 325 279 392 300 176 234 164 69 123 59 242 152 134 62 237 745 101 72 163 152
is_linear=0
shrinkage=0.1


Tree=2
num_leaves=31
num_cat=0
split_feature=10 0 9 15 0 0 15 0 0 167 9 1 9 6 55 73 0 54 0 9 6 1 62 6 5 6 9 16 7 82
split_gain=317.162 196.935 38.4665 29.8563 23.6032 19.2389 15.2555 12.5459 12.5044 10.0251 8.2898 8.48489 6.50793 6.22719 6.20129 6.24365 5.96408 7.32796 6.34985 5.88076 6.36854 5.7716 6.03903 5.6776 5.52516 6.7612 7.36991 5.53084 5.17781 5.16343
threshold=1.0000000180025095e-35 8.1492128372192401 1.0000000180025095e-35 1.0000000180025095e-35 11.43189573287964 7.0266940593719491 1.0000000180025095e-35 3.5961669683456425 6.566735267639161 1.0000000180025095e-35 1.0000000180025095e-35 0.75739601254463207 1.0000000180025095e-35 1.0000000180025095e-35 1.0000000180025095e-35 1.0000000180025095e-35 15.181382656097414 1.0000000180025095e-35 12.581793308258058 1.0000000180025095e-35 1.0000000180025095e-35 -0.19324663281440732 1.0000000180025095e-35 1.0000000180025095e-35 1.0000000180025095e-35 1.0000000180025095e-35 1.0000000180025095e-35 1.0000000180025095e-35 1.0000000180025095e-35 1.0000000180025095e-35
decision_type=2 2 2 2 2 2 2 2 2 2 2 2 2 2 2 2 2 2 2 2 2 2 2 2 2 2 2 2 2 2
left_child=2 3 -1 8 24 6 23 -5 19 10 -6 16 13 -9 -14 -16 17 -12 -19 20 -2 -10 -23 -4 25 26 27 -3 -27 -7
right_child=1 4 5 7 9 29 -8 12 21 -11 11 -13 14 -15 15 -17 -18 18 -20 -21 -22 22 -24 -25 -26 28 -28 -29 -30 -31
leaf_value=-0.077212714240351282 0.19690495492648591 0.058372553893052917 0.077658611471175587 0.15705715557427102 -0.047836303156841772 -0.052320122914557447 -0.043795546166298174 0.067881913700412314 0.059485712364933878 0.1117280179442257 -0.05512134509016875 -0.061134237278949156 0.19798664017804396 -0.025305895076959285 0.0091677603075145438 0.16299896228378899 0.11644799549324636 0.144277390244965 0.014121817365700496 0.22046258852461534 0.12594947410115773 0.23625014637496791 0.09895438613171427 0.011408249919429922 0.079696328665600752 -0.068421657593900495 0.10877439798612712 -0.060921878839382743 0.040843849099628737 0.003647463970258398
leaf_weight=289.39525246620178 31.904103949666023 9.2549473494291288 29.859259322285652 19.531892836093903 82.95990078151226 115.39227277040482 26.729256987571716 20.538597211241722 11.776887267827989 5.325247958302497 11.095572352409365 14.843985825777052 5.6299277991056451 11.017618030309679 6.7693563103675842 4.3236672878265381 6.3554959297180167 4.9619079232215908 15.325699135661123 37.711156576871872 20.959295809268951 5.4654569923877698 7.7416904419660568 22.823055952787399 29.790734559297562 10.588196948170664 13.44760936498642 6.6999298632144937 7.3456769138574591 19.231338545680046
leaf_count=1705 141 48 147 88 469 657 151 100 56 29 57 86 28 58 34 22 33 25 79 162 95 25 36 122 149 56 69 35 38 106
internal_value=-0.000575927 0.065732 -0.0534406 0.142107 0.00148812 -0.0212984 0.0177377 0.089432 0.173017 -0.0228597 -0.0281474 0.00291587 0.0620734 0.0353461 0.112508 0.0691257 0.0281091 0.0102193 0.045955 0.190294 0.168773 0.110384 0.155771 0.0489576 0.0459578 0.0247248 0.0542409 0.00827726 -0.0236667 -0.044325
internal_weight=904.795 401.365 503.43 183.37 217.995 214.035 79.4116 67.8111 115.559 140.868 135.543 52.5827 48.2792 31.5562 16.723 11.093 37.7387 31.3832 20.2876 90.5746 52.8634 24.984 13.2071 52.6823 77.1271 47.3364 29.4025 15.9549 17.9339 134.624
internal_count=4906 2018 2888 845 1173 1183 420 330 515 778 749 280 242 158 84 56 194 161 104 398 236 117 61 269 395 246 152 83 94 763
is_linear=0
shrinkage=0.1


Tree=3
num_leaves=31
num_cat=0
split_feature=10 1 9 0 15 0 15 0 6 0 9 0 15 8 81 6 174 61 42 67 99 9 6 0 54 15 97 24 54 13
split_gain=257.733 150.434 34.1106 21.4995 20.0755 16.5984 10.8876 9.79139 8.16241 8.38237 7.8969 9.22981 5.93704 5.91187 6.90379 5.69288 5.22219 5.00922 5.73357 4.96489 4.76713 4.20163 4.23816 5.36041 4.1841 4.01446 5.00052 4.60317 3.93241 7.54284
threshold=1.0000000180025095e-35 -0.12905924022197721 1.0000000180025095e-35 11.43189573287964 1.0000000180025095e-35 8.8720054626464862 1.0000000180025095e-35 4.3367555141448983 1.0000000180025095e-35 3.7686516046524052 1.0000000180025095e-35 15.727583885192873 1.0000000180025095e-35 1.0000000180025095e-35 1.0000000180025095e-35 1.0000000180025095e-35 1.0000000180025095e-35 1.0000000180025095e-35 1.0000000180025095e-35 1.0000000180025095e-35 1.0000000180025095e-35 1.0000000180025095e-35 1.0000000180025095e-35 5.07460641860962 1.0000000180025095e-35 1.0000000180025095e-35 1.0000000180025095e-35 1.0000000180025095e-35 1.0000000180025095e-35 1.0000000180025095e-35
decision_type=2 2 2 2 2 2 2 2 2 2 2 2 2 2 2 2 2 2 2 2 2 2 2 2 2 2 2 2 2 2
left_child=2 4 17 -3 7 6 15 -2 9 -6 16 12 20 14 -10 -4 -5 18 -1 -14 -12 22 23 -9 -24 26 -7 -27 29 -19
right_child=1 3 5 10 8 25 -8 21 13 -11 11 -13 19 -15 -16 -17 -18 28 -20 -21 -22 -23 24 -25 -26 27 -28 -29 -30 -31
leaf_value=-0.090607772110779666 0.18306089316046054 0.042373642027451551 0.056605844291718825 -0.048756815342239884 0.17277440712402656 -0.040578733252733472 -0.036939262294808095 0.038599128676837929 -0.05467945161520818 0.077936984632546003 -0.021590224664212145 -0.056907768130222428 0.017663852255938566 0.11378999133960842 0.070468301641587461 -0.0019805084119989226 0.033311539698803502 -0.059594122478313617 -0.044853336754298215 0.13510424280712865 0.077972028169897428 0.152995926731089 0.097153948023561545 0.16088083498403621 -0.016446923496041009 0.023149990452338148 0.050417345352061264 -0.08262959688861983 -0.06258010052503786 0.093016770396076809
leaf_weight=151.43102140724659 52.050375536084175 87.289769843220711 40.149327665567398 75.163192510604858 13.807931780815123 60.419798031449318 33.845026358962059 4.7179724872112301 9.1580718010664022 28.672910362482071 18.456004321575168 15.534085035324095 6.3255322277545902 7.0664615184068671 8.4985666871070862 28.26046147942543 8.6453801691532117 9.089107394218443 33.434930771589279 8.3537807017564774 6.5038764327764502 28.274057969450951 10.127025365829466 14.926787465810774 4.7689989805221549 4.6248612105846396 6.7097103893756858 37.235504478216171 77.744329318404198 5.0314701646566382
leaf_count=933 215 435 200 435 59 352 196 21 45 135 96 92 31 35 42 152 50 56 206 41 33 120 46 64 23 27 39 217 479 31
internal_value=-0.000695333 0.0579242 -0.0497485 0.0034784 0.125588 -0.0194876 0.00945194 0.150987 0.082176 0.108763 -0.0209504 0.00842809 0.0340324 0.0364927 0.00555719 0.0324035 -0.0402909 -0.0728484 -0.0823326 0.0844974 0.00435303 0.12441 0.101011 0.131513 0.0607843 -0.0466388 -0.0314835 -0.0709427 -0.0537626 -0.00521553
internal_weight=896.316 408.341 487.976 226.272 182.069 211.245 102.255 114.865 67.2039 42.4808 138.982 55.1733 39.6392 24.7231 17.6566 68.4098 83.8086 276.731 184.866 14.6793 24.9599 62.8148 34.5408 19.6448 14.896 108.99 67.1295 41.8604 91.8649 14.1206
internal_count=4906 2018 2888 1213 805 1183 548 489 316 194 778 293 201 122 87 352 485 1705 1139 72 129 274 154 85 69 635 391 244 566 87
is_linear=0
shrinkage=0.1


Tree=4
num_leaves=31
num_cat=0
split_feature=10 0 9 1 0 0 15 15 167 9 6 0 9 0 0 174 54 15 15 174 9 21 14 73 61 42 6 1 13 81
split_gain=210.65 117.201 30.2018 18.1395 13.9086 12.3735 10.2856 8.82044 7.68346 6.98656 6.07987 9.51614 5.81175 5.68725 5.76746 5.51249 5.30813 6.17936 5.09334 5.37191 4.84772 6.50295 4.67358 5.92481 4.63301 5.34319 4.4339 4.20864 4.59551 6.79676
threshold=1.0000000180025095e-35 8.6036963462829608 1.0000000180025095e-35 -0.49288918077945704 8.8720054626464862 11.43189573287964 1.0000000180025095e-35 1.0000000180025095e-35 1.0000000180025095e-35 1.0000000180025095e-35 1.0000000180025095e-35 3.2950034141540532 1.0000000180025095e-35 15.727583885192873 15.181382656097414 1.0000000180025095e-35 1.0000000180025095e-35 1.0000000180025095e-35 1.0000000180025095e-35 1.0000000180025095e-35 1.0000000180025095e-35 1.0000000180025095e-35 1.0000000180025095e-35 1.0000000180025095e-35 1.0000000180025095e-35 1.0000000180025095e-35 1.0000000180025095e-35 0.11171952262520791 1.0000000180025095e-35 1.0000000180025095e-35
decision_type=2 2 2 2 2 2 2 2 2 2 2 2 2 2 2 2 2 2 2 2 2 2 2 2 2 2 2 2 2 2
left_child=2 3 24 9 7 20 -5 26 12 10 -2 -12 18 14 15 16 -14 -18 19 -7 21 22 -3 -24 25 -1 -4 -22 29 -29
right_child=1 5 4 6 -6 8 -8 -9 -10 -11 11 -13 13 -15 -16 -17 17 -19 -20 -21 27 -23 23 -25 -26 -27 -28 28 -30 -31
leaf_value=-0.086411703329491676 0.14399526864257062 -0.038828887932106808 0.049683732034667229 0.10241641099351646 -0.043198915461925835 -0.032732815449323806 0.04182291447175826 -0.033981946834054109 0.095496851280790773 0.17465553144625964 0.12873329612768933 -0.0097656443683340963 -0.042140900349859879 -0.051151526579374974 0.11282834941974318 -0.093494061142547047 0.0031853597589721321 0.11983741472324774 -0.072692958014943743 0.072817730523206656 0.02263926117672883 0.10582756420009989 0.094635524696689732 -0.032807922800629052 -0.050100528002271306 -0.041529333165485759 -0.0017843438927051339 0.20160915758826095 0.019260791910932693 0.039781001169066854
leaf_weight=143.33114857971668 32.101460352540016 19.516574338078499 41.113551527261734 73.780179530382156 106.14361053705215 42.405836328864098 45.162190020084381 33.149188429117203 5.6031777113676062 34.242143347859383 12.700244858860971 8.141058072447775 8.597375035285955 14.677067533135412 5.920701637864112 4.7933386266231528 10.655395776033403 7.9137060493230811 31.14225298166275 5.4403846859931937 13.466235235333444 6.0347641855478278 7.9096236079931241 6.7702950686216354 88.946276947855949 32.547884851694107 28.232184782624245 6.3616467267274839 4.9651722311973563 4.3837626725435257
leaf_count=933 132 101 200 319 635 253 216 196 29 140 53 37 45 90 29 25 54 37 185 31 66 29 37 35 566 206 152 30 24 21
internal_value=-0.000762992 0.0514601 -0.0462821 0.104807 -0.0178273 -0.00177587 0.0794092 0.00844749 -0.0191873 0.139456 0.11669 0.0746327 -0.0240723 0.00169563 0.0221716 0.00537705 0.0228222 0.0528997 -0.0412178 -0.0207311 0.0326288 0.0101227 -0.00676662 0.0358593 -0.0686998 -0.0781058 0.0287299 0.063662 0.0988245 0.135589
internal_weight=886.148 412.685 473.464 206.127 208.639 206.557 118.942 102.495 137.149 87.1849 52.9428 20.8413 131.546 52.5576 37.8805 31.9598 27.1665 18.5691 78.9885 47.8462 69.4081 40.2313 34.1965 14.6799 264.825 175.879 69.3457 29.1768 15.7106 10.7454
internal_count=4906 2018 2888 897 1183 1121 535 548 778 362 222 90 749 280 190 161 136 91 469 284 343 202 173 72 1705 1139 352 141 75 51
is_linear=0
shrinkage=0.1


Tree=5
num_leaves=31
num_cat=0
split_feature=10 1 9 0 15 1 9 0 82 0 0 15 6 0 6 0 6 42 0 8 81 25 8 13 14 9 0 5 13 7
split_gain=172.588 93.6517 26.6798 14.2272 13.9278 12.0068 7.47888 7.41652 7.32633 7.30628 7.08965 7.04208 5.81332 5.34406 5.25106 4.81174 4.79288 4.47247 4.44263 4.40751 5.34613 4.15586 5.79895 4.14571 4.09057 3.67056 3.79772 5.84967 4.49141 3.99206
threshold=1.0000000180025095e-35 -0.12905924022197721 1.0000000180025095e-35 10.709103107452394 1.0000000180025095e-35 -0.33774431049823755 1.0000000180025095e-35 6.566735267639161 1.0000000180025095e-35 15.727583885192873 8.5516767501831072 1.0000000180025095e-35 1.0000000180025095e-35 10.444900512695314 1.0000000180025095e-35 3.7686516046524052 1.0000000180025095e-35 1.0000000180025095e-35 10.035592079162599 1.0000000180025095e-35 1.0000000180025095e-35 1.0000000180025095e-35 1.0000000180025095e-35 1.0000000180025095e-35 1.0000000180025095e-35 1.0000000180025095e-35 3.2429842948913579 1.0000000180025095e-35 1.0000000180025095e-35 1.0000000180025095e-35
decision_type=2 2 2 2 2 2 2 2 2 2 2 2 2 2 2 2 2 2 2 2 2 2 2 2 2 2 2 2 2 2
left_child=2 4 16 13 7 11 21 25 -7 23 -10 -4 15 -3 -9 -6 17 -1 -12 20 -14 22 -5 -8 -20 26 -2 29 -29 -28
right_child=1 3 5 6 12 8 9 14 10 -11 18 -13 19 -15 -16 -17 -18 -19 24 -21 -22 -23 -24 -25 -26 -27 27 28 -30 -31
leaf_value=-0.061411139979396567 0.15285875215993058 0.030490855117753991 0.039751776826413496 -0.039199709734179709 0.13135743279395826 -0.042635143220728075 0.050762220198469335 0.10840837989390298 0.1130236798418609 -0.049728478729726584 -0.10508211374230952 -0.031225843713390697 -0.055881308526622687 0.1246214533930009 0.0082684332197050844 0.061369115670459863 -0.080431143239098474 -0.016998676457496569 -0.034098664309621045 0.088733837178310182 0.052779005295905373 -0.041036670188982716 0.10155976548214173 -0.013421979691558623 0.090103173032350409 0.153310142746657 0.16533850406802617 0.0048844154294834614 0.10987488060189075 0.082204102770857324
leaf_weight=115.50244338810444 17.484505027532578 64.92813403904438 46.866560354828835 6.6976568400859815 14.598122939467428 118.40198723971844 32.93298576772213 12.124682113528252 6.0293099731206921 14.610741913318632 4.0356071144342414 19.919641613960266 9.1689105182886159 6.6489110738039008 9.2170408666133881 30.031517267227173 109.94430373609066 28.213055014610291 6.3547891527414304 7.5475126504898062 8.9454878270626068 80.005413874983788 5.1984966099262238 14.491564720869063 4.5505930632352829 40.419279992580414 13.235177114605904 9.2000492662191409 7.3137280344963065 10.248961299657822
leaf_count=782 70 309 230 39 59 715 159 50 32 92 23 120 45 31 41 135 739 184 37 35 42 479 30 74 26 162 54 40 30 42
internal_value=-0.000801736 0.0459478 -0.0429996 0.00240004 0.0977622 -0.0162804 -0.0147273 0.118575 -0.0329862 0.0121008 0.0214931 0.018582 0.0624551 0.0392348 0.06516 0.0842619 -0.0647153 -0.0526924 -0.0154432 0.0245299 -0.00222126 -0.0328367 0.0223107 0.0311494 0.0177282 0.130219 0.113982 0.0969881 0.0513833 0.129057
internal_weight=874.867 415.049 459.818 225.514 189.535 206.158 153.937 119.243 139.372 62.0353 20.9703 66.7862 70.2916 71.577 21.3417 44.6296 253.66 143.715 14.941 25.6619 18.1144 91.9016 11.8962 47.4246 10.9054 97.9017 57.4824 39.9979 16.5138 23.4841
internal_count=4906 2018 2888 1213 805 1183 873 489 833 325 118 350 316 340 91 194 1705 966 86 122 87 548 69 233 63 398 236 166 70 96
is_linear=0
shrinkage=0.1


Tree=6
num_leaves=31
num_cat=0
split_feature=10 1 9 15 0 15 0 1 9 0 6 9 8 55 61 42 15 23 0 0 0 14 177 54 13 0 67 167 231 74
split_gain=141.891 75.131 23.47 11.609 11.4308 10.9162 9.61703 6.43329 6.18758 6.35261 5.83511 5.61061 5.0018 6.0895 4.46231 4.89338 4.2863 4.16789 4.02491 3.98088 4.76929 4.61045 3.90331 3.79988 5.48916 3.53767 3.53043 3.50174 4.3181 3.3887
threshold=1.0000000180025095e-35 -0.12905924022197721 1.0000000180025095e-35 1.0000000180025095e-35 10.709103107452394 1.0000000180025095e-35 6.9705681800842294 -0.40634268522262568 1.0000000180025095e-35 17.100615501403812 1.0000000180025095e-35 1.0000000180025095e-35 1.0000000180025095e-35 1.0000000180025095e-35 1.0000000180025095e-35 1.0000000180025095e-35 1.0000000180025095e-35 1.0000000180025095e-35 10.444900512695314 3.8535249233245854 6.8391511440277108 1.0000000180025095e-35 1.0000000180025095e-35 1.0000000180025095e-35 1.0000000180025095e-35 9.4346337318420428 1.0000000180025095e-35 1.0000000180025095e-35 1.0000000180025095e-35 1.0000000180025095e-35
decision_type=2 2 2 2 2 2 2 2 2 2 2 2 2 2 2 2 2 2 2 2 2 2 2 2 2 2 2 2 2 2
left_child=2 3 14 7 18 6 -4 -2 27 16 -9 19 13 -13 15 -1 29 -7 -3 -5 21 -21 23 24 25 -16 -18 28 -6 -10
right_child=1 4 5 11 8 17 -8 10 9 -11 -12 12 -14 -15 22 -17 26 -19 -20 20 -22 -23 -24 -25 -26 -27 -28 -29 -30 -31
leaf_value=-0.07912644881110803 0.12492103123589526 0.027110171647297572 0.03382539064492196 0.073607562457357265 -0.038632826212133119 0.044568831057936846 -0.020648939258474608 0.10731715811515066 0.023778421527527762 -0.0797704537095522 0.035261977261120715 0.12276154180884467 0.16075322332429698 0.0049646506696410337 0.011914671728254866 -0.034787904948415944 0.013102434085116825 -0.053280016873916827 0.10718704889695685 -0.039299794698960666 0.085338256474318669 0.060290766527991126 0.054801045784130142 -0.056507167145790495 0.089623510790932948 -0.12183106261008475 0.097809775177917238 0.068792504102777347 0.075941262609611607 -0.041210401536272492
leaf_weight=129.62888762354851 73.250481799244881 65.679869592189789 55.304111927747726 16.699416950345039 83.301477208733559 4.6625554710626593 78.281697288155556 26.959441170096397 23.160591602325439 6.8833142966032019 19.27337521314621 8.7872542291879689 7.6656645983457556 8.7666920274496078 4.5007091462612134 30.806700021028519 9.0194499045610428 65.602310195565224 6.9400922060012809 15.781069993972784 6.8616141825914374 6.5893909186124793 3.963563844561576 66.190847620368004 4.6559741497039786 3.5279085636138916 10.825925379991531 3.4381855428218833 3.4246561378240576 12.276060834527014
leaf_count=933 297 309 267 70 510 28 476 109 123 45 83 37 33 40 31 206 45 412 31 74 32 30 27 455 29 24 49 18 20 63
internal_value=-0.000809684 0.0412563 -0.0399082 0.0874435 0.00211468 -0.0148797 0.00190326 0.106486 -0.0134497 0.0108227 0.077279 0.0554649 0.0933615 0.0639321 -0.0608807 -0.0706126 0.0221026 -0.0467871 0.0347629 0.034657 0.0124057 -0.00996463 -0.0420327 -0.0468987 0.00324018 -0.0468554 0.0593115 -0.0301846 -0.0341085 0.00126482
internal_weight=862.709 415.584 447.125 190.634 224.95 203.851 133.586 119.483 152.33 62.1653 46.2328 71.1511 25.2196 17.5539 243.275 160.436 55.282 70.2649 72.62 45.9315 29.2321 22.3705 82.839 78.8754 12.6846 8.02862 19.8454 90.1643 86.7261 35.4367
internal_count=4906 2018 2888 805 1213 1183 743 489 873 325 192 316 110 77 1705 1139 280 440 340 206 136 104 566 539 84 55 94 548 530 186
is_linear=0
shrinkage=0.1


Tree=7
num_leaves=31
num_cat=0
split_feature=10 1 9 15 0 15 0 0 167 220 0 9 6 6 130 35 0 0 67 15 95 54 14 61 50 68 13 81 0 0
split_gain=116.765 60.6014 20.6239 9.75139 9.36103 9.19164 7.75174 5.95816 5.06253 5.45052 6.33277 6.11435 4.62197 4.59489 4.20581 6.32241 3.95086 5.42166 3.94554 5.69159 5.28744 4.77171 5.51916 4.34145 3.72869 3.68575 5.44248 3.57875 3.53841 3.75507
threshold=1.0000000180025095e-35 -0.12905924022197721 1.0000000180025095e-35 1.0000000180025095e-35 11.108829498291017 1.0000000180025095e-35 6.9705681800842294 4.3367555141448983 1.0000000180025095e-35 1.0000000180025095e-35 17.100615501403812 1.0000000180025095e-35 1.0000000180025095e-35 1.0000000180025095e-35 1.0000000180025095e-35 1.0000000180025095e-35 14.528405189514162 3.6783025264739995 1.0000000180025095e-35 1.0000000180025095e-35 1.0000000180025095e-35 1.0000000180025095e-35 1.0000000180025095e-35 1.0000000180025095e-35 1.0000000180025095e-35 1.0000000180025095e-35 1.0000000180025095e-35 1.0000000180025095e-35 3.2950034141540532 6.3449692726135263
decision_type=2 2 2 2 2 2 2 2 2 2 2 2 2 2 2 2 2 2 2 2 2 2 2 2 2 2 2 2 2 2
left_child=2 3 12 7 18 6 -4 -2 9 10 11 -6 16 14 15 -5 17 -1 19 20 21 -3 -23 -20 -19 -14 -27 -17 -15 -30
right_child=1 4 5 13 8 -7 -8 -9 -10 -11 -12 -13 25 28 -16 27 -18 24 23 -21 -22 22 -24 -25 -26 26 -28 -29 29 -31
leaf_value=-0.092410811808447985 0.1211275558073923 0.20738142813069241 0.03001866832050425 -0.054322861475273203 -0.033370756859540211 -0.043413406728640726 -0.018821912833293739 0.076123812812647323 0.076602707178184459 0.09720352938334359 -0.086092222058199913 0.012699962743028337 -0.082578770480869979 0.072801813964177925 0.093122382918059299 0.11370047805681056 -0.080417836619436564 -0.015445142939447832 -0.012964977093660873 -0.002017691213262173 -0.0092089153656425959 0.01854860572804732 0.15850095807974718 0.045171231013239325 -0.06053560539552183 -0.075831331895683141 0.035939283836647608 0.001344478832222238 -0.036510832673003542 0.062932622566437418
leaf_weight=15.020743548870085 52.762084379792213 4.1752582043409356 56.043767392635345 5.8603443205356607 67.866509079933167 68.287565916776657 77.343837678432465 66.490862831473351 5.9366513043642035 4.0031765401363364 13.511576324701307 50.053093314170837 81.713293626904488 7.7365136593580273 27.574131861329079 7.6601194739341736 25.528561070561409 67.722757518291473 30.001608803868294 10.588569611310961 4.3110107630491248 6.1796587258577347 5.1796433180570602 22.462619170546532 25.150222525000572 11.392571195960047 7.0539918392896643 4.5004742294549942 13.130769193172457 5.3420705050230017
leaf_count=112 215 19 267 26 429 440 476 274 29 24 89 254 605 32 115 33 187 486 138 51 20 30 24 106 181 83 51 20 64 26
internal_value=-0.000810149 0.0371192 -0.0370027 0.0785048 0.00186233 -0.0135763 0.00169881 0.0960352 -0.0137825 -0.0177444 -0.0212455 -0.0138152 -0.0572291 0.0493902 0.0685694 0.0310006 -0.0450412 -0.0366708 0.0285422 0.0571861 0.0887742 0.115966 0.0823644 0.0119261 -0.0276557 -0.0734644 -0.0330901 0.072119 0.0160251 -0.00775326
internal_weight=850.584 415.327 435.257 191.057 224.269 201.675 133.388 119.253 141.371 135.434 131.431 117.92 233.582 71.8044 45.5951 18.0209 133.422 107.894 82.8984 30.4341 19.8456 15.5346 11.3593 52.4642 92.873 100.16 18.4466 12.1606 26.2094 18.4728
internal_count=4906 2018 2888 805 1213 1183 743 489 825 796 772 683 1705 316 194 79 966 779 388 144 93 73 54 244 667 739 134 53 122 90
is_linear=0
shrinkage=0.1


Tree=8
num_leaves=31
num_cat=0
split_feature=10 0 9 1 0 50 53 9 15 61 113 6 8 6 1 6 0 167 42 9 71 26 26 0 81 73 94 13 61 39
split_gain=96.1127 49.3971 18.0581 9.61068 7.7924 6.32933 5.36689 5.27612 5.05105 5.01885 4.41126 4.33 4.68812 4.25917 3.91817 3.91692 6.20492 3.83483 3.77891 3.60251 4.09701 4.48696 3.84472 3.46987 4.06724 3.43607 4.0197 3.3578 6.6299 3.26962
threshold=1.0000000180025095e-35 8.6036963462829608 1.0000000180025095e-35 -0.49288918077945704 8.8720054626464862 1.0000000180025095e-35 1.0000000180025095e-35 1.0000000180025095e-35 1.0000000180025095e-35 1.0000000180025095e-35 1.0000000180025095e-35 1.0000000180025095e-35 1.0000000180025095e-35 1.0000000180025095e-35 -0.20876112580299375 1.0000000180025095e-35 3.2950034141540532 1.0000000180025095e-35 1.0000000180025095e-35 1.0000000180025095e-35 1.0000000180025095e-35 1.0000000180025095e-35 1.0000000180025095e-35 13.419575691223146 1.0000000180025095e-35 1.0000000180025095e-35 1.0000000180025095e-35 1.0000000180025095e-35 1.0000000180025095e-35 1.0000000180025095e-35
decision_type=2 2 2 2 2 2 2 2 2 2 2 2 2 2 2 2 2 2 2 2 2 2 2 2 2 2 2 2 2 2
left_child=2 3 13 7 11 6 10 15 -5 -8 17 12 14 18 -4 -2 -17 -3 -1 27 21 -21 -22 -11 -25 -15 -27 -7 -29 -13
right_child=1 5 4 8 -6 19 9 -9 -10 23 -12 29 -14 25 -16 16 -18 -19 -20 20 22 -23 -24 24 -26 26 -28 28 -30 -31
leaf_value=-0.050570226470867854 0.095253754946953179 0.011867019680064346 0.062105484289530138 0.065315616355121842 -0.032555852184922233 -0.081224545429001815 0.0093305378448597983 0.1238905897207747 0.023842099097087205 0.026037172417912938 0.098189276763490291 -0.004484862077297154 -0.0091533052527195315 -0.083774535025821981 -0.027014527649876392 0.083112947844093635 -0.02789636713538865 0.10059791083347931 -0.0082509333292239365 -0.025146208006387678 0.0071587236265092781 0.091183423946662553 -0.12903576168425343 -0.09872065820691453 -0.0052675668921984813 -0.058650695706796846 0.037773919991102078 -0.067746298330236973 0.10033187158256202 -0.076540861216505704
leaf_weight=102.88570983707905 32.188665330410004 76.695271000266075 29.682935282588005 76.881982922554016 97.683187335729599 18.44056361913681 37.69585557281971 33.546735554933548 47.514029905200005 5.0736656785011318 7.3868528157472602 33.53308367729187 25.078449264168739 61.646820932626724 5.9165713042020789 12.927928507328035 8.2474466860294324 5.201066479086875 26.544155344367027 6.6400758922100067 4.4305191785097122 6.6226329356431961 3.8949121683835983 13.425864055752756 7.1304012238979331 28.501507982611656 5.0963827967643729 6.8567609041929263 3.5680807828903198 7.7533692121505728
leaf_count=782 132 389 151 319 635 118 220 140 216 30 36 185 131 482 35 53 37 24 184 32 27 31 24 82 42 219 38 43 23 46
internal_value=-0.000802653 0.0334539 -0.0342557 0.0673005 -0.0123714 -0.0017669 0.00838435 0.092815 0.0494745 -0.0138829 0.0241778 0.00696565 0.023964 -0.0537022 0.0472939 0.0732796 0.0398767 0.0175021 -0.0418912 -0.0324718 -0.00157329 0.0329421 -0.0565576 -0.0480246 -0.0663044 -0.0697525 -0.0440243 -0.0555805 -0.0102187 -0.0180166
internal_weight=838.691 414.369 424.322 211.307 199.648 203.063 152.609 86.9108 124.396 63.3258 89.2832 101.964 60.678 224.675 35.5995 53.364 21.1754 81.8963 129.43 50.4535 21.5881 13.2627 8.32543 25.6299 20.5563 95.2447 33.5979 28.8654 10.4248 41.2865
internal_count=4906 2018 2888 897 1183 1121 823 362 535 374 449 548 317 1705 186 222 90 413 966 298 114 63 51 154 124 739 257 184 66 231
is_linear=0
shrinkage=0.1


Tree=9
num_leaves=31
num_cat=0
split_feature=10 1 9 9 15 0 0 133 0 45 14 16 61 61 42 7 93 26 0 13 9 0 61 81 23 94 32 16 74 0
split_gain=79.0964 40.6703 15.7443 8.88906 7.66204 6.20628 6.17163 6.09569 5.27706 7.29266 5.0358 4.54639 4.40881 4.10654 4.48834 3.99254 5.48792 3.87897 8.10829 7.45841 3.86961 4.38498 3.86391 4.17776 3.73476 3.58881 3.82383 4.68219 4.18758 3.46313
threshold=1.0000000180025095e-35 -0.12905924022197721 1.0000000180025095e-35 1.0000000180025095e-35 1.0000000180025095e-35 10.709103107452394 3.7193702459335332 1.0000000180025095e-35 5.6960985660552987 1.0000000180025095e-35 1.0000000180025095e-35 1.0000000180025095e-35 1.0000000180025095e-35 1.0000000180025095e-35 1.0000000180025095e-35 1.0000000180025095e-35 1.0000000180025095e-35 1.0000000180025095e-35 10.186173915863039 1.0000000180025095e-35 1.0000000180025095e-35 17.100615501403812 1.0000000180025095e-35 1.0000000180025095e-35 1.0000000180025095e-35 1.0000000180025095e-35 1.0000000180025095e-35 1.0000000180025095e-35 1.0000000180025095e-35 2.7310061454772954
decision_type=2 2 2 2 2 2 2 2 2 2 2 2 2 2 2 2 2 2 2 2 2 2 2 2 2 2 2 2 2 2
left_child=2 3 13 6 7 -3 12 -4 -5 -10 -8 29 -2 14 -1 16 17 -15 19 -19 -7 -22 23 -12 -6 26 27 -17 -29 -9
right_child=1 5 4 8 24 20 10 11 9 -11 22 -13 -14 15 -16 25 -18 18 -20 -21 21 -23 -24 -25 -26 -27 -28 28 -30 -31
leaf_value=-0.069329068937827518 0.06588829564236881 0.024727305358830193 -0.0080145926642625955 0.11061991285784004 0.04783400011304606 -0.024338215989458872 0.012497702733375561 0.0054439103297571189 -0.043624157872730288 0.083092474828183854 0.096016190041026517 -0.0065528851516953443 0.16378638008592203 -0.093470973667606608 -0.024843037959992167 -0.078581562919293704 0.062820078331411164 -0.056189361783490058 -0.097078450536049868 0.11761311756014665 0.017187900987609118 -0.071589119856682912 0.13444667158717791 0.0016736031935494626 -0.045655328647851823 0.065369803812958024 0.064926725189661846 -0.06686238827088585 0.067343683316777717 0.10874133480118149
leaf_weight=112.64390064030886 32.952728748321533 74.740122407674789 105.9826907813549 48.443349793553352 4.5934875011444083 86.131628036499023 51.585471600294113 4.5401739329099664 5.835957586765292 20.479087948799133 8.5682913959026372 10.073909088969231 5.3465228825807563 19.949160054326057 28.397258266806602 12.313232481479648 3.8321184962987891 4.8291954845190066 9.3958689719438535 5.0521315038204193 56.096267491579056 6.1763176545500746 6.3538975417613974 10.380360931158066 61.254989326000214 5.933895304799079 4.3548672422766677 3.8468236774206161 5.8769438713788986 11.382091417908667
leaf_count=933 137 340 620 206 28 548 223 21 25 85 36 48 22 152 206 92 28 37 72 37 280 45 27 44 412 43 33 29 43 54
internal_value=-0.000786654 0.0301766 -0.031663 0.0641856 -0.0112719 0.00122724 0.0467579 0.0026292 0.0910382 0.0549902 0.0304212 0.0460224 0.0795547 -0.0503017 -0.0603722 -0.0314602 -0.0514004 -0.0625589 -0.0305692 0.0326725 -0.010608 0.00838282 0.0669627 0.0443339 -0.0391337 -0.00489953 -0.0206987 -0.0376197 0.0142504 0.0792865
internal_weight=827.343 413.09 414.253 189.946 197.827 223.144 115.187 131.979 74.7584 26.315 76.888 25.9962 38.2993 216.425 141.041 75.3842 43.0585 39.2264 19.2772 9.88133 148.404 62.2726 25.3025 18.9487 65.8485 32.3258 26.3919 22.037 9.72377 15.9223
internal_count=4906 2018 2888 805 1183 1213 489 743 316 110 330 123 159 1705 1139 566 326 298 146 74 873 325 107 80 440 240 197 164 72 75
is_linear=0
shrinkage=0.1


Tree=10
num_leaves=31
num_cat=0
split_feature=10 1 9 15 0 0 0 15 13 1 13 98 50 6 99 68 95 0 0 1 81 23 5 6 167 25 83 14 13 54
split_gain=65.2149 33.2114 13.7239 7.7353 6.54822 5.34142 5.13991 4.73973 4.62866 4.61202 4.56026 4.31218 4.2053 3.9963 3.75981 3.65149 5.97142 3.61483 4.97652 5.12834 5.31071 3.83274 3.53276 3.50379 3.50245 3.52645 3.4853 3.28761 6.2489 3.28083
threshold=1.0000000180025095e-35 -0.12905924022197721 1.0000000180025095e-35 1.0000000180025095e-35 4.7049965858459482 6.566735267639161 11.43189573287964 1.0000000180025095e-35 1.0000000180025095e-35 -0.19324663281440732 1.0000000180025095e-35 1.0000000180025095e-35 1.0000000180025095e-35 1.0000000180025095e-35 1.0000000180025095e-35 1.0000000180025095e-35 1.0000000180025095e-35 14.528405189514162 4.0561258792877206 -0.51950716972351063 1.0000000180025095e-35 1.0000000180025095e-35 1.0000000180025095e-35 1.0000000180025095e-35 1.0000000180025095e-35 1.0000000180025095e-35 1.0000000180025095e-35 1.0000000180025095e-35 1.0000000180025095e-35 1.0000000180025095e-35
decision_type=2 2 2 2 2 2 2 2 2 2 2 2 2 2 2 2 2 2 2 2 2 2 2 2 2 2 2 2 2 2
left_child=2 3 13 5 10 -2 -3 24 11 -7 22 14 -8 17 -9 -15 -17 18 -1 -20 -21 -22 -4 29 25 -6 27 -14 -29 -5
right_child=1 6 4 23 7 9 12 8 -10 -11 -12 -13 26 15 -16 16 -18 -19 19 20 21 -23 -24 -25 -26 -27 -28 28 -30 -31
leaf_value=-0.078295481970213507 0.084550915817797806 0.018912654052513446 -0.032984821691400483 0.068333453517823467 -0.08944079016734291 -0.0064342256668287225 -0.00031459627022120934 -0.050002947545464083 -0.079794252732602378 0.087109917028992997 0.065875428093092978 0.068713984885584042 -0.077634479845994961 -0.0733553799591906 0.065462124545750774 -0.046448653842864923 0.12125919401270402 -0.071662711983117008 0.097593077040714266 0.00010529795686181872 0.061116186671747744 -0.061746897347029185 0.041653983397661049 0.0037803241747318417 0.067912711133816694 -0.0071641133341886227 0.034573600820853485 -0.058161018118945897 0.098769297269274983 0.011945652570751059
leaf_weight=15.975297830998896 93.911230117082596 93.702470615506172 15.030570700764656 30.516606599092484 5.5273697078227988 13.539921239018442 91.472009278833866 22.326372563838966 21.622953355312347 8.6298550814390165 16.375647470355034 4.7096508443355551 19.888868167996407 70.640151053667068 3.2278126627206793 14.167671181261541 2.4973440095782271 22.393216587603092 3.7081280946731559 44.642495103180408 2.7575765103101721 32.036262810230255 10.969385862350464 26.764252528548241 5.8324097096920005 90.543518394231796 5.3540043383836737 8.5594798624515516 3.606544002890586 15.589669287204741
leaf_count=136 398 435 80 128 35 56 541 154 150 35 84 32 127 605 23 115 19 187 29 342 20 252 57 122 31 537 32 54 24 66
internal_value=-0.000770486 0.0272649 -0.0292593 0.0580975 -0.0102663 0.0741285 0.00109091 -0.0198569 -0.0444594 0.029979 0.0245398 -0.0192132 -0.0118663 -0.0471015 -0.0354183 -0.0634221 -0.0213167 -0.0353754 -0.0271774 -0.0173556 -0.0227214 -0.0520094 -0.0014947 0.0325606 -0.00732991 -0.0118978 -0.0401126 -0.0525871 -0.01164 0.0492673
internal_weight=816.519 411.535 404.984 188.952 196.166 116.081 222.583 153.79 51.8868 22.1698 42.3756 30.2638 128.881 208.818 25.5542 87.3052 16.665 121.513 99.1198 83.1445 79.4363 34.7938 26 72.8705 101.903 96.0709 37.4089 32.0549 12.166 46.1063
internal_count=4906 2018 2888 805 1183 489 1213 962 359 91 221 209 778 1705 177 739 134 966 779 643 614 272 137 316 603 572 237 205 78 194
is_linear=0
shrinkage=0.1


Tree=11
num_leaves=31
num_cat=0
split_feature=10 1 9 0 9 14 15 133 84 6 139 15 12 0 22 26 0 177 16 167 220 0 9 54 73 42 140 0 15 0
split_gain=53.7372 27.4691 11.8853 8.67732 7.59536 6.05405 5.53394 4.75044 4.053 3.92812 7.66816 3.90532 4.21006 3.68092 4.42669 5.92122 7.80468 4.11727 3.45054 3.37331 4.19774 5.16277 4.70179 3.61706 9.2814 3.99727 3.33481 4.38594 3.28238 3.26565
threshold=1.0000000180025095e-35 -0.39082820713520044 1.0000000180025095e-35 10.709103107452394 1.0000000180025095e-35 1.0000000180025095e-35 1.0000000180025095e-35 1.0000000180025095e-35 1.0000000180025095e-35 1.0000000180025095e-35 1.0000000180025095e-35 1.0000000180025095e-35 1.0000000180025095e-35 3.4811772108078007 1.0000000180025095e-35 1.0000000180025095e-35 5.9671459197998056 1.0000000180025095e-35 1.0000000180025095e-35 1.0000000180025095e-35 1.0000000180025095e-35 17.100615501403812 1.0000000180025095e-35 1.0000000180025095e-35 1.0000000180025095e-35 1.0000000180025095e-35 1.0000000180025095e-35 13.474332809448244 1.0000000180025095e-35 3.2950034141540532
decision_type=2 2 2 2 2 2 2 2 2 2 2 2 2 2 2 2 2 2 2 2 2 2 2 2 2 2 2 2 2 2
left_child=2 4 13 5 11 9 7 -4 -7 10 -3 -2 29 -1 17 -16 -17 26 -9 20 21 22 23 24 25 -5 -15 -28 -24 -13
right_child=1 3 6 19 -6 8 -8 18 -10 -11 -12 12 -14 14 15 16 -18 -19 -20 -21 -22 -23 28 -25 -26 -27 27 -29 -30 -31
leaf_value=-0.086715479635471854 0.064255672576684658 0.037579463674153907 -0.0072431367316531207 0.018522752050695961 0.09822213190074415 0.042232352134016354 -0.033781713466879554 0.068401452623167353 0.13316322306648515 -0.017249612260990598 -0.094188839140121147 0.035397582188400133 0.066972876943901832 -0.05064556210522201 -0.059339137028205535 -0.0099457376049499301 0.21097741964784997 0.04764273486513184 -0.0059995858932308929 0.060070042151119656 0.086726127618449833 -0.077887638696297723 -0.0054359067237854325 -0.043852285643907321 0.11446402262007063 -0.069067245531585872 0.043733418114783783 -0.074787898586814422 0.046321429969026405 -0.050826966316730449
leaf_weight=18.344751603901386 44.218324214220047 49.685379400849342 105.30830569565296 9.7585376352071798 44.350869819521904 52.071828156709671 62.875657692551613 16.415770754218102 5.411163091659545 34.496291667222977 4.847272276878356 7.8440992832183865 10.484138220548632 153.28390508890152 5.2934399768710119 3.8088402822613716 2.7562722489237785 4.7847473099827758 10.049501255154611 6.7601113617420188 4.1569046676158896 12.009592890739439 33.91413414478302 43.743371874094009 5.8255743086338034 11.178550913929939 8.6798101216554624 4.8763672411441794 19.184330508112907 9.9821683168411237
leaf_count=171 187 215 620 63 196 224 440 75 23 156 22 32 45 1283 45 34 24 36 48 32 24 89 177 287 37 75 70 42 89 45
internal_value=-0.000753776 0.0246338 -0.0270022 0.00828536 0.0656228 0.0254944 -0.00937194 0.00227517 0.0507921 0.00916043 0.0258669 0.0456885 0.0166883 -0.0440055 -0.0397353 0.0193549 0.0828058 -0.0438182 0.0401496 -0.00892138 -0.0122582 -0.0152923 -0.00921045 -0.026136 0.00282117 -0.0282425 -0.0464411 0.00109946 0.0132639 -0.0128855
internal_weight=806.4 409.923 396.477 293.043 116.88 146.512 194.649 131.774 57.483 89.0289 54.5327 72.5287 28.3104 201.828 183.483 11.8586 6.56511 171.625 26.4653 146.531 139.771 135.614 123.604 70.506 26.7627 20.9371 166.84 13.5562 53.0985 17.8263
internal_count=4906 2018 2888 1513 505 640 1183 743 247 393 237 309 122 1705 1534 103 58 1431 123 873 841 817 728 462 175 138 1395 112 266 77
is_linear=0
shrinkage=0.1


Tree=12
num_leaves=31
num_cat=0
split_feature=10 0 9 15 0 0 50 82 13 6 13 68 61 78 13 16 15 61 80 5 13 0 0 9 0 0 50 151 81 0
split_gain=44.2274 22.8279 10.2677 7.4404 5.20349 4.28246 4.12241 3.75429 3.78237 3.75214 3.87063 5.78943 4.38325 3.606 4.24872 3.86893 3.83318 3.3671 3.32445 3.26725 4.26526 4.76083 3.41697 3.33295 3.26285 4.24877 3.57211 3.8872 3.83591 3.30434
threshold=1.0000000180025095e-35 8.1492128372192401 1.0000000180025095e-35 1.0000000180025095e-35 4.7049965858459482 4.3367555141448983 1.0000000180025095e-35 1.0000000180025095e-35 1.0000000180025095e-35 1.0000000180025095e-35 1.0000000180025095e-35 1.0000000180025095e-35 1.0000000180025095e-35 1.0000000180025095e-35 1.0000000180025095e-35 1.0000000180025095e-35 1.0000000180025095e-35 1.0000000180025095e-35 1.0000000180025095e-35 1.0000000180025095e-35 1.0000000180025095e-35 6.7802875041961679 7.3634495735168466 1.0000000180025095e-35 14.528405189514162 3.6783025264739995 1.0000000180025095e-35 1.0000000180025095e-35 1.0000000180025095e-35 17.166323661804203
decision_type=2 2 2 2 2 2 2 2 2 2 2 2 2 2 2 2 2 2 2 2 2 2 2 2 2 2 2 2 2 2
left_child=2 3 9 5 13 -2 -3 -6 18 24 -11 12 -12 14 16 -16 17 -4 -9 22 21 23 -7 -21 25 -1 27 28 -27 -26
right_child=1 6 4 -5 7 19 -8 8 -10 10 11 -13 -14 -15 15 -17 -18 -19 -20 20 -22 -23 -24 -25 29 26 -28 -29 -30 -31
leaf_value=-0.078484877756703569 0.085924818696852104 0.0073551185841041027 0.039980977064179558 0.022520384084726175 -0.024077997296564214 0.053374947007737289 -0.025405772399951333 0.10297621619393774 -0.026536287571747658 -0.076810385897217809 -0.080942879672682266 0.053161567341393871 0.00056188732901022961 0.098814614329900421 0.019987695156499164 0.13396184460978564 -0.078122635044465538 -0.060519547218040086 0.0036946427865530321 -0.0021413477104358955 0.080784565323962679 -0.055431490973877701 0.13320215694845866 0.1022594301507329 -0.084644737466559941 0.014803697539774988 -0.04829614274872493 0.12040611407941532 -0.037338604211566949 0.019159233371633919
leaf_weight=11.512184187769888 47.289587914943695 161.81299000233412 11.639692455530172 76.055118501186371 126.84865285456181 34.434792548418045 50.364632211625576 6.8418853580951691 10.254093021154404 45.499929614365101 18.46967489272356 6.4273347482085219 10.265680953860285 5.3858971148729315 9.8257363140583021 4.2738584876060477 6.8108526319265357 4.6716014295816413 6.6517551839351654 7.8410497158765811 9.0118221491575259 9.2747955322265607 6.351157918572425 5.0128020495176315 16.716119900345806 34.614741779863834 21.894329845905304 2.5197419300675383 23.815958596765995 3.7555605098605147
leaf_count=112 215 864 54 330 824 145 309 40 59 423 178 51 87 28 50 21 46 22 39 32 37 38 26 22 152 271 181 20 195 35
internal_value=-0.00073467 0.022286 -0.024866 0.0469593 -0.00851714 0.0625504 -0.000421339 -0.0172464 0.0192449 -0.0410236 -0.0575533 -0.032635 -0.0518254 0.0223362 0.01127 0.0545355 -0.0151127 0.0111973 0.0540349 0.0471824 0.0227908 -0.000826977 0.0658056 0.0385733 -0.0294122 -0.0215605 -0.0136502 -0.00120485 -0.00644915 -0.0656017
internal_weight=796.144 407.449 388.695 195.271 193.204 119.216 212.178 150.596 23.7477 195.491 80.6626 35.1627 28.7354 42.6076 37.2217 14.0996 23.1221 16.3113 13.4936 71.9264 31.1405 22.1286 40.786 12.8539 114.829 94.357 82.8448 60.9504 58.4307 20.4717
internal_count=4906 2018 2888 845 1183 515 1173 962 138 1705 739 316 265 221 193 71 122 76 79 300 129 92 171 54 966 779 667 486 466 187
is_linear=0
shrinkage=0.1


Tree=13
num_leaves=31
num_cat=0
split_feature=10 1 15 0 9 0 14 50 0 0 9 177 140 0 0 0 61 6 12 97 26 133 81 0 108 0 0 6 139 6
split_gain=36.4481 19.5152 9.3212 6.69909 6.62167 5.94333 4.9929 4.83936 4.68266 6.17282 4.19957 6.63604 4.12947 3.92693 3.47977 6.54552 4.76542 5.20009 3.98595 3.45639 4.87874 3.51428 3.45487 3.63305 3.28341 4.10611 3.25441 3.1364 6.25767 3.11106
threshold=1.0000000180025095e-35 -0.39082820713520044 1.0000000180025095e-35 16.041068077087406 1.0000000180025095e-35 10.709103107452394 1.0000000180025095e-35 1.0000000180025095e-35 17.166323661804203 17.498972892761234 1.0000000180025095e-35 1.0000000180025095e-35 1.0000000180025095e-35 16.425735473632816 3.1772758960723881 2.4503763914108281 1.0000000180025095e-35 1.0000000180025095e-35 1.0000000180025095e-35 1.0000000180025095e-35 1.0000000180025095e-35 1.0000000180025095e-35 1.0000000180025095e-35 16.880219459533695 1.0000000180025095e-35 7.7043120861053476 3.9917863607406621 1.0000000180025095e-35 1.0000000180025095e-35 1.0000000180025095e-35
decision_type=2 2 2 2 2 2 2 2 2 2 2 2 2 2 2 2 2 2 2 2 2 2 2 2 2 2 2 2 2 2
left_child=2 4 3 10 14 6 27 -5 12 -10 11 -1 -4 -9 15 -2 17 18 -16 21 -21 -12 23 -15 25 29 -19 28 -3 -8
right_child=1 5 8 7 -6 -7 24 13 9 -11 19 -13 -14 22 16 -17 -18 26 -20 20 -22 -23 -24 -25 -26 -27 -28 -29 -30 -31
leaf_value=-0.025990068407302953 0.00033431663960771876 0.031087771501820568 -0.051956201469441403 -0.11836387788669439 0.086616368018833934 -0.0078820760688533935 0.099487358508216064 -0.11836079739467005 0.14279555666221666 -0.044083008064098289 -0.0077229799108989253 0.11725624934152928 0.01281150521251552 0.056594207518504205 -0.0073314333111264354 0.10716835835737835 0.07409137832653645 -0.11515719800433405 0.079671387510205999 0.0016385708356859157 0.14589046643647163 0.034417016017946049 0.10568676844580248 -0.091784261850832216 0.11616190231045012 0.011541876654510889 -0.011051016183722895 -0.017829001866610194 -0.089339067052331314 0.02364620230637374
leaf_weight=91.726069457828999 9.1603393405675906 49.958287999033928 127.30413300544024 9.2380622774362564 42.402029648423195 145.02101770043373 13.105248853564262 3.2273555770516404 3.0823715254664412 4.1435643881559372 83.858368724584579 3.3522030860185614 10.669146761298178 2.8723518624901754 11.607262402772903 15.336208328604696 12.30112764239311 4.6488084942102423 9.6384447813034058 5.3341450095176679 4.1833211630582809 25.903061911463737 2.6723171174526215 3.8782166391611099 5.6163002252578726 30.003548428416252 8.4804076403379423 34.470837369561195 4.7227578312158576 9.2098210155963898
leaf_count=820 40 215 1059 74 196 873 54 26 26 35 490 24 84 24 49 68 53 21 41 32 22 119 21 32 24 130 37 156 22 39
internal_value=-0.000706594 0.0201593 -0.0228984 -0.0106432 0.0553335 0.00648322 0.0206468 -0.0633406 -0.0428381 0.0356339 -0.00526217 -0.0209396 -0.0469479 -0.0231588 0.0366964 0.0672184 0.0206778 0.00156363 0.0321387 0.00723445 0.0650433 0.00222182 0.00944804 -0.0286496 0.0435019 0.035702 -0.0479131 0.00579443 0.0206866 0.0681864
internal_weight=787.127 405.682 381.445 236.245 113.575 292.108 147.087 21.8883 145.199 7.22594 214.357 95.0783 137.973 12.6502 71.1726 24.4965 46.6761 34.3749 21.2457 119.279 9.51747 109.761 9.42289 6.75057 57.9349 52.3186 13.1292 89.1519 54.681 22.3151
internal_count=4906 2018 2888 1684 505 1513 640 177 1204 61 1507 844 1143 103 309 108 201 148 90 663 54 609 77 56 247 223 58 393 237 93
is_linear=0
shrinkage=0.1


Tree=14
num_leaves=31
num_cat=0
split_feature=10 1 9 9 0 0 101 0 6 13 12 0 9 96 104 81 86 1 54 108 69 1 11 54 68 69 16 26 167 0
split_gain=30.0299 16.2468 7.99745 5.67905 4.93836 4.1336 3.9802 3.56469 3.53461 3.631 5.1158 6.50023 3.4282 4.50043 3.28534 3.19644 5.68123 7.08935 5.25771 5.21274 5.13869 4.92691 4.47302 4.35791 3.3046 3.14873 3.50209 3.33414 3.0817 2.95221
threshold=1.0000000180025095e-35 -0.39082820713520044 1.0000000180025095e-35 1.0000000180025095e-35 11.43189573287964 4.7049965858459482 1.0000000180025095e-35 11.560575008392336 1.0000000180025095e-35 1.0000000180025095e-35 1.0000000180025095e-35 12.510609149932863 1.0000000180025095e-35 1.0000000180025095e-35 1.0000000180025095e-35 1.0000000180025095e-35 1.0000000180025095e-35 0.61715719103813182 1.0000000180025095e-35 1.0000000180025095e-35 1.0000000180025095e-35 0.75739601254463207 1.0000000180025095e-35 1.0000000180025095e-35 1.0000000180025095e-35 1.0000000180025095e-35 1.0000000180025095e-35 1.0000000180025095e-35 1.0000000180025095e-35 3.7193702459335332
decision_type=2 2 2 2 2 2 2 2 2 2 2 2 2 2 2 2 2 2 2 2 2 2 2 2 2 2 2 2 2 2
left_child=2 3 8 29 6 -4 12 -6 -1 -10 11 -11 13 -3 15 19 17 18 -17 21 -21 25 23 -19 -25 26 -9 -28 -7 -2
right_child=1 4 5 -5 7 28 -8 14 9 10 -12 -13 -14 -15 -16 16 -18 22 -20 20 -22 -23 -24 24 -26 -27 27 -29 -30 -31
leaf_value=-0.024383621158246063 0.053666908273915064 0.0096925779884756702 0.020837216422784625 0.080128454504387381 -0.10553517870504314 -0.018393934674406819 0.087082566290707264 -0.079138143546059636 -0.072153886278487539 -0.034761617287592708 -0.076324974870399451 0.087212051023507736 0.031099906922754935 -0.05686024082344851 0.065394207321653103 0.014887272880531335 -0.061361479638207775 0.11161211065967543 0.13951422817668152 -0.037253702636267226 0.12970215030498486 -0.073511728925872252 -0.072506265828718872 -0.093654569469564894 0.042901695502048996 0.0068161112082465135 0.071701354991458785 -0.058026178480133674 0.039915032194732164 0.012709837467715219
leaf_weight=109.55914716422558 35.60668320953846 79.773303017020226 42.508983418345451 41.309948310256004 3.7172369956970206 137.7440999224782 7.7693160176277152 11.855044424533846 41.866173893213272 13.892159253358843 13.241015851497648 6.3737084418535224 66.174944952130318 11.643691703677176 6.1014606505632392 5.9362644702196103 8.1986762732267362 4.123312324285509 7.8767892122268677 3.2589068859815589 4.2447130531072617 19.245747245848179 6.8992288410663596 3.1715505048632622 4.0162373185157776 29.546948686242104 3.9557498693466178 3.9689127951860428 9.7024445384740812 34.798720732331276
leaf_count=966 159 361 221 196 23 907 34 73 423 134 127 55 287 53 36 33 47 25 43 20 27 141 42 21 25 175 24 23 55 150
internal_value=-0.000674016 0.0182694 -0.0210477 0.0506939 0.00584199 -0.00663636 0.0172093 -0.00906256 -0.0358506 -0.0525185 -0.0279844 0.00359966 0.0137645 0.00121581 -0.00613272 -0.0098853 0.0129149 0.0319312 0.0859548 -0.02194 0.0571913 -0.030599 -0.0090472 0.0296598 -0.0173526 -0.0138558 -0.0447355 0.00672985 -0.014557 0.0334234
internal_weight=778.081 403.193 374.888 111.715 291.478 189.956 165.361 126.117 184.932 75.3731 33.5069 20.2659 157.592 91.417 122.4 116.298 40.2221 32.0234 13.8131 76.076 7.50362 68.5724 18.2103 11.3111 7.18779 49.3267 19.7797 7.92466 147.447 70.4054
internal_count=4906 2018 2888 505 1513 1183 735 778 1705 739 316 189 701 414 755 719 236 189 76 483 47 436 113 71 46 295 120 47 962 309
is_linear=0
shrinkage=0.1


Tree=15
num_leaves=31
num_cat=0
split_feature=10 1 15 0 167 9 50 53 9 101 0 0 228 0 140 0 126 61 71 0 40 0 9 177 0 67 139 6 0 8
split_gain=24.6134 13.5153 7.96517 5.78406 5.08317 5.00141 4.6671 4.33434 4.20578 4.24495 3.98691 4.60446 3.75373 5.6999 3.646 3.59249 3.369 3.27952 4.14554 4.01953 3.2452 3.47703 3.1943 5.12631 3.03128 2.97556 3.41659 3.36173 3.55685 5.25153
threshold=1.0000000180025095e-35 -0.39082820713520044 1.0000000180025095e-35 16.041068077087406 1.0000000180025095e-35 1.0000000180025095e-35 1.0000000180025095e-35 1.0000000180025095e-35 1.0000000180025095e-35 1.0000000180025095e-35 17.166323661804203 17.498972892761234 1.0000000180025095e-35 17.006159782409672 1.0000000180025095e-35 16.425735473632816 1.0000000180025095e-35 1.0000000180025095e-35 1.0000000180025095e-35 13.419575691223146 1.0000000180025095e-35 15.798768043518068 1.0000000180025095e-35 1.0000000180025095e-35 15.464749813079836 1.0000000180025095e-35 1.0000000180025095e-35 1.0000000180025095e-35 13.419575691223146 1.0000000180025095e-35
decision_type=2 2 2 2 2 2 2 2 2 2 2 2 2 2 2 2 2 2 2 2 2 2 2 2 2 2 2 2 2 2
left_child=2 4 3 16 5 -2 -5 8 9 20 14 -12 13 17 -4 -8 22 18 -9 -19 21 -3 23 25 -24 26 -1 28 29 -27
right_child=1 7 10 6 -6 -7 15 12 -10 -11 11 -13 -14 -15 -16 -17 -18 19 -20 -21 -22 -23 24 -25 -26 27 -28 -29 -30 -31
leaf_value=-0.05729461522892039 0.025393551384168229 -0.00070094762701871575 -0.047199996763005757 -0.11610190928463504 0.15042230572396376 0.070586060890580046 -0.11600379382458122 -0.10021276244363997 0.028688010602501385 0.07943185111464901 0.12002456847123329 -0.039461256659099386 0.092022127897676095 -0.095461049991397373 0.014028914580155065 0.011271833222381051 -0.096414035871715348 0.030156239717996792 0.017485820865432208 -0.064547093061967084 -0.043128162259573562 0.093390976062525582 0.0067907173722251178 0.102532088382431 0.10018399824839885 -0.015619684576880869 0.03550146766456768 -0.036763239472884887 -0.069462219554122864 0.071151056757583028
leaf_weight=27.952408589422703 67.074428558349609 96.642834350466728 120.54080297797918 8.3573869839310646 4.4993945658206931 38.569986656308174 2.9129464328289041 3.2608627378940573 91.284160032868385 6.4545546919107428 3.3451761677861205 3.9451208859682083 3.1074290424585334 8.8320736214518529 10.578819043934343 9.2919038757681829 3.7875976711511603 6.084119617938998 36.366463430225849 17.016514755785465 17.860216915607452 4.0937528461217871 113.13174234330654 3.5372259318828574 3.5854640752077094 13.982581429183483 4.6240022554993621 21.146199896931648 4.3596001714467993 13.917253315448761
leaf_count=261 296 447 1059 74 21 188 26 20 416 28 26 35 17 70 84 77 28 36 219 107 127 26 625 24 24 123 40 220 39 123
internal_value=-0.000654693 0.0164912 -0.0192945 -0.00791158 0.0463264 0.041893 -0.0585289 0.00519863 0.0123686 0.000455788 -0.038258 0.0337193 -0.0155749 -0.0202473 -0.04226 -0.0191052 -0.00295593 -0.00965718 0.00780061 -0.0396046 -0.00384243 0.00312278 -0.00123954 -0.0154502 0.00965969 -0.0203039 -0.0441228 -0.00577479 0.0145383 0.0276641
internal_weight=770.143 401.147 368.996 230.586 110.144 105.644 20.5622 291.003 216.336 125.051 138.41 7.2903 74.6675 71.56 131.12 12.2049 210.024 62.728 39.6273 23.1006 118.597 100.737 206.236 89.5193 116.717 85.982 32.5764 53.4056 32.2594 27.8998
internal_count=4906 2018 2888 1684 505 484 177 1513 1044 628 1204 61 469 452 1143 103 1507 382 239 143 600 473 1479 830 649 806 301 505 285 246
is_linear=0
shrinkage=0.1


Tree=16
num_leaves=31
num_cat=0
split_feature=10 1 15 0 167 9 236 53 9 98 40 0 0 140 0 86 42 26 82 6 174 7 8 12 61 6 1 0 0 0
split_gain=20.2242 11.1983 6.76579 5.12848 4.41743 4.31136 3.66363 3.42296 3.57579 3.4312 3.42654 3.32623 3.84919 3.12911 2.98017 2.87456 7.11471 4.4374 5.58587 3.17099 3.11169 2.99859 3.14612 4.20949 2.79936 3.62601 4.26416 10.2003 3.22156 3.149
threshold=1.0000000180025095e-35 -0.39082820713520044 1.0000000180025095e-35 12.746064186096193 1.0000000180025095e-35 1.0000000180025095e-35 1.0000000180025095e-35 1.0000000180025095e-35 1.0000000180025095e-35 1.0000000180025095e-35 1.0000000180025095e-35 17.166323661804203 17.698836326599125 1.0000000180025095e-35 12.581793308258058 1.0000000180025095e-35 1.0000000180025095e-35 1.0000000180025095e-35 1.0000000180025095e-35 1.0000000180025095e-35 1.0000000180025095e-35 1.0000000180025095e-35 1.0000000180025095e-35 1.0000000180025095e-35 1.0000000180025095e-35 1.0000000180025095e-35 -0.52635180950164784 4.8090348243713388 3.1772758960723881 3.7193702459335332
decision_type=2 2 2 2 2 2 2 2 2 2 2 2 2 2 2 2 2 2 2 2 2 2 2 2 2 2 2 2 2 2
left_child=2 4 3 14 5 24 7 8 10 -9 -3 13 -13 -4 -1 16 17 18 20 -18 21 22 23 -5 25 26 -2 -28 -27 -26
right_child=1 6 11 15 -6 -7 -8 9 -10 -11 -12 12 -14 -15 -16 -17 19 -19 -20 -21 -22 -23 -24 -25 29 28 27 -29 -30 -31
leaf_value=3.0078595771182336e-05 0.059476022022579893 0.0079267530648056798 -0.04405400280738668 0.1387354335331093 0.14138765135698747 0.065260754674040078 -0.093544044931354084 -0.0052541057424047299 0.027316353350449886 -0.075055522329754515 -0.039989168942992565 0.079375283664357241 -0.07393215765400217 0.01249748896644161 0.097228526058271592 -0.076721469349752783 0.10147795980546095 -0.08038404308530904 0.11734525920412109 -0.01474331649920832 -0.11594196103274389 -0.062812789845434536 -0.046970809631383177 -0.021501702546692855 0.12992049175216641 0.026019861725508547 -0.1240229667093819 0.077088092379048748 -0.051186538509526681 0.027373425137990272
leaf_weight=163.47349359840155 21.726349428296089 106.26702596247196 116.45367412269115 3.4747250154614537 4.3176397979259482 37.597760528326035 3.7505155429244033 64.289035774767399 90.994296997785568 7.908686898648738 17.362822532653809 5.0262279808521262 2.4292843267321587 10.681841582059858 3.2165116146206847 11.56054702401161 5.8850066736340505 16.239118844270706 2.8979444876313201 3.9055744335055351 3.560395434498786 7.4077298417687407 4.2861321642994881 3.1040346175432205 4.7095304131507865 9.4323043078184146 4.8362591117620486 5.2703075408935547 12.656557038426397 8.2230889499187452
leaf_count=1149 99 495 1059 26 21 188 20 406 412 53 127 39 22 84 24 86 44 140 21 33 32 66 37 26 22 42 20 22 56 35
internal_value=-0.000639228 0.0148964 -0.017702 -0.00724451 0.0422666 0.0381693 0.00465099 0.005935 0.012271 -0.0129003 0.00119735 -0.0354957 0.029422 -0.0393026 0.00190566 -0.0317184 -0.0214691 -0.0397706 -0.0131025 0.055116 -0.0304171 -0.0137527 0.0196967 0.0631313 0.0229335 0.0129122 0.0345136 -0.0191489 -0.0182181 0.0647169
internal_weight=762.944 399.342 363.602 229.011 108.77 104.452 290.572 286.822 214.624 72.1977 123.63 134.591 7.45551 127.136 166.69 62.3212 50.7607 40.9701 24.731 9.79058 21.833 18.2726 10.8649 6.57876 66.8544 53.9218 31.8329 10.1066 22.0889 12.9326
internal_count=4906 2018 2888 1684 505 484 1513 1493 1034 459 622 1204 61 1143 1173 511 425 348 208 77 187 155 89 52 296 239 141 42 98 57
is_linear=0
shrinkage=0.1


Tree=17
num_leaves=31
num_cat=0
split_feature=10 1 9 15 73 0 22 26 0 104 35 61 0 6 84 8 5 0 42 67 139 14 1 15 5 16 86 12 41 0
split_gain=16.6331 9.35447 5.99556 3.95474 3.75681 3.50364 4.23059 5.33134 5.78737 3.57961 3.45516 3.94718 3.41332 3.55663 3.9812 4.06029 3.22727 7.08517 3.20789 4.6397 5.94871 4.92693 3.72683 8.35981 3.47946 9.38235 5.30985 4.54799 3.03947 2.91918
threshold=1.0000000180025095e-35 -0.39082820713520044 1.0000000180025095e-35 1.0000000180025095e-35 1.0000000180025095e-35 3.4811772108078007 1.0000000180025095e-35 1.0000000180025095e-35 5.9671459197998056 1.0000000180025095e-35 1.0000000180025095e-35 1.0000000180025095e-35 8.8720054626464862 1.0000000180025095e-35 1.0000000180025095e-35 1.0000000180025095e-35 1.0000000180025095e-35 5.1238877773284921 1.0000000180025095e-35 1.0000000180025095e-35 1.0000000180025095e-35 1.0000000180025095e-35 -0.51950716972351063 1.0000000180025095e-35 1.0000000180025095e-35 1.0000000180025095e-35 1.0000000180025095e-35 1.0000000180025095e-35 1.0000000180025095e-35 14.176591396331789
decision_type=2 2 2 2 2 2 2 2 2 2 2 2 2 2 2 2 2 2 2 2 2 2 2 2 2 2 2 2 2 2
left_child=2 3 5 -2 -5 -1 9 -8 -9 10 18 -12 13 14 15 -4 17 -17 19 20 -7 -22 23 -21 26 -26 27 -20 -13 -3
right_child=1 29 12 4 -6 6 7 8 -10 -11 11 28 -14 -15 -16 16 -18 -19 24 22 21 -23 -24 -25 25 -27 -28 -29 -30 -31
leaf_value=-0.07640561591661145 0.054575405661673272 0.0096053539821735479 0.053539633630529063 -0.00022757869100134255 0.071490928133226953 -0.074827268786919907 -0.047007274812820132 0.0067062614164753774 0.20089276801499856 -0.11325954066547164 -0.075313793493963929 0.071067271622477265 -0.018180557119982146 -0.014176939992785582 -0.068762676743995332 -0.038571146699027038 -0.052817876838014213 0.10691025448180345 0.10878476635418421 0.15384539714217238 -0.051131652617227102 0.13283541597737911 -0.020208334061582851 -0.056182552670646313 -0.023447578928098511 0.16280682546903963 -0.070774752384373307 -0.050673585204108966 -0.057961082544346836 -0.014363481379970875
leaf_weight=14.637474089860914 63.858220994472504 224.45543659478426 33.425748839974403 33.649867683649063 9.3288240134716016 28.84374774992466 4.5288159847259504 3.3446678966283798 2.8362350463867188 4.9513838887214652 24.313070468604568 3.7646038457751265 86.926196217536926 39.658750385046005 4.2454054877161971 7.367556959390642 7.9372720792889586 6.1353392452001572 4.4069785624742517 4.0628782063722602 3.0792701393365851 2.7611855864524841 41.647912114858627 3.551972970366478 6.4747709333896655 4.6447135582566261 8.8059823513031006 3.0105143636465073 3.5447704121470451 65.681006096303463
leaf_count=171 317 1084 177 148 40 296 45 34 24 50 255 35 635 231 23 38 44 35 36 35 27 21 410 37 56 39 76 25 33 429
internal_value=-0.000610514 0.0134944 -0.0162114 0.0387914 0.0153394 -0.0295939 -0.0252729 0.0354185 0.0958128 -0.0296687 -0.0267726 -0.0559422 -0.00372869 0.0089902 0.0245334 0.0317525 -0.00221427 0.0275315 -0.0184843 -0.0281738 -0.0561917 0.0358422 -0.00844733 0.0558772 0.011264 0.0543526 -0.0182688 0.0440659 0.00849339 0.0041793
internal_weight=755.881 396.973 358.907 106.837 42.9787 173.211 158.573 10.7097 6.1809 147.864 142.912 31.6224 185.696 98.7701 59.1113 54.8659 21.4402 13.5029 111.29 83.947 34.6842 5.84046 49.2628 7.61485 27.343 11.1195 16.2235 7.41749 7.30937 290.136
internal_count=4906 2018 2888 505 188 1705 1534 103 58 1431 1381 323 1183 548 317 294 117 73 1058 826 344 48 482 72 232 95 137 61 68 1513
is_linear=0
shrinkage=0.1


Tree=18
num_leaves=31
num_cat=0
split_feature=10 0 6 15 0 50 9 98 61 0 0 15 0 104 99 0 67 1 83 0 7 13 94 45 71 1 126 8 15 67
split_gain=13.7253 8.15291 6.54813 5.34614 4.22673 4.52652 3.99463 5.20476 6.02948 3.84809 3.54866 3.47374 6.15168 4.76728 3.23911 3.46732 4.47964 3.36142 3.13916 10.2082 3.89055 3.62812 3.10009 10.9604 4.16471 7.63021 4.07057 3.0814 3.25822 3.02792
threshold=1.0000000180025095e-35 4.273785114288331 1.0000000180025095e-35 1.0000000180025095e-35 16.041068077087406 1.0000000180025095e-35 1.0000000180025095e-35 1.0000000180025095e-35 1.0000000180025095e-35 17.229294776916507 15.727583885192873 1.0000000180025095e-35 16.286105155944828 1.0000000180025095e-35 1.0000000180025095e-35 10.035592079162599 1.0000000180025095e-35 -0.12905924022197721 1.0000000180025095e-35 5.9260780811309823 1.0000000180025095e-35 1.0000000180025095e-35 1.0000000180025095e-35 1.0000000180025095e-35 1.0000000180025095e-35 -0.11521788686513899 1.0000000180025095e-35 1.0000000180025095e-35 1.0000000180025095e-35 1.0000000180025095e-35
decision_type=2 2 2 2 2 2 2 2 2 2 2 2 2 2 2 2 2 2 2 2 2 2 2 2 2 2 2 2 2 2
left_child=3 2 -2 4 18 -6 7 11 -9 -7 14 13 -13 -3 17 -16 -17 -8 22 20 21 -20 26 24 25 -24 29 28 -4 -1
right_child=1 6 27 -5 5 9 10 8 -10 -11 -12 12 -14 -15 15 16 -18 -19 19 -21 -22 -23 23 -25 -26 -27 -28 -29 -30 -31
leaf_value=-0.016870833255920085 0.069935225801783671 0.0091697036244544391 0.023350656310620579 -0.031175822611401817 -0.11340349462028075 -0.040631986349643712 0.037935533889867756 -0.10717591757479308 -0.0058264147416710156 0.10566615485940073 -0.03231297569090371 -0.0061952666037085064 -0.12005170525809175 0.10409597770027885 0.0021609182887315209 0.038460022627495982 0.15271636804416017 0.0015557855844381577 -0.069058058788926888 -0.071798167474764682 0.10132045808601751 0.065975368446844887 0.011531158385323566 -0.12445436098432888 0.0071888735288861798 0.21287921057627979 -0.12105931164642653 0.060766378527877855 -0.059957474651572168 0.012450854187543416
leaf_weight=54.470238611102104 39.668587550520897 95.282079927623272 9.9674588292837178 128.64576511830091 7.1909236758947381 9.2693152129650098 43.342957511544228 9.8383805230259895 14.552747838199139 2.2305568680167207 12.383670099079607 61.528517134487629 5.1420493423938742 5.6015381515026084 6.9742898643016842 7.8309229761362058 6.108000174164772 61.345617666840553 4.2963972389698011 21.467319816350937 5.7482926920056334 3.7061551660299301 3.1193977817893019 2.9531240016221991 3.9526336342096329 4.7450055405497542 2.7317502051591864 7.2666953504085532 8.8746489137411118 99.643172986805439
leaf_count=414 202 502 51 1204 74 85 193 55 82 18 92 325 39 28 31 36 27 281 26 166 35 20 19 21 32 33 22 35 39 719
internal_value=-0.000608214 0.012191 0.0443381 -0.0149086 -0.0056293 -0.0511702 0.00578196 -0.00354746 -0.0467066 -0.0122555 0.0187597 0.00273529 -0.0149766 0.0144405 0.0237952 0.0597249 0.0885269 0.0166177 -0.00151393 -0.0287091 0.0385601 -0.00652116 0.00406694 0.0478647 0.0909279 0.133015 -5.75057e-05 0.00544705 -0.0158875 0.00208732
internal_weight=749.878 395.708 65.7774 354.17 225.524 18.6908 329.931 191.945 24.3911 11.4999 137.985 167.554 66.6706 100.884 125.602 20.9132 13.9389 104.689 206.833 35.2182 13.7508 8.00255 171.615 14.7702 11.817 7.8644 156.845 26.1088 18.8421 154.113
internal_count=4906 2018 327 2888 1684 177 1691 1031 137 103 660 894 364 530 568 94 63 474 1507 247 81 46 1260 105 84 52 1155 125 90 1133
is_linear=0
shrinkage=0.1


end of trees

feature_importances:
Column_0=126
Column_9=50
Column_15=40
Column_6=38
Column_1=35
Column_10=19
Column_13=19
Column_61=17
Column_14=12
Column_81=11
Column_54=10
Column_167=10
Column_5=9
Column_8=9
Column_26=9
Column_42=9
Column_50=8
Column_12=7
Column_16=7
Column_67=7
Column_73=7
Column_82=6
Column_7=5
Column_68=4
Column_139=4
Column_140=4
Column_174=4
Column_177=4
Column_23=3
Column_53=3
Column_71=3
Column_86=3
Column_94=3
Column_98=3
Column_99=3
Column_104=3
Column_133=3
Column_11=2
Column_21=2
Column_22=2
Column_25=2
Column_35=2
Column_40=2
Column_45=2
Column_55=2
Column_62=2
Column_69=2
Column_74=2
Column_83=2
Column_84=2
Column_95=2
Column_97=2
Column_101=2
Column_108=2
Column_126=2
Column_220=2
Column_24=1
Column_32=1
Column_39=1
Column_41=1
Column_57=1
Column_78=1
Column_80=1
Column_93=1
Column_96=1
Column_113=1
Column_130=1
Column_151=1
Column_228=1
Column_231=1
Column_236=1

parameters:
[boosting: gbdt]
[objective: binary]
[metric: binary_logloss]
[tree_learner: serial]
[device_type: cpu]
[data_sample_strategy: bagging]
[data: ]
[valid: ]
[num_iterations: 300]
[learning_rate: 0.1]
[num_leaves: 31]
[num_threads: 0]
[seed: 0]
[deterministic: 0]
[force_col_wise: 0]
[force_row_wise: 0]
[histogram_pool_size: -1]
[max_depth: -1]
[min_data_in_leaf: 20]
[min_sum_hessian_in_leaf: 0.001]
[bagging_fraction: 1]
[pos_bagging_fraction: 1]
[neg_bagging_fraction: 1]
[bagging_freq: 0]
[bagging_seed: 7719]
[bagging_by_query: 0]
[feature_fraction: 1]
[feature_fraction_bynode: 1]
[feature_fraction_seed: 2437]
[extra_trees: 0]
[extra_seed: 11797]
[early_stopping_round: 0]
[early_stopping_min_delta: 0]
[first_metric_only: 0]
[max_delta_step: 0]
[lambda_l1: 0]
[lambda_l2: 0]
[linear_lambda: 0]
[min_gain_to_split: 0]
[drop_rate: 0.1]
[max_drop: 50]
[skip_drop: 0.5]
[xgboost_dart_mode: 0]
[uniform_drop: 0]
[drop_seed: 21238]
[top_rate: 0.2]
[other_rate: 0.1]
[min_data_per_group: 100]
[max_cat_threshold: 32]
[cat_l2: 10]
[cat_smooth: 10]
[max_cat_to_onehot: 4]
[top_k: 20]
[monotone_constraints: ]
[monotone_constraints_method: basic]
[monotone_penalty: 0]
[feature_contri: ]
[forcedsplits_filename: ]
[refit_decay_rate: 0.9]
[cegb_tradeoff: 1]
[cegb_penalty_split: 0]
[cegb_penalty_feature_lazy: ]
[cegb_penalty_feature_coupled: ]
[path_smooth: 0]
[interaction_constraints: ]
[verbosity: -1]
[saved_feature_importance_type: 0]
[use_quantized_grad: 0]
[num_grad_quant_bins: 4]
[quant_train_renew_leaf: 0]
[stochastic_rounding: 1]
[linear_tree: 0]
[max_bin: 255]
[max_bin_by_feature: ]
[min_data_in_bin: 3]
[bin_construct_sample_cnt: 200000]
[data_random_seed: 38]
[is_enable_sparse: 1]
[enable_bundle: 1]
[use_missing: 1]
[zero_as_missing: 0]
[feature_pre_filter: 1]
[pre_partition: 0]
[two_round: 0]
[header: 0]
[label_column: ]
[weight_column: ]
[group_column: ]
[ignore_column: ]
[categorical_feature: ]
[forcedbins_filename: ]
[precise_float_parser: 0]
[parser_config_file: ]
[objective_seed: 8855]
[num_class: 1]
[is_unbalance: 0]
[scale_pos_weight: 1]
[sigmoid: 1]
[boost_from_average: 1]
[reg_sqrt: 0]
[alpha: 0.9]
[fair_c: 1]
[poisson_max_delta_step: 0.7]
[tweedie_variance_power: 1.5]
[lambdarank_truncation_level: 30]
[lambdarank_norm: 1]
[label_gain: ]
[lambdarank_position_bias_regularization: 0]
[eval_at: ]
[multi_error_top_k: 1]
[auc_mu_weights: ]
[num_machines: 1]
[local_listen_port: 12400]
[time_out: 120]
[machine_list_filename: ]
[machines: ]
[gpu_platform_id: -1]
[gpu_device_id: -1]
[gpu_device_id_list: ]
[gpu_use_dp: 0]
[num_gpu: 1]

end of parameters

pandas_categorical:null
