tree
version=v4
num_class=1
num_tree_per_iteration=1
label_index=0
max_feature_idx=567
objective=binary sigmoid:1
feature_names=Column_0 Column_1 Column_2 Column_3 Column_4 Column_5 Column_6 Column_7 Column_8 Column_9 Column_10 Column_11 Column_12 Column_13 Column_14 Column_15 Column_16 Column_17 Column_18 Column_19 Column_20 Column_21 Column_22 Column_23 Column_24 Column_25 Column_26 Column_27 Column_28 Column_29 Column_30 Column_31 Column_32 Column_33 Column_34 Column_35 Column_36 Column_37 Column_38 Column_39 Column_40 Column_41 Column_42 Column_43 Column_44 Column_45 Column_46 Column_47 Column_48 Column_49 Column_50 Column_51 Column_52 Column_53 Column_54 Column_55 Column_56 Column_57 Column_58 Column_59 Column_60 Column_61 Column_62 Column_63 Column_64 Column_65 Column_66 Column_67 Column_68 Column_69 Column_70 Column_71 Column_72 Column_73 Column_74 Column_75 Column_76 Column_77 Column_78 Column_79 Column_80 Column_81 Column_82 Column_83 Column_84 Column_85 Column_86 Column_87 Column_88 Column_89 Column_90 Column_91 Column_92 Column_93 Column_94 Column_95 Column_96 Column_97 Column_98 Column_99 Column_100 Column_101 Column_102 Column_103 Column_104 Column_105 Column_106 Column_107 Column_108 Column_109 Column_110 Column_111 Column_112 Column_113 Column_114 Column_115 Column_116 Column_117 Column_118 Column_119 Column_120 Column_121 Column_122 Column_123 Column_124 Column_125 Column_126 Column_127 Column_128 Column_129 Column_130 Column_131 Column_132 Column_133 Column_134 Column_135 Column_136 Column_137 Column_138 Column_139 Column_140 Column_141 Column_142 Column_143 Column_144 Column_145 Column_146 Column_147 Column_148 Column_149 Column_150 Column_151 Column_152 Column_153 Column_154 Column_155 Column_156 Column_157 Column_158 Column_159 Column_160 Column_161 Column_162 Column_163 Column_164 Column_165 Column_166 Column_167 Column_168 Column_169 Column_170 Column_171 Column_172 Column_173 Column_174 Column_175 Column_176 Column_177 Column_178 Column_179 Column_180 Column_181 Column_182 Column_183 Column_184 Column_185 Column_186 Column_187 Column_188 Column_189 Column_190 Column_191 Column_192 Column_193 Column_194 Column_195 Column_196 Column_197 Column_198 Column_199 Column_200 Column_201 Column_202 Column_203 Column_204 Column_205 Column_206 Column_207 Column_208 Column_209 Column_210 Column_211 Column_212 Column_213 Column_214 Column_215 Column_216 Column_217 Column_218 Column_219 Column_220 Column_221 Column_222 Column_223 Column_224 Column_225 Column_226 Column_227 Column_228 Column_229 Column_230 Column_231 Column_232 Column_233 Column_234 Column_235 Column_236 Column_237 Column_238 Column_239 Column_240 Column_241 Column_242 Column_243 Column_244 Column_245 Column_246 Column_247 Column_248 Column_249 Column_250 Column_251 Column_252 Column_253 Column_254 Column_255 Column_256 Column_257 Column_258 Column_259 Column_260 Column_261 Column_262 Column_263 Column_264 Column_265 Column_266 Column_267 Column_268 Column_269 Column_270 Column_271 Column_272 Column_273 Column_274 Column_275 Column_276 Column_277 Column_278 Column_279 Column_280 Column_281 Column_282 Column_283 Column_284 Column_285 Column_286 Column_287 Column_288 Column_289 Column_290 Column_291 Column_292 Column_293 Column_294 Column_295 Column_296 Column_297 Column_298 Column_299 Column_300 Column_301 Column_302 Column_303 Column_304 Column_305 Column_306 Column_307 Column_308 Column_309 Column_310 Column_311 Column_312 Column_313 Column_314 Column_315 Column_316 Column_317 Column_318 Column_319 Column_320 Column_321 Column_322 Column_323 Column_324 Column_325 Column_326 Column_327 Column_328 Column_329 Column_330 Column_331 Column_332 Column_333 Column_334 Column_335 Column_336 Column_337 Column_338 Column_339 Column_340 Column_341 Column_342 Column_343 Column_344 Column_345 Column_346 Column_347 Column_348 Column_349 Column_350 Column_351 Column_352 Column_353 Column_354 Column_355 Column_356 Column_357 Column_358 Column_359 Column_360 Column_361 Column_362 Column_363 Column_364 Column_365 Column_366 Column_367 Column_368 Column_369 Column_370 Column_371 Column_372 Column_373 Column_374 Column_375 Column_376 Column_377 Column_378 Column_379 Column_380 Column_381 Column_382 Column_383 Column_384 Column_385 Column_386 Column_387 Column_388 Column_389 Column_390 Column_391 Column_392 Column_393 Column_394 Column_395 Column_396 Column_397 Column_398 Column_399 Column_400 Column_401 Column_402 Column_403 Column_404 Column_405 Column_406 Column_407 Column_408 Column_409 Column_410 Column_411 Column_412 Column_413 Column_414 Column_415 Column_416 Column_417 Column_418 Column_419 Column_420 Column_421 Column_422 Column_423 Column_424 Column_425 Column_426 Column_427 Column_428 Column_429 Column_430 Column_431 Column_432 Column_433 Column_434 Column_435 Column_436 Column_437 Column_438 Column_439 Column_440 Column_441 Column_442 Column_443 Column_444 Column_445 Column_446 Column_447 Column_448 Column_449 Column_450 Column_451 Column_452 Column_453 Column_454 Column_455 Column_456 Column_457 Column_458 Column_459 Column_460 Column_461 Column_462 Column_463 Column_464 Column_465 Column_466 Column_467 Column_468 Column_469 Column_470 Column_471 Column_472 Column_473 Column_474 Column_475 Column_476 Column_477 Column_478 Column_479 Column_480 Column_481 Column_482 Column_483 Column_484 Column_485 Column_486 Column_487 Column_488 Column_489 Column_490 Column_491 Column_492 Column_493 Column_494 Column_495 Column_496 Column_497 Column_498 Column_499 Column_500 Column_501 Column_502 Column_503 Column_504 Column_505 Column_506 Column_507 Column_508 Column_509 Column_510 Column_511 Column_512 Column_513 Column_514 Column_515 Column_516 Column_517 Column_518 Column_519 Column_520 Column_521 Column_522 Column_523 Column_524 Column_525 Column_526 Column_527 Column_528 Column_529 Column_530 Column_531 Column_532 Column_533 Column_534 Column_535 Column_536 Column_537 Column_538 Column_539 Column_540 Column_541 Column_542 Column_543 Column_544 Column_545 Column_546 Column_547 Column_548 Column_549 Column_550 Column_551 Column_552 Column_553 Column_554 Column_555 Column_556 Column_557 Column_558 Column_559 Column_560 Column_561 Column_562 Column_563 Column_564 Column_565 Column_566 Column_567
feature_infos=[2.0013689994812012:17.993154525756836] [-0.7776256799697876:0.99923950433731079] none none none [0:1] [0:1] [0:1] [0:1] [0:1] [0:1] [0:1] [0:1] [0:1] [0:1] [0:1] [0:1] [0:1] [0:1] [0:1] [0:1] [0:1] [0:1] [0:1] [0:1] [0:1] [0:1] [0:1] [0:1] [0:1] [0:1] [0:1] [0:1] [0:1] [0:1] [0:1] [0:1] [0:1] [0:1] [0:1] [0:1] [0:1] [0:1] [0:1] [0:1] [0:1] [0:1] [0:1] [0:1] [0:1] [0:1] [0:1] [0:1] [0:1] [0:1] [0:1] [0:1] [0:1] [0:1] [0:1] [0:1] [0:1] [0:1] [0:1] [0:1] [0:1] [0:1] [0:1] [0:1] [0:1] [0:1] [0:1] [0:1] [0:1] [0:1] [0:1] [0:1] [0:1] [0:1] [0:1] [0:1] [0:1] [0:1] [0:1] [0:1] [0:1] [0:1] [0:1] [0:1] [0:1] [0:1] [0:1] [0:1] [0:1] [0:1] [0:1] [0:1] [0:1] [0:1] [0:1] [0:1] [0:1] [0:1] [0:1] [0:1] [0:1] [0:1] [0:1] [0:1] none none none none [0:1] [0:1] none [0:1] none [0:1] none none [0:1] none none none none [0:1] [0:1] [0:1] [0:1] [0:1] none [0:1] [0:1] [0:1] [0:1] none [0:1] [0:1] [0:1] [0:1] [0:1] [0:1] [0:1] [0:1] [0:1] [0:1] [0:1] [0:1] [0:1] [0:1] [0:1] [0:1] [0:1] [0:1] [0:1] [0:1] none none none none none none none none none none [0:1] [0:1] none none none none none [0:1] [0:1] [0:1] [0:1] [0:1] [0:1] [0:1] [0:1] [0:1] [0:1] [0:1] [0:1] [0:1] [0:1] [0:1] [0:1] [0:1] [0:1] [0:1] [0:1] [0:1] [0:1] [0:1] [0:1] [0:1] [0:1] [0:1] [0:1] none none [0:1] [0:1] [0:1] none [0:1] [0:1] [0:1] [0:1] [0:1] none [0:1] none none [0:1] none [0:1] [0:1] [0:1] [0:1] [0:1] [0:1] [0:1] [0:1] [0:1] [0:1] [0:1] [0:1] [0:1] [0:1] [0:1] [0:1] [0:1] [0:1] [0:1] [0:1] [0:1] [0:1] [0:1] [0:1] [0:1] none none none none none none none none none none none none none none none none none [0:1] [0:1] [0:1] [0:1] [0:1] [0:1] [0:1] [0:1] [0:1] [0:1] none [0:1] [0:1] [0:1] [0:1] none [0:1] [0:1] none none none [0:1] [0:1] none none none none none [0:1] [0:1] [0:1] [0:1] [0:1] [0:1] [0:1] none none none [0:1] none [0:1] [0:1] [0:1] none [0:1] [0:1] [0:1] [0:1] none none [0:1] [0:1] none none none none [0:1] [0:1] none none none [0:1] none none [0:1] [0:1] none none [0:1] [0:1] none none none none none none none none none none none none none none none none none none none none none none none none none none none none none none none none none none none none none none none none none none none none none none none none none none none none none none none none none none none none none none none none none none none none none none none none none none none none none none none none none none none none none none none none none none none none none none none none none none none none none none none none none none none none none none none none none none none none none none none none none none none none none none none none none none none none none none none none none none none none none none none none none none none none none none none none none none none none none none none none none none none none none none none none none none none none none none none none none none none none none none none none none none none none none none none none none none none none none none none none none none none none none none none none none none none none none none none none none none none none none none none none none none none none none none none none none none none none none
tree_sizes=3394 3454 3436 3442 3460 3464 3438 3454 3477 3444 3475 3461 3497 3479 3461 3496 3454 3473 3473 3444 3472 3489

Tree=0
num_leaves=31
num_cat=0
split_feature=0 0 0 68 113 1 5 8 187 1 91 99 84 73 11 12 10 14 12 153 0 12 9 70 42 0 0 64 67 0
split_gain=326.902 41.1616 32.4567 8.33286 6.34829 6.45621 9.81062 8.5437 7.96688 7.4731 5.89851 5.75567 5.55753 5.53913 8.42177 5.5588 5.50428 8.33263 5.40314 5.25395 5.13057 5.05363 7.3262 6.20089 5.77322 6.71615 6.37328 5.37897 5.04989 4.95426
threshold=11.02532482147217 6.9705681800842294 15.727583885192873 1.0000000180025095e-35 1.0000000180025095e-35 0.91649556159973156 1.0000000180025095e-35 1.0000000180025095e-35 1.0000000180025095e-35 0.96379950642585765 1.0000000180025095e-35 1.0000000180025095e-35 1.0000000180025095e-35 1.0000000180025095e-35 1.0000000180025095e-35 1.0000000180025095e-35 1.0000000180025095e-35 1.0000000180025095e-35 1.0000000180025095e-35 1.0000000180025095e-35 17.860369682312015 1.0000000180025095e-35 1.0000000180025095e-35 1.0000000180025095e-35 1.0000000180025095e-35 13.882272243499758 13.151266574859621 1.0000000180025095e-35 1.0000000180025095e-35 16.425735473632816
decision_type=2 2 2 2 2 2 2 2 2 2 2 2 2 2 2 2 2 2 2 2 2 2 2 2 2 2 2 2 2 2
left_child=1 -1 3 19 5 6 8 20 13 -9 -3 12 21 14 15 -4 -8 -18 -16 -2 -7 22 -5 -23 -24 26 -26 28 -25 -15
right_child=2 10 4 11 -6 7 16 9 -10 -11 -12 -13 -14 29 18 -17 17 -19 -20 -21 -22 23 24 27 25 -27 -28 -29 -30 -31
leaf_value=-1.1492790410316787 -1.0431740614666369 -1.0961913620576484 -1.0947358858730789 -0.99881005120424338 -1.0849332458339278 -0.99332180840921447 -1.0534005513462863 -0.80291240584391976 -0.80862132973035705 -0.93530979719286378 -0.99623084094840653 -1.0443295022471017 -1.0933063342007026 -0.96143019242399841 -0.86836444672572377 -0.95732737912427879 -0.89687820710987598 -1.0729196842642073 -0.99952774449282411 -0.93622719644000607 -0.87839706612014767 -0.89402683107146075 -0.85477067724025591 -1.1090863853534707 -0.98735456217497442 -1.0666646893973279 -0.81490114600543828 -0.96361253992384932 -1.0136995089822609 -0.83617149145329384
leaf_weight=319.99721992015839 149.38258844614029 219.52415916323662 7.7724443227052689 27.867056474089622 3.981008067727088 16.113604083657268 17.819750398397446 8.3411597609519976 3.981008067727088 8.7203033864498121 6.066298007965087 27.677484661340714 5.118438944220542 6.8245852589607221 7.0141570717096329 4.7392953187227249 7.0141570717096346 4.3601516932249069 5.6871543824672699 4.739295318722724 5.118438944220542 3.791436254978179 8.1515879482030869 9.8577342629432678 4.9288671314716321 4.1705798804759988 3.7914362549781799 8.9098751991987246 12.701311454176903 5.8767261952161789
leaf_count=1688 788 1158 41 147 21 85 94 44 21 46 32 146 27 36 37 25 37 23 30 25 27 20 43 52 26 22 20 47 67 31
internal_value=-1.07645 -1.12622 -1.00582 -1.02461 -0.960891 -0.956377 -0.974208 -0.923275 -0.943197 -0.870582 -1.0935 -1.00449 -0.992136 -0.957327 -0.984456 -1.04269 -1.01871 -0.964361 -0.927094 -1.03989 -0.965617 -0.985984 -0.965179 -1.01484 -0.92064 -0.962292 -0.912375 -1.0294 -1.05538 -0.903475
internal_weight=930.039 545.588 384.452 271.088 113.364 109.383 71.0894 38.2935 41.8954 17.0615 225.59 116.966 89.2883 37.9144 25.2131 12.5117 29.1941 11.3743 12.7013 154.122 21.232 84.1699 48.9095 35.2604 21.0425 12.8909 8.7203 31.4689 22.559 12.7013
internal_count=4906 2878 2028 1430 598 577 375 202 221 90 1190 617 471 200 133 66 154 60 67 813 112 444 258 186 111 68 46 166 119 67
is_linear=0
shrinkage=1


Tree=1
num_leaves=31
num_cat=0
split_feature=0 0 0 137 140 34 61 83 61 25 54 7 8 0 15 51 53 0 0 26 11 1 0 91 13 21 87 68 26 7
split_gain=262.002 38.4948 21.5639 6.76189 6.65465 5.18796 7.04648 6.68404 8.47197 5.75765 8.54669 6.12637 5.45707 5.89477 5.40156 5.58992 5.3009 5.13893 8.26707 4.80453 6.13275 8.85463 5.91158 5.59519 5.76131 4.7645 4.71503 5.7852 5.87685 5.75285
threshold=11.23477077484131 6.9705681800842294 15.727583885192873 1.0000000180025095e-35 1.0000000180025095e-35 1.0000000180025095e-35 1.0000000180025095e-35 1.0000000180025095e-35 1.0000000180025095e-35 1.0000000180025095e-35 1.0000000180025095e-35 1.0000000180025095e-35 1.0000000180025095e-35 13.882272243499758 1.0000000180025095e-35 1.0000000180025095e-35 1.0000000180025095e-35 2.8952771425247197 2.960985660552979 1.0000000180025095e-35 1.0000000180025095e-35 -0.16024032235145566 8.0082135200500506 1.0000000180025095e-35 1.0000000180025095e-35 1.0000000180025095e-35 1.0000000180025095e-35 1.0000000180025095e-35 1.0000000180025095e-35 1.0000000180025095e-35
decision_type=2 2 2 2 2 2 2 2 2 2 2 2 2 2 2 2 2 2 2 2 2 2 2 2 2 2 2 2 2 2
left_child=1 17 3 4 5 6 9 8 -7 10 -2 14 -13 -14 16 -16 -11 -1 -19 20 -3 -22 -23 24 -21 -24 27 29 -29 -8
right_child=2 19 -4 -5 -6 7 26 -9 -10 11 -12 12 13 -15 15 -17 -18 18 -20 23 21 22 25 -25 -26 -27 -28 28 -30 -31
leaf_value=-0.095681364360380647 0.056274728516666817 -0.016562917666953145 0.098102825815068392 -0.0841138704452319 -0.0046017882850632125 -0.023480560223255634 -0.035679898164532257 0.12429383674308188 0.072654796747518999 0.049061694751140292 0.2205139185117998 0.0096182168810826016 0.14394870047514602 0.027271819733133518 0.13947176260838848 0.028106667090394055 0.1349192993463886 0.087224761759523817 -0.064279811546713347 -0.045659423397650577 0.16415908519134786 -0.08902339199993474 0.054421997824972451 0.091552726685070737 -0.0038058766118499359 -0.062405578247194941 0.102374029751711 0.093048573389736156 0.0095642816568010016 0.051090385953807542
leaf_weight=55.547620058059692 6.2332831621170026 58.122148230671883 119.57828697562218 3.8765365183353415 21.337201178073883 26.817552953958511 20.065441146492958 5.779738873243331 13.927534431219099 9.7235361188650113 6.4439526349306107 25.356095924973488 8.2047761827707308 9.16913193464279 5.8123622536659267 20.07230518758297 27.610115796327591 3.654448688030242 249.23340052366257 84.224736645817757 4.7023997306823722 4.5054455995559719 21.272121340036396 3.9390826225280753 53.961066141724586 4.1761279553174964 9.6679103970527631 19.164950475096703 15.05661705136299 12.33978061378002
leaf_count=304 32 309 598 20 110 139 104 30 72 50 33 130 42 47 30 103 141 20 1364 448 25 24 113 20 287 22 50 98 77 64
internal_value=-0.00014988 -0.0449111 0.0628179 0.0469951 0.0489292 0.0536599 0.0608213 0.0236561 0.00938054 0.0760694 0.139759 0.0684487 0.0391998 0.0823721 0.0882184 0.0531135 0.112558 -0.06814 -0.0620904 -0.0144108 0.00328996 0.0365855 0.0165578 -0.0259658 -0.0293158 0.0352503 0.0371131 0.0276434 0.0563176 -0.00263812
internal_weight=929.576 543.339 386.237 266.659 262.782 241.445 194.92 46.5248 40.7451 118.626 12.6772 105.948 42.73 17.3739 63.2183 25.8847 37.3337 308.435 252.888 234.903 92.7782 34.6561 29.9537 142.125 138.186 25.4482 76.2947 66.6268 34.2216 32.4052
internal_count=4906 2936 1970 1372 1352 1242 1001 241 211 608 65 543 219 89 324 133 191 1688 1384 1248 493 184 159 755 735 135 393 343 175 168
is_linear=0
shrinkage=0.1


Tree=2
num_leaves=31
num_cat=0
split_feature=0 0 1 187 68 73 13 0 108 79 0 0 63 11 26 64 67 70 0 8 51 9 83 15 14 0 15 73 9 16
split_gain=211.233 31.1822 17.8265 11.7403 7.7956 5.26453 5.22349 6.74676 6.10752 5.35392 4.73627 6.84169 4.58666 5.79676 7.5348 4.38113 6.99588 4.71043 9.10092 5.23314 6.53551 4.96156 8.57279 10.3364 8.36625 4.34183 4.31754 5.73148 5.53511 8.7005
threshold=11.02532482147217 6.9705681800842294 0.825994372367859 1.0000000180025095e-35 1.0000000180025095e-35 1.0000000180025095e-35 1.0000000180025095e-35 14.917180061340334 1.0000000180025095e-35 1.0000000180025095e-35 2.8952771425247197 2.960985660552979 1.0000000180025095e-35 1.0000000180025095e-35 1.0000000180025095e-35 1.0000000180025095e-35 1.0000000180025095e-35 1.0000000180025095e-35 14.800821304321291 1.0000000180025095e-35 1.0000000180025095e-35 1.0000000180025095e-35 1.0000000180025095e-35 1.0000000180025095e-35 1.0000000180025095e-35 17.622176170349125 1.0000000180025095e-35 1.0000000180025095e-35 1.0000000180025095e-35 1.0000000180025095e-35
decision_type=2 2 2 2 2 2 2 2 2 2 2 2 2 2 2 2 2 2 2 2 2 2 2 2 2 2 2 2 2 2
left_child=1 10 3 4 15 -4 7 8 9 26 -1 -12 13 25 -15 17 -17 18 21 -19 -21 22 23 -2 -25 -7 28 -28 -6 -30
right_child=2 -3 5 -5 6 12 -8 -9 -10 -11 11 -13 -14 14 -16 16 -18 19 -20 20 -22 -23 -24 24 -26 -27 27 -29 29 -31
leaf_value=-0.090895562591114365 0.075443431842443676 -0.01419957410464656 0.074488958485086507 0.19431825677806189 0.037500603611500365 0.17496654625223387 0.033925881668037193 0.1130984797935084 0.15035609466162078 -0.065931998432150335 0.074947567086592046 -0.059969426457161572 0.2130798158640643 -0.024258049437506785 0.14399064184967611 0.043981207769592412 -0.07208412217262751 0.027310140970694969 -0.10413285534984218 0.16706789491268492 0.056934194940432038 -0.0081722584678351941 0.14700858570859446 -0.087464615825561046 0.055506305518370158 0.060058992654109779 -0.025208936408272632 0.087759303019706469 0.068665458017808906 0.24524495697701609
leaf_weight=52.770908355712891 19.849746689200401 222.02997604012489 53.046350285410881 5.0320594906806937 15.873840883374214 12.806458443403246 55.949245780706406 28.38310818374157 5.8657452911138526 4.1715846955776206 3.8182139396667472 240.87966865301132 5.0481561273336402 5.8827157020568865 4.8614010661840439 9.9098580032587051 10.911208614706993 43.757978022098541 5.9447669088840476 6.8553093671798697 25.175906270742416 28.160925447940826 7.0064562559127799 10.299054563045503 6.7922416627407065 4.4243823438882819 12.374122634530069 7.0497920215129843 8.5891871005296689 4.1331142932176599
leaf_count=304 102 1190 255 24 79 60 277 139 29 21 20 1364 24 28 23 50 56 222 30 34 127 145 35 53 35 21 62 35 42 20
internal_value=-0.000260767 -0.0425576 0.0535746 0.0427712 0.040366 0.0940025 0.0577328 0.073142 0.053608 0.0427346 -0.063724 -0.0578642 0.125348 0.109516 0.0518696 0.0262081 -0.0168424 0.0320346 0.0147921 0.0497922 0.080505 0.0245965 0.0455942 0.0263594 -0.0306466 0.145462 0.0521747 0.0157922 0.0768875 0.126031
internal_weight=927.653 519.499 408.155 322.085 317.053 86.0695 142.39 86.4405 58.0574 52.1916 297.469 244.698 33.0231 27.975 10.7441 174.663 20.8211 153.842 78.0532 75.7892 32.0312 72.1084 43.9475 36.941 17.0913 17.2308 48.0201 19.4239 28.5961 12.7223
internal_count=4906 2878 2028 1617 1593 411 704 427 288 259 1688 1384 156 132 51 889 106 783 400 383 161 370 225 190 88 81 238 97 141 62
is_linear=0
shrinkage=0.1


Tree=3
num_leaves=31
num_cat=0
split_feature=0 0 1 187 68 0 0 26 13 108 91 0 17 174 84 55 67 0 64 14 88 54 8 6 73 0 0 65 14 71
split_gain=170.612 27.162 13.4381 8.54976 5.9946 4.37218 5.68253 4.33307 4.54096 4.87416 3.96443 4.02111 3.95838 6.18134 8.9573 5.92742 5.40896 5.02907 3.91488 4.58051 3.95378 4.00342 9.29934 9.18577 3.83192 3.66467 3.50135 4.73169 4.28265 3.81387
threshold=11.02532482147217 6.9705681800842294 0.825994372367859 1.0000000180025095e-35 1.0000000180025095e-35 2.8952771425247197 2.960985660552979 1.0000000180025095e-35 1.0000000180025095e-35 1.0000000180025095e-35 1.0000000180025095e-35 10.925393581390383 1.0000000180025095e-35 1.0000000180025095e-35 1.0000000180025095e-35 1.0000000180025095e-35 1.0000000180025095e-35 13.351129055023195 1.0000000180025095e-35 1.0000000180025095e-35 1.0000000180025095e-35 1.0000000180025095e-35 1.0000000180025095e-35 1.0000000180025095e-35 1.0000000180025095e-35 14.917180061340334 17.860369682312015 1.0000000180025095e-35 1.0000000180025095e-35 1.0000000180025095e-35
decision_type=2 2 2 2 2 2 2 2 2 2 2 2 2 2 2 2 2 2 2 2 2 2 2 2 2 2 2 2 2 2
left_child=1 5 3 4 12 -1 -7 8 9 25 11 -3 -2 14 15 17 -15 -14 20 -20 21 22 23 -17 26 -6 27 29 -29 -4
right_child=2 10 24 -5 7 6 -8 -9 -10 -11 -12 -13 13 16 -16 18 -18 -19 19 -21 -22 -23 -24 -25 -26 -27 -28 28 -30 -31
leaf_value=-0.086384195478707876 -0.0468716020666331 -0.01267243812128032 0.14122233801879078 0.16259860964170006 0.056137593938009468 0.064979168704038581 -0.055891059566800121 0.03330307537140173 0.037187037546602082 0.19145787560934213 0.064666919821670152 -0.08964106327681165 0.0046105075889516008 0.045456616102487052 0.12635631197349656 0.089890726764802587 0.17016197438969927 -0.080829271259737517 0.02901399371502892 -0.087559661655846652 -0.055551861832961735 0.026323770838093393 0.1715024599271032 -0.091397043197187111 0.1075786815022412 0.12064924010523691 0.13474692458712695 0.051320550388981173 -0.077745500657459041 0.057675309174329017
leaf_weight=50.113887071609497 7.7054887115955344 207.02263556420803 6.6283964812755576 5.3903287798166266 26.776910305023193 3.9556080102920523 233.03168833255768 72.573444485664368 29.172828406095505 4.1312039196491233 6.4016140252351752 7.017718479037284 20.438328593969349 10.761526122689245 7.5630998313426963 7.8570158928632754 5.1390400230884543 10.392047956585882 7.2372273653745633 6.3089686781167984 4.9109033495187751 77.204416513442993 6.7778425812721244 4.3382143527269363 34.50319729745388 13.120183408260344 6.3607908785343161 6.055031552910803 4.4679977297782898 31.101488709449768
leaf_count=304 39 1120 31 24 130 20 1364 352 142 19 32 38 104 53 38 39 25 52 37 33 25 388 34 22 156 61 29 28 21 146
internal_value=-0.000341697 -0.0392774 0.0470577 0.0376967 0.0356085 -0.0595484 -0.0538736 0.0506182 0.0677849 0.0880589 -0.0128768 -0.015196 0.0232211 0.0264183 0.0202522 0.0147356 0.0857612 -0.0241888 0.0252041 -0.0252787 0.031969 0.0364379 0.0775936 0.0254012 0.0814902 0.0773523 0.0650083 0.0558152 -0.00347991 0.0723529
internal_weight=924.459 507.543 416.916 327.799 322.409 287.101 236.987 145.775 73.2011 44.0283 220.442 214.04 176.634 168.929 153.028 145.465 15.9006 30.8304 114.635 13.5462 101.088 96.1775 18.9731 12.1952 89.1169 39.8971 54.6137 48.2529 10.523 37.7299
internal_count=4906 2878 2028 1617 1593 1688 1384 704 352 210 1190 1158 889 850 772 734 78 156 578 70 508 483 95 61 411 191 255 226 49 177
is_linear=0
shrinkage=0.1


Tree=4
num_leaves=31
num_cat=0
split_feature=0 0 1 187 68 0 0 26 11 1 0 13 78 1 36 80 81 10 73 21 91 26 13 108 1 47 54 81 0 14
split_gain=138.432 25.0281 9.64245 6.33939 4.06397 4.03561 4.72996 3.92365 4.85824 6.5521 4.86861 4.00405 5.56647 4.13751 4.93153 4.03158 4.38258 5.48004 5.27072 3.86001 3.31394 3.30489 3.42031 3.51211 3.21098 7.362 3.99381 5.02268 4.43394 3.77716
threshold=11.23477077484131 6.9705681800842294 0.825994372367859 1.0000000180025095e-35 1.0000000180025095e-35 2.8952771425247197 2.960985660552979 1.0000000180025095e-35 1.0000000180025095e-35 -0.16024032235145566 8.0082135200500506 1.0000000180025095e-35 1.0000000180025095e-35 0.18929196149110797 1.0000000180025095e-35 1.0000000180025095e-35 1.0000000180025095e-35 1.0000000180025095e-35 1.0000000180025095e-35 1.0000000180025095e-35 1.0000000180025095e-35 1.0000000180025095e-35 1.0000000180025095e-35 1.0000000180025095e-35 -0.065480265766382204 1.0000000180025095e-35 1.0000000180025095e-35 1.0000000180025095e-35 10.186173915863039 1.0000000180025095e-35
decision_type=2 2 2 2 2 2 2 2 2 2 2 2 2 2 2 2 2 2 2 2 2 2 2 2 2 2 2 2 2 2
left_child=1 5 3 4 -2 -1 -7 8 24 -10 -11 12 -9 14 15 16 -13 18 -18 -12 -8 22 23 -6 -3 26 -26 28 29 -28
right_child=2 7 -4 -5 21 6 20 11 9 10 19 13 -14 -15 -16 -17 17 -19 -20 -21 -22 -23 -24 -25 25 -27 27 -29 -30 -31
leaf_value=-0.082093815890842775 0.021874139339733398 -0.046855019626403316 0.071255567261154257 0.13958158989931099 0.067515789389433103 0.056725057324024858 -0.054050638994040778 -0.041504806983835928 0.14007091015510562 -0.082607022735984248 0.049741398579476064 -0.018912431468156275 0.075291800234128584 -0.074186816976290162 0.081480129151855207 -0.081814123394368513 0.18483839906485788 -0.029335333905846517 0.022167551105038163 -0.057044765166819271 0.020540462849966648 0.029547255502256467 0.032932069426471991 0.16163620575441703 -0.076873025517753976 0.13878982771651985 0.048888370135288052 -0.043975861772409523 0.11376536332232533 -0.077538468541886271
leaf_weight=47.592420101165771 166.86863666772842 18.763673484325409 91.536229893565178 5.6364019513130179 41.062714219093323 4.0714070200920096 219.57549205422401 78.983103275299072 5.022943288087844 4.2417322397232082 21.648430392146114 21.934234991669655 4.3028613179922095 6.7355941981077185 7.948205590248107 5.80382977426052 4.0910998135805112 4.8304677754640579 3.8816817998886108 4.0123839229345313 6.1223008334636679 73.5626430362463 29.622401311993599 4.3883013129234305 7.1990821063518515 3.6468670368194571 6.6272883266210538 11.370808511972427 5.694836527109147 3.6727312207221985
leaf_count=304 831 102 411 24 191 20 1327 435 25 24 113 118 23 36 43 31 22 26 21 22 37 352 142 19 39 19 36 62 31 20
internal_value=-0.000393411 -0.0353548 0.0426243 0.0344635 0.0325856 -0.05559 -0.0501002 -0.0109963 0.00502415 0.0343906 0.0166387 -0.0216258 -0.0354707 -0.000746039 0.00945549 -0.00466508 0.00822474 0.0547155 0.105639 0.0330441 -0.0520273 0.0446109 0.0593714 0.0766031 -0.0129773 0.00365821 -0.0105993 0.00683533 0.0429572 0.0038077
internal_weight=920.451 507.773 412.677 321.141 315.505 277.362 229.769 230.412 91.9008 34.9255 29.9025 138.511 83.286 55.2251 48.4895 40.5413 34.7375 12.8032 7.97278 25.6608 225.698 148.636 75.0734 45.451 56.9753 38.2116 34.5647 27.3657 15.9949 10.3
internal_count=4906 2936 1970 1559 1535 1688 1384 1248 493 184 159 755 458 297 261 218 187 69 43 135 1364 704 352 210 309 207 188 149 87 56
is_linear=0
shrinkage=0.1


Tree=5
num_leaves=31
num_cat=0
split_feature=0 0 0 140 83 16 9 39 15 113 22 12 0 0 70 267 15 11 113 10 174 1 184 5 13 26 11 79 73 54
split_gain=112.535 21.5538 7.81677 4.13457 4.01284 7.72773 6.68157 5.59702 4.24795 3.80019 3.74202 5.67059 3.71834 3.9419 3.67434 3.43549 3.40649 3.34598 3.2988 3.91846 4.90437 6.73985 4.08961 3.6949 4.73486 4.09749 5.09844 3.26289 3.69218 4.44677
threshold=11.23477077484131 6.9705681800842294 15.368925571441652 1.0000000180025095e-35 1.0000000180025095e-35 1.0000000180025095e-35 1.0000000180025095e-35 1.0000000180025095e-35 1.0000000180025095e-35 1.0000000180025095e-35 1.0000000180025095e-35 1.0000000180025095e-35 2.8952771425247197 2.960985660552979 1.0000000180025095e-35 1.0000000180025095e-35 1.0000000180025095e-35 1.0000000180025095e-35 1.0000000180025095e-35 1.0000000180025095e-35 1.0000000180025095e-35 0.79298806190490734 1.0000000180025095e-35 1.0000000180025095e-35 1.0000000180025095e-35 1.0000000180025095e-35 1.0000000180025095e-35 1.0000000180025095e-35 1.0000000180025095e-35 1.0000000180025095e-35
decision_type=2 2 2 2 2 2 2 2 2 2 2 2 2 2 2 2 2 2 2 2 2 2 2 2 2 2 2 2 2 2
left_child=1 12 3 4 9 6 8 -7 -6 15 17 -12 -1 -14 -11 27 -8 -3 19 20 22 -22 23 -4 25 26 -25 -2 29 -29
right_child=2 10 18 -5 5 7 16 -9 -10 14 11 -13 13 -15 -16 -17 -18 -19 -20 -21 21 -23 -24 24 -26 -27 -28 28 -30 -31
leaf_value=-0.077984148981448231 0.028007195640022194 -0.023800417089006598 0.066715565296346341 -0.015488045516711336 0.09210998695794323 -0.042498111740225421 0.09314870045793476 0.098226479659414848 0.20332199362626288 0.01751642315550905 -0.010744381596352631 0.10267740597885716 0.049785565064029418 -0.048369618941833142 0.13138597026845064 -0.068296135286512877 -0.031801166965789857 0.0021502868822955985 -0.020228478194115468 0.077620266944856617 -0.092786919500611714 0.071244767885344007 0.14576848528086375 0.16934697588251857 -0.026874234849151253 0.0072169516150183011 0.027325154554447569 -0.051080608445826306 -0.096236781143170191 0.075592590926500947
leaf_weight=45.215757608413696 172.8562525510788 129.79180608689785 43.639989584684372 20.935376077890396 8.0239581614732725 9.1638017147779447 4.2056480944156647 4.086715266108512 6.0049901902675638 5.0621504485607129 11.453480601310732 7.1656882762908927 4.1694077849388114 218.87527002394199 6.4373831748962402 4.1159942746162406 4.5343226045370102 80.501471549272537 5.5750844776630393 61.341154649853706 5.6882268339395505 4.4760425537824631 4.5019383728504172 4.9578492194414139 12.25922955572605 10.246355518698692 5.15690678358078 5.6348998397588712 4.4936283081769934 5.4530573189258575
leaf_count=304 834 714 195 104 38 45 20 19 28 25 62 38 20 1364 30 20 22 434 26 273 27 20 19 22 56 47 24 28 22 26
internal_value=-0.00043077 -0.0326018 0.0377561 0.0271325 0.0308492 0.0616214 0.0969562 0.000904069 0.139713 0.0254173 -0.0100619 0.0329066 -0.0518356 -0.0465348 0.08126 0.0220823 0.0283243 -0.0138663 0.0553231 0.0580893 0.0449133 -0.0205522 0.0531524 0.0476849 0.0222254 0.0517878 0.0969386 0.0240564 -0.0197718 0.0112173
internal_weight=916.024 497.173 418.851 261.008 240.073 36.0194 22.7689 13.2505 14.0289 204.053 228.912 18.6192 268.26 223.045 11.4995 192.554 8.73997 210.293 157.843 152.268 90.9265 10.1643 80.7623 76.2603 32.6203 20.3611 10.1148 188.438 15.5816 11.088
internal_count=4906 2936 1970 1261 1157 172 108 64 66 985 1248 100 1688 1384 55 930 42 1148 709 683 410 47 363 344 149 93 46 910 76 54
is_linear=0
shrinkage=0.1


Tree=6
num_leaves=31
num_cat=0
split_feature=0 0 0 184 16 5 167 87 0 140 0 92 65 13 139 79 10 73 14 0 0 0 0 0 81 16 0 9 16 99
split_gain=91.6451 17.503 6.8801 7.43917 3.99292 3.97236 6.53296 4.86853 5.21152 4.24559 4.79767 4.32974 4.22935 4.89251 3.93871 5.31628 3.93212 3.86575 3.58491 3.41806 3.30945 3.48087 3.2862 3.12902 6.37302 6.99673 4.51416 3.83694 4.92512 3.09613
threshold=11.02532482147217 6.9705681800842294 17.100615501403812 1.0000000180025095e-35 1.0000000180025095e-35 1.0000000180025095e-35 1.0000000180025095e-35 1.0000000180025095e-35 13.151266574859621 1.0000000180025095e-35 13.882272243499758 1.0000000180025095e-35 1.0000000180025095e-35 1.0000000180025095e-35 1.0000000180025095e-35 1.0000000180025095e-35 1.0000000180025095e-35 1.0000000180025095e-35 1.0000000180025095e-35 2.8952771425247197 14.680356025695803 13.211498737335207 2.960985660552979 14.405201911926271 1.0000000180025095e-35 1.0000000180025095e-35 12.581793308258058 1.0000000180025095e-35 1.0000000180025095e-35 1.0000000180025095e-35
decision_type=2 2 2 2 2 2 2 2 2 2 2 2 2 2 2 2 2 2 2 2 2 2 2 2 2 2 2 2 2 2
left_child=1 19 3 5 -4 9 7 12 -9 11 -11 -2 13 14 15 23 -15 -12 -14 -1 21 -18 -21 24 25 29 -27 28 -25 -7
right_child=2 -3 4 -5 -6 6 -8 8 -10 10 17 -13 18 16 -16 -17 20 -19 -20 22 -22 -23 -24 27 -26 26 -28 -29 -30 -31
leaf_value=-0.074025342060098073 0.036105074802120815 -0.0097573441900823642 0.08610233182436268 0.12793377696849031 0.032738067855211828 -0.026662835296485721 0.11896313959468274 0.0091175226426299851 0.13007011314871592 -0.072819057875614893 -0.032807737015488364 0.13441769223600911 -0.012545029979579798 -0.042102990476260836 0.089265785441040302 -0.092302807834362538 0.039578853869750283 0.095358883770083391 -0.12026438309006465 0.043880810118485027 0.077655663320798832 -0.070589357788584967 -0.044899768958689343 0.071333002786764008 0.10655843748990584 -0.020290627247261515 0.10853549933753513 0.099813622326515736 -0.044221116695589917 -0.11993869813124124
leaf_weight=42.988116979598999 199.22674618661404 216.30604518949986 34.914402350783348 7.2717614024877539 23.431071385741234 13.013330906629564 5.6165683269500724 7.8161381930112821 6.545572966337204 7.5946777462959316 4.5164745599031431 4.582688406109809 8.9490729570388776 25.916751742362976 8.4635886251926404 4.1841330826282492 6.031243711709978 4.913578674197197 4.718511000275611 4.2526623606681815 6.2374036461114875 5.4682240635156631 212.55179144442081 8.2067007869482023 5.2036559581756583 5.0354568213224429 5.9152312576770782 9.8568278253078461 6.6995546370744714 4.8980203717946997
leaf_count=304 936 1190 150 30 101 63 26 37 31 38 22 21 42 125 40 21 29 23 23 20 29 26 1364 38 25 25 28 44 31 24
internal_value=-0.000450427 -0.0307703 0.0327167 0.0277697 0.0646717 0.0257991 0.0131686 0.00901801 0.0642435 0.0343082 -0.013666 0.0383157 0.00286004 0.00910362 0.0252138 0.0166106 -0.0172744 0.0339742 -0.0497334 -0.0482659 0.0190045 -0.0128083 -0.0431583 0.024357 0.00469384 -0.0136717 0.0492974 0.0514069 0.0193977 -0.05217
internal_weight=911.326 476.099 435.227 376.882 58.3455 369.61 148.776 143.159 14.3617 220.834 17.0247 203.809 128.798 115.13 71.4765 63.0129 43.6536 9.43005 13.6676 259.793 17.7369 11.4995 216.804 58.8288 34.0657 28.862 10.9507 24.7631 14.9063 17.9114
internal_count=4906 2878 2028 1777 251 1747 707 681 68 1040 83 957 613 548 339 299 209 45 65 1688 84 55 1384 278 165 140 53 113 69 87
is_linear=0
shrinkage=0.1


Tree=7
num_leaves=31
num_cat=0
split_feature=0 0 0 184 5 87 16 65 13 9 62 12 14 61 99 68 0 49 9 140 9 99 67 73 16 15 0 8 0 67
split_gain=74.5337 15.0816 5.42958 5.90603 3.14915 5.07189 5.25667 4.66375 4.12539 3.74002 6.31417 5.49501 3.63808 3.4463 6.2331 7.66752 7.03635 5.65621 4.60162 6.62199 4.49854 4.11924 4.52803 6.63933 4.93044 4.03606 3.86528 3.85967 3.82928 5.64451
threshold=11.02532482147217 6.9705681800842294 17.100615501403812 1.0000000180025095e-35 1.0000000180025095e-35 1.0000000180025095e-35 1.0000000180025095e-35 1.0000000180025095e-35 1.0000000180025095e-35 1.0000000180025095e-35 1.0000000180025095e-35 1.0000000180025095e-35 1.0000000180025095e-35 1.0000000180025095e-35 1.0000000180025095e-35 1.0000000180025095e-35 16.223134994506839 1.0000000180025095e-35 1.0000000180025095e-35 1.0000000180025095e-35 1.0000000180025095e-35 1.0000000180025095e-35 1.0000000180025095e-35 1.0000000180025095e-35 1.0000000180025095e-35 1.0000000180025095e-35 12.992471218109133 1.0000000180025095e-35 14.29021215438843 1.0000000180025095e-35
decision_type=2 2 2 2 2 2 2 2 2 2 2 2 2 2 2 2 2 2 2 2 2 2 2 2 2 2 2 2 2 2
left_child=1 -1 3 4 13 7 -7 8 9 -6 -11 -12 -9 14 15 16 -2 -16 19 21 26 22 23 -15 -24 -25 -17 -28 29 -20
right_child=2 -3 -4 -5 5 6 -8 12 -10 10 11 -13 -14 18 17 20 -18 -19 28 -21 -22 -23 24 25 -26 -27 27 -29 -30 -31
leaf_value=-0.044875867951779697 -0.0073752463163771417 -0.0088287948724193651 0.057265242263716709 0.11327458822638373 0.0079771032988898878 0.11157283275998818 -0.0089637475334038152 -0.011346256529979667 -0.012100593343467029 -0.02633766100199594 0.11206343180120162 0.0036191018926830347 -0.1183850704821775 0.016479188038927069 0.048679481184209741 0.10197300736998079 0.087040982560561669 0.1551302966573965 0.070274919862937268 -0.069182468701677047 0.094211153369601008 0.0097738889295043724 0.083701463383527325 0.093837219154353044 -0.049526612077046381 0.21970028983094442 0.055224351373604944 -0.018755965236775324 -0.054601106652297053 -0.037132531102497965
leaf_weight=251.9441132247448 52.390796005725861 215.21051768958569 59.242618307471275 7.3846362680196753 44.998095735907555 9.5833845287561399 5.8124118298292151 8.9074164777994138 45.079862877726555 7.423464015126231 15.826097622513773 6.6300345659255973 4.9343476295471183 5.426417425274848 12.727808818221092 7.0907269418239585 9.2933546453714353 8.2119243890047073 9.3578222393989563 5.5947919636964789 21.227861121296883 18.45914500951767 6.0530961751937866 5.389237567782402 5.1335180401802063 4.8322164863348007 14.558734565973282 13.677158638834953 13.826266825199125 10.254367515444756
leaf_count=1688 253 1190 251 30 214 44 27 42 217 35 72 31 25 25 59 32 40 38 45 28 94 86 28 25 24 22 66 62 64 49
internal_value=-0.000462155 -0.0282696 0.0291066 0.0247176 0.0229629 0.0117121 0.0660664 0.00545778 0.0117997 0.0261888 0.0536153 0.0800459 -0.0495037 0.0304731 0.0401387 0.0312329 0.00684953 0.0904262 0.0145204 0.0334563 0.057828 0.0461345 0.0711465 0.105879 0.0225633 0.153339 0.0359653 0.0193891 -0.0142973 0.0141162
internal_weight=906.482 467.155 439.328 380.085 372.7 149.195 15.3958 133.799 119.958 74.8777 29.8796 22.4561 13.8418 223.505 139.178 118.239 61.6842 20.9397 84.3269 50.8884 56.5545 45.2936 26.8345 15.6479 11.1866 10.2215 35.3266 28.2359 33.4385 19.6122
internal_count=4906 2878 2028 1777 1747 707 71 636 569 352 138 103 67 1040 644 547 293 97 396 238 254 210 124 72 52 47 160 128 158 94
is_linear=0
shrinkage=0.1


Tree=8
num_leaves=31
num_cat=0
split_feature=0 0 152 0 184 19 14 206 140 126 262 0 6 0 16 8 12 80 9 139 1 22 0 14 137 10 167 5 53 15
split_gain=60.9701 14.494 4.76145 4.14359 4.43055 3.61892 4.97226 3.63504 3.54394 5.00068 3.60926 3.25507 4.13369 3.25076 3.20942 3.17528 3.02468 4.75598 9.75044 3.60993 4.07714 3.80981 3.80242 3.76149 3.75283 2.96477 5.62222 4.66044 4.0872 8.56299
threshold=11.494866847991945 6.9705681800842294 1.0000000180025095e-35 17.100615501403812 1.0000000180025095e-35 1.0000000180025095e-35 1.0000000180025095e-35 1.0000000180025095e-35 1.0000000180025095e-35 1.0000000180025095e-35 1.0000000180025095e-35 13.882272243499758 1.0000000180025095e-35 2.8952771425247197 1.0000000180025095e-35 1.0000000180025095e-35 1.0000000180025095e-35 1.0000000180025095e-35 1.0000000180025095e-35 1.0000000180025095e-35 -0.28800669312477106 1.0000000180025095e-35 5.9260780811309823 1.0000000180025095e-35 1.0000000180025095e-35 1.0000000180025095e-35 1.0000000180025095e-35 1.0000000180025095e-35 1.0000000180025095e-35 1.0000000180025095e-35
decision_type=2 2 2 2 2 2 2 2 2 2 2 2 2 2 2 2 2 2 2 2 2 2 2 2 2 2 2 2 2 2
left_child=1 13 3 4 5 7 -7 8 9 10 25 -10 -13 15 -5 -1 -15 19 -19 20 21 22 24 -23 -18 -2 27 28 -27 -30
right_child=2 -3 -4 14 -6 6 -8 -9 11 -11 -12 12 -14 16 -16 -17 17 18 -20 -21 -22 23 -24 -25 -26 26 -28 -29 29 -31
leaf_value=-0.043376851731913413 0.014878264731070345 -0.0071113990847727045 -0.06300373627488734 0.072427801129228433 0.10118936568514661 0.018128915955788066 -0.11947798132994605 0.10543279820507417 -0.053910655688668756 0.10869873123290366 0.11294893339733728 -0.02709765350413227 0.074527346669822248 -0.046757148658174499 0.024923028062937058 -0.10056204757975451 -0.037485009953831472 0.16517112204352336 -0.065186094895033603 0.045445240853966618 -0.10772452161214825 -0.022010034376196749 0.038918471958203735 0.094958311362946801 -0.1218790699371791 0.085237797511480404 -0.076996447200116169 0.015573165356571295 0.075577175038402875 -0.020240803481736878
leaf_weight=22.706253916025162 168.67401830852032 241.84190925955772 5.7073190957307807 35.549976617097855 7.4365993291139594 7.136513411998747 4.1545275151729584 5.5341696143150321 10.682917520403864 7.2802551537752143 4.5711782425642005 9.1982073932886141 7.0859582275152198 120.30687248706818 23.704785138368607 16.964442580938339 41.362126171588898 3.8317505717277518 3.5304629802703857 5.9495536386966696 7.0680083036422721 6.9117827415466291 5.5969820618629447 4.5652230978012085 6.0382899343967429 28.680496782064438 4.2786063551902762 46.838430002331734 22.193682283163071 16.087413743138313
leaf_count=174 784 1326 26 148 30 33 20 26 54 33 21 44 33 811 100 130 280 26 24 40 48 46 38 30 41 130 20 217 99 74
internal_value=-0.00046576 -0.0244751 0.0277041 0.0289696 0.0248276 0.0231691 -0.0325034 0.0250676 0.0237015 0.0268369 0.0247911 -0.0110162 0.0171239 -0.0416268 0.0534236 -0.067831 -0.0365599 -0.0221021 0.054706 -0.0293994 -0.0356236 -0.0277195 -0.0390316 0.0245166 -0.0482359 0.0233858 0.0355387 0.0397698 0.0566948 0.0353102
internal_weight=901.469 486.674 414.795 409.088 349.833 342.396 11.291 331.105 325.571 298.604 291.324 26.9671 16.2842 244.832 59.2548 39.6707 205.161 84.8542 7.36221 77.492 71.5424 64.4744 52.9974 11.477 47.4004 286.753 118.079 113.8 66.9616 38.2811
internal_count=4906 3014 1892 1866 1618 1588 53 1535 1509 1378 1345 131 77 1688 248 304 1384 573 50 523 483 435 359 76 321 1324 540 520 303 173
is_linear=0
shrinkage=0.1


Tree=9
num_leaves=31
num_cat=0
split_feature=0 0 152 0 26 91 13 9 1 0 11 1 0 0 0 81 21 10 81 8 0 44 118 5 1 47 54 81 82 0
split_gain=49.6763 11.6006 3.79235 3.74561 3.21433 3.64406 4.27411 3.64512 8.5604 4.45406 3.49537 4.94976 5.14114 3.44442 5.46277 3.83102 3.07175 3.22134 3.2086 3.06416 3.83715 3.0113 4.70476 4.35698 2.61613 5.10765 3.42998 4.13229 3.74718 3.25695
threshold=11.23477077484131 6.9705681800842294 1.0000000180025095e-35 15.368925571441652 1.0000000180025095e-35 1.0000000180025095e-35 1.0000000180025095e-35 1.0000000180025095e-35 -0.13499125093221662 8.3682408332824725 1.0000000180025095e-35 -0.15446041524410245 8.0082135200500506 7.5879535675048837 8.5516767501831072 1.0000000180025095e-35 1.0000000180025095e-35 1.0000000180025095e-35 1.0000000180025095e-35 1.0000000180025095e-35 2.8952771425247197 1.0000000180025095e-35 1.0000000180025095e-35 1.0000000180025095e-35 -0.065480265766382204 1.0000000180025095e-35 1.0000000180025095e-35 1.0000000180025095e-35 1.0000000180025095e-35 10.186173915863039
decision_type=2 2 2 2 2 2 2 2 2 2 2 2 2 2 2 2 2 2 2 2 2 2 2 2 2 2 2 2 2 2
left_child=1 19 3 -2 10 6 -6 8 -8 -10 24 -12 -13 -9 -15 -16 17 18 -14 -1 -21 23 -23 -5 -3 26 -26 29 -29 -28
right_child=2 4 -4 21 5 -7 7 13 9 -11 11 12 16 14 15 -17 -18 -19 -20 20 -22 22 -24 -25 25 -27 27 28 -30 -31
leaf_value=-0.029367776506235423 0.017582640410230176 -0.039559552657780377 -0.058026982373255744 0.033777709894070938 -0.034489927015241367 0.075575981802477585 0.12009529753041837 -0.05073512866166028 -0.13204419313950222 -0.020695089668759846 0.11680914559235407 -0.098167943631001148 0.12034461936723638 0.14815929578176146 -0.028054472682595113 0.090781282273154629 -0.051433922899804696 -0.0013167622949337239 0.020860354086799995 -0.097518689528756086 -0.043564080088392604 0.036946210400045233 0.11949813267913456 -0.084212722701705336 -0.069366991647286588 0.11547304953596814 0.0081279210961720093 -0.093898220502892107 0.02366683202736284 0.10157978117108835
leaf_weight=143.04239800572395 264.9952300786972 17.843198910355568 5.5837769806385031 8.8231364339590055 78.160529062151909 4.1425430923700324 3.9422082602977744 3.678005829453471 4.2125189751386669 24.402698919177055 5.787651300430297 3.4974072128534344 7.4005713909864461 4.6276281028985968 6.8209402114152891 4.504222959280014 3.8457418531179419 8.8241934478282928 5.7693100869655609 15.804628655314444 79.40481536090374 142.15083095431328 7.2561212778091422 4.8499177992343894 6.741824895143508 3.8878152072429648 10.069478228688238 5.6211592257022858 5.2368914484977722 5.9230473041534433
leaf_count=1010 1241 102 26 38 448 20 21 20 23 135 28 21 38 25 38 25 22 45 30 130 548 613 31 21 39 19 56 32 30 31
internal_value=-0.000470501 -0.0232429 0.0238527 0.0249207 -0.00695574 -0.0167589 -0.0196933 0.00246702 -0.0180547 -0.0370871 0.00762097 0.0322924 0.0156189 0.036502 0.056615 0.0192087 0.0310199 0.0454372 0.0767637 -0.03862 -0.0525205 0.0368447 0.0409554 -0.00807423 -0.00804292 0.0069612 -0.00559741 0.0104143 -0.037196 0.0427391
internal_weight=896.85 463.191 433.659 428.075 224.94 134.491 130.349 52.1882 32.5574 28.6152 90.4483 35.1249 29.3372 19.6308 15.9528 11.3252 25.8398 21.9941 13.1699 238.252 95.2094 163.08 149.407 13.6731 55.3234 37.4802 33.5924 26.8506 10.8581 15.9925
internal_count=4906 2936 1970 1944 1248 755 735 287 179 158 493 184 156 108 88 63 135 113 68 1688 678 703 644 59 309 207 188 149 62 87
is_linear=0
shrinkage=0.1


Tree=10
num_leaves=31
num_cat=0
split_feature=0 0 152 262 0 63 11 1 15 0 262 0 24 12 139 80 55 1 130 14 139 55 54 137 128 9 132 16 0 26
split_gain=40.7101 10.4157 3.16335 3.16133 2.98425 3.58893 3.76769 5.66666 4.75693 3.72017 2.84498 2.8868 3.22407 3.24918 3.93341 3.4938 6.57678 4.19392 4.37094 5.09669 3.04474 2.92454 4.79931 6.60939 5.50908 3.81657 3.36175 4.0354 3.46947 3.04927
threshold=11.494866847991945 6.9705681800842294 1.0000000180025095e-35 1.0000000180025095e-35 17.30732345581055 1.0000000180025095e-35 1.0000000180025095e-35 0.97748878598213207 1.0000000180025095e-35 17.622176170349125 1.0000000180025095e-35 2.8952771425247197 1.0000000180025095e-35 1.0000000180025095e-35 1.0000000180025095e-35 1.0000000180025095e-35 1.0000000180025095e-35 -0.28800669312477106 1.0000000180025095e-35 1.0000000180025095e-35 1.0000000180025095e-35 1.0000000180025095e-35 1.0000000180025095e-35 1.0000000180025095e-35 1.0000000180025095e-35 1.0000000180025095e-35 1.0000000180025095e-35 1.0000000180025095e-35 5.3483915328979501 1.0000000180025095e-35
decision_type=2 2 2 2 2 2 2 2 2 2 2 2 2 2 2 2 2 2 2 2 2 2 2 2 2 2 2 2 2 2
left_child=1 10 3 4 -2 6 8 -8 -6 -10 11 -1 -13 20 15 17 -17 18 19 -15 21 25 26 24 -24 -14 27 -23 -28 -27
right_child=2 -3 -4 -5 5 -7 7 -9 9 -11 -12 12 13 14 -16 16 -18 -19 -20 -21 -22 22 23 -25 -26 29 28 -29 -30 -31
leaf_value=-0.06032939526473502 0.019009856180685254 -0.0060108240343917166 -0.053430070473372185 0.096024897634967799 0.10239756078850093 0.11255972568193506 -0.049237923904242219 0.073080435025859994 0.065303139678873232 -0.045669382782617673 -0.11970248849091414 -0.12168198975848793 -0.072170633922946884 -0.013155480679328164 0.067257958170297269 0.13605355017221124 -0.05885567994271116 -0.1030922577767563 -0.029912734977458985 0.13086663041601368 -0.09089594758773703 0.033939693056934665 -0.08348399969751058 0.044734058036925511 0.040193112465750809 0.06588809848819234 -0.0054377852531634248 -0.095458270502198905 0.12510147860058432 -0.035487661609461797
leaf_weight=35.824388474225998 361.413818359375 239.80899693071842 5.4642102271318427 5.8694893419742575 12.466030806303024 6.8597451448440543 10.059619992971422 6.074426442384719 6.5997676104307175 5.5707134455442429 3.9652083814144126 3.7138512432575217 30.934366658329964 6.4805804193019849 5.8043288737535468 3.8673216849565497 3.1342550218105316 6.2983224987983695 48.27617584168911 3.9577319324016571 10.113542377948759 6.4310825616121292 21.796555757522587 7.2745324969291678 4.314580723643302 3.7634950876235971 3.4874958246946335 3.8546147048473358 4.891966849565506 14.020723387598991
leaf_count=300 1644 1326 26 26 51 28 42 25 27 23 29 26 220 45 39 26 21 47 340 27 72 45 156 52 30 27 25 27 35 99
internal_value=-0.000471661 -0.0206282 0.0221608 0.0231563 0.0221106 0.0456391 0.0343795 -0.00318538 0.0589802 0.0145084 -0.0357242 -0.0342653 -0.0294126 -0.0275966 -0.0119331 -0.0183159 0.0488025 -0.0255442 -0.0172256 0.0414511 -0.0385894 -0.0333398 -0.0168582 -0.0395627 -0.0630477 -0.0509486 0.0237524 -0.0145528 0.0707716 -0.0140345
internal_weight=892.392 472.014 420.378 414.914 409.044 47.6303 40.7706 16.134 24.6365 12.1705 232.205 228.24 192.416 188.702 77.8187 72.0144 7.00158 65.0128 58.7145 10.4383 110.883 100.769 52.0508 33.3857 26.1111 48.7186 18.6652 10.2857 8.37946 17.7842
internal_count=4906 3014 1892 1866 1840 196 168 67 101 50 1688 1659 1359 1333 545 506 47 459 412 72 788 716 370 238 186 346 132 72 60 126
is_linear=0
shrinkage=0.1


Tree=11
num_leaves=31
num_cat=0
split_feature=0 270 0 1 7 0 83 61 16 147 80 1 54 0 79 91 1 51 68 0 262 143 113 126 0 0 8 0 0 8
split_gain=33.9246 8.32989 7.73895 3.57122 5.47535 3.18949 4.03666 3.38716 6.98053 3.22366 3.21522 4.27579 5.0034 4.81297 4.26248 3.18174 3.23998 3.04985 3.73212 2.94475 2.89136 2.96711 3.06799 2.60045 3.45818 3.78323 3.33636 3.32476 3.39078 7.05296
threshold=7.6317591667175302 1.0000000180025095e-35 14.528405189514162 -0.13499125093221662 1.0000000180025095e-35 11.494866847991945 1.0000000180025095e-35 1.0000000180025095e-35 1.0000000180025095e-35 1.0000000180025095e-35 1.0000000180025095e-35 1.0000000180025095e-35 1.0000000180025095e-35 9.9780974388122576 1.0000000180025095e-35 1.0000000180025095e-35 -0.37987679243087763 1.0000000180025095e-35 1.0000000180025095e-35 14.405201911926271 1.0000000180025095e-35 1.0000000180025095e-35 1.0000000180025095e-35 1.0000000180025095e-35 2.8952771425247197 2.960985660552979 1.0000000180025095e-35 3.1252566576004033 3.4811772108078007 1.0000000180025095e-35
decision_type=2 2 2 2 2 2 2 2 2 2 2 2 2 2 2 2 2 2 2 2 2 2 2 2 2 2 2 2 2 2
left_child=15 2 3 4 -2 9 19 17 -9 10 14 -12 -13 -14 -5 20 -17 -8 -19 -7 21 22 23 24 26 -26 -1 -27 29 -29
right_child=1 -3 -4 5 -6 6 7 8 -10 -11 11 12 13 -15 -16 16 -18 18 -20 -21 -22 -23 -24 -25 25 27 -28 28 -30 -31
leaf_value=-0.032807842744977007 0.14534410021244837 0.13733801343135227 0.026292929329753509 -0.0079807074728972128 -0.02077880947231428 0.0071543158083656362 0.11610651587878498 0.058581338470725101 -0.098846260856320048 0.072679362341480314 -0.10462589405976291 -0.09038213189710631 0.12408467116436682 -0.029170227212265171 0.08008846466516556 -0.02846371080002473 0.11780353142946431 -0.035024045669118695 0.083158158010887814 -0.056163472701620837 -0.11833946229501346 -0.12234421257711699 -0.082381294503687114 0.060435504261264344 0.07652216989956602 -0.092138766764539901 -0.09856566781586619 0.075043311423685033 -0.026920105396712631 -0.076251816682523968
leaf_weight=19.23891194164753 4.3224011063575736 5.2707190066575995 217.631667137146 162.35316334664822 3.6674851328134537 162.42036671936512 8.1092285364866257 7.8645678162574786 4.3881946504116058 4.8789720237255088 7.8937291502952602 5.0722726881504032 3.5404974818229675 4.8650137186050415 5.6881332397460929 3.1974436268210411 2.8771524876356116 4.4823453426361084 6.6163543313741684 7.6929937154054633 3.8570154905319205 3.5139234364032736 10.624043211340902 3.3193669542670241 3.6861825436353675 7.2613933682441703 12.882123216986654 9.2164832651615125 177.39517914503813 4.6286362111568442
leaf_count=162 24 25 945 897 21 753 36 35 21 27 45 29 20 27 32 22 19 21 29 36 30 25 78 24 18 53 119 66 1233 34
internal_value=-0.000473268 0.0121534 0.0110918 0.00290009 0.069091 0.00156414 0.0103766 0.0432829 0.00220034 -0.00757861 -0.00964593 -0.0461794 -0.0119482 0.0353825 -0.0049996 -0.0307138 0.0408138 0.0694894 0.0354288 0.00429091 -0.0324136 -0.0310972 -0.0298056 -0.0274551 -0.0287002 -0.0238579 -0.05918 -0.025722 -0.0232001 0.024463
internal_weight=888.456 626.758 621.487 403.856 7.98989 395.866 201.574 31.4607 12.2528 194.292 189.413 21.3715 13.4778 8.40551 168.041 261.698 6.0746 19.2079 11.0987 170.113 255.623 251.766 248.252 237.628 234.309 202.188 32.121 198.502 191.24 13.8451
internal_count=4906 3023 2998 2053 45 2008 931 142 56 1077 1050 121 76 47 929 1883 41 86 50 789 1842 1812 1787 1709 1685 1404 281 1386 1333 100
is_linear=0
shrinkage=0.1


Tree=12
num_leaves=31
num_cat=0
split_feature=1 0 152 154 151 11 262 97 10 81 100 19 92 262 143 0 6 26 67 54 8 1 0 7 12 15 0 12 0 23
split_gain=27.9962 6.8952 3.73915 3.3322 3.31732 13.6423 3.04469 2.72927 2.74591 2.92099 2.64858 3.63257 2.92049 2.5883 2.65658 2.70698 2.94567 3.81098 8.35979 5.28076 10.9401 5.12591 2.89483 4.76909 5.38431 2.61894 2.55341 2.61832 6.88446 3.69823
threshold=-0.16723705083131787 11.998631000518801 1.0000000180025095e-35 1.0000000180025095e-35 1.0000000180025095e-35 1.0000000180025095e-35 1.0000000180025095e-35 1.0000000180025095e-35 1.0000000180025095e-35 1.0000000180025095e-35 1.0000000180025095e-35 1.0000000180025095e-35 1.0000000180025095e-35 1.0000000180025095e-35 1.0000000180025095e-35 2.4503763914108281 1.0000000180025095e-35 1.0000000180025095e-35 1.0000000180025095e-35 1.0000000180025095e-35 1.0000000180025095e-35 -0.39508707821369166 3.4811772108078007 1.0000000180025095e-35 1.0000000180025095e-35 1.0000000180025095e-35 17.860369682312015 1.0000000180025095e-35 13.813826084136965 1.0000000180025095e-35
decision_type=2 2 2 2 2 2 2 2 2 2 2 2 2 2 2 2 2 2 2 2 2 2 2 2 2 2 2 2 2 2
left_child=4 7 3 6 13 -6 10 -2 -9 -10 11 12 26 14 15 -1 17 18 25 20 21 -20 23 24 -19 -17 27 -3 -29 -30
right_child=1 2 -4 -5 5 -7 -8 8 9 -11 -12 -13 -14 -15 -16 16 -18 22 19 -21 -22 -23 -24 -25 -26 -27 -28 28 29 -31
leaf_value=-0.06718926694958316 0.0014331633769954905 0.024514761829605256 -0.065654092598674274 -0.064884697576333361 -0.067318878779121238 0.18228655701581101 0.095966778988493151 -0.0058520087469796167 -0.10758661982694205 -0.0075126995199985575 0.06442396017431587 -0.034619265505920843 0.080400033938932469 -0.11615916658844488 -0.11985908041258229 -0.0064525134389815317 -0.039749464881856704 -0.0065470227057308683 0.27103350512587582 -0.00058157608250461565 -0.0096096388469935276 0.093768797654704791 -0.038871986560522293 -0.051630594658003431 0.15068007407711867 -0.072710813706713881 0.065983123999574331 -0.026243941633228209 0.073512201624359272 0.014194962091792189
leaf_weight=16.945277117192745 215.32223676145077 199.79517422616482 5.1638280302286139 4.5690342187881461 5.6201473847031576 3.5873512551188469 5.345143035054206 17.915506660938263 7.2720766514539736 4.8698835372924805 12.935447946190832 12.48961818218231 7.893736705183982 3.5360555276274672 3.2420483231544486 14.591087348759174 87.939798764884472 5.4042632505297679 3.3013041689991951 10.575967855751514 5.3353725671768188 3.2246806621551514 63.684738092124462 7.3443390727043143 3.6485769748687744 10.091211549937725 11.133831962943075 43.432551950216293 12.191846087574957 76.225592091679573
leaf_count=155 1171 886 25 21 41 25 23 97 39 28 57 57 35 30 25 102 642 45 23 74 38 22 459 58 26 71 45 199 52 335
internal_value=-0.000471945 0.0106336 0.0188767 0.0200075 -0.0289689 0.0299304 0.0210243 -0.00250719 -0.0307347 -0.0674491 0.0199593 0.0183755 0.0202629 -0.0312393 -0.0299633 -0.0287075 -0.0256766 -0.0159474 0.00661778 0.0507956 0.0966051 0.183442 -0.0292246 0.00824492 0.0568204 -0.0335418 0.0188781 0.0172967 0.00635895 0.0223742
internal_weight=884.628 636.556 391.176 386.012 248.072 9.2075 381.443 245.38 30.0575 12.142 376.098 363.162 350.673 238.865 235.329 232.087 215.141 127.202 47.1196 22.4373 11.8614 6.52598 80.0819 16.3972 9.05284 24.6823 342.779 331.645 131.85 88.4174
internal_count=4906 3070 1735 1710 1836 66 1689 1335 164 67 1666 1609 1552 1770 1740 1715 1560 918 330 157 83 45 588 129 71 173 1517 1472 586 387
is_linear=0
shrinkage=0.1


Tree=13
num_leaves=31
num_cat=0
split_feature=0 270 0 1 7 113 262 0 91 128 10 14 12 80 9 139 5 36 11 13 0 14 6 267 0 140 83 15 67 61
split_gain=23.1701 6.21519 4.85818 2.77744 4.00035 2.77558 2.76157 2.74169 3.2188 3.04722 4.82951 4.11773 3.18653 4.15899 5.79757 3.70401 2.69564 2.65916 3.84748 4.63834 4.44292 3.27208 3.0199 2.59763 2.84686 2.94115 3.30893 3.11512 3.31882 3.10906
threshold=7.6317591667175302 1.0000000180025095e-35 14.528405189514162 -0.13499125093221662 1.0000000180025095e-35 1.0000000180025095e-35 1.0000000180025095e-35 3.1252566576004033 1.0000000180025095e-35 1.0000000180025095e-35 1.0000000180025095e-35 1.0000000180025095e-35 1.0000000180025095e-35 1.0000000180025095e-35 1.0000000180025095e-35 1.0000000180025095e-35 1.0000000180025095e-35 1.0000000180025095e-35 1.0000000180025095e-35 1.0000000180025095e-35 7.0266940593719491 1.0000000180025095e-35 1.0000000180025095e-35 1.0000000180025095e-35 11.494866847991945 1.0000000180025095e-35 1.0000000180025095e-35 1.0000000180025095e-35 1.0000000180025095e-35 1.0000000180025095e-35
decision_type=2 2 2 2 2 2 2 2 2 2 2 2 2 2 2 2 2 2 2 2 2 2 2 2 2 2 2 2 2 2
left_child=5 2 3 4 -2 6 7 -1 9 12 11 -11 17 15 -15 -14 -12 -9 19 -19 21 -21 -20 24 -5 26 -26 28 -27 -28
right_child=1 -3 -4 23 -6 -7 -8 8 -10 10 16 -13 13 14 -16 -17 -18 18 22 20 -22 -23 -24 -25 25 27 29 -29 -30 -31
leaf_value=-0.045971394812780599 0.12115396442695603 0.11518560305468917 0.020797660695684762 -0.0066366429121924031 -0.018999778030378767 -0.077870399820635941 -0.11490606748501596 -0.047755597901871526 0.057905664743644072 -0.076005295582302887 0.023821416633534893 0.04369246436719515 -0.024453854456525276 0.14238300981109583 -0.0341453154331803 0.057633598541090569 0.13175081774634556 -0.090632739650625987 0.069845421611129901 0.0193069965115686 0.11159783829569109 -0.11842873062297227 -0.028629696163456442 -0.074510999696392063 0.0080671524005180278 0.059901999657988807 0.071057895240983396 -0.088332746736956638 -0.063227483580978766 0.0038653040520960865
leaf_weight=41.878669247031212 4.643194913864134 5.5444321185350409 219.98399794101715 193.24005103111267 3.6275867074728012 9.9592933133244497 3.2962043061852446 65.501815848052502 5.4617318511009207 7.0120558440685272 5.5761493816971779 4.8700682669878006 57.796855092048645 4.0887181013822547 3.4137835577130318 6.0746582597494116 3.955717921257019 9.5415928289294243 7.6321867108345014 4.3478458076715469 2.8806299120187759 2.8588663935661316 5.2606498748064041 4.4885385483503333 154.21837458014488 4.9241931736469251 17.691258758306503 5.9586807638406745 3.9411042779684067 11.275155559182169
leaf_count=364 24 25 945 1077 21 79 30 490 36 53 41 35 415 25 24 40 28 66 50 33 16 22 36 22 707 24 77 30 20 51
internal_value=-0.000472098 0.00977659 0.00883999 0.00232899 0.0596822 -0.0261353 -0.0240013 -0.0227432 -0.017787 -0.0199536 0.0155895 -0.0269454 -0.0244467 -0.00837353 0.0620592 -0.0166467 0.068612 -0.03615 -0.0127753 -0.040651 0.00662652 -0.0353321 0.0296647 0.00113033 0.00199811 0.0104249 0.0138919 -0.032418 0.00516428 0.0449032
internal_weight=880.944 629.537 623.992 404.008 8.27078 251.407 241.448 238.152 196.273 190.812 21.414 11.8821 169.398 71.374 7.5025 63.8715 9.53187 98.0236 32.5218 19.6289 10.0873 7.20671 12.8928 395.737 391.249 198.009 183.185 14.824 8.8653 28.9664
internal_count=4906 3023 2998 2053 45 1883 1804 1774 1410 1374 157 88 1217 504 49 455 69 713 223 137 71 55 86 2008 1986 909 835 74 44 128
is_linear=0
shrinkage=0.1


Tree=14
num_leaves=31
num_cat=0
split_feature=0 16 1 113 39 13 55 0 11 10 11 5 16 0 55 11 108 0 26 56 86 0 74 69 53 0 49 62 7 0
split_gain=19.1606 7.6694 8.53068 3.164 3.10824 4.65853 4.18639 3.94906 3.81099 3.28163 4.04023 3.96737 3.01977 5.53391 5.27493 3.68441 4.42191 8.90695 5.08734 5.79976 5.2 4.99205 3.76093 5.04596 3.47579 3.13309 2.77738 2.74899 3.73824 4.47739
threshold=10.186173915863039 1.0000000180025095e-35 -0.16024032235145566 1.0000000180025095e-35 1.0000000180025095e-35 1.0000000180025095e-35 1.0000000180025095e-35 7.2210814952850351 1.0000000180025095e-35 1.0000000180025095e-35 1.0000000180025095e-35 1.0000000180025095e-35 1.0000000180025095e-35 11.494866847991945 1.0000000180025095e-35 1.0000000180025095e-35 1.0000000180025095e-35 14.752909183502199 1.0000000180025095e-35 1.0000000180025095e-35 1.0000000180025095e-35 13.151266574859621 1.0000000180025095e-35 1.0000000180025095e-35 1.0000000180025095e-35 15.727583885192873 1.0000000180025095e-35 1.0000000180025095e-35 1.0000000180025095e-35 6.7802875041961679
decision_type=2 2 2 2 2 2 2 2 2 2 2 2 2 2 2 2 2 2 2 2 2 2 2 2 2 2 2 2 2 2
left_child=1 4 3 27 26 6 7 -6 -7 10 -8 -11 14 -14 -2 16 18 -18 19 24 25 -20 -23 -24 -15 -21 -1 28 29 -3
right_child=12 2 -4 -5 5 8 9 -9 -10 11 -12 -13 13 15 -16 -17 17 -19 21 20 -22 22 23 -25 -26 -27 -28 -29 -30 -31
leaf_value=-0.033621313005301738 -0.0039387587223664658 0.0071474226368292123 0.032763904978879668 -0.11686555216378798 -0.11959268927717398 -0.0067218630087349795 -0.10099052807975591 -0.020779895358977604 0.075745768457433624 -0.025294665934255962 0.033206816376498409 0.13112147716188458 -0.038644032381519262 0.16582738424942645 0.026376075287747783 -0.0083405490826405169 -0.13383203753345993 0.056110386730182628 0.063913398296058202 0.071949966032376189 -0.058247312928564943 -0.042329811577950356 0.100249739295941 -0.023129340729741998 0.061630286307194526 0.0011327066172774536 -0.12807927585542631 -0.032514656287072945 -0.035935528674068302 0.11501134008622359
leaf_weight=172.50483163446188 76.987233534455299 27.181547164916996 52.408209383487701 3.1008088737726203 7.8530922755599049 14.296370968222618 4.5755783542990702 8.3396359086036664 9.2159532755613327 3.0434898808598509 4.4016390219330788 3.470881499350071 27.744599625468254 5.8446657210588437 225.59848250448704 68.506472781300545 5.0940805524587613 4.7904234081506729 10.731296107172964 18.14618565142155 5.580554172396659 19.839138954877853 5.4739337861537907 8.404002770781517 7.0788636207580566 9.527389243245123 3.1700517013669005 43.150796711444855 16.803801819682121 4.4830341339111319
leaf_count=1225 346 219 294 26 59 95 31 49 56 21 29 21 153 25 1033 304 23 20 49 82 26 88 25 36 31 40 19 321 133 27
internal_value=-0.000465584 -0.0174509 0.000392248 -0.0175189 -0.0288219 -0.00812188 -0.033148 -0.0687018 0.0256024 0.00401491 -0.0351919 0.0580444 0.0123921 0.0027485 0.018663 0.0095432 0.0217325 -0.0417784 0.0286596 0.0519046 0.0298115 0.00451013 -0.0143964 0.0255356 0.108753 0.0475692 -0.0353258 -0.0141565 0.00218749 0.0224187
internal_weight=877.347 378 147.128 94.72 230.872 55.1966 31.6843 16.1927 23.5123 15.4916 8.97722 6.51437 499.347 196.762 302.586 169.017 100.511 9.8845 90.626 46.1777 33.2541 44.4484 33.7171 13.8779 12.9235 27.6736 175.675 91.6192 48.4684 31.6646
internal_count=4906 2625 1020 726 1605 361 210 108 151 102 60 42 2281 902 1379 749 445 43 402 204 148 198 149 61 56 122 1244 700 379 246
is_linear=0
shrinkage=0.1


Tree=15
num_leaves=31
num_cat=0
split_feature=1 210 0 152 154 143 262 262 151 11 76 0 6 26 67 54 8 16 0 7 12 1 15 130 10 12 97 142 1 10
split_gain=15.7136 4.34582 4.34864 2.9568 2.63149 2.54393 2.4571 2.43901 2.30571 10.236 2.73307 2.45238 2.40904 3.39332 6.09105 4.50953 7.44106 3.6632 2.67245 4.07882 3.736 2.93459 2.53079 2.60317 5.62652 2.47137 2.26301 2.30916 2.32321 5.95376
threshold=-0.16723705083131787 1.0000000180025095e-35 11.998631000518801 1.0000000180025095e-35 1.0000000180025095e-35 1.0000000180025095e-35 1.0000000180025095e-35 1.0000000180025095e-35 1.0000000180025095e-35 1.0000000180025095e-35 1.0000000180025095e-35 2.4503763914108281 1.0000000180025095e-35 1.0000000180025095e-35 1.0000000180025095e-35 1.0000000180025095e-35 1.0000000180025095e-35 1.0000000180025095e-35 3.4811772108078007 1.0000000180025095e-35 1.0000000180025095e-35 -0.51950716972351063 1.0000000180025095e-35 1.0000000180025095e-35 1.0000000180025095e-35 1.0000000180025095e-35 1.0000000180025095e-35 1.0000000180025095e-35 -0.12905924022197721 1.0000000180025095e-35
decision_type=2 2 2 2 2 2 2 2 2 2 2 2 2 2 2 2 2 2 2 2 2 2 2 2 2 2 2 2 2 2
left_child=5 2 26 4 7 6 8 -4 10 -10 11 -1 13 14 22 16 17 -16 19 20 -15 -20 23 -13 -25 -17 27 28 29 -2
right_child=1 -3 3 -5 -6 -7 -8 -9 9 -11 -12 12 -14 18 15 25 -18 -19 21 -21 -22 -23 -24 24 -26 -27 -28 -29 -30 -31
leaf_value=-0.059536096193073207 -0.0151372337252948 0.10693495057774474 0.014396899719133938 -0.062443793356010469 -0.061588482351986412 -0.11660246662480039 -0.11259379327723423 0.081674955876179997 -0.062432362431883152 0.15101088448824318 -0.097418228956099029 0.057396951371788088 -0.031058990848559172 0.0028278317083137204 0.082387901338348279 -0.046760605791260318 -0.0013746845512344046 0.22724551548808353 -0.067900875253620846 -0.043631557468152664 0.1338875611367647 -0.017792910547944411 -0.064765430372879171 -0.11998299361619985 0.047227462555860689 0.050876418058623835 -0.02975281448562327 0.077744799663992739 -0.0046852022208776654 0.099327182271654019
leaf_weight=15.101986117660998 10.984041273593904 4.379206806421279 377.85813261568546 5.0642317533493033 4.4968436807394019 2.8442379459738723 2.9205112457275382 5.4664493203163138 5.2557824179530126 3.9245295450091362 4.7438330799341193 5.4051308929920188 80.847106158733368 5.0282123610377294 3.3328406810760498 5.229248583316803 5.009962297976017 3.6659400761127472 16.168023295700543 6.7559910640120497 3.833139032125473 42.179049290716655 9.01189224421978 3.8368178382515907 4.2321295291185379 5.1412456706166267 29.032534122467041 3.7536988109350196 190.88034504652023 7.7505545914173117
leaf_count=154 61 22 1656 25 21 25 30 23 41 25 37 35 630 44 21 38 37 23 129 58 25 317 69 29 33 36 161 20 1038 43
internal_value=-0.000458889 0.00765846 0.00697412 0.0134728 0.0144641 -0.0226043 -0.0214501 0.0153563 -0.0202862 0.0288134 -0.0223395 -0.0206812 -0.0177426 -0.00868256 0.0130148 0.0499486 0.0916638 0.158264 -0.0218437 0.0148972 0.0595201 -0.0316779 -0.0237437 0.00369286 -0.0322818 0.00164364 -0.00355901 5.10991e-06 -0.00138702 0.032217
internal_weight=874.134 639.666 635.287 392.886 387.821 234.468 231.623 383.325 228.703 9.18031 219.523 214.779 199.677 118.83 44.8652 22.3792 12.0087 6.99878 73.9644 15.6173 8.86135 58.3471 22.486 13.4741 8.06895 10.3705 242.401 213.369 209.615 18.7346
internal_count=4906 3070 3048 1725 1700 1836 1811 1679 1781 66 1715 1678 1524 894 321 155 81 44 573 127 69 446 166 97 62 74 1323 1162 1142 104
is_linear=0
shrinkage=0.1


Tree=16
num_leaves=31
num_cat=0
split_feature=0 16 0 113 99 6 11 26 0 61 24 0 62 7 78 0 10 8 128 0 81 1 0 12 22 135 11 0 10 7
split_gain=13.1756 6.23346 6.4414 3.77936 3.67581 5.14598 3.1807 3.8476 3.3083 3.11584 2.99939 2.92784 2.91529 2.98527 5.22997 3.38919 4.58863 3.78741 4.48743 4.54033 3.17958 3.04695 2.8087 3.39341 6.36766 3.36283 3.34651 5.60751 3.12865 4.27438
threshold=10.186173915863039 1.0000000180025095e-35 8.0082135200500506 1.0000000180025095e-35 1.0000000180025095e-35 1.0000000180025095e-35 1.0000000180025095e-35 1.0000000180025095e-35 9.0047912597656268 1.0000000180025095e-35 1.0000000180025095e-35 2.8952771425247197 1.0000000180025095e-35 1.0000000180025095e-35 1.0000000180025095e-35 4.6392881870269784 1.0000000180025095e-35 1.0000000180025095e-35 1.0000000180025095e-35 3.2429842948913579 1.0000000180025095e-35 -0.3099094927310943 9.8631072044372576 1.0000000180025095e-35 1.0000000180025095e-35 1.0000000180025095e-35 1.0000000180025095e-35 3.4811772108078007 1.0000000180025095e-35 1.0000000180025095e-35
decision_type=2 2 2 2 2 2 2 2 2 2 2 2 2 2 2 2 2 2 2 2 2 2 2 2 2 2 2 2 2 2
left_child=1 10 3 12 6 -6 7 -4 -8 -9 -1 -12 13 15 -15 17 21 18 -3 20 -20 -17 23 26 28 -26 -13 -28 29 -25
right_child=-2 2 4 -5 5 -7 8 9 -10 -11 11 22 -14 14 -16 16 -18 -19 19 -21 -22 -23 -24 24 25 -27 27 -29 -30 -31
leaf_value=-0.1017914139927984 0.01010023522763958 -0.065708714841506241 0.080718081333405758 -0.11708078923679177 0.033284844509820777 -0.10625069729189032 0.14837801046150995 -0.049107104299636876 0.040612980000854199 0.058800547720600144 -0.063918864740629897 -0.0442691734850858 -0.026957473527505982 -0.048409186111560164 0.10246338865177768 0.17277278377470698 -0.003174231364686426 -0.077589939764027019 0.073268556393498746 0.17026545330702572 -0.074492921377333404 0.057069735002467453 -0.070795557257393713 -0.0037981935488288058 0.10550498756940459 -0.019855325644379945 0.11652256862670224 -0.01841233838005801 0.012898957036430118 -0.067697677534262909
leaf_weight=5.0064312219619742 501.62119540572166 3.9015208482742318 8.02860988676548 3.3279803097248069 7.9017918556928617 3.9713563024997711 5.651143357157709 7.2848821878433228 5.7444902509450912 4.2294962108135223 16.572198465466499 62.098858140408993 46.655592679977417 15.28124461323023 2.7042139023542395 3.7308718785643586 7.277540296316146 5.2122707441449156 3.6997119933366776 2.729737751185894 2.401622012257576 5.8367106989026079 10.406899079680441 25.812894962728024 7.6103525757789594 2.9768949896097183 3.3121598958969107 43.899328052997589 28.566280901432037 17.610064245760441
leaf_count=38 2281 32 45 29 44 22 30 41 31 24 174 449 349 122 21 27 48 46 33 19 21 36 61 177 48 22 23 297 196 120
internal_value=-0.000454478 -0.0147854 0.00132304 -0.0122546 0.0339128 -0.0133873 0.0520649 0.0275808 0.0940541 -0.00947014 -0.0252598 -0.0235092 -0.00874606 0.00735356 -0.0257247 0.0244541 0.0566687 -0.00578633 0.0236075 0.0630669 0.0151063 0.102188 -0.0201987 -0.0174547 -0.00215442 0.0702565 -0.0290129 -0.00894587 -0.0128037 -0.0297125
internal_weight=871.064 369.443 145.571 102.759 42.8118 11.8731 30.9386 19.543 11.3956 11.5144 223.872 218.866 99.431 52.7754 17.9855 34.79 16.8451 17.9449 12.7326 8.83107 6.10133 9.56758 202.294 191.887 82.5765 10.5872 109.31 47.2115 71.9892 43.423
internal_count=4906 2625 1020 783 237 66 171 110 61 65 1605 1567 754 405 143 262 111 151 105 73 54 63 1393 1332 563 70 769 320 493 297
is_linear=0
shrinkage=0.1


Tree=17
num_leaves=31
num_cat=0
split_feature=0 270 210 0 100 267 7 15 0 54 99 1 64 1 1 84 36 14 67 22 12 0 16 1 108 0 26 0 74 11
split_gain=11.1285 4.09421 3.36442 3.39939 2.42172 2.27481 2.31561 4.44831 4.93576 5.26521 4.67704 4.57431 4.1174 3.62181 8.2981 3.67614 3.64127 8.1818 3.19733 4.81955 5.64708 4.61418 5.2889 5.7696 5.18242 3.6791 4.38528 4.52855 4.20482 3.85419
threshold=6.9705681800842294 1.0000000180025095e-35 1.0000000180025095e-35 14.591375827789308 1.0000000180025095e-35 1.0000000180025095e-35 1.0000000180025095e-35 1.0000000180025095e-35 13.813826084136965 1.0000000180025095e-35 1.0000000180025095e-35 0.56802797317504894 1.0000000180025095e-35 -0.065480265766382204 -0.12905924022197721 1.0000000180025095e-35 1.0000000180025095e-35 1.0000000180025095e-35 1.0000000180025095e-35 1.0000000180025095e-35 1.0000000180025095e-35 11.23477077484131 1.0000000180025095e-35 0.12160620465874673 1.0000000180025095e-35 8.8720054626464862 1.0000000180025095e-35 12.921286582946779 1.0000000180025095e-35 1.0000000180025095e-35
decision_type=2 2 2 2 2 2 2 2 2 2 2 2 2 2 2 2 2 2 2 2 2 2 2 2 2 2 2 2 2 2
left_child=4 2 3 5 -1 6 7 8 12 -10 -9 -11 13 14 16 -15 -2 -18 21 20 25 22 -8 -24 -23 28 27 -27 -20 -28
right_child=1 -3 -4 -5 -6 -7 18 10 9 11 -12 -13 -14 15 -16 -17 17 -19 19 -21 -22 24 23 -25 -26 26 29 -29 -30 -31
leaf_value=-0.019361535580690661 -0.045971902678519444 0.08834017107059193 0.090406961598309146 0.014659443399463117 -0.094776066546026119 -0.07204172382165841 -0.054073556449673432 0.0019693787099934116 0.14019776116978364 0.093811965718814783 -0.047292017485820646 -0.028671046700513975 -0.068861584917965429 0.016863403451387825 -0.089940726250663502 0.082767245535060374 -0.0060363755161812393 0.17494350012054644 -0.0019318503846868535 0.062667555101354952 -0.059471822421221593 0.013033515842137531 0.088234219241349124 -0.070874135935551863 0.10972176723292615 -0.018707444101009097 -0.077670480401275485 0.086636691860648901 0.11774618817675471 -0.0016501296431583195
leaf_weight=198.17029036581516 4.8221662566065797 5.9539196640253058 4.5848788172006598 217.64934593439102 4.3515869975090018 4.4159682095050803 19.669454261660576 84.728308647871017 6.2604399025440225 5.6330527365207672 24.948436826467514 6.6471615880727768 6.2353120893239966 90.202776074409485 10.057976901531218 9.3403075933456403 7.0161053240299225 3.8790508657693863 8.608681842684744 6.4829261004924765 33.268111228942871 38.661381751298904 6.7674959301948565 3.4363261312246323 6.47142270207405 12.145284056663515 16.24861603975296 6.1456282883882514 4.454988256096839 11.31226782500744
leaf_count=1653 29 26 22 924 35 22 115 437 27 25 130 31 29 456 58 48 39 21 50 34 178 176 37 20 28 61 85 27 26 57
internal_value=-0.000454614 0.00578704 0.00504242 0.00444535 -0.020982 -0.000631823 9.57081e-05 0.00607207 0.0172581 0.0655622 -0.00923623 0.0275131 0.0104503 0.0143966 -0.0190121 0.0230473 0.0263772 0.0583987 -0.00884344 -0.0206736 -0.0265347 0.00671853 -0.0237677 0.0346515 0.0268973 -0.00793591 -0.0212745 0.0166875 0.0388809 -0.0464682
internal_weight=868.57 666.048 660.094 655.509 202.522 437.86 433.444 259.771 150.094 18.5407 109.677 12.2802 131.554 125.318 25.7753 99.5431 15.7173 10.8952 173.673 98.6665 92.1836 75.0061 29.8733 10.2038 45.1328 58.9155 45.8518 18.2909 13.0637 27.5609
internal_count=4906 3218 3192 3170 1688 2246 2224 1330 763 83 567 56 680 651 147 504 89 60 894 518 484 376 172 57 204 306 230 88 76 142
is_linear=0
shrinkage=0.1


Tree=18
num_leaves=31
num_cat=0
split_feature=0 270 210 0 44 55 118 24 262 113 15 1 12 70 0 5 126 0 8 14 9 10 0 0 91 13 34 7 1 22
split_gain=9.23669 3.72233 2.58672 2.61243 2.59827 3.67848 3.53461 2.47947 2.53577 2.39422 4.69199 2.92464 3.20463 2.68231 4.65777 2.59068 2.11963 3.10094 3.0524 2.56826 5.18301 3.61463 3.7443 2.25597 2.51478 2.89185 4.27034 5.30881 5.504 4.88649
threshold=7.6317591667175302 1.0000000180025095e-35 1.0000000180025095e-35 15.368925571441652 1.0000000180025095e-35 1.0000000180025095e-35 1.0000000180025095e-35 1.0000000180025095e-35 1.0000000180025095e-35 1.0000000180025095e-35 1.0000000180025095e-35 -0.13499125093221662 1.0000000180025095e-35 1.0000000180025095e-35 11.02532482147217 1.0000000180025095e-35 1.0000000180025095e-35 2.8952771425247197 1.0000000180025095e-35 1.0000000180025095e-35 1.0000000180025095e-35 1.0000000180025095e-35 2.4503763914108281 2.960985660552979 1.0000000180025095e-35 1.0000000180025095e-35 1.0000000180025095e-35 1.0000000180025095e-35 -0.46931324899196619 1.0000000180025095e-35
decision_type=2 2 2 2 2 2 2 2 2 2 2 2 2 2 2 2 2 2 2 2 2 2 2 2 2 2 2 2 2 2
left_child=7 2 3 9 5 -5 -6 -1 16 11 13 12 -2 14 15 -11 17 18 19 21 -21 -9 -23 -19 25 -25 27 28 29 -27
right_child=1 -3 -4 4 6 -7 -8 8 -10 10 -12 -13 -14 -15 -16 -17 -18 23 -20 20 -22 22 -24 24 -26 26 -28 -29 -30 -31
leaf_value=-0.092691267389834561 -0.00025191527504034441 0.085051709116204369 0.078762740082440996 0.033463597035996905 0.015425708187545789 -0.071801810881788164 0.085932138730573399 -0.11268509634391628 -0.11166620188298071 0.13954093466181769 -0.024046122549613219 -0.0024306975555374449 0.12537404042348002 0.11590178195160628 -0.052255130766960013 0.018570572653100456 0.065233465344025562 0.063922822437012181 -0.090668882929888422 -0.054917789319450565 0.12638994335388146 -0.074268481943599321 0.099906772486166473 -0.025659281929148871 0.052797228342393837 -0.02363188790296122 0.037352260326801008 0.027098170840996368 -0.082135030280424404 0.11593721182693889
leaf_weight=4.3026575073599806 4.3792561143636686 5.8742643594741812 4.728108435869216 5.7971831113100034 147.42420883476734 7.7678710222244263 7.4705479741096488 5.0141873285174388 2.7412996813654891 3.6980632096529025 10.31563673913479 418.18841125071049 3.786140188574791 5.9021908044815055 4.1002882122993469 3.3961325436830521 3.2528631985187522 3.864758074283599 10.315892167389395 3.4248107820749274 2.9218523278832436 2.6208952516317368 2.33279799669981 109.51739029586315 5.5974772274494162 17.070206686854366 21.595374584197998 19.341142788529396 15.759066104888914 2.9406625330448142
leaf_count=40 23 25 22 24 616 33 31 51 31 21 53 2091 20 25 19 20 25 19 125 34 29 27 22 853 37 140 152 157 120 21
internal_value=-0.000444655 0.00581879 0.00507642 0.0045165 0.015151 -0.0268154 0.0188262 -0.0174845 -0.0160672 0.00056847 0.0292154 -0.00127338 0.0579985 0.0613519 0.0325909 0.08163 -0.0149054 -0.0160779 -0.0480928 -0.0211714 0.028552 -0.0528309 0.0077543 -0.0117211 -0.0132451 -0.0152302 -0.000340189 -0.01511 -0.0379324 -0.00312175
internal_weight=865.442 632.828 626.954 622.226 168.46 13.5651 154.895 232.613 228.311 453.766 27.4123 426.354 8.1654 17.0967 11.1945 7.0942 225.569 222.317 26.6304 16.3145 6.34666 9.96788 4.95369 195.686 191.821 186.224 76.7065 55.1111 35.7699 20.0109
internal_count=4906 3023 2998 2976 704 57 647 1883 1843 2272 138 2134 43 85 60 41 1812 1787 288 163 63 100 49 1499 1480 1443 590 438 281 161
is_linear=0
shrinkage=0.1


Tree=19
num_leaves=31
num_cat=0
split_feature=0 24 16 76 0 108 113 99 11 9 0 0 9 81 1 0 62 0 7 0 55 12 6 0 13 7 137 82 14 26
split_gain=7.72494 5.32441 4.58466 4.65795 4.35964 3.70557 3.58043 2.99014 5.28006 4.96113 3.69354 3.10581 2.52396 6.11374 3.90941 6.21512 4.27594 3.37862 2.523 2.44272 4.50391 4.28336 6.90923 4.2518 3.95586 5.16105 3.07811 2.98325 3.9477 4.21051
threshold=10.186173915863039 1.0000000180025095e-35 1.0000000180025095e-35 1.0000000180025095e-35 8.0082135200500506 1.0000000180025095e-35 1.0000000180025095e-35 1.0000000180025095e-35 1.0000000180025095e-35 1.0000000180025095e-35 9.3497605323791522 8.4750170707702654 1.0000000180025095e-35 1.0000000180025095e-35 -0.38535249233245844 4.9609856605529794 1.0000000180025095e-35 4.0835044384002694 1.0000000180025095e-35 4.6392881870269784 1.0000000180025095e-35 1.0000000180025095e-35 1.0000000180025095e-35 4.2108144760131845 1.0000000180025095e-35 1.0000000180025095e-35 1.0000000180025095e-35 1.0000000180025095e-35 1.0000000180025095e-35 1.0000000180025095e-35
decision_type=2 2 2 2 2 2 2 2 2 2 2 2 2 2 2 2 2 2 2 2 2 2 2 2 2 2 2 2 2 2
left_child=1 -1 -3 4 6 7 12 8 10 -9 11 -6 19 14 15 17 -16 -14 -15 20 23 27 24 26 25 -23 -4 28 29 -21
right_child=-2 2 3 -5 5 -7 -8 9 -10 -11 -12 -13 13 18 16 -17 -18 -19 -20 21 -22 22 -24 -25 -26 -27 -28 -29 -30 -31
leaf_value=-0.10286513328496046 0.0075578111832931456 -0.01934384817922466 0.021656764588300594 -0.10118354526977279 0.049627034766732192 -0.042395293450102137 -0.11485303998362968 -0.06118349732610167 0.12026539703492807 0.088396558991122864 0.088635979787726749 -0.059656893842941774 0.061911381322248597 -0.088674639683527623 0.049851453338696144 0.19420453902857879 -0.10105168134077172 -0.078422654060214259 0.0012836979391664472 0.10829242648518972 -0.065295276280848483 0.14988731550281201 -0.033418612216441053 -0.083058886127841014 0.19838075964821089 -0.028453210541505836 0.14342200594546081 0.074732684463296631 -0.079240085040390956 -0.037044361341317361
leaf_weight=6.2854597344994536 503.60098904371262 211.30872724205256 9.4994727671146375 4.0959030985832205 4.9202867150306719 5.4992778450250617 2.8619848787784568 5.7028198540210706 9.9914592355489749 3.6279509365558624 6.3407844901084891 5.5158131718635559 4.9689862281084078 12.523916997015478 3.303339682519435 2.5389298051595688 4.3510058596730232 2.6202549487352371 4.1510659828782073 3.4305910170078295 9.7845018208026886 3.5543960481882078 4.52822072058916 3.0924395993351945 3.653174065053463 2.9858235195279121 2.6566372811794272 3.9532599821686736 6.8000358492135993 4.7579814866185188
leaf_count=54 2281 1567 91 28 27 30 28 32 50 20 35 31 41 98 20 19 30 22 33 24 85 23 33 27 23 20 22 27 49 36
internal_value=-0.00043416 -0.0116357 -0.0100114 0.00390457 0.00703237 0.0340736 -0.00468309 0.0457228 0.0627148 -0.00302441 0.0284406 -0.00813302 -0.00129833 -0.0227818 0.0180076 0.0587689 -0.0359273 0.0134598 -0.0662804 0.0113134 -0.0123432 0.0289052 0.0693671 0.0216344 0.115028 0.068469 0.0482678 -0.00254183 -0.0229231 0.0238443
internal_weight=862.905 359.305 353.019 141.71 137.614 41.5984 96.016 36.0991 26.7683 9.33077 16.7769 10.4361 93.154 34.4575 17.7825 10.1282 7.65435 7.58924 16.675 58.6965 25.0331 33.6635 14.7216 15.2485 10.1934 6.54022 12.1561 18.9419 14.9886 8.18857
internal_count=4906 2625 2571 1004 976 225 751 195 143 52 93 58 723 263 132 82 50 63 131 460 225 235 99 140 66 43 113 136 109 60
is_linear=0
shrinkage=0.1


Tree=20
num_leaves=31
num_cat=0
split_feature=0 270 184 199 1 295 9 12 0 0 49 11 100 148 168 31 61 0 0 150 1 0 54 55 81 12 44 83 10 15
split_gain=6.50078 2.68388 2.40579 2.70187 2.68561 2.46427 2.90756 5.53424 5.75623 4.81102 3.79154 3.69505 2.36454 2.33714 2.67787 6.00894 3.67761 2.51577 2.49545 2.48957 2.13824 3.31005 4.79818 5.7979 4.30457 3.73742 3.39427 3.37151 2.81935 4.56835
threshold=6.9705681800842294 1.0000000180025095e-35 1.0000000180025095e-35 1.0000000180025095e-35 0.89459273219108593 1.0000000180025095e-35 1.0000000180025095e-35 1.0000000180025095e-35 17.498972892761234 17.698836326599125 1.0000000180025095e-35 1.0000000180025095e-35 1.0000000180025095e-35 1.0000000180025095e-35 1.0000000180025095e-35 1.0000000180025095e-35 1.0000000180025095e-35 10.584530830383303 9.7960300445556658 1.0000000180025095e-35 -0.28800669312477106 5.1238877773284921 1.0000000180025095e-35 1.0000000180025095e-35 1.0000000180025095e-35 1.0000000180025095e-35 1.0000000180025095e-35 1.0000000180025095e-35 1.0000000180025095e-35 1.0000000180025095e-35
decision_type=2 2 2 2 2 2 2 2 2 2 2 2 2 2 2 2 2 2 2 2 2 2 2 2 2 2 2 2 2 2
left_child=12 2 3 4 13 6 7 8 -6 11 -9 -8 20 14 19 16 17 -16 -18 -2 21 26 23 28 -25 -26 -1 -24 29 -23
right_child=1 -3 -4 -5 5 -7 9 10 -10 -11 -12 -13 -14 -15 15 -17 18 -19 -20 -21 -22 22 27 24 25 -27 -28 -29 -30 -31
leaf_value=0.098585938541687554 0.00099657070568681628 0.070161465855740776 0.049487464555861442 -0.066345427852248437 -0.014546385430569034 -0.044219113005106413 0.12367949692493363 0.015128845807595399 0.1047658560539636 -0.0022412980307701968 -0.08792813177318369 0.01954167624131135 -0.091984385985113257 -0.066782410235077055 -0.068036699714192253 0.14321071610927055 0.11851057701449071 0.015753007725926992 0.022924389265110229 -0.069043255532656875 -0.047217770472206502 -0.019405562654872366 -0.050458282824583069 0.14871403058229882 0.099383491788780809 -0.051244158718746435 -0.02264220883263654 0.060024131833068477 -0.04954321422675409 0.11006717181496234
leaf_weight=2.3550440818071356 541.71142391860485 6.1230956912040702 11.254722878336905 5.5936662554740897 7.5946655422449139 4.9180388003587714 10.335358142852785 7.1452589035034197 8.6480362862348539 9.1319020688533765 7.134489580988884 5.0829241275787345 4.0649458616971961 4.9867613315582267 6.3740111887455031 4.1024352908134452 3.9620283544063577 8.1845719516277295 8.7920996397733671 5.1229695677757254 18.492593601346016 7.1808819472789782 15.076520599424841 5.9144694656133669 3.6530852168798447 3.0000519827008247 119.72726352885365 3.3816274106502524 7.3263556957244864 4.3920712396502495
leaf_count=24 2667 26 46 24 31 20 42 29 35 37 29 21 35 25 37 20 22 38 43 26 156 61 127 43 28 25 1065 28 60 36
internal_value=-0.000435821 0.00426064 0.00364933 0.0028542 0.00345597 0.0236034 0.02966 0.00905305 0.0489786 0.05528 -0.0363608 0.0893485 -0.0165167 0.00138365 0.0019715 0.0303635 0.0134136 -0.0209316 0.0526179 0.000340409 -0.0149064 -0.0114326 0.01026 0.0340036 0.0866423 0.031462 -0.0203036 -0.0302173 -0.000999899 0.0297309
internal_weight=860.763 666.198 660.075 648.821 643.227 59.9907 55.0726 30.5225 16.2427 24.5502 14.2797 15.4183 194.565 583.236 578.25 31.4151 27.3127 14.5586 12.7541 546.834 190.5 172.007 49.9251 31.4669 12.5676 6.65314 122.082 18.4581 18.8993 11.573
internal_count=4906 3218 3192 3146 3122 244 224 124 66 100 58 63 1688 2878 2853 160 140 75 65 2693 1653 1497 408 253 96 53 1089 155 157 97
is_linear=0
shrinkage=0.1


Tree=21
num_leaves=31
num_cat=0
split_feature=0 24 242 16 76 1 1 113 61 9 81 97 55 6 16 55 0 32 14 0 84 65 6 44 31 5 108 0 0 7
split_gain=5.52983 4.8076 4.38364 3.23314 3.83236 3.09549 4.53478 3.90713 3.7046 3.33744 5.55514 4.69763 3.23046 3.13109 2.27541 4.25753 3.88924 4.46226 4.1756 3.75374 3.31292 3.88004 5.82712 5.29823 4.71566 4.64992 3.40774 3.25059 3.1077 5.15282
threshold=10.186173915863039 1.0000000180025095e-35 1.0000000180025095e-35 1.0000000180025095e-35 1.0000000180025095e-35 -0.065480265766382204 -0.030344513244926926 1.0000000180025095e-35 1.0000000180025095e-35 1.0000000180025095e-35 1.0000000180025095e-35 1.0000000180025095e-35 1.0000000180025095e-35 1.0000000180025095e-35 1.0000000180025095e-35 1.0000000180025095e-35 12.510609149932863 1.0000000180025095e-35 1.0000000180025095e-35 11.494866847991945 1.0000000180025095e-35 1.0000000180025095e-35 1.0000000180025095e-35 1.0000000180025095e-35 1.0000000180025095e-35 1.0000000180025095e-35 1.0000000180025095e-35 16.119096755981449 12.992471218109133 1.0000000180025095e-35
decision_type=2 2 2 2 2 2 2 2 2 2 2 2 2 2 2 2 2 2 2 2 2 2 2 2 2 2 2 2 2 2
left_child=1 -1 3 -3 5 7 -7 9 -8 11 12 -5 13 -11 15 -2 17 -16 19 -19 21 22 23 -18 -24 27 28 -23 -25 -30
right_child=14 2 -4 4 -6 6 8 -9 -10 10 -12 -13 -14 -15 16 -17 20 18 -20 -21 -22 25 24 26 -26 -27 -28 -29 29 -31
leaf_value=-0.099865462296577195 -0.0085469800261493544 -0.017503167065310379 0.10716882621888686 0.0079301931765500405 -0.096696338398342324 0.11443837010491734 -0.019089280699979151 -0.11654897450544571 0.053666437656423094 0.1159221181863785 -0.066568515009769166 0.14375863670898906 -0.022990399153493799 -0.0092793237376001883 -0.048829017962241414 0.018560253300810112 -0.10378213594109476 -0.093323867270832084 0.071035455436572789 0.011889286175288515 -0.059645430774929398 0.061734949668704256 0.031703402978293195 0.078951537567960667 0.12034372263433864 -0.083693578037406485 -0.056833924144459584 -0.04012559114404475 -0.015914325224477222 0.050294261304468714
leaf_weight=5.8546702563762656 77.569584742188454 206.50915578007698 3.2465075328946105 59.499828170984983 3.8066520243883124 5.4938698261976233 14.893457651138306 2.9774696119129649 13.202423885464668 4.4953345656394958 16.764158457517624 2.6600631400942794 10.978440344333649 3.5947292149066925 31.975426346063614 228.97782644629478 4.6089104562997809 4.8617091774940553 7.3537756055593482 11.209280788898466 7.1530319303274146 6.2390115261077881 35.943609192967415 6.7573842108249655 7.2048218250274649 8.9799653887748718 7.4043563455343238 6.292924091219902 34.157431602478027 17.922663614153862
leaf_count=54 346 1560 19 459 28 28 82 30 70 29 136 21 81 28 168 1033 20 26 35 52 32 27 157 30 30 40 32 26 149 78
internal_value=-0.000418285 -0.0100003 -0.00848891 -0.00957767 0.00225099 0.00505018 0.0313468 -0.00369794 0.0150991 -0.000268996 -0.0245757 0.0137428 0.0123425 0.0602903 0.00630331 0.011701 -0.00205073 -0.0245377 0.0086206 -0.0199392 0.00668154 0.0101826 0.0175332 -0.000110382 0.0465044 -0.0287705 0.00710279 0.0105856 0.0151489 0.00687047
internal_weight=858.588 353.977 348.122 344.876 138.366 134.56 33.5898 100.97 28.0959 97.9926 35.8327 62.1599 19.0685 8.09006 504.612 306.547 198.064 55.4002 23.4248 16.071 142.664 135.511 113.999 70.8507 43.1484 21.5119 66.2418 12.5319 58.8375 52.0801
internal_count=4906 2625 2571 2552 992 964 180 784 152 754 274 480 138 57 2281 1379 902 281 113 78 621 589 496 309 187 93 289 53 257 227
is_linear=0
shrinkage=0.1


end of trees

feature_importances:
Column_0=146
Column_1=38
Column_11=19
Column_12=18
Column_16=18
Column_9=17
Column_14=16
Column_10=15
Column_26=15
Column_7=14
Column_15=14
Column_8=13
Column_13=13
Column_54=11
Column_81=11
Column_5=10
Column_55=10
Column_113=10
Column_262=10
Column_6=9
Column_67=9
Column_61=8
Column_73=8
Column_91=8
Column_68=7
Column_99=7
Column_108=7
Column_83=6
Column_140=6
Column_22=5
Column_24=5
Column_80=5
Column_139=5
Column_152=5
Column_184=5
Column_270=5
Column_44=4
Column_62=4
Column_64=4
Column_65=4
Column_70=4
Column_79=4
Column_84=4
Column_137=4
Column_187=4
Column_21=3
Column_36=3
Column_49=3
Column_51=3
Column_53=3
Column_76=3
Column_87=3
Column_97=3
Column_100=3
Column_126=3
Column_128=3
Column_143=3
Column_210=3
Column_267=3
Column_19=2
Column_31=2
Column_34=2
Column_39=2
Column_47=2
Column_63=2
Column_74=2
Column_78=2
Column_82=2
Column_92=2
Column_118=2
Column_130=2
Column_151=2
Column_154=2
Column_167=2
Column_174=2
Column_17=1
Column_23=1
Column_25=1
Column_32=1
Column_42=1
Column_56=1
Column_69=1
Column_71=1
Column_86=1
Column_88=1
Column_132=1
Column_135=1
Column_142=1
Column_147=1
Column_148=1
Column_150=1
Column_153=1
Column_168=1
Column_199=1
Column_206=1
Column_242=1
Column_295=1

parameters:
[boosting: gbdt]
[objective: binary]
[metric: binary_logloss]
[tree_learner: serial]
[device_type: cpu]
[data_sample_strategy: bagging]
[data: ]
[valid: ]
[num_iterations: 300]
[learning_rate: 0.1]
[num_leaves: 31]
[num_threads: 0]
[seed: 0]
[deterministic: 0]
[force_col_wise: 0]
[force_row_wise: 0]
[histogram_pool_size: -1]
[max_depth: -1]
[min_data_in_leaf: 20]
[min_sum_hessian_in_leaf: 0.001]
[bagging_fraction: 1]
[pos_bagging_fraction: 1]
[neg_bagging_fraction: 1]
[bagging_freq: 0]
[bagging_seed: 7719]
[bagging_by_query: 0]
[feature_fraction: 1]
[feature_fraction_bynode: 1]
[feature_fraction_seed: 2437]
[extra_trees: 0]
[extra_seed: 11797]
[early_stopping_round: 0]
[early_stopping_min_delta: 0]
[first_metric_only: 0]
[max_delta_step: 0]
[lambda_l1: 0]
[lambda_l2: 0]
[linear_lambda: 0]
[min_gain_to_split: 0]
[drop_rate: 0.1]
[max_drop: 50]
[skip_drop: 0.5]
[xgboost_dart_mode: 0]
[uniform_drop: 0]
[drop_seed: 21238]
[top_rate: 0.2]
[other_rate: 0.1]
[min_data_per_group: 100]
[max_cat_threshold: 32]
[cat_l2: 10]
[cat_smooth: 10]
[max_cat_to_onehot: 4]
[top_k: 20]
[monotone_constraints: ]
[monotone_constraints_method: basic]
[monotone_penalty: 0]
[feature_contri: ]
[forcedsplits_filename: ]
[refit_decay_rate: 0.9]
[cegb_tradeoff: 1]
[cegb_penalty_split: 0]
[cegb_penalty_feature_lazy: ]
[cegb_penalty_feature_coupled: ]
[path_smooth: 0]
[interaction_constraints: ]
[verbosity: -1]
[saved_feature_importance_type: 0]
[use_quantized_grad: 0]
[num_grad_quant_bins: 4]
[quant_train_renew_leaf: 0]
[stochastic_rounding: 1]
[linear_tree: 0]
[max_bin: 255]
[max_bin_by_feature: ]
[min_data_in_bin: 3]
[bin_construct_sample_cnt: 200000]
[data_random_seed: 38]
[is_enable_sparse: 1]
[enable_bundle: 1]
[use_missing: 1]
[zero_as_missing: 0]
[feature_pre_filter: 1]
[pre_partition: 0]
[two_round: 0]
[header: 0]
[label_column: ]
[weight_column: ]
[group_column: ]
[ignore_column: ]
[categorical_feature: ]
[forcedbins_filename: ]
[precise_float_parser: 0]
[parser_config_file: ]
[objective_seed: 8855]
[num_class: 1]
[is_unbalance: 0]
[scale_pos_weight: 1]
[sigmoid: 1]
[boost_from_average: 1]
[reg_sqrt: 0]
[alpha: 0.9]
[fair_c: 1]
[poisson_max_delta_step: 0.7]
[tweedie_variance_power: 1.5]
[lambdarank_truncation_level: 30]
[lambdarank_norm: 1]
[label_gain: ]
[lambdarank_position_bias_regularization: 0]
[eval_at: ]
[multi_error_top_k: 1]
[auc_mu_weights: ]
[num_machines: 1]
[local_listen_port: 12400]
[time_out: 120]
[machine_list_filename: ]
[machines: ]
[gpu_platform_id: -1]
[gpu_device_id: -1]
[gpu_device_id_list: ]
[gpu_use_dp: 0]
[num_gpu: 1]

end of parameters

pandas_categorical:null
