tree
version=v4
num_class=1
num_tree_per_iteration=1
label_index=0
max_feature_idx=567
objective=binary sigmoid:1
feature_names=Column_0 Column_1 Column_2 Column_3 Column_4 Column_5 Column_6 Column_7 Column_8 Column_9 Column_10 Column_11 Column_12 Column_13 Column_14 Column_15 Column_16 Column_17 Column_18 Column_19 Column_20 Column_21 Column_22 Column_23 Column_24 Column_25 Column_26 Column_27 Column_28 Column_29 Column_30 Column_31 Column_32 Column_33 Column_34 Column_35 Column_36 Column_37 Column_38 Column_39 Column_40 Column_41 Column_42 Column_43 Column_44 Column_45 Column_46 Column_47 Column_48 Column_49 Column_50 Column_51 Column_52 Column_53 Column_54 Column_55 Column_56 Column_57 Column_58 Column_59 Column_60 Column_61 Column_62 Column_63 Column_64 Column_65 Column_66 Column_67 Column_68 Column_69 Column_70 Column_71 Column_72 Column_73 Column_74 Column_75 Column_76 Column_77 Column_78 Column_79 Column_80 Column_81 Column_82 Column_83 Column_84 Column_85 Column_86 Column_87 Column_88 Column_89 Column_90 Column_91 Column_92 Column_93 Column_94 Column_95 Column_96 Column_97 Column_98 Column_99 Column_100 Column_101 Column_102 Column_103 Column_104 Column_105 Column_106 Column_107 Column_108 Column_109 Column_110 Column_111 Column_112 Column_113 Column_114 Column_115 Column_116 Column_117 Column_118 Column_119 Column_120 Column_121 Column_122 Column_123 Column_124 Column_125 Column_126 Column_127 Column_128 Column_129 Column_130 Column_131 Column_132 Column_133 Column_134 Column_135 Column_136 Column_137 Column_138 Column_139 Column_140 Column_141 Column_142 Column_143 Column_144 Column_145 Column_146 Column_147 Column_148 Column_149 Column_150 Column_151 Column_152 Column_153 Column_154 Column_155 Column_156 Column_157 Column_158 Column_159 Column_160 Column_161 Column_162 Column_163 Column_164 Column_165 Column_166 Column_167 Column_168 Column_169 Column_170 Column_171 Column_172 Column_173 Column_174 Column_175 Column_176 Column_177 Column_178 Column_179 Column_180 Column_181 Column_182 Column_183 Column_184 Column_185 Column_186 Column_187 Column_188 Column_189 Column_190 Column_191 Column_192 Column_193 Column_194 Column_195 Column_196 Column_197 Column_198 Column_199 Column_200 Column_201 Column_202 Column_203 Column_204 Column_205 Column_206 Column_207 Column_208 Column_209 Column_210 Column_211 Column_212 Column_213 Column_214 Column_215 Column_216 Column_217 Column_218 Column_219 Column_220 Column_221 Column_222 Column_223 Column_224 Column_225 Column_226 Column_227 Column_228 Column_229 Column_230 Column_231 Column_232 Column_233 Column_234 Column_235 Column_236 Column_237 Column_238 Column_239 Column_240 Column_241 Column_242 Column_243 Column_244 Column_245 Column_246 Column_247 Column_248 Column_249 Column_250 Column_251 Column_252 Column_253 Column_254 Column_255 Column_256 Column_257 Column_258 Column_259 Column_260 Column_261 Column_262 Column_263 Column_264 Column_265 Column_266 Column_267 Column_268 Column_269 Column_270 Column_271 Column_272 Column_273 Column_274 Column_275 Column_276 Column_277 Column_278 Column_279 Column_280 Column_281 Column_282 Column_283 Column_284 Column_285 Column_286 Column_287 Column_288 Column_289 Column_290 Column_291 Column_292 Column_293 Column_294 Column_295 Column_296 Column_297 Column_298 Column_299 Column_300 Column_301 Column_302 Column_303 Column_304 Column_305 Column_306 Column_307 Column_308 Column_309 Column_310 Column_311 Column_312 Column_313 Column_314 Column_315 Column_316 Column_317 Column_318 Column_319 Column_320 Column_321 Column_322 Column_323 Column_324 Column_325 Column_326 Column_327 Column_328 Column_329 Column_330 Column_331 Column_332 Column_333 Column_334 Column_335 Column_336 Column_337 Column_338 Column_339 Column_340 Column_341 Column_342 Column_343 Column_344 Column_345 Column_346 Column_347 Column_348 Column_349 Column_350 Column_351 Column_352 Column_353 Column_354 Column_355 Column_356 Column_357 Column_358 Column_359 Column_360 Column_361 Column_362 Column_363 Column_364 Column_365 Column_366 Column_367 Column_368 Column_369 Column_370 Column_371 Column_372 Column_373 Column_374 Column_375 Column_376 Column_377 Column_378 Column_379 Column_380 Column_381 Column_382 Column_383 Column_384 Column_385 Column_386 Column_387 Column_388 Column_389 Column_390 Column_391 Column_392 Column_393 Column_394 Column_395 Column_396 Column_397 Column_398 Column_399 Column_400 Column_401 Column_402 Column_403 Column_404 Column_405 Column_406 Column_407 Column_408 Column_409 Column_410 Column_411 Column_412 Column_413 Column_414 Column_415 Column_416 Column_417 Column_418 Column_419 Column_420 Column_421 Column_422 Column_423 Column_424 Column_425 Column_426 Column_427 Column_428 Column_429 Column_430 Column_431 Column_432 Column_433 Column_434 Column_435 Column_436 Column_437 Column_438 Column_439 Column_440 Column_441 Column_442 Column_443 Column_444 Column_445 Column_446 Column_447 Column_448 Column_449 Column_450 Column_451 Column_452 Column_453 Column_454 Column_455 Column_456 Column_457 Column_458 Column_459 Column_460 Column_461 Column_462 Column_463 Column_464 Column_465 Column_466 Column_467 Column_468 Column_469 Column_470 Column_471 Column_472 Column_473 Column_474 Column_475 Column_476 Column_477 Column_478 Column_479 Column_480 Column_481 Column_482 Column_483 Column_484 Column_485 Column_486 Column_487 Column_488 Column_489 Column_490 Column_491 Column_492 Column_493 Column_494 Column_495 Column_496 Column_497 Column_498 Column_499 Column_500 Column_501 Column_502 Column_503 Column_504 Column_505 Column_506 Column_507 Column_508 Column_509 Column_510 Column_511 Column_512 Column_513 Column_514 Column_515 Column_516 Column_517 Column_518 Column_519 Column_520 Column_521 Column_522 Column_523 Column_524 Column_525 Column_526 Column_527 Column_528 Column_529 Column_530 Column_531 Column_532 Column_533 Column_534 Column_535 Column_536 Column_537 Column_538 Column_539 Column_540 Column_541 Column_542 Column_543 Column_544 Column_545 Column_546 Column_547 Column_548 Column_549 Column_550 Column_551 Column_552 Column_553 Column_554 Column_555 Column_556 Column_557 Column_558 Column_559 Column_560 Column_561 Column_562 Column_563 Column_564 Column_565 Column_566 Column_567
feature_infos=[2.0013689994812012:17.993154525756836] [-0.7776256799697876:0.99923950433731079] none none none [0:1] [0:1] [0:1] [0:1] [0:1] [0:1] [0:1] [0:1] [0:1] [0:1] [0:1] [0:1] [0:1] [0:1] [0:1] [0:1] [0:1] [0:1] [0:1] [0:1] [0:1] [0:1] [0:1] [0:1] [0:1] [0:1] [0:1] [0:1] [0:1] [0:1] [0:1] [0:1] [0:1] [0:1] [0:1] [0:1] [0:1] [0:1] [0:1] [0:1] [0:1] [0:1] [0:1] [0:1] [0:1] [0:1] [0:1] [0:1] [0:1] [0:1] [0:1] [0:1] [0:1] [0:1] [0:1] [0:1] [0:1] [0:1] [0:1] [0:1] [0:1] [0:1] [0:1] [0:1] [0:1] [0:1] [0:1] [0:1] [0:1] [0:1] [0:1] [0:1] [0:1] [0:1] [0:1] [0:1] [0:1] [0:1] [0:1] [0:1] [0:1] [0:1] [0:1] [0:1] [0:1] [0:1] [0:1] [0:1] [0:1] [0:1] [0:1] [0:1] [0:1] [0:1] [0:1] [0:1] [0:1] [0:1] [0:1] [0:1] [0:1] [0:1] [0:1] [0:1] none none none none [0:1] [0:1] none [0:1] none [0:1] none none [0:1] none none none none [0:1] [0:1] [0:1] [0:1] [0:1] none [0:1] [0:1] [0:1] [0:1] none [0:1] [0:1] [0:1] [0:1] [0:1] [0:1] [0:1] [0:1] [0:1] [0:1] [0:1] [0:1] [0:1] [0:1] [0:1] [0:1] [0:1] [0:1] [0:1] [0:1] none none none none none none none none none none [0:1] [0:1] none none none none none [0:1] [0:1] [0:1] [0:1] [0:1] [0:1] [0:1] [0:1] [0:1] [0:1] [0:1] [0:1] [0:1] [0:1] [0:1] [0:1] [0:1] [0:1] [0:1] [0:1] [0:1] [0:1] [0:1] [0:1] [0:1] [0:1] [0:1] [0:1] none none [0:1] [0:1] [0:1] none [0:1] [0:1] [0:1] [0:1] [0:1] none [0:1] none none [0:1] none [0:1] [0:1] [0:1] [0:1] [0:1] [0:1] [0:1] [0:1] [0:1] [0:1] [0:1] [0:1] [0:1] [0:1] [0:1] [0:1] [0:1] [0:1] [0:1] [0:1] [0:1] [0:1] [0:1] [0:1] [0:1] none none none none none none none none none none none none none none none none none [0:1] [0:1] [0:1] [0:1] [0:1] [0:1] [0:1] [0:1] [0:1] [0:1] none [0:1] [0:1] [0:1] [0:1] none [0:1] [0:1] none none none [0:1] [0:1] none none none none none [0:1] [0:1] [0:1] [0:1] [0:1] [0:1] [0:1] none none none [0:1] none [0:1] [0:1] [0:1] none [0:1] [0:1] [0:1] [0:1] none none [0:1] [0:1] none none none none [0:1] [0:1] none none none [0:1] none none [0:1] [0:1] none none [0:1] [0:1] none none none none none none none none none none none none none none none none none none none none none none none none none none none none none none none none none none none none none none none none none none none none none none none none none none none none none none none none none none none none none none none none none none none none none none none none none none none none none none none none none none none none none none none none none none none none none none none none none none none none none none none none none none none none none none none none none none none none none none none none none none none none none none none none none none none none none none none none none none none none none none none none none none none none none none none none none none none none none none none none none none none none none none none none none none none none none none none none none none none none none none none none none none none none none none none none none none none none none none none none none none none none none none none none none none none none none none none none none none none none none none none none none none none none none none none none none none none none none
tree_sizes=3397 3427 3442 3418 3490 3480 3464 3475 3452 3480 3481 3491 3476 3454 3463 3473 3474 3477 3470 3484 3486 3497 3493

Tree=0
num_leaves=31
num_cat=0
split_feature=0 1 1 0 81 0 32 100 15 5 85 79 15 63 0 67 15 9 59 1 67 70 16 5 11 13 174 60 9 0
split_gain=311.973 56.4606 40.0453 14.4206 10.6253 9.17427 8.73104 8.58953 7.34651 7.42267 6.61344 6.8584 6.19083 5.39803 8.27381 5.52052 5.1124 12.5387 4.94845 4.87943 8.07977 9.79933 6.82199 9.05711 9.68872 5.57569 5.22892 7.91903 5.56026 4.78277
threshold=12.203969955444338 -0.33774431049823755 0.603315830230713 17.370294570922855 1.0000000180025095e-35 9.8631072044372576 1.0000000180025095e-35 1.0000000180025095e-35 1.0000000180025095e-35 1.0000000180025095e-35 1.0000000180025095e-35 1.0000000180025095e-35 1.0000000180025095e-35 1.0000000180025095e-35 13.474332809448244 1.0000000180025095e-35 1.0000000180025095e-35 1.0000000180025095e-35 1.0000000180025095e-35 0.825994372367859 1.0000000180025095e-35 1.0000000180025095e-35 1.0000000180025095e-35 1.0000000180025095e-35 1.0000000180025095e-35 1.0000000180025095e-35 1.0000000180025095e-35 1.0000000180025095e-35 1.0000000180025095e-35 12.921286582946779
decision_type=2 2 2 2 2 2 2 2 2 2 2 2 2 2 2 2 2 2 2 2 2 2 2 2 2 2 2 2 2 2
left_child=1 -1 7 4 19 10 8 13 -6 -10 11 -3 -5 29 15 -15 17 -13 -18 20 22 -22 23 24 -4 -25 27 -23 -29 -2
right_child=2 5 3 12 6 -7 -8 -9 9 -11 -12 16 -14 14 -16 -17 18 -19 -20 -21 21 26 -24 25 -26 -27 -28 28 -30 -31
leaf_value=-1.12004447917993 -0.99052820721888424 -1.0816072310842149 -0.80633482700679959 -0.84155156984931678 -0.96396154231769193 -1.0388614369859872 -0.81227275077345951 -0.88284921611433076 -0.9199471017422246 -0.76846406876165796 -0.96472041198278624 -0.9199471017422246 -0.92678092277894186 -0.93231306361818933 -0.87894417552192083 -1.086887587067747 -1.006508834873977 -1.1009398164722524 -1.1579918678545438 -0.99816553529501295 -1.1173078532826202 -1.0656241648176128 -0.86527653344848621 -1.0900856806563586 -0.98104950159993221 -0.94158753502516279 -0.8634937975258643 -0.90319321791027263 -1.006508834873977 -1.0343162310095659
leaf_weight=271.86762303113937 37.545457854866982 184.64663632214069 6.1613059043884277 20.409325808286667 22.719815522432327 134.971107468009 7.8941731899976721 5.3911426663398734 10.782285332679747 4.6209794282913199 5.5836834758520117 9.6270404756069166 14.633101522922514 4.0433569997549075 7.316550761461257 5.3911426663398743 4.0433569997549057 6.353846713900567 4.6209794282913208 31.961774379014969 4.8135202378034583 7.8941731899976757 14.633101522922514 5.5836834758520126 6.5463875234127045 4.6209794282913208 4.4284386187791815 11.937530189752579 9.2419588565826416 74.32075247168541
leaf_count=1412 195 959 32 106 118 701 41 28 56 24 29 50 76 21 38 28 21 33 24 166 25 41 76 29 34 24 23 62 48 386
internal_value=-1.04444 -1.08586 -0.964699 -0.935036 -0.948223 -1.05929 -0.907995 -1.00651 -0.927816 -0.874502 -1.07213 -1.07499 -0.877142 -1.01169 -0.958751 -1.02064 -1.02544 -0.991908 -1.0873 -0.965392 -0.951584 -0.98389 -0.918615 -0.952681 -0.896339 -1.02284 -0.96472 -0.980139 -0.948276 -1.01962
internal_weight=944.605 621.714 322.891 188.883 153.84 349.847 46.0173 134.008 38.1231 15.4033 214.876 209.292 35.0424 128.617 16.7511 9.4345 24.6452 15.9809 8.66434 107.823 75.8611 38.3156 37.5455 22.9124 12.7077 10.2047 33.5021 29.0737 21.1795 111.866
internal_count=4906 3229 1677 981 799 1817 239 696 198 80 1116 1087 182 668 87 49 128 83 45 560 394 199 195 119 66 53 174 151 110 581
is_linear=0
shrinkage=1


Tree=1
num_leaves=31
num_cat=0
split_feature=1 1 0 214 0 81 174 15 79 6 5 40 61 220 153 69 0 0 15 24 99 0 11 8 16 228 8 12 26 67
split_gain=248.9 48.5863 32.5903 13.1144 9.78573 7.40945 6.97273 5.998 5.72897 6.21168 5.99229 5.31533 8.20513 5.53776 5.15323 4.9663 4.71108 5.26294 4.65754 9.55378 7.5557 6.26768 5.74041 7.73539 5.49776 4.32332 4.23932 3.96689 7.12313 8.44692
threshold=0.19841813296079638 0.603315830230713 5.845311403274537 1.0000000180025095e-35 17.370294570922855 1.0000000180025095e-35 1.0000000180025095e-35 1.0000000180025095e-35 1.0000000180025095e-35 1.0000000180025095e-35 1.0000000180025095e-35 1.0000000180025095e-35 1.0000000180025095e-35 1.0000000180025095e-35 1.0000000180025095e-35 1.0000000180025095e-35 15.924708843231203 15.585215568542482 1.0000000180025095e-35 1.0000000180025095e-35 1.0000000180025095e-35 14.97056818008423 1.0000000180025095e-35 1.0000000180025095e-35 1.0000000180025095e-35 1.0000000180025095e-35 1.0000000180025095e-35 1.0000000180025095e-35 1.0000000180025095e-35 1.0000000180025095e-35
decision_type=2 2 2 2 2 2 2 2 2 2 2 2 2 2 2 2 2 2 2 2 2 2 2 2 2 2 2 2 2 2
left_child=2 14 -1 8 5 18 7 16 27 10 -10 13 26 -6 25 -9 17 -7 21 -20 22 24 23 -21 -3 -2 -13 -4 -29 -30
right_child=1 4 3 -5 11 6 -8 15 9 -11 -12 12 -14 -15 -16 -17 -18 -19 19 20 -22 -23 -24 -25 -26 -27 -28 28 29 -31
leaf_value=-0.071549119181741921 0.020460488583995476 0.0989861374780419 -0.040631351928564194 0.14504775278067619 0.19036851649457232 0.097318202633766338 0.012986187480575765 0.12487882896860703 -0.069833871667138628 0.074222411709122735 0.038825647985291034 -0.03182254146993968 0.20361398241114048 0.065585081942359111 0.11722435277668591 0.22918966343396807 0.14774403510740272 -0.03806905761839724 0.15591773768650305 -0.089981659116922921 0.11047465810108713 0.069178270042910356 0.055212084964746382 0.041995586065990902 0.23017154620937214 0.12216112869565472 0.10189594084599884 -0.047361481645092379 0.078935368290334387 -0.012960814693002799
leaf_weight=255.41359108686447 209.43944393098354 9.2990666031837446 141.06710493564606 4.6332922875881186 19.558362439274791 10.192982688546183 5.8929028213024131 10.076979741454124 10.625685796141624 11.420417308807375 9.7159754037857056 4.5573976039886457 4.346915826201438 4.346915826201438 5.900590866804122 8.343366414308548 10.414752721786497 3.9972481131553641 6.4408311098814002 10.485257014632227 8.022587984800337 53.041721031069756 11.915414094924929 7.7041100412607184 4.8663742244243613 4.265059068799018 4.9417604058980942 37.986863300204277 13.126838892698286 42.02318212389946
leaf_count=1377 1075 47 743 24 94 51 29 48 55 59 50 22 21 21 30 40 51 20 32 53 40 266 60 38 24 22 24 200 69 221
internal_value=-0.000153683 0.0574428 -0.0459287 -0.021746 0.0933056 0.0825424 0.115001 0.128973 -0.0246516 0.015202 -0.0179338 0.139121 0.0898168 0.167678 0.0250356 0.172126 0.0966678 0.0591809 0.0683369 0.04327 0.0242405 0.0849599 0.00126002 -0.0340827 0.144053 0.0224902 0.037742 -0.0300565 -0.0140395 0.00891237
internal_weight=944.063 418.05 526.013 270.599 198.445 160.694 48.9182 43.0253 265.966 31.7621 20.3417 37.7514 13.8461 23.9053 219.605 18.4203 24.605 14.1902 111.775 44.5682 38.1274 67.2072 30.1048 18.1894 14.1654 213.705 9.49916 234.204 93.1369 55.15
internal_count=4906 2108 2798 1421 981 799 239 210 1397 164 105 182 67 115 1127 88 122 71 560 223 191 337 151 91 71 1097 46 1233 490 290
is_linear=0
shrinkage=0.1


Tree=2
num_leaves=31
num_cat=0
split_feature=1 1 0 214 0 306 81 174 1 67 5 52 79 6 5 10 5 40 5 36 100 140 53 138 15 24 99 11 8 0
split_gain=200.896 36.4241 28.4782 10.1172 7.02087 5.50777 5.38719 5.61851 5.2072 5.88146 5.85643 5.78786 4.7202 4.8644 4.98196 4.67212 8.28345 5.10938 5.17144 4.0121 4.85638 4.78329 8.65709 3.72407 3.6266 6.51591 5.29491 4.47956 6.62448 3.80074
threshold=0.19841813296079638 0.603315830230713 5.845311403274537 1.0000000180025095e-35 17.370294570922855 1.0000000180025095e-35 1.0000000180025095e-35 1.0000000180025095e-35 0.78462240099906932 1.0000000180025095e-35 1.0000000180025095e-35 1.0000000180025095e-35 1.0000000180025095e-35 1.0000000180025095e-35 1.0000000180025095e-35 1.0000000180025095e-35 1.0000000180025095e-35 1.0000000180025095e-35 1.0000000180025095e-35 1.0000000180025095e-35 1.0000000180025095e-35 1.0000000180025095e-35 1.0000000180025095e-35 1.0000000180025095e-35 1.0000000180025095e-35 1.0000000180025095e-35 1.0000000180025095e-35 1.0000000180025095e-35 1.0000000180025095e-35 14.97056818008423
decision_type=2 2 2 2 2 2 2 2 2 2 2 2 2 2 2 2 2 2 2 2 2 2 2 2 2 2 2 2 2 2
left_child=2 19 23 12 5 6 24 8 11 10 -10 -8 -4 14 -14 17 -17 18 -6 20 21 -2 -23 -1 29 -26 27 28 -27 -3
right_child=1 4 3 -5 15 -7 7 -9 9 -11 -12 -13 13 -15 -16 16 -18 -19 -20 -21 -22 22 -24 -25 25 26 -28 -29 -30 -31
leaf_value=-0.061742751184340396 0.021385886787508617 0.12175002989795279 -0.027502060507687959 0.12187912579172321 0.19029008089269706 -0.029322007818681106 0.18527068695922302 0.011619034494669923 0.19507687575704163 0.24441651999930875 0.037754081231772055 0.067448278178578652 -0.065148578783015818 0.064444298117281446 0.034287116554473057 0.10881875543229516 0.25204749581727709 0.030027271767934627 0.059820826140544681 0.00097074884231185135 0.11164647853401938 0.17710614742917821 0.015498723056223971 -0.095895583428908082 0.13349146822577759 -0.082850664686379791 0.094675324396194985 0.051577871984717895 0.041699105974279838 0.064821263757208328
leaf_weight=208.36086410284042 138.12700378894806 15.023915901780127 230.72420279681683 4.943967565894126 6.4562852680683136 5.237639218568801 5.1334154903888729 5.9258206337690345 4.6423449069261533 5.5667089223861685 4.8259759694337845 22.199096083641052 10.269874051213264 11.815071105957033 9.8918735235929489 12.455471113324167 5.9747799783945075 9.1479439735412598 5.7382015436887741 63.34674996137619 7.0872720927000037 5.7256394177675229 7.8721621334552765 37.705096334218979 6.4444311112165442 9.6793151795864123 8.4028376340866071 12.007166385650637 7.6418389976024619 53.449299454689026
leaf_count=1166 700 71 1233 24 29 25 24 29 21 25 22 105 55 59 50 57 27 43 26 324 34 29 40 211 30 51 40 59 37 260
internal_value=-0.000258558 0.0503335 -0.0424204 -0.0198446 0.080628 0.0715954 0.0748796 0.102822 0.115578 0.162847 0.11489 0.0895769 -0.0225118 0.0134945 -0.0163629 0.118369 0.155251 0.0865187 0.128897 0.0222489 0.0307363 0.0269569 0.0835469 -0.066976 0.0629004 0.0405618 0.0246896 0.00463798 -0.0279011 0.0773122
internal_weight=941.822 428.111 513.711 267.645 205.952 166.18 160.942 48.2934 42.3675 15.035 9.46832 27.3325 262.701 31.9768 20.1617 39.7727 18.4303 21.3424 12.1945 222.159 158.812 151.725 13.5978 246.066 112.649 44.1756 37.7312 29.3283 17.3212 68.4732
internal_count=4906 2108 2798 1421 981 799 774 226 197 68 43 129 1397 164 105 182 84 98 55 1127 803 769 69 1377 548 217 187 147 88 331
is_linear=0
shrinkage=0.1


Tree=3
num_leaves=31
num_cat=0
split_feature=1 1 0 214 0 99 19 22 140 14 63 0 7 8 16 25 0 13 0 68 69 81 50 11 0 15 1 14 79 85
split_gain=162.78 30.634 22.3375 7.65418 5.25654 4.55043 5.0274 4.44225 4.24421 4.26935 4.10856 7.93523 4.6821 3.94115 8.12926 10.5007 7.45619 5.93948 9.44264 7.34199 5.29234 7.40014 4.45414 3.78843 3.71399 3.62592 3.60663 3.56214 3.5573 3.53951
threshold=0.15917559713125232 0.603315830230713 5.845311403274537 1.0000000180025095e-35 17.370294570922855 1.0000000180025095e-35 1.0000000180025095e-35 1.0000000180025095e-35 1.0000000180025095e-35 1.0000000180025095e-35 1.0000000180025095e-35 12.921286582946779 1.0000000180025095e-35 1.0000000180025095e-35 1.0000000180025095e-35 1.0000000180025095e-35 15.585215568542482 1.0000000180025095e-35 16.425735473632816 1.0000000180025095e-35 1.0000000180025095e-35 1.0000000180025095e-35 1.0000000180025095e-35 1.0000000180025095e-35 16.119096755981449 1.0000000180025095e-35 0.65001142024993908 1.0000000180025095e-35 1.0000000180025095e-35 1.0000000180025095e-35
decision_type=2 2 2 2 2 2 2 2 2 2 2 2 2 2 2 2 2 2 2 2 2 2 2 2 2 2 2 2 2 2
left_child=2 7 -1 28 5 6 8 10 13 -10 -2 -12 -13 14 15 -3 26 20 19 -19 23 24 -18 -15 -22 -7 -16 -27 29 -4
right_child=1 4 3 -5 -6 25 -8 -9 9 -11 11 12 -14 17 16 -17 22 18 -20 -21 21 -23 -24 -25 -26 27 -28 -29 -30 -31
leaf_value=-0.062651970779044802 0.017102846931203518 0.12396924097815054 -0.028665757920705616 0.10602073130086105 0.10244011912191529 0.068322529594794471 -0.045315752832127888 -0.053077628302346185 0.064551184019085092 0.19305722388512889 -0.032377408448410146 0.1704333582318347 0.048856149247878775 0.14693562991997583 0.060492844460723651 -0.014017385021102339 -0.019742069718092951 0.092574916097114213 0.0035390774451604934 0.25151557345375786 -0.064079883785452568 0.1153635699633721 0.084906175562175126 0.036081168298920274 0.045918138201456744 0.099650048879370318 0.17291810234743688 0.20643703132074995 0.010731054859302987 0.05449553874829971
leaf_weight=237.23156388103962 216.75877900421619 6.5787172615528098 206.72465014457703 4.7540174275636664 41.24013689160347 22.884716048836708 4.91401083767414 8.3970662802457792 6.184630408883093 4.4423225522041321 5.6267890930175808 6.4071867614984495 6.2649808973073959 7.136926472187044 4.3138453066349056 34.107971727848053 8.1146471500396729 5.8390562832355517 4.6859526485204688 5.7864643037319183 8.5500930249691027 5.2710607796907416 8.1544153094291687 5.4271632730960846 4.7886750996112815 10.384898737072943 8.428959518671034 4.467555657029151 29.008323788642883 5.247928947210311
leaf_count=1377 1096 30 1123 22 182 107 23 43 29 21 28 31 30 33 20 165 39 27 22 27 40 24 38 25 23 47 39 20 148 27
internal_value=-0.000325739 0.0425832 -0.040764 -0.0196334 0.0704039 0.0626533 0.0539413 0.0183911 0.0577575 0.11827 0.0209442 0.0664464 0.110327 0.0522698 0.0371326 0.00829397 0.0775764 0.074488 0.123381 0.171686 0.0489054 0.0150505 0.03271 0.0990511 -0.0245901 0.0932944 0.134859 0.131771 -0.0221123 -0.0266069
internal_weight=938.124 455.157 482.966 245.735 211.702 170.462 132.725 243.455 127.811 10.627 235.058 18.299 12.6722 117.184 69.6986 40.6867 29.0119 47.4854 16.3115 11.6255 31.1739 18.6098 16.2691 12.5641 13.3388 37.7372 12.7428 14.8525 240.981 211.973
internal_count=4906 2209 2697 1320 981 799 625 1228 602 50 1185 89 61 552 331 195 136 221 76 54 145 87 77 58 63 174 59 67 1298 1150
is_linear=0
shrinkage=0.1


Tree=4
num_leaves=31
num_cat=0
split_feature=0 1 0 209 92 153 85 184 199 37 15 81 99 67 67 1 80 16 167 138 12 26 138 26 167 15 21 97 67 0
split_gain=132.728 27.3686 15.9154 5.80459 5.11566 4.47279 4.46282 4.10427 4.23469 4.11904 4.83281 6.56852 7.57587 4.88258 4.68958 4.64963 4.66523 4.10389 5.08336 4.66469 3.88927 5.46865 3.57943 3.70413 3.4361 4.53946 3.18402 3.53869 4.09494 4.25881
threshold=9.8631072044372576 0.57973989844322216 5.845311403274537 1.0000000180025095e-35 1.0000000180025095e-35 1.0000000180025095e-35 1.0000000180025095e-35 1.0000000180025095e-35 1.0000000180025095e-35 1.0000000180025095e-35 1.0000000180025095e-35 1.0000000180025095e-35 1.0000000180025095e-35 1.0000000180025095e-35 1.0000000180025095e-35 0.97049206495285045 1.0000000180025095e-35 1.0000000180025095e-35 1.0000000180025095e-35 1.0000000180025095e-35 1.0000000180025095e-35 1.0000000180025095e-35 1.0000000180025095e-35 1.0000000180025095e-35 1.0000000180025095e-35 1.0000000180025095e-35 1.0000000180025095e-35 1.0000000180025095e-35 1.0000000180025095e-35 7.2210814952850351
decision_type=2 2 2 2 2 2 2 2 2 2 2 2 2 2 2 2 2 2 2 2 2 2 2 2 2 2 2 2 2 2
left_child=2 5 22 4 7 24 17 8 9 -3 15 13 14 20 -13 16 -11 18 19 -4 -12 -22 23 -1 -2 -26 27 28 29 -19
right_child=1 3 6 -5 -6 -7 -8 -9 -10 10 11 12 -14 -15 -16 -17 -18 26 -20 -21 21 -23 -24 -25 25 -27 -28 -29 -30 -31
leaf_value=-0.033072849996189882 0.014054317414154197 -0.030211133648899043 -0.034254010007971812 -0.040024163076904526 0.13885463502657244 0.096991833589549908 0.0618781743428721 0.12229213501005126 -0.038363057032495484 0.073802898688827154 0.022425934189196448 -0.001042165156420329 0.18247738760357396 -0.0079400924996038732 0.10143489697627601 0.13903871567268461 -0.013058932387009992 -0.016671463726120005 -0.11691705428195875 0.053175278431943432 0.032612069776067273 0.17206430216464785 -0.088231618085475305 -0.062705856482469333 -0.093477445961196448 0.024225148377700838 -0.049970574731112487 -0.068223953306740262 -0.0077670200797799729 0.079520114711230591
leaf_weight=61.867948055267334 245.81052787601948 5.0195013433694831 111.40394389629364 5.5871745496988288 8.5871255546808225 6.2511718124151221 6.3784040659666053 10.121257320046423 4.5477911233901969 98.371620059013367 17.688910126686096 8.4052422344684636 6.0920575261116019 26.065802723169327 9.5274200290441513 10.207948267459868 6.5979406237602225 6.9430204927921322 7.0439935922622672 6.4561801850795737 6.0412080138921755 5.2610034495592117 34.493053510785103 132.57417440414429 7.0014314055442792 6.1591441482305527 13.369245231151579 6.2399217188358298 40.069045573472977 13.654934167861937
leaf_count=371 1242 23 609 26 39 30 31 45 21 449 83 37 26 124 41 43 30 38 39 35 28 24 211 795 36 31 73 34 218 74
internal_value=-0.00037325 0.0352506 -0.0402712 0.060647 0.0631745 0.0134066 -0.0204979 0.060137 0.0570506 0.0592281 0.0615391 0.042504 0.0861328 0.0234661 0.0534027 0.0746087 0.0683431 -0.0230587 -0.0343967 -0.0294648 0.0517033 0.0975249 -0.0585437 -0.0532772 0.011389 -0.0383927 -0.00541763 0.00348488 0.0108605 0.0470965
internal_weight=933.838 493.344 440.494 228.122 222.535 265.222 211.559 213.948 203.826 199.279 194.259 79.0816 24.0247 55.0569 17.9327 115.178 104.97 205.18 124.904 117.86 28.9911 11.3022 228.935 194.442 258.971 13.1606 80.2762 66.9069 60.667 20.598
internal_count=4906 2378 2528 1039 1013 1339 1151 974 929 908 885 363 104 259 78 522 479 1120 683 644 135 52 1377 1166 1309 67 437 364 330 112
is_linear=0
shrinkage=0.1


Tree=5
num_leaves=31
num_cat=0
split_feature=1 0 0 214 167 15 306 299 92 102 58 153 312 36 55 104 0 0 7 0 138 26 11 13 7 54 1 0 228 16
split_gain=108.56 20.4821 15.0536 4.68242 3.8251 5.73577 3.78727 4.4902 3.80594 4.09942 4.93203 3.54008 3.61395 4.10345 3.78662 3.65852 3.46885 4.58024 3.44577 6.35439 3.30296 3.29382 3.28979 3.22561 3.76639 8.69542 3.13034 3.11863 2.95963 2.74973
threshold=0.12160620465874673 14.800821304321291 5.845311403274537 1.0000000180025095e-35 1.0000000180025095e-35 1.0000000180025095e-35 1.0000000180025095e-35 1.0000000180025095e-35 1.0000000180025095e-35 1.0000000180025095e-35 1.0000000180025095e-35 1.0000000180025095e-35 1.0000000180025095e-35 1.0000000180025095e-35 1.0000000180025095e-35 1.0000000180025095e-35 14.97056818008423 15.132101058959963 1.0000000180025095e-35 11.690622806549074 1.0000000180025095e-35 1.0000000180025095e-35 1.0000000180025095e-35 1.0000000180025095e-35 1.0000000180025095e-35 1.0000000180025095e-35 -0.38535249233245844 4.8911705017089853 1.0000000180025095e-35 1.0000000180025095e-35
decision_type=2 2 2 2 2 2 2 2 2 2 2 2 2 2 2 2 2 2 2 2 2 2 2 2 2 2 2 2 2 2
left_child=2 4 20 29 11 -6 7 8 9 16 -11 12 13 15 18 28 -3 -18 19 -15 21 23 -16 27 -25 -26 -23 -1 -2 -4
right_child=1 6 3 -5 5 -7 -8 -9 -10 10 -12 -13 -14 14 22 -17 17 -19 -20 -21 -22 26 -24 24 25 -27 -28 -29 -30 -31
leaf_value=-0.069268870911342262 0.020043818953026721 0.10884830920356542 -0.028840386252656371 0.080740919500450314 -0.10346800848106422 0.029185265714963028 -0.020366444683977632 0.14616454999335235 0.12408381747990929 0.082517492177624663 -0.047273950468850731 0.082717778279610299 -0.065839462913592689 -0.085011716989664199 -0.016034457361065065 0.09721930271033119 -0.024652691368599246 0.057771195268089798 -0.10506402042515704 0.066226715892144059 -0.083984960822923893 -0.054279432148343923 0.039561165960730421 -0.029422749958919692 0.17971611482612176 -0.035381122175017737 -0.11446379210186719 -0.0083851126728504404 0.10698833915121464 -0.0057386478641530229
leaf_weight=24.70028530061245 192.13726583123207 12.442871272563933 133.70292955636978 4.7197028398513785 6.5652181506156904 6.4735739082098007 6.1067841053009024 5.8142728656530371 8.0668821483850461 4.5607423484325382 8.1768376678228378 8.1568689346313459 5.3091270625591269 5.7378169149160403 22.300279289484024 6.6528248786926261 7.0721382349729529 144.37868709862232 6.1497279703617087 5.3857738226652145 32.707361504435539 118.45785942673683 20.362083807587624 15.53991459310055 3.2715609669685355 4.4166073054075241 9.3223281502723676 12.75908777117729 3.9966260641813269 83.825278341770172
leaf_count=151 949 55 741 21 35 32 28 25 35 20 36 37 26 29 113 32 32 645 31 27 211 737 103 95 20 27 58 78 19 458
internal_value=-0.000403561 0.0322495 -0.0361806 -0.0178 0.0153205 -0.0376076 0.0571521 0.0596369 0.056913 0.0538453 -0.000801596 0.0178192 0.0158442 0.0174949 -0.00549322 0.0242893 0.0580923 0.0539223 -0.0449951 -0.0117857 -0.0546504 -0.0495596 0.0105005 -0.0303767 -0.0010995 0.0561496 -0.0586702 -0.0485312 0.0218155 -0.019938
internal_weight=929.269 485.846 443.423 222.248 289.227 13.0388 196.619 190.512 184.698 176.631 12.7376 276.188 268.032 262.722 59.9357 202.787 163.894 151.451 17.2733 11.1236 221.175 188.468 42.6624 60.6875 23.2281 7.68817 127.78 37.4594 196.134 217.528
internal_count=4906 2309 2597 1220 1433 67 876 848 823 788 56 1366 1329 1303 303 1000 732 677 87 56 1377 1166 216 371 142 47 795 229 968 1199
is_linear=0
shrinkage=0.1


Tree=6
num_leaves=31
num_cat=0
split_feature=1 0 36 1 9 86 167 13 54 16 11 0 1 67 91 0 7 8 0 10 16 102 1 1 81 56 26 76 0 63
split_gain=89.3296 20.9862 11.0943 9.63675 15.6865 5.22861 4.82681 4.80849 4.34591 4.3118 4.02913 3.63423 4.81093 8.04687 3.59306 4.088 4.07711 4.72845 7.76593 4.72132 9.73636 3.80964 3.71731 4.33446 3.60324 5.90034 5.31637 3.57698 3.61133 3.71881
threshold=1.0000000180025095e-35 13.474332809448244 1.0000000180025095e-35 -0.20009126514196393 1.0000000180025095e-35 1.0000000180025095e-35 1.0000000180025095e-35 1.0000000180025095e-35 1.0000000180025095e-35 1.0000000180025095e-35 1.0000000180025095e-35 6.8391511440277108 -0.26367023587226862 1.0000000180025095e-35 1.0000000180025095e-35 4.7556469440460214 1.0000000180025095e-35 1.0000000180025095e-35 5.07460641860962 1.0000000180025095e-35 1.0000000180025095e-35 1.0000000180025095e-35 -0.40056277811527247 -0.37987679243087763 1.0000000180025095e-35 1.0000000180025095e-35 1.0000000180025095e-35 1.0000000180025095e-35 17.370294570922855 1.0000000180025095e-35
decision_type=2 2 2 2 2 2 2 2 2 2 2 2 2 2 2 2 2 2 2 2 2 2 2 2 2 2 2 2 2 2
left_child=2 6 14 11 9 27 -2 -6 -8 10 -5 12 -4 -14 15 21 17 19 -19 -17 -21 -1 -20 -24 -25 -26 -27 28 29 -3
right_child=1 5 3 4 7 -7 8 -9 -10 -11 -12 -13 13 -15 -16 16 -18 18 22 20 -22 -23 23 24 25 26 -28 -29 -30 -31
leaf_value=-0.060137824199845084 0.0079224501439465085 0.035954286678365747 -0.033542633921133262 0.0042334203333481727 -0.00032739956456640933 -0.0069063254761944125 0.010664740351799054 -0.13072630193766538 -0.11641131390150393 0.15872209122380074 0.12851440764246652 -0.070297044420824309 0.15039088808385026 -0.030623290685317661 -0.11360686250586848 -0.072141649718946155 -0.054329976995148459 0.14482120445256191 -0.098857369558739208 -0.056358560077535508 0.085130222408393602 0.026025597443610323 0.12218126121373984 -0.056367580524840803 -0.0709559039104012 -0.032239242582101167 0.1102893950047653 0.12745154201233727 0.07303387502856043 0.07482763269253849
leaf_weight=141.19198654592037 252.55739952623844 188.60848781466484 32.92717120051384 5.9790071249008196 7.676784425973894 18.612503305077553 4.8373670876026136 4.4771025627851486 6.0660666078329086 7.200595796108245 4.6274792104959488 16.453893318772316 4.2344413697719556 5.8468389958143234 7.9560863226652137 22.954003378748894 53.251160487532616 3.722519025206565 3.9283049255609503 13.894050642848017 7.4828884452581397 5.3249517977237693 2.8379254788160315 9.6695667356252724 4.9219635725021371 4.0457927584648132 7.41070656478405 5.5378432422876349 42.090716540813446 28.302159979939461
leaf_count=909 1288 854 185 34 43 91 26 25 33 39 26 92 23 32 49 136 319 24 25 83 44 34 18 56 28 23 41 24 176 126
internal_value=-0.000424844 0.0254233 -0.0378014 -0.00702543 0.0392215 0.0443239 0.00511007 -0.0483622 -0.0600333 0.0990001 0.0584557 -0.0303276 -0.0150364 0.0454081 -0.0473377 -0.0454589 -0.032844 -0.0186956 0.00793983 -0.0406481 -0.00683113 -0.0570063 -0.00758829 0.00482373 -0.00796235 0.0206153 0.0599563 0.0479283 0.046228 0.0410264
internal_weight=924.628 546.613 378.015 89.4233 29.961 283.152 263.461 12.1539 10.9034 17.8071 10.6065 59.4623 43.0085 10.0813 288.592 280.636 134.119 80.8677 36.5368 44.3309 21.3769 146.517 32.8143 28.886 26.048 16.3785 11.4565 264.539 259.001 216.911
internal_count=4906 2618 2288 499 167 1271 1347 68 59 99 60 332 240 55 1789 1740 797 478 215 263 127 943 191 166 148 92 64 1180 1156 980
is_linear=0
shrinkage=0.1


Tree=7
num_leaves=31
num_cat=0
split_feature=1 0 31 0 9 0 1 67 10 6 79 8 108 15 167 236 86 209 0 138 94 61 16 87 0 14 9 81 5 80
split_gain=73.4705 16.6538 9.62134 12.3213 6.82138 4.36047 4.40131 6.7297 4.33691 4.33181 6.5736 9.70428 4.83005 12.3771 4.80149 4.30711 4.414 4.2179 3.94053 3.67265 3.56304 5.10042 4.20791 3.91999 5.37424 7.41326 3.83273 4.63813 3.96028 3.51014
threshold=1.0000000180025095e-35 13.474332809448244 1.0000000180025095e-35 7.1540040969848642 1.0000000180025095e-35 6.8391511440277108 -0.26367023587226862 1.0000000180025095e-35 1.0000000180025095e-35 1.0000000180025095e-35 1.0000000180025095e-35 1.0000000180025095e-35 1.0000000180025095e-35 1.0000000180025095e-35 1.0000000180025095e-35 1.0000000180025095e-35 1.0000000180025095e-35 1.0000000180025095e-35 11.190965175628664 1.0000000180025095e-35 1.0000000180025095e-35 1.0000000180025095e-35 1.0000000180025095e-35 1.0000000180025095e-35 11.23477077484131 1.0000000180025095e-35 1.0000000180025095e-35 1.0000000180025095e-35 1.0000000180025095e-35 1.0000000180025095e-35
decision_type=2 2 2 2 2 2 2 2 2 2 2 2 2 2 2 2 2 2 2 2 2 2 2 2 2 2 2 2 2 2
left_child=2 9 19 5 8 6 -4 -8 -5 14 12 -12 18 -14 20 16 17 -3 -11 -1 22 -22 29 24 26 -26 27 28 -24 -2
right_child=1 15 3 4 -6 -7 7 -9 -10 10 11 -13 13 -15 -16 -17 -18 -19 -20 -21 21 -23 23 -25 25 -27 -28 -29 -30 -31
leaf_value=-0.039273083241541412 -0.0044889227614070409 0.042973229538397321 -0.032705331674926889 0.057913323954978148 -0.014370874086779464 -0.081393157925576234 0.13667057167055016 -0.028020561672753588 0.17064083350563944 -0.021459394310131344 0.016772338495910005 0.21180592908929882 -0.015440959571533573 0.21441551292679562 -0.087796776587683811 0.13336537729121675 -0.0096665587675373778 -0.044186407966077236 0.022757334373959274 -0.074410415250431711 0.020785780928491648 -0.084954402528203798 0.11095578209265387 0.1076689411751697 -0.06600474903485086 0.057560953955417937 0.096831207226170002 -0.038026031786798468 -0.014019430302447934 -0.079229214054782005
leaf_weight=257.26105363667011 73.702312812209129 257.70535849034786 31.972270965576168 9.8971973806619626 8.7005641758441925 12.687953770160673 4.3610561192035693 5.7559024542570114 5.2091661393642434 34.715516999363899 6.3509359657764417 4.2641107738018036 5.7103080302476865 3.9722539335489273 6.8172159045934668 4.7957924753427497 18.321532934904099 5.6744583100080481 48.053610220551491 33.636210322380066 7.6110686659812936 11.385714784264565 6.500989094376564 5.2017273008823386 13.558733463287355 7.5638055205345145 9.4615338146686572 8.1431483030319214 4.1569113880395889 6.8693618327379218
leaf_count=1616 376 1134 183 53 50 74 22 32 27 186 31 21 29 20 38 21 90 26 238 231 39 58 34 25 67 37 49 42 22 35
internal_value=-0.000453825 0.0226967 -0.0349487 -0.00390143 0.0561619 -0.0300058 -0.0145149 0.0429718 0.0967854 0.00457962 0.0205869 0.0951182 0.0120294 0.0788573 -0.00566944 0.0393937 0.0377939 0.0410954 0.00421169 -0.043336 -0.00203752 -0.0425896 0.00366215 0.0250989 0.0164018 -0.0217569 0.0449203 0.0187965 0.0622116 -0.0108611
internal_weight=920.018 550.536 369.481 78.5841 23.8069 54.7772 42.0892 10.117 15.1064 264.039 103.067 10.615 92.4517 9.68256 160.973 286.497 281.701 263.38 82.7691 290.897 154.155 18.9968 135.159 54.5868 49.3851 21.1225 28.2626 18.801 10.6579 80.5717
internal_count=4906 2618 2288 441 130 311 237 54 80 1347 525 52 473 49 822 1271 1250 1160 424 1847 784 97 687 276 251 104 147 98 56 411
is_linear=0
shrinkage=0.1


Tree=8
num_leaves=31
num_cat=0
split_feature=1 0 36 1 9 13 99 83 0 61 0 0 0 100 26 26 12 67 13 6 58 79 167 1 0 0 91 0 99 5
split_gain=60.2373 13.3067 8.2013 6.47204 10.382 4.39179 3.60479 7.48937 5.21997 4.83952 7.31853 5.04744 4.51995 4.21824 3.56935 3.55174 3.49238 8.84782 4.16982 3.47847 5.31713 5.5022 4.10767 3.7872 3.4116 6.20035 3.40377 3.68834 3.63674 3.83576
threshold=1.0000000180025095e-35 13.474332809448244 1.0000000180025095e-35 -0.20009126514196393 1.0000000180025095e-35 1.0000000180025095e-35 1.0000000180025095e-35 1.0000000180025095e-35 13.813826084136965 1.0000000180025095e-35 15.51813840866089 15.181382656097414 17.30732345581055 1.0000000180025095e-35 1.0000000180025095e-35 1.0000000180025095e-35 1.0000000180025095e-35 1.0000000180025095e-35 1.0000000180025095e-35 1.0000000180025095e-35 1.0000000180025095e-35 1.0000000180025095e-35 1.0000000180025095e-35 0.16662864387035373 13.211498737335207 12.803559303283693 1.0000000180025095e-35 4.7556469440460214 1.0000000180025095e-35 1.0000000180025095e-35
decision_type=2 2 2 2 2 2 2 2 2 2 2 2 2 2 2 2 2 2 2 2 2 2 2 2 2 2 2 2 2 2
left_child=2 19 26 16 -5 15 12 8 -8 11 -11 -10 13 -3 -13 -6 -4 18 -18 22 -21 23 -2 -22 25 -25 27 -1 29 -29
right_child=1 6 3 4 5 -7 7 -9 9 10 -12 14 -14 -15 -16 -17 17 -19 -20 20 21 -23 -24 24 -26 -27 -28 28 -30 -31
leaf_value=-0.050334889064775658 -0.0019027003990475834 0.019337504064770569 -0.046247501417277653 0.076410806508371218 -0.072037506571247981 -0.12635962419667884 0.14468115631722672 0.13639978994742402 0.13600516242836544 -0.05330732852859621 0.046073144028242932 -0.0093004399297355288 0.061867092549395722 0.090386735418820419 0.087361561374058344 0.065281264964941188 0.15606876488315263 -0.043076447181399136 0.018263390831191176 -0.019778449482589763 -0.014598332282781613 0.10874909718128217 -0.083035548321787667 0.032167104902683701 -0.047649187243619988 0.14941364561407236 -0.10854541764729318 -0.036504935289539991 -0.076570813063787019 0.00049075341068434062
leaf_weight=137.46633239090443 153.97668305039406 177.47386562824249 33.757765680551529 19.199635401368141 3.4930577278137225 4.1101210713386536 4.5360180586576453 9.7317399978637678 7.3834120631217983 12.132445976138117 19.037421524524689 8.2602064013481122 34.964717850089073 8.7691594362258893 7.106851562857627 4.0878780484199524 4.1568799763917923 14.936852321028709 4.6542284488677979 27.110133439302444 19.683670476078987 8.2770454585552198 6.5038402378559104 39.428625494241714 4.3046985417604438 5.093028098344802 7.2183367758989325 67.223956614732742 13.159479722380636 48.06188191473484
leaf_count=943 784 793 197 99 20 25 22 41 32 55 80 35 145 38 30 23 23 86 26 138 109 39 38 194 21 24 49 422 76 299
internal_value=-0.000471096 0.0202568 -0.0322213 -0.00574617 0.0311724 -0.0431204 0.0350729 0.0551749 0.0416527 0.0329855 0.00739065 0.0680524 0.0288764 0.0226828 0.0354031 0.00200908 -0.0255779 0.00380389 0.0832768 0.00403858 0.0182944 0.0317362 -0.00519079 0.0224319 0.0373601 0.0455795 -0.0407898 -0.0389505 -0.0267667 -0.0210817
internal_weight=915.3 553.774 361.526 88.3964 30.8907 11.6911 289.396 68.1881 58.4564 53.9203 31.1699 22.7505 221.208 186.243 15.3671 7.58094 57.5057 23.748 8.81111 264.378 103.897 76.7871 160.481 68.51 48.8264 44.5217 273.13 265.912 128.445 115.286
internal_count=4906 2618 2288 499 167 68 1271 295 254 232 135 97 976 831 65 43 332 135 49 1347 525 387 822 348 239 218 1789 1740 797 721
is_linear=0
shrinkage=0.1


Tree=9
num_leaves=31
num_cat=0
split_feature=1 0 0 5 16 78 82 1 105 79 21 10 6 22 0 153 312 6 15 0 14 61 11 1 228 92 102 58 322 0
split_gain=49.4596 10.859 7.12098 3.98188 4.56381 3.71585 4.38702 3.56355 3.54062 3.59947 3.38642 3.20981 7.64096 5.64745 3.17348 3.02177 3.17895 2.97876 7.5707 8.64794 5.21474 4.25973 3.76125 4.95368 2.87178 2.83419 3.25416 5.02256 3.24203 3.0447
threshold=1.0000000180025095e-35 14.800821304321291 4.7556469440460214 1.0000000180025095e-35 1.0000000180025095e-35 1.0000000180025095e-35 1.0000000180025095e-35 -0.059852460399270051 1.0000000180025095e-35 1.0000000180025095e-35 1.0000000180025095e-35 1.0000000180025095e-35 1.0000000180025095e-35 1.0000000180025095e-35 7.7043120861053476 1.0000000180025095e-35 1.0000000180025095e-35 1.0000000180025095e-35 1.0000000180025095e-35 2.8350445032119755 1.0000000180025095e-35 1.0000000180025095e-35 1.0000000180025095e-35 -0.65898546576499928 1.0000000180025095e-35 1.0000000180025095e-35 1.0000000180025095e-35 1.0000000180025095e-35 1.0000000180025095e-35 14.97056818008423
decision_type=2 2 2 2 2 2 2 2 2 2 2 2 2 2 2 2 2 2 2 2 2 2 2 2 2 2 2 2 2 2
left_child=2 15 5 4 -4 6 17 11 9 10 -5 13 -13 -6 -12 16 24 -1 19 20 -19 22 23 -20 -2 26 28 -28 29 -3
right_child=1 25 3 8 7 -7 -8 -9 -10 -11 14 12 -14 -15 -16 -17 -18 18 21 -21 -22 -23 -24 -25 -26 -27 27 -29 -30 -31
leaf_value=-0.048844465105995119 0.0060171670477226005 0.081195916320847633 -0.045266686880180727 -0.005765582229948581 -0.035313602182497766 -0.090729604753223739 -0.097020602739465334 -0.078882378414000587 0.076993471652535894 0.04767233151263376 -0.10034672789907129 -0.014290098558623605 0.12497637888104707 0.10123823879282703 0.0048644573657308761 0.062753157283660752 -0.068943009086895005 -0.038570424239595585 0.12825131738723514 -0.087102197158296799 0.11286395169937813 0.12903388097678448 -0.070026441403685732 -0.026646556104989162 0.085042975684081812 0.09306075482313704 0.066392992471797724 -0.05952347020331912 0.10416902151925884 0.031076996632620764
leaf_weight=61.190422810614109 330.84747469425201 13.092715948820112 77.288835667073727 63.951668977737427 23.75567460805178 17.527264438569546 12.634596362709997 5.9896721839904776 5.2523980140686026 10.388473771512507 8.015395335853098 10.56744981557131 6.2813588529825202 3.471272110939025 4.4632914662361136 9.6016907542943937 5.5867488086223593 4.8541853874921816 4.0114390403032303 18.002217367291451 4.2780232578516006 3.9999813288450232 3.9572204649448386 4.2541046589612979 4.663281872868537 8.4576161503791791 5.0108340829610798 8.6127203702926636 7.0040632635354987 163.32676537334919
leaf_count=431 1650 55 480 387 144 130 89 35 30 57 51 64 37 21 26 43 28 34 28 128 30 28 28 30 21 35 21 37 29 699
internal_value=-0.000475862 0.0181232 -0.0296875 -0.0185768 -0.0300308 -0.0477855 -0.0413622 -0.0065103 -0.00273357 -0.00755692 -0.0150637 0.0033247 0.0376295 -0.0179041 -0.0627155 0.0074272 0.00586981 -0.0346359 -0.0145832 -0.0468934 0.0323697 0.0394593 0.0101454 0.0485286 0.00711555 0.0363762 0.0339432 -0.0132106 0.0374455 0.0347965
internal_weight=910.339 556.204 354.135 219.425 127.354 134.709 117.182 50.0654 92.0712 86.8188 76.4304 44.0758 16.8488 27.2269 12.4787 350.699 341.098 104.548 43.3572 27.1344 9.13221 16.2227 12.2228 8.26554 335.511 205.505 197.047 13.6236 183.424 176.419
internal_count=4906 2618 2288 1332 781 956 826 301 551 521 464 266 101 165 77 1742 1699 737 306 192 64 114 86 58 1671 876 841 58 783 754
is_linear=0
shrinkage=0.1


Tree=10
num_leaves=31
num_cat=0
split_feature=0 0 0 91 78 82 5 16 98 61 11 13 236 99 83 0 14 53 0 95 151 9 8 86 53 139 69 5 6 99
split_gain=40.8021 7.63283 7.28886 4.57603 3.42484 4.0077 3.12958 3.49375 4.06561 3.24424 6.55953 7.33874 2.99615 3.39008 5.24742 4.06537 3.67192 4.40996 3.60383 2.91446 2.84101 2.83074 5.51175 5.90124 4.93355 4.19106 7.53418 3.72923 3.96421 3.67647
threshold=9.8631072044372576 4.7556469440460214 13.474332809448244 1.0000000180025095e-35 1.0000000180025095e-35 1.0000000180025095e-35 1.0000000180025095e-35 1.0000000180025095e-35 1.0000000180025095e-35 1.0000000180025095e-35 1.0000000180025095e-35 1.0000000180025095e-35 1.0000000180025095e-35 1.0000000180025095e-35 1.0000000180025095e-35 14.054756641387941 1.0000000180025095e-35 1.0000000180025095e-35 17.30732345581055 1.0000000180025095e-35 1.0000000180025095e-35 1.0000000180025095e-35 1.0000000180025095e-35 1.0000000180025095e-35 1.0000000180025095e-35 1.0000000180025095e-35 1.0000000180025095e-35 1.0000000180025095e-35 1.0000000180025095e-35 1.0000000180025095e-35
decision_type=2 2 2 2 2 2 2 2 2 2 2 2 2 2 2 2 2 2 2 2 2 2 2 2 2 2 2 2 2 2
left_child=1 4 21 6 5 -1 7 20 9 -9 11 -11 13 18 15 -15 17 -17 -4 -18 -3 25 27 -24 -25 -2 29 -23 -29 -27
right_child=2 3 12 -5 -6 -7 -8 8 -10 10 -12 -13 -14 14 -16 16 19 -19 -20 -21 -22 22 23 24 -26 26 -28 28 -30 -31
leaf_value=-0.032050158767805773 -0.011223252182027889 -0.031188570122185202 0.015396832719510463 -0.094203999402356436 -0.087220920696221324 -0.09350869138592767 0.00034343743463329521 -0.010386754629281703 -0.079875972022795574 0.073528118088051153 0.12277162516362564 -0.10474235778114803 0.10488584774461623 0.10610419466580451 0.1146162086041122 0.062756379198151399 0.072028739500914665 -0.024841861654854289 0.050349983288948463 -0.01554618990557809 -0.12526139525578578 0.019386848995196396 0.024539566546539517 0.19408083931239511 0.047414778878728678 -0.039130232154261792 0.15671122019812478 -0.068702713687746317 0.023656138611025598 0.073143586190745777
leaf_weight=102.19533699005842 119.25272160768509 85.03045991063118 184.77854709327221 7.0872595533728591 16.464636847376823 11.839617863297461 106.22022219002247 36.778039842844009 6.1911339759826651 4.9633716344833356 6.3039979338645926 4.318283349275589 5.0276895165443412 7.1049239039421073 9.699812099337576 8.1202312111854571 18.864372238516811 19.664252147078514 35.101529315114021 4.7587524950504294 3.3362532556056967 31.594848588109016 25.156596451997757 4.4324577748775464 4.7527499943971634 7.7926154434680956 4.2781304419040671 12.972202211618425 7.2415783554315558 4.6611204296350479
leaf_count=737 595 531 815 49 130 89 626 216 37 30 36 26 21 33 40 34 79 84 144 21 21 159 127 21 23 38 20 66 35 23
internal_value=-0.000479855 -0.0248498 0.0180004 -0.0149522 -0.0445867 -0.0384311 -0.0127333 -0.0221875 -0.00324371 0.00581677 0.0440528 -0.00941209 0.0283543 0.0270187 0.0464947 0.035202 0.0254028 0.000759405 0.0209767 0.0543872 -0.0347403 0.0043378 0.0185204 0.0495879 0.118191 -0.00464735 0.0422209 -0.00207288 -0.0356152 0.00289104
internal_weight=905.984 390.729 515.255 260.229 130.5 114.035 253.142 146.922 58.5548 52.3637 15.5857 9.28165 293.12 288.092 68.2123 58.5125 51.4076 27.7845 219.88 23.6231 88.3667 222.135 86.1504 34.3418 9.18521 135.985 16.7319 51.8086 20.2138 12.4537
internal_count=4906 2528 2378 1572 956 826 1523 897 345 308 92 56 1271 1250 291 251 218 118 959 100 552 1107 431 171 44 676 81 260 101 61
is_linear=0
shrinkage=0.1


Tree=11
num_leaves=31
num_cat=0
split_feature=1 1 31 0 67 79 138 12 16 76 67 8 91 209 184 37 194 138 126 62 0 35 7 11 15 0 61 0 139 14
split_gain=33.8254 7.36477 6.44977 8.54675 5.41168 3.84735 3.92064 4.83773 4.58734 3.34394 3.13719 3.13296 3.08984 3.06949 3.2305 3.06542 2.9969 2.96604 2.93132 2.79014 3.587 2.56848 2.59696 3.67944 3.846 3.55397 3.23641 7.79394 4.9401 4.16266
threshold=-0.0050954443868249646 0.57973989844322216 1.0000000180025095e-35 7.5277206897735605 1.0000000180025095e-35 1.0000000180025095e-35 1.0000000180025095e-35 1.0000000180025095e-35 1.0000000180025095e-35 1.0000000180025095e-35 1.0000000180025095e-35 1.0000000180025095e-35 1.0000000180025095e-35 1.0000000180025095e-35 1.0000000180025095e-35 1.0000000180025095e-35 1.0000000180025095e-35 1.0000000180025095e-35 1.0000000180025095e-35 1.0000000180025095e-35 4.0561258792877206 1.0000000180025095e-35 1.0000000180025095e-35 1.0000000180025095e-35 1.0000000180025095e-35 2.7748117446899419 1.0000000180025095e-35 3.5414099693298344 1.0000000180025095e-35 1.0000000180025095e-35
decision_type=2 2 2 2 2 2 2 2 2 2 2 2 2 2 2 2 2 2 2 2 2 2 2 2 2 2 2 2 2 2
left_child=2 -2 12 5 -5 6 7 -4 10 13 -9 -6 17 14 15 -3 -17 18 21 -19 -21 22 26 24 -24 -26 28 -28 -1 -29
right_child=1 9 3 4 11 -7 -8 8 -10 -11 -12 -13 -14 -15 -16 16 -18 19 -20 20 -22 -23 23 -25 25 -27 27 29 -30 -31
leaf_value=-0.037768839215613921 0.0045274024808089576 -0.050131033973400324 -0.059334069660498215 0.15626968958020457 -0.019009808374418943 0.059259577336309002 0.05627712842107653 0.038527006197266123 0.074972524051739917 0.10424834399215624 -0.062266550602077933 0.091676687638283197 -0.10205468662867612 -0.046666314507702873 0.080846216052329209 0.02859101476996205 -0.05164211164253879 -0.091082795375804826 0.052214226586680651 -0.11596793166925785 0.0029138018534026503 0.028080837127954048 -0.051111269567548502 -0.072461956925524817 0.10083500905336136 -0.013418915858146394 0.1366107914673049 0.013938234834081801 0.061220654777855002 -0.059117959693171351
leaf_weight=88.018162101507187 317.67532449960709 5.3013682961463919 29.580813392996788 4.7124744504690144 6.112159788608551 6.0365795195102683 5.3764024972915641 4.6746015399694452 6.2977401167154303 5.564052388072013 9.0980193465948105 4.3966926783323288 6.2954472452402106 5.7013527005910865 10.863574415445326 212.45561212301254 4.7597860693931571 15.078511148691177 4.5371159166097632 3.4331274479627618 9.7349426671862584 7.6213019192218772 32.48959593474865 30.412609994411469 3.1695675402879742 19.302738562226295 3.8940575569868079 21.278991132974625 5.3477879762649527 12.312013760209082
leaf_count=616 1594 23 181 24 34 31 31 26 36 23 55 23 50 26 45 901 21 121 30 29 72 45 225 212 23 132 28 134 34 81
internal_value=-0.000473946 0.0145704 -0.0254135 0.000186108 0.0672281 -0.0165253 -0.024839 -0.0336225 0.00427265 0.0276114 -0.0280559 0.0272992 -0.0328409 0.0258279 0.0275989 0.0249993 0.0268329 -0.031143 -0.0273622 -0.0617122 -0.0280806 -0.0289752 -0.0309862 -0.0445538 -0.0291111 0.00269583 -0.0221339 0.00268642 -0.0320989 -0.0128388
internal_weight=901.533 562.321 339.211 76.2855 15.2213 61.0642 55.0276 49.6512 20.0704 244.646 13.7726 10.5089 262.926 239.082 233.38 222.517 217.215 256.631 228.384 28.2466 13.1681 223.847 216.226 85.3745 54.9619 22.4723 130.851 37.4851 93.366 33.591
internal_count=4906 2633 2273 441 81 360 329 298 117 1039 81 57 1832 1016 990 945 922 1782 1560 222 101 1530 1485 592 380 155 893 243 650 215
is_linear=0
shrinkage=0.1


Tree=12
num_leaves=31
num_cat=0
split_feature=1 0 31 0 14 9 0 6 11 6 15 13 12 9 91 138 61 0 303 306 184 15 126 37 322 6 1 81 140 12
split_gain=27.8391 6.03905 5.40806 7.28616 4.11403 4.45153 4.22101 4.03303 3.79668 5.75469 3.78436 4.73641 3.69071 3.33947 2.8384 2.64417 2.69618 2.69673 2.61772 2.59556 3.44099 2.47827 2.38348 2.37997 2.35845 2.68518 5.98068 4.33783 4.68628 3.90055
threshold=-0.0050954443868249646 14.800821304321291 1.0000000180025095e-35 7.1540040969848642 1.0000000180025095e-35 1.0000000180025095e-35 6.4298424720764169 1.0000000180025095e-35 1.0000000180025095e-35 1.0000000180025095e-35 1.0000000180025095e-35 1.0000000180025095e-35 1.0000000180025095e-35 1.0000000180025095e-35 1.0000000180025095e-35 1.0000000180025095e-35 1.0000000180025095e-35 4.7556469440460214 1.0000000180025095e-35 1.0000000180025095e-35 1.0000000180025095e-35 1.0000000180025095e-35 1.0000000180025095e-35 1.0000000180025095e-35 1.0000000180025095e-35 1.0000000180025095e-35 0.98357290029525768 1.0000000180025095e-35 1.0000000180025095e-35 1.0000000180025095e-35
decision_type=2 2 2 2 2 2 2 2 2 2 2 2 2 2 2 2 2 2 2 2 2 2 2 2 2 2 2 2 2 2
left_child=2 18 14 4 8 -6 -7 13 9 12 11 -10 21 -5 15 22 -17 -18 -2 20 23 -4 -1 -3 25 26 27 28 29 -25
right_child=1 19 3 7 5 6 -8 -9 10 -11 -12 -13 -14 -15 -16 16 17 -19 -20 -21 -22 -23 -24 24 -26 -27 -28 -29 -30 -31
leaf_value=-0.026651551416373834 0.0060832784365202688 -0.041936303847831008 0.027180529053503228 0.047205382581410577 -0.09444186504014794 0.088937829039803434 -0.069326504870950795 0.094382815069250586 0.011536967336650387 -0.099596997775456456 -0.036321494518167304 0.15609185078724283 0.077068962022160861 -0.051883691989101532 -0.099135947516906769 -0.07476031822911261 -0.075147652884204649 0.062271643332104401 -0.073319303898599295 -0.03624833442149232 0.093460123969777917 -0.094937583783123766 0.045443682643337917 -0.0023386407347488983 0.090105027254630071 0.010646388738720312 -0.058882479572271731 0.071374172058156035 0.099073547829415326 0.047532852920327273
leaf_weight=219.69085414707661 351.31721425056458 5.032009705901145 3.2485217601060885 9.5123787075281125 12.204892486333849 3.2454024106264105 3.5053997337818146 9.8366109877824783 4.9814569205045682 7.1248529106378546 4.3139566630125037 4.1591141670942307 5.2161316275596619 5.294026881456376 5.8555022925138465 21.232466861605648 2.5385824739933005 3.2643691450357437 4.2016240805387488 6.3739944547414771 7.8527757674455634 3.4023797959089279 4.6833854317665091 37.554733619093895 5.8763640224933615 71.709395438432693 6.3398762941360465 32.689072847366333 8.1255216747522336 26.92753241956234
leaf_count=1530 1736 22 20 47 75 20 22 51 30 43 26 24 29 32 50 176 23 23 21 28 32 22 30 161 24 302 26 134 34 113
internal_value=-0.000471777 0.0130689 -0.0233842 4.46323e-05 -0.0213877 -0.058401 0.006758 0.0447498 0.000235961 -0.0285558 0.0408773 0.0773119 0.0140966 0.0117761 -0.0303096 -0.0287066 -0.0582509 0.00215565 0.00514488 0.0265816 0.0285632 -0.035291 -0.0251467 0.0259397 0.0277447 0.025746 0.0354452 0.0411246 0.0275059 0.0184875
internal_weight=897.31 564 333.31 76.0451 51.4021 18.9557 6.7508 24.643 32.4464 18.9919 13.4545 9.14057 11.867 14.8064 257.265 251.41 27.0354 5.80295 355.519 208.481 202.107 6.6509 224.374 194.255 189.222 183.346 111.637 105.297 72.6078 64.4823
internal_count=4906 2633 2273 441 311 117 42 130 194 114 80 54 71 79 1832 1782 222 46 1757 876 848 42 1560 816 794 770 468 442 308 274
is_linear=0
shrinkage=0.1


Tree=13
num_leaves=31
num_cat=0
split_feature=0 0 103 102 81 6 15 5 13 0 92 16 93 13 56 6 14 5 7 0 12 0 193 68 1 26 0 64 13 26
split_gain=23.1647 7.86338 4.54869 3.286 3.00798 4.13177 4.69538 5.36218 5.27391 3.65991 2.91109 3.68085 3.00655 5.30424 3.60679 6.3114 2.89679 6.91815 6.07789 5.82197 7.74641 7.00409 5.55291 4.33179 4.64293 4.01567 3.8522 6.97561 5.63488 3.5533
threshold=12.262833595275881 4.7556469440460214 1.0000000180025095e-35 1.0000000180025095e-35 1.0000000180025095e-35 1.0000000180025095e-35 1.0000000180025095e-35 1.0000000180025095e-35 1.0000000180025095e-35 2.5407255887985234 1.0000000180025095e-35 1.0000000180025095e-35 1.0000000180025095e-35 1.0000000180025095e-35 1.0000000180025095e-35 1.0000000180025095e-35 1.0000000180025095e-35 1.0000000180025095e-35 1.0000000180025095e-35 14.109513759613039 1.0000000180025095e-35 13.600273609161379 1.0000000180025095e-35 1.0000000180025095e-35 0.9397673010826112 1.0000000180025095e-35 15.585215568542482 1.0000000180025095e-35 1.0000000180025095e-35 1.0000000180025095e-35
decision_type=2 2 2 2 2 2 2 2 2 2 2 2 2 2 2 2 2 2 2 2 2 2 2 2 2 2 2 2 2 2
left_child=1 3 10 4 5 -1 9 8 -8 -7 12 -12 16 -14 -15 -16 18 19 23 20 21 -18 -20 24 -2 -22 27 -25 29 -28
right_child=2 -3 -4 -5 -6 6 7 -9 -10 -11 11 -13 13 14 15 -17 17 -19 22 -21 25 -23 -24 26 -26 -27 28 -29 -30 -31
leaf_value=-0.048009060393805508 0.034119416166565449 -0.0074084756253555558 0.1063424296574994 0.043693722514016306 -0.058489922237985797 0.045006963168868111 0.1602647433172345 -0.056071992915286452 -0.011936832093192585 -0.056598986466977488 0.10791620070320158 0.0012816986626481071 -0.039417523804804955 -0.03788849471754261 0.004009480829009743 0.15571648965733464 0.23250908632975451 9.6935412537627505e-05 -0.016670292603249568 0.03324839234397739 0.096691890338963457 0.062543993184839108 0.094599670018329418 0.0036690455123819829 0.1170656025972914 -0.036734603009767004 -0.0059279630304376408 0.11280740920076865 0.029939740531635992 -0.11487608415995128
leaf_weight=37.090417467057705 46.634350523352623 395.26167607307434 5.7879277616739264 4.8935649618506423 49.886116802692413 4.8670970574021366 4.9898834824562091 3.1363995522260666 2.7634962275624275 13.052112713456152 7.6824680119752866 5.5942647159099579 24.687282472848892 4.8773410320281991 6.8384942561388016 4.5781881064176559 5.549312636256218 47.145391643047333 75.69793513417244 59.731557995080948 4.5133193135261536 4.3058113604784012 4.7674894481897345 26.384314075112343 7.8901545703411093 4.5093156695365906 5.0422450453042984 7.5270927697420111 10.116689369082451 7.3679769039154053
leaf_count=287 205 2293 25 36 416 36 36 23 20 102 33 24 118 24 33 21 26 205 332 252 21 20 20 119 32 21 21 32 42 31
internal_value=-0.000459468 -0.01423 0.0183746 -0.0365724 -0.0399648 -0.0259412 0.00247033 0.0542574 0.0988878 -0.0290015 0.0170038 0.0629848 0.0152994 -0.0101897 0.0340937 0.0648453 0.0185927 0.0303835 0.0108469 0.0485477 0.0969565 0.158249 -0.0100777 0.0260206 0.0461224 0.0300082 0.00660037 0.0278938 -0.0254542 -0.0706107
internal_weight=893.17 515.941 377.229 120.679 115.786 65.8994 28.809 10.8898 7.75338 17.9192 371.441 13.2767 358.164 40.9813 16.294 11.4167 317.183 125.755 191.428 78.6093 18.8778 9.85512 80.4654 110.963 54.5245 9.02263 56.4383 33.9114 22.5269 12.4102
internal_count=4906 3249 1657 956 920 504 217 79 56 138 1632 57 1575 196 78 54 1379 545 834 340 88 46 352 482 237 42 245 151 94 52
is_linear=0
shrinkage=0.1


Tree=14
num_leaves=31
num_cat=0
split_feature=1 0 176 67 0 6 0 94 84 140 11 5 0 139 0 0 21 57 0 8 139 45 6 0 7 0 26 45 0 9
split_gain=19.5814 6.04645 4.09973 2.79299 3.81599 11.1596 4.25921 7.11789 5.32229 4.73431 3.45538 5.60876 5.03981 4.01967 5.33654 3.69675 3.46933 4.49443 3.87503 3.43847 4.12079 5.06672 4.60255 3.14794 3.28302 2.97431 3.27981 6.26507 3.28917 4.24821
threshold=-0.20009126514196393 13.474332809448244 1.0000000180025095e-35 1.0000000180025095e-35 8.0082135200500506 1.0000000180025095e-35 12.643394947052004 1.0000000180025095e-35 1.0000000180025095e-35 1.0000000180025095e-35 1.0000000180025095e-35 1.0000000180025095e-35 12.581793308258058 1.0000000180025095e-35 9.9780974388122576 12.921286582946779 1.0000000180025095e-35 1.0000000180025095e-35 12.746064186096193 1.0000000180025095e-35 1.0000000180025095e-35 1.0000000180025095e-35 1.0000000180025095e-35 11.190965175628664 1.0000000180025095e-35 12.881587982177736 1.0000000180025095e-35 1.0000000180025095e-35 8.9486651420593279 1.0000000180025095e-35
decision_type=2 2 2 2 2 2 2 2 2 2 2 2 2 2 2 2 2 2 2 2 2 2 2 2 2 2 2 2 2 2
left_child=-1 2 3 4 5 -2 8 -8 9 19 11 13 -13 15 -15 -5 17 18 23 20 21 -6 -23 24 -12 26 28 -28 -19 -30
right_child=1 -3 -4 10 6 -7 7 -9 -10 -11 16 12 -14 14 -16 -17 -18 25 -20 -21 -22 22 -24 -25 -26 -27 27 -29 29 -31
leaf_value=-0.02506182958203822 -0.0057307551398259621 0.019023557279439947 -0.071411351161387193 -0.03819996143943169 -0.062859130697864612 0.17577317352610278 0.063200606305460982 -0.076031844224047559 0.072973546453475105 -0.079044721669864218 0.015352064201732511 0.021653451966362116 -0.065541341464711106 -0.060188462697011086 0.083083337224469811 -0.1414187482161933 0.073733756479395396 -0.097223289175728714 0.053742096591545552 0.020829714129772255 0.062018635730830968 -0.030419988172916274 0.066976084601627864 -0.11932387513161589 -0.090371509327325489 -0.056648576749894375 0.021315133537289949 0.13025138908014805 -0.02911310950402568 0.089541495017253558
leaf_weight=237.09881240874529 9.3064403384923917 297.05803909897804 7.9278535097837439 58.158421352505684 22.619260720908642 5.3261439502239218 23.327669560909275 4.3576053231954566 8.4789116978645307 8.9237886220216733 7.3018212914466911 43.958101257681847 7.8058738857507697 4.5216296389698964 6.116691067814827 3.6899302154779425 7.7404942736029616 3.2909134775400188 4.0172113329172126 36.301910541951656 5.469249725341796 13.162796601653101 7.6845338493585578 5.3225598335266104 4.9137264639139175 4.5962893962860099 21.191849097609524 7.0309121161699286 8.1655464768409711 4.7859997898340216
leaf_count=1759 52 1271 43 317 124 27 110 21 43 48 40 235 38 28 29 18 44 20 19 193 28 68 38 27 28 22 116 35 41 24
internal_value=-0.000449386 0.00849332 -0.00030596 0.00131593 0.0119139 0.0603352 0.0064773 0.0412857 -0.0029116 -0.00974478 -0.00626652 -0.0166373 0.0085047 -0.0345916 0.0221882 -0.0443581 0.0101783 0.00321184 -0.0348488 -0.00248957 -0.0197884 -0.0300819 0.00548118 -0.0551411 -0.0271754 0.0199339 0.0278501 0.0484536 -0.00795029 0.0147335
internal_weight=889.651 652.552 355.494 347.566 144.958 14.6326 130.326 27.6853 102.64 94.1615 202.608 124.251 51.764 72.4867 10.6383 61.8484 78.3573 70.6168 21.5553 85.2378 48.9358 43.4666 20.8473 17.5381 12.2155 49.0615 44.4652 28.2228 16.2425 12.9515
internal_count=4906 3147 1876 1833 752 79 673 131 542 499 1081 665 273 392 57 335 416 372 114 451 258 230 106 95 68 258 236 151 85 65
is_linear=0
shrinkage=0.1


Tree=15
num_leaves=31
num_cat=0
split_feature=1 31 0 0 102 21 0 1 13 81 99 53 1 15 236 153 1 99 1 9 9 91 9 10 81 8 8 176 61 0
split_gain=16.3518 4.04626 5.26564 3.72426 4.46327 4.96009 3.64232 3.53247 5.12858 3.50787 4.58994 7.86156 3.8898 5.74361 3.08027 3.94735 2.93911 3.43595 3.42846 2.89796 2.85176 2.80649 2.72895 2.51422 3.07543 2.47736 2.35694 2.86698 3.18221 3.74298
threshold=1.0000000180025095e-35 1.0000000180025095e-35 7.1540040969848642 15.868583202362062 1.0000000180025095e-35 1.0000000180025095e-35 6.8391511440277108 -0.26367023587226862 1.0000000180025095e-35 1.0000000180025095e-35 1.0000000180025095e-35 1.0000000180025095e-35 0.97049206495285045 1.0000000180025095e-35 1.0000000180025095e-35 1.0000000180025095e-35 0.73214691877365123 1.0000000180025095e-35 0.72499811649322521 1.0000000180025095e-35 1.0000000180025095e-35 1.0000000180025095e-35 1.0000000180025095e-35 1.0000000180025095e-35 1.0000000180025095e-35 1.0000000180025095e-35 1.0000000180025095e-35 1.0000000180025095e-35 1.0000000180025095e-35 3.6783025264739995
decision_type=2 2 2 2 2 2 2 2 2 2 2 2 2 2 2 2 2 2 2 2 2 2 2 2 2 2 2 2 2 2
left_child=1 21 6 14 5 9 7 -3 -9 12 11 -11 -5 -14 15 16 18 25 -2 -7 -13 26 23 24 -4 -18 27 28 -1 -30
right_child=3 2 22 4 -6 19 -8 8 -10 10 -12 20 13 -15 -16 -17 17 -19 -20 -21 -22 -23 -24 -25 -26 -27 -28 -29 29 -31
leaf_value=-0.043390917513722815 0.0037463595527152081 -0.019891621077408682 0.077722391374577648 0.0041667469963365782 -0.042381129000739398 0.045406333938145388 -0.067904860798914432 0.11908936001241009 -0.026403626462195174 -0.041488863181106159 0.12751003291254026 0.12084778382014415 0.12989148418442537 -0.011975465067922561 0.079589652734808822 0.067788780454320366 -0.092927585723127759 0.031783951382272656 0.092487975892624225 0.14833401875166916 0.032352411049333611 -0.096047766945981397 -0.0075877541454407327 0.11473471044669153 -0.031329952250163828 -0.0075255485349227241 -0.011299241719751779 0.059823084672878717 0.057701349007662009 -0.023620115491286408
leaf_weight=97.086236670613289 389.48051427304745 29.145806118845936 6.4197382330894488 72.94018217921257 9.3347409218549711 5.8586743474006635 10.897978536784647 5.0831905901432055 4.6291292160749435 8.9813081771135366 6.4157202094793311 7.4269775003194809 6.3992711305618268 5.1508346050977707 5.5055878013372412 9.5734984129667264 8.9197974056005496 5.6199116855859748 4.4027680158615103 5.1312408596277237 7.1442282199859619 5.3721562251448622 8.2537918314337748 5.968078449368476 4.3304826617240906 5.4855573773384085 100.92949067056179 3.370225988328456 6.7827502340078345 34.188645243644714
leaf_count=743 1888 183 32 308 39 24 74 28 26 37 26 30 26 21 24 42 39 23 18 21 29 50 50 27 21 23 738 27 52 237
internal_value=-0.000444381 -0.0184051 0.0019905 0.00982855 0.0243287 0.0292927 -0.0168151 -0.00248672 0.0497438 0.0231312 0.052526 0.0321003 0.012705 0.0666251 0.00527275 0.00430658 0.00283827 -0.0345341 0.0047383 0.0934637 0.0774587 -0.0245575 0.0394601 0.0626876 0.0337931 -0.0604065 -0.0229728 -0.0313037 -0.0335282 -0.0101575
internal_weight=886.229 322.458 74.7282 563.771 134.783 125.448 49.7561 38.8581 9.71232 114.459 29.9682 23.5525 84.4903 11.5501 428.988 423.482 413.909 20.0253 393.883 10.9899 14.5712 247.73 24.9721 16.7183 10.7502 14.4054 242.357 141.428 138.058 40.9714
internal_count=4906 2288 441 2618 561 522 311 237 54 477 122 96 355 47 2057 2033 1991 85 1906 45 59 1847 130 80 53 62 1797 1059 1032 289
is_linear=0
shrinkage=0.1


Tree=16
num_leaves=31
num_cat=0
split_feature=1 31 0 268 1 299 92 102 81 57 0 13 0 67 10 138 11 81 67 61 14 13 1 91 81 8 138 62 0 10
split_gain=13.4226 3.39504 4.2908 3.24291 3.28049 4.94785 3.55189 5.26402 3.62254 8.48649 3.44138 3.87986 3.66004 3.14547 3.04147 7.41339 4.30497 4.24835 3.14215 2.92433 2.7696 4.85933 2.87275 2.54367 2.47753 2.39612 2.24783 2.60673 3.32077 2.62173
threshold=-0.0050954443868249646 1.0000000180025095e-35 7.5277206897735605 1.0000000180025095e-35 0.80591678619384777 1.0000000180025095e-35 1.0000000180025095e-35 1.0000000180025095e-35 1.0000000180025095e-35 1.0000000180025095e-35 17.548254966735843 1.0000000180025095e-35 17.433264732360843 1.0000000180025095e-35 1.0000000180025095e-35 1.0000000180025095e-35 1.0000000180025095e-35 1.0000000180025095e-35 1.0000000180025095e-35 1.0000000180025095e-35 1.0000000180025095e-35 1.0000000180025095e-35 0.825994372367859 1.0000000180025095e-35 1.0000000180025095e-35 1.0000000180025095e-35 1.0000000180025095e-35 1.0000000180025095e-35 4.0561258792877206 1.0000000180025095e-35
decision_type=2 2 2 2 2 2 2 2 2 2 2 2 2 2 2 2 2 2 2 2 2 2 2 2 2 2 2 2 2 2
left_child=1 23 14 4 -2 6 7 8 10 -10 12 25 20 -4 15 18 19 -18 -3 24 22 -22 -6 26 -16 -12 -1 -28 -29 -30
right_child=3 2 13 -5 5 -7 -8 -9 9 -11 11 -13 -14 -15 16 -17 17 -19 -20 -21 21 -23 -24 -25 -26 -27 27 28 29 -31
leaf_value=-0.017902216429178375 0.0058852074326030514 -0.010977172559541053 0.11128576967061299 -0.056761097428450702 0.055299173178918387 0.11767475466383991 0.099582372307003439 -0.065370608129312266 -0.018999993402459101 0.10482488511430069 -0.033415340708028776 0.10898389890546623 -0.080231236898866812 0.016832890247184214 0.050435776524119215 0.087979565682363689 -0.0058248073903897774 0.12952825452457559 -0.077334477709493712 -0.098223637745179726 0.079284350505076456 -0.027077623981850853 -0.029212071187987937 -0.093318262533421181 -0.041201262578996527 0.059900200141736804 -0.081830797756629867 -0.11209291143867395 -0.029856641095306741 0.080257834788914004
leaf_weight=211.8509349450469 449.93145240843296 12.465079873800279 5.2145223319530496 7.4487689137458792 4.9359847158193615 5.4954646825790396 5.3596129566431037 7.3579499721527091 9.0659932196140289 14.210946708917618 5.6126536130905169 6.6692489683628073 5.4074309468269339 10.886926010251045 6.1713604480028135 4.5730262994766226 4.1882232949137688 5.1955548673868179 16.691071860492229 3.4321650117635736 10.863043919205667 7.1046886891126624 21.728157371282578 4.9958723485469809 5.6528860032558441 5.3983071744441986 12.505832843482494 2.7812125608325013 5.589643828570841 3.5262608081102371
leaf_count=1560 2145 75 24 33 21 23 22 31 37 58 23 27 22 57 40 26 27 28 108 22 46 30 93 50 34 22 121 29 44 28
internal_value=-0.000421445 -0.0169445 0.00171979 0.00878569 0.00965889 0.0252061 0.0203065 0.0159865 0.022565 0.0565971 0.0108673 0.0487919 -0.00253245 0.0474219 -0.0108873 -0.0303978 0.01582 0.0691167 -0.0489649 -0.0169613 0.00688124 0.0372274 -0.0135676 -0.0227059 0.00662633 0.0123342 -0.0212128 -0.0499527 -0.0164437 0.0127384
internal_weight=882.31 315.721 74.4708 566.59 559.141 109.209 103.714 98.3544 90.9965 23.2769 67.7195 17.6802 50.0393 16.1014 58.3694 33.7292 24.6402 9.38378 29.1562 15.2564 44.6319 17.9677 26.6641 241.25 11.8242 11.011 236.254 24.403 11.8971 9.1159
internal_count=4906 2273 441 2633 2600 455 432 410 379 95 284 72 212 81 360 209 151 55 183 96 190 76 114 1832 74 45 1782 222 101 72
is_linear=0
shrinkage=0.1


Tree=17
num_leaves=31
num_cat=0
split_feature=0 0 103 1 138 102 13 26 24 176 73 58 105 0 0 9 11 39 6 12 1 140 61 0 0 14 7 60 7 16
split_gain=11.3701 4.65476 3.53503 3.02189 3.94808 3.83102 3.55734 4.03039 2.42724 2.39485 2.58788 4.25151 4.41682 5.64851 6.64475 4.72761 3.44616 13.3377 4.84635 3.95938 4.33326 3.09433 5.15427 2.93644 10.6082 3.5896 2.86799 2.83985 2.89343 4.21457
threshold=12.262833595275881 4.7556469440460214 1.0000000180025095e-35 -0.51950716972351063 1.0000000180025095e-35 1.0000000180025095e-35 1.0000000180025095e-35 1.0000000180025095e-35 1.0000000180025095e-35 1.0000000180025095e-35 1.0000000180025095e-35 1.0000000180025095e-35 1.0000000180025095e-35 5.542778968811036 5.845311403274537 1.0000000180025095e-35 1.0000000180025095e-35 1.0000000180025095e-35 1.0000000180025095e-35 1.0000000180025095e-35 0.11171952262520791 1.0000000180025095e-35 1.0000000180025095e-35 10.965092182159426 10.444900512695314 1.0000000180025095e-35 1.0000000180025095e-35 1.0000000180025095e-35 1.0000000180025095e-35 1.0000000180025095e-35
decision_type=2 2 2 2 2 2 2 2 2 2 2 2 2 2 2 2 2 2 2 2 2 2 2 2 2 2 2 2 2 2
left_child=1 3 -2 4 5 8 -5 -8 -1 10 11 27 13 15 -15 -13 23 19 -19 20 26 -12 -23 24 -16 -25 -18 28 -3 -30
right_child=2 9 -4 6 -6 -7 7 -9 -10 -11 21 12 -14 14 16 -17 17 18 -20 -21 -22 22 -24 25 -26 -27 -28 -29 29 -31
leaf_value=-0.11615487354802781 0.011438532212712023 0.0047971908770344761 0.089515032357272595 -0.10525350387612582 -0.080996524953103721 0.081491694885981319 0.093262996661754402 -0.068690110872929477 -0.016032136854435705 -0.057880101074325396 -0.0090574193442556714 0.02118094755104407 0.10110174192251452 -0.11852477478737206 -0.011981054755077736 0.16513528998647872 0.11917381132951682 0.052788602806631849 0.16509035727201282 -0.077151576579128078 -0.064839840288182807 0.011337342880228491 -0.099938348198029367 -0.088622309813513767 0.14689988779936894 0.015029393630495406 -0.0066980887979162587 -0.099429589686299655 -0.050369373063710324 0.011134383052175338
leaf_weight=2.4984482750296584 373.39086452126503 76.964613646268845 5.8904797434806815 10.015724219381811 9.9508783072233182 3.9699705466628066 2.3832894787192336 4.3255004733800888 78.40851729363203 8.4222470670938474 130.60412833839655 4.9761391282081586 5.971659615635871 4.162754498422145 31.875425167381763 4.2126894295215607 4.0251562446355837 8.4023321121931058 7.0813466757535926 7.5376552566885939 4.2035817801952362 7.069140426814557 10.124191097915173 7.9834160059690458 4.8406056910753241 5.7457970529794693 3.2895283252000809 3.4267257377505294 28.928715325891972 18.120731703937054
leaf_count=21 1632 464 25 89 111 29 20 39 647 51 757 37 34 32 187 31 24 44 34 44 22 43 60 40 24 28 20 21 187 109
internal_value=-0.000402535 -0.010314 0.0126511 -0.0283165 -0.0214044 -0.0144179 -0.0675079 -0.0111565 -0.019124 -0.00513782 -0.00396745 0.00262678 0.017598 0.0125271 0.00483253 0.0871779 0.0108749 0.0352108 0.104149 -0.0208041 0.0160701 -0.0143073 -0.0541867 -0.00578785 0.00896565 -0.0452432 0.0625672 -0.00962692 -0.00714551 -0.0266817
internal_weight=878.802 499.521 379.281 111.552 94.8278 84.8769 16.7245 6.70879 80.907 387.969 379.546 231.749 104.308 98.3364 89.1476 9.18883 84.9848 34.5396 15.4837 19.0559 11.5183 147.797 17.1933 50.4452 36.716 13.7292 7.31468 127.441 124.014 47.0494
internal_count=4906 3249 1657 956 808 697 148 59 668 2293 2242 1382 601 567 499 68 467 188 78 110 66 860 103 279 211 68 44 781 760 296
is_linear=0
shrinkage=0.1


Tree=18
num_leaves=31
num_cat=0
split_feature=1 291 0 184 236 0 99 1 92 102 21 220 118 268 0 30 40 15 0 0 81 57 8 91 67 51 57 68 61 5
split_gain=9.46692 4.92044 3.1441 3.97502 2.84981 2.75511 3.97432 3.06085 2.6742 3.80279 4.72902 2.40143 2.11144 2.16386 2.44351 2.094 2.19922 4.29456 3.46361 3.41167 2.25593 4.57405 2.09186 1.9104 1.84373 5.49554 3.37572 4.0333 2.34487 4.09096
threshold=-0.20009126514196393 1.0000000180025095e-35 15.868583202362062 1.0000000180025095e-35 1.0000000180025095e-35 15.585215568542482 1.0000000180025095e-35 0.72499811649322521 1.0000000180025095e-35 1.0000000180025095e-35 1.0000000180025095e-35 1.0000000180025095e-35 1.0000000180025095e-35 1.0000000180025095e-35 15.368925571441652 1.0000000180025095e-35 1.0000000180025095e-35 1.0000000180025095e-35 17.229294776916507 17.30732345581055 1.0000000180025095e-35 1.0000000180025095e-35 1.0000000180025095e-35 1.0000000180025095e-35 1.0000000180025095e-35 1.0000000180025095e-35 1.0000000180025095e-35 1.0000000180025095e-35 1.0000000180025095e-35 1.0000000180025095e-35
decision_type=2 2 2 2 2 2 2 2 2 2 2 2 2 2 2 2 2 2 2 2 2 2 2 2 2 2 2 2 2 2
left_child=23 2 4 8 5 7 22 12 9 10 11 15 13 14 -2 -4 17 18 -17 -19 24 -22 -7 -1 25 -18 -27 -28 29 -26
right_child=1 -3 3 -5 -6 6 -8 -9 -10 -11 -12 -13 -14 -15 -16 16 20 19 -20 -21 21 -23 -24 -25 28 26 27 -29 -30 -31
leaf_value=-0.01694928112034606 0.0023553482619037874 0.11376634819915771 -0.044661176843678527 0.087829514817909571 0.069651051926802862 -0.091914035895534596 0.034543674634153046 0.08983469003775775 0.074340499460810422 -0.0537791423313176 0.10720318667427907 -0.051183490657225328 0.066362310366072583 -0.066058125444720325 -0.054076727616153744 0.009127769510817129 -0.074818947470583527 0.035057601929865977 0.10172494208257728 -0.070542812328118806 -0.028908943152245622 0.095840340337477264 -0.015002641029707511 -0.088295700190703194 -0.0025679750609254467 0.095664258052701109 -0.044026647041578958 0.066361960909862613 0.022261536864138256 -0.10462364996476824
leaf_weight=219.6910046339035 466.03167233616114 4.184579372406005 5.6001274138689032 7.8163081109523764 6.0507251769304267 9.2149359434843081 5.8966026455163947 3.9476818591356269 7.0148876160383216 8.4685750156640989 5.3792265355586997 5.851003184914588 4.9553654342889777 4.7995474413037291 7.8013838082551947 6.0253426432609585 5.2155537158250835 8.3376071900129336 12.256924137473105 4.8327060490846625 4.9018583893775922 7.3406482040882111 5.7385187596082678 3.8182396367192259 9.811948239803316 7.1356635689735421 6.720316469669342 6.5221676826477051 8.1386555731296557 6.5497324317693701
leaf_count=1719 2358 18 24 32 27 41 24 16 29 36 22 24 23 24 33 25 22 35 51 20 20 30 24 40 42 30 28 27 34 28
internal_value=-0.000405934 0.00567799 0.00498038 0.0186289 0.00142736 0.000615376 -0.0349824 0.00213776 0.0143396 0.0108052 0.0157496 0.011075 0.00142186 0.00074952 0.00142623 0.0147402 0.018287 0.0398446 0.0712074 -0.00369134 0.00740985 0.0458911 -0.0623986 -0.0181681 -0.00199461 0.0167759 0.0402185 0.0103418 -0.0216028 -0.0434218
internal_weight=876.05 652.54 648.356 133.919 514.436 508.386 20.8501 487.536 126.103 119.088 110.619 105.24 483.588 478.633 473.833 99.3893 93.7891 31.4526 18.2823 13.1703 62.3365 12.2425 14.9535 223.509 50.094 25.5937 20.3781 13.2425 24.5003 16.3617
internal_count=4906 3147 3129 559 2570 2543 89 2454 527 498 462 440 2438 2415 2391 416 392 131 76 55 261 50 65 1759 211 107 85 55 104 70
is_linear=0
shrinkage=0.1


Tree=19
num_leaves=31
num_cat=0
split_feature=0 0 100 104 78 82 24 1 102 6 5 0 15 14 54 0 73 12 26 10 83 268 209 191 6 7 14 82 12 0
split_gain=8.12848 3.47085 2.97079 3.15205 2.76931 3.95022 2.76618 2.98727 3.60768 2.93523 3.32922 4.95798 8.1536 6.52741 3.48385 3.14344 2.74065 2.51967 2.29314 2.23182 2.90897 2.16119 2.22742 2.29233 4.52963 2.69763 6.25319 9.28312 6.19641 4.68881
threshold=12.262833595275881 4.7556469440460214 1.0000000180025095e-35 1.0000000180025095e-35 1.0000000180025095e-35 1.0000000180025095e-35 1.0000000180025095e-35 -0.51387938857078541 1.0000000180025095e-35 1.0000000180025095e-35 1.0000000180025095e-35 3.0266940593719487 1.0000000180025095e-35 1.0000000180025095e-35 1.0000000180025095e-35 3.9917863607406621 1.0000000180025095e-35 1.0000000180025095e-35 1.0000000180025095e-35 1.0000000180025095e-35 1.0000000180025095e-35 1.0000000180025095e-35 1.0000000180025095e-35 1.0000000180025095e-35 1.0000000180025095e-35 1.0000000180025095e-35 1.0000000180025095e-35 1.0000000180025095e-35 1.0000000180025095e-35 14.97056818008423
decision_type=2 2 2 2 2 2 2 2 2 2 2 2 2 2 2 2 2 2 2 2 2 2 2 2 2 2 2 2 2 2
left_child=1 4 21 -4 5 6 -1 8 9 15 11 13 -13 -11 -12 19 17 -17 -7 20 -8 22 23 25 -25 -2 -27 28 29 -28
right_child=2 -3 3 -5 -6 18 7 -9 -10 10 14 12 -14 -15 -16 16 -18 -19 -20 -21 -22 -23 -24 24 -26 26 27 -29 -30 -31
leaf_value=-0.11584363092672488 0.016401674792310944 -0.004403032763559871 0.092855116678344812 0.0018977819315409495 -0.070073744063087459 -0.0038551206637004089 -0.033041026825422558 -0.06223369518010257 0.093115349353884921 0.016940823883626839 -0.064828785247495899 -0.095229715675613266 0.084568360623028929 0.18373141245283811 0.055215850520084889 0.054441908925776883 0.11396515571400696 -0.079201040320296845 -0.11324132317892682 -0.070703389716394227 0.082553009034816868 -0.050083502471965503 -0.051089953233812907 -0.004106458395870905 0.11528762345267292 -0.018970609280727937 0.10009442720412574 -0.10377097195579116 -0.014087888414633301 0.022065154134325263
leaf_weight=2.5104581117629996 206.82546885311604 385.60515147447586 8.8001231998205167 6.7187477052211753 11.958456035703419 2.7116450592875463 15.75249705463648 9.4681015759706479 3.7400037795305243 5.1829379275441188 7.8117734864354151 5.2149462476372701 4.8846544846892357 4.2872741594910622 3.5010164529085159 2.9349870309233648 2.6182755529880524 2.71647609770298 6.5356130674481392 13.476965568959715 2.5261740610003462 6.1281308084726325 5.9069233536720267 6.706259608268736 6.0390129387378693 81.808193862438202 17.151739627122883 4.9884108304977408 14.498808234930037 13.976254075765608
leaf_count=22 903 2293 36 28 130 25 137 85 27 41 67 48 36 32 30 25 23 23 64 119 22 27 27 28 25 361 77 23 63 59
internal_value=-0.000375264 -0.00883815 0.010627 0.053476 -0.024698 -0.0190382 -0.0124063 -0.00931916 -0.00260766 -0.00765652 0.0155059 0.0404694 -0.00827069 0.0924488 -0.0276781 -0.0255281 0.029388 -0.00979595 -0.0811652 -0.0398292 -0.0170655 0.00880036 0.00980859 0.0108305 0.0524653 0.00926637 -0.00187791 0.0257486 0.0399091 0.0650598
internal_weight=872.985 493.437 379.548 15.5189 107.832 95.8738 86.6265 84.1161 74.648 70.908 30.8826 19.5698 10.0996 9.47021 11.3128 40.0254 8.26974 5.65146 9.24726 31.7556 18.2787 364.029 357.901 351.994 12.7453 339.249 132.423 50.6152 45.6268 31.128
internal_count=4906 3249 1657 64 956 826 737 715 630 603 254 157 84 73 97 349 71 48 89 278 159 1593 1566 1539 53 1486 583 222 199 136
is_linear=0
shrinkage=0.1


Tree=20
num_leaves=31
num_cat=0
split_feature=1 291 99 26 0 5 139 12 79 135 67 7 9 14 16 55 16 79 78 82 24 1 102 83 6 0 5 0 15 14
split_gain=6.72949 3.523 3.16693 3.72114 2.61508 2.57849 3.87938 3.28623 7.18362 2.81643 6.32323 6.30755 6.74239 3.8394 2.81949 4.86893 2.81144 4.28283 2.45106 3.50089 2.49389 2.54996 2.76795 2.39677 2.38883 2.66945 2.62737 3.67265 6.74942 4.29421
threshold=1.0000000180025095e-35 1.0000000180025095e-35 1.0000000180025095e-35 1.0000000180025095e-35 4.7556469440460214 1.0000000180025095e-35 1.0000000180025095e-35 1.0000000180025095e-35 1.0000000180025095e-35 1.0000000180025095e-35 1.0000000180025095e-35 1.0000000180025095e-35 1.0000000180025095e-35 1.0000000180025095e-35 1.0000000180025095e-35 1.0000000180025095e-35 1.0000000180025095e-35 1.0000000180025095e-35 1.0000000180025095e-35 1.0000000180025095e-35 1.0000000180025095e-35 -0.51387938857078541 1.0000000180025095e-35 1.0000000180025095e-35 1.0000000180025095e-35 4.2108144760131845 1.0000000180025095e-35 3.0266940593719487 1.0000000180025095e-35 1.0000000180025095e-35
decision_type=2 2 2 2 2 2 2 2 2 2 2 2 2 2 2 2 2 2 2 2 2 2 2 2 2 2 2 2 2 2
left_child=2 -2 4 -4 18 7 9 16 -9 14 -11 12 13 -12 23 -16 17 -6 19 20 -1 22 24 -7 25 -22 27 29 -29 -26
right_child=1 -3 3 -5 5 6 -8 8 -10 10 11 -13 -14 -15 15 -17 -18 -19 -20 -21 21 -23 -24 -25 26 -27 -28 28 -30 -31
leaf_value=-0.11413116639684739 0.0054115045617673498 0.096723880254424049 -0.12258735226248106 -0.008851953921792376 -0.060805859937993235 0.024790011193422268 0.079762789292625424 0.021602711095201097 -0.10475021544875401 -0.079823107101222743 0.068239830525316625 -0.068458146135286294 0.15776954994647716 -0.07144859883350492 0.062846049740288207 -0.0483991643207414 -0.0045692237519152175 0.045472537118396002 -0.066880297832854735 -0.07810963477389074 -0.030526660816333685 -0.058821500145927554 0.078656291572086465 0.10035222434770399 0.015059056282262768 0.073798276764162604 -0.025547457938999769 -0.092488193557674236 0.071784384568115131 0.1457457563961064
leaf_weight=2.3038865253329268 560.33408682048321 4.2573654055595389 5.560583367943762 5.9597785547375679 30.129009172320366 22.417061328887943 7.2787592634558669 39.483287177979946 5.0783202052116385 11.229115910828115 4.152736075222494 5.9828713387250891 4.2933296486735344 3.7394101694226265 5.8445418775081643 12.037612617015839 27.52537452429533 4.3376597464084616 11.310670949518679 8.6884525939822179 36.672642044723034 9.0384417399764043 3.9711230173706999 5.1649155467748633 5.244097553193571 2.628507748246192 11.091983385384085 4.8514314070343953 5.1627700254321098 4.8301944509148598
leaf_count=22 2600 18 38 38 225 135 47 268 36 78 28 46 30 26 31 72 178 25 130 89 327 85 27 31 41 22 97 48 36 32
internal_value=-0.000372584 0.00610006 -0.0123147 -0.0637491 -0.0103026 -0.00324658 0.0100675 -0.0135101 0.00720331 0.003291 -0.0208302 0.0156309 0.0569172 0.00205348 0.018888 -0.0120402 -0.0283995 -0.0474306 -0.0228877 -0.0176213 -0.0114957 -0.00866354 -0.00257444 0.0389396 -0.0071512 -0.0235493 0.0135176 0.0350876 -0.00779831 0.0777178
internal_weight=870.6 564.591 306.009 11.5204 294.488 188.694 82.1404 106.554 44.5616 74.8616 29.3975 18.1683 12.1855 7.89215 45.4641 17.8822 61.992 34.4667 105.794 94.4835 85.7951 83.4912 74.4527 27.582 70.4816 39.3011 31.1805 20.0885 10.0142 10.0743
internal_count=4906 2618 2288 76 2212 1256 524 732 304 477 208 130 84 54 269 103 428 250 956 826 737 715 630 166 603 349 254 157 84 73
is_linear=0
shrinkage=0.1


Tree=21
num_leaves=31
num_cat=0
split_feature=0 103 0 78 82 26 306 186 176 8 79 23 61 5 85 31 113 139 16 61 86 7 13 5 83 83 132 11 0 0
split_gain=5.83531 2.43252 2.40996 2.1667 3.09237 2.33139 2.13557 2.58415 2.05384 2.38335 4.68314 4.15296 4.09247 3.93865 3.48801 3.29448 4.24654 3.71916 10.3505 4.7231 4.18292 3.64024 3.0665 6.58894 9.44293 6.03311 5.46039 7.25566 3.18324 2.70664
threshold=12.262833595275881 1.0000000180025095e-35 4.7556469440460214 1.0000000180025095e-35 1.0000000180025095e-35 1.0000000180025095e-35 1.0000000180025095e-35 1.0000000180025095e-35 1.0000000180025095e-35 1.0000000180025095e-35 1.0000000180025095e-35 1.0000000180025095e-35 1.0000000180025095e-35 1.0000000180025095e-35 1.0000000180025095e-35 1.0000000180025095e-35 1.0000000180025095e-35 1.0000000180025095e-35 1.0000000180025095e-35 1.0000000180025095e-35 1.0000000180025095e-35 1.0000000180025095e-35 1.0000000180025095e-35 1.0000000180025095e-35 1.0000000180025095e-35 1.0000000180025095e-35 1.0000000180025095e-35 1.0000000180025095e-35 11.880903720855715 11.23477077484131
decision_type=2 2 2 2 2 2 2 2 2 2 2 2 2 2 2 2 2 2 2 2 2 2 2 2 2 2 2 2 2 2
left_child=2 6 3 4 -1 -6 7 -2 9 11 14 -4 13 -12 29 17 22 20 21 -20 -13 -19 25 24 26 28 27 -24 -17 -11
right_child=1 -3 8 -5 5 -7 -8 -9 -10 10 12 15 -14 -15 -16 16 -18 18 19 -21 -22 -23 23 -25 -26 -27 -28 -29 -30 -31
leaf_value=-0.010579804970915943 0.007556218891939484 0.072312673844551631 0.07970624592556752 -0.063716544076098128 0.0043552025497783321 -0.11094044241083852 -0.049081833684085238 0.061266099639504239 -0.053716207267864038 0.0028779729664957978 0.032012161129887293 -0.024956617981777493 -0.0080447415178991396 0.14071783336223553 0.081862299737154878 -0.0083077536513590147 0.092158490450347449 -0.097156701323213843 0.17026275363442619 0.025478143523577697 -0.13823418710752125 0.015151330020861034 0.07915319014173966 -0.095218718099612895 -0.11219854006049278 0.11859835999311935 0.15691572167251641 -0.089570761668313709 0.092979437551386712 -0.035530507444080338
leaf_weight=84.918203018605709 358.9144870787859 5.9554226398468009 5.0613746270537368 10.716449759900568 2.5486450195312482 5.6238790899515152 6.4645765572786322 9.1872794777154905 8.1217057034373266 113.73479520529509 7.0098719820380229 111.32766734808683 7.6426162272691718 6.3545064181089401 4.9839568734168997 31.858647644519806 5.196802854537963 6.169910341501236 4.5300644487142563 4.4826199859380722 3.358134686946868 5.4225850328803062 6.4976661428809184 9.4027988910675067 4.9302044659852973 5.0320337861776343 3.4973609745502463 4.1937301754951477 3.4376508593559256 21.876592248678207
leaf_count=737 1566 25 27 130 25 64 28 38 51 708 40 713 41 33 26 176 28 37 24 27 17 32 36 52 28 27 22 23 17 108
internal_value=-0.00037788 0.00890426 -0.00761673 -0.0211358 -0.016234 -0.0749849 0.0078961 0.00889674 -0.00396327 -0.0028886 0.00628177 -0.00980072 0.0503218 0.0836996 -0.000298464 -0.0119648 0.00499224 -0.0212457 0.0178703 0.0982515 -0.0282735 -0.0446227 -0.00158707 -0.026682 0.00702468 0.016161 0.0484515 0.0129707 0.00155702 -0.00331802
internal_weight=868.452 380.522 487.93 103.807 93.0907 8.17252 374.566 368.102 384.123 376.002 161.602 214.399 21.007 13.3644 140.595 209.338 74.0469 135.291 20.6052 9.01268 114.686 11.5925 68.8501 28.5218 19.119 40.3283 14.1888 10.6914 35.2963 135.611
internal_count=4906 1657 3249 956 826 89 1632 1604 2293 2242 956 1286 114 73 842 1259 409 850 120 51 730 69 381 161 109 220 81 59 193 816
is_linear=0
shrinkage=0.1


Tree=22
num_leaves=31
num_cat=0
split_feature=0 6 264 88 152 16 0 102 94 81 167 7 133 14 128 102 58 0 50 41 8 0 16 102 81 9 67 12 8 16
split_gain=4.85943 2.87013 6.96038 3.84788 3.85386 3.36945 4.54023 5.87176 4.20569 4.7845 3.24871 3.23237 3.67561 5.49284 3.6222 3.38589 4.66427 5.30577 4.8305 7.39595 4.23007 4.82443 3.69972 3.36277 3.35847 3.24389 4.85779 5.17517 4.63824 8.35427
threshold=13.474332809448244 1.0000000180025095e-35 1.0000000180025095e-35 1.0000000180025095e-35 1.0000000180025095e-35 1.0000000180025095e-35 4.0561258792877206 1.0000000180025095e-35 1.0000000180025095e-35 1.0000000180025095e-35 1.0000000180025095e-35 1.0000000180025095e-35 1.0000000180025095e-35 1.0000000180025095e-35 1.0000000180025095e-35 1.0000000180025095e-35 1.0000000180025095e-35 2.8952771425247197 1.0000000180025095e-35 1.0000000180025095e-35 1.0000000180025095e-35 8.9486651420593279 1.0000000180025095e-35 1.0000000180025095e-35 1.0000000180025095e-35 1.0000000180025095e-35 1.0000000180025095e-35 1.0000000180025095e-35 1.0000000180025095e-35 1.0000000180025095e-35
decision_type=2 2 2 2 2 2 2 2 2 2 2 2 2 2 2 2 2 2 2 2 2 2 2 2 2 2 2 2 2 2
left_child=1 2 3 4 5 10 -7 8 -8 -10 -1 12 13 23 -15 16 17 -13 20 -20 24 -22 -19 25 -18 28 27 -27 -3 -30
right_child=-2 11 -4 -5 -6 6 7 -9 9 -11 -12 15 -14 14 -16 -17 18 22 19 -21 21 -23 -24 -25 -26 26 -28 -29 29 -31
leaf_value=-0.015995952117192496 0.0099584838087484213 -0.044650921846696535 0.12984382652707299 -0.085564556599463937 -0.11197534594749073 -0.049121005253506447 0.020565748930162726 -0.078889879215860312 -0.11066162787537107 0.030867971289496622 -0.07758762350823932 0.049227301565714005 -0.0196167404728688 0.038579072977558193 0.14000149086984578 0.087615048354522149 -0.016430138409690053 -0.094184840879005027 0.13963341382310476 -0.0094511709917294243 -0.038901527487345211 0.082556813520294703 -0.01501207228318306 0.075396339108659657 -0.10124690095603057 0.13572920823503673 -0.0092431052352760362 -0.010921969568921164 0.075596788439291379 -0.070194703631828656
leaf_weight=181.13436155021191 298.3111114948988 27.598810948431492 3.4383309409022322 7.183237846940755 3.778564751148223 15.398591771721838 99.372255198657513 7.1864333376288405 5.4326046332716924 4.2628853693604469 8.9887957721948606 4.7365438565611866 30.48246468603611 39.869638428092003 3.8624463081359854 3.1880279332399359 12.939241446554663 16.54708094149828 5.6686191186308834 8.0574462562799454 6.1360134333372098 7.0024338066577911 9.1748705133795756 5.9392642453312865 7.3037162795662871 6.2321560159325617 16.083514995872974 3.9198139682412148 10.667839147150518 6.2234388366341582
leaf_count=1180 1271 165 22 55 22 149 579 40 33 25 67 37 230 227 33 19 82 119 31 38 47 35 60 31 49 37 99 23 62 39
internal_value=-0.000375553 -0.00580477 -0.0117063 -0.013169 -0.0115716 -0.0103926 0.00190455 0.0086632 0.014432 -0.0484343 -0.0189079 0.00276034 0.0114026 0.0192562 0.0475368 -0.0133867 -0.017538 -0.0480342 0.00218017 0.0521181 -0.0183537 0.0258325 -0.0659444 0.00312399 -0.0470323 -0.00294517 0.0249438 0.0791052 -0.0193911 0.0218812
internal_weight=866.121 567.809 336.176 332.738 325.554 321.776 131.653 116.254 109.068 9.69549 190.123 231.633 150.879 120.397 43.7321 80.754 77.566 30.4585 47.1075 13.7261 33.3814 13.1384 25.722 76.6648 20.243 70.7256 26.2355 10.152 44.4901 16.8913
internal_count=4906 3635 2172 2150 2095 2073 826 677 637 58 1247 1463 946 716 260 517 498 216 282 69 213 82 179 456 131 425 159 60 266 101
is_linear=0
shrinkage=0.1


end of trees

feature_importances:
Column_0=115
Column_1=49
Column_5=21
Column_15=20
Column_6=19
Column_16=19
Column_67=18
Column_81=17
Column_8=16
Column_9=16
Column_13=16
Column_14=15
Column_11=14
Column_26=14
Column_7=13
Column_61=13
Column_102=13
Column_12=12
Column_99=12
Column_79=11
Column_138=11
Column_10=8
Column_91=8
Column_167=7
Column_31=6
Column_82=6
Column_83=6
Column_92=6
Column_139=6
Column_21=5
Column_24=5
Column_58=5
Column_78=5
Column_140=5
Column_153=5
Column_36=4
Column_53=4
Column_57=4
Column_85=4
Column_86=4
Column_100=4
Column_176=4
Column_184=4
Column_209=4
Column_214=4
Column_236=4
Column_306=4
Column_37=3
Column_40=3
Column_54=3
Column_63=3
Column_68=3
Column_69=3
Column_94=3
Column_103=3
Column_174=3
Column_228=3
Column_268=3
Column_22=2
Column_45=2
Column_50=2
Column_55=2
Column_56=2
Column_60=2
Column_62=2
Column_73=2
Column_76=2
Column_80=2
Column_104=2
Column_105=2
Column_126=2
Column_220=2
Column_291=2
Column_299=2
Column_312=2
Column_322=2
Column_19=1
Column_23=1
Column_25=1
Column_30=1
Column_32=1
Column_35=1
Column_39=1
Column_41=1
Column_51=1
Column_52=1
Column_59=1
Column_64=1
Column_70=1
Column_84=1
Column_87=1
Column_88=1
Column_93=1
Column_95=1
Column_97=1
Column_98=1
Column_108=1
Column_113=1
Column_118=1
Column_128=1
Column_132=1
Column_133=1
Column_135=1
Column_151=1
Column_152=1
Column_186=1
Column_191=1
Column_193=1
Column_194=1
Column_199=1
Column_264=1
Column_303=1

parameters:
[boosting: gbdt]
[objective: binary]
[metric: binary_logloss]
[tree_learner: serial]
[device_type: cpu]
[data_sample_strategy: bagging]
[data: ]
[valid: ]
[num_iterations: 300]
[learning_rate: 0.1]
[num_leaves: 31]
[num_threads: 0]
[seed: 0]
[deterministic: 0]
[force_col_wise: 0]
[force_row_wise: 0]
[histogram_pool_size: -1]
[max_depth: -1]
[min_data_in_leaf: 20]
[min_sum_hessian_in_leaf: 0.001]
[bagging_fraction: 1]
[pos_bagging_fraction: 1]
[neg_bagging_fraction: 1]
[bagging_freq: 0]
[bagging_seed: 7719]
[bagging_by_query: 0]
[feature_fraction: 1]
[feature_fraction_bynode: 1]
[feature_fraction_seed: 2437]
[extra_trees: 0]
[extra_seed: 11797]
[early_stopping_round: 0]
[early_stopping_min_delta: 0]
[first_metric_only: 0]
[max_delta_step: 0]
[lambda_l1: 0]
[lambda_l2: 0]
[linear_lambda: 0]
[min_gain_to_split: 0]
[drop_rate: 0.1]
[max_drop: 50]
[skip_drop: 0.5]
[xgboost_dart_mode: 0]
[uniform_drop: 0]
[drop_seed: 21238]
[top_rate: 0.2]
[other_rate: 0.1]
[min_data_per_group: 100]
[max_cat_threshold: 32]
[cat_l2: 10]
[cat_smooth: 10]
[max_cat_to_onehot: 4]
[top_k: 20]
[monotone_constraints: ]
[monotone_constraints_method: basic]
[monotone_penalty: 0]
[feature_contri: ]
[forcedsplits_filename: ]
[refit_decay_rate: 0.9]
[cegb_tradeoff: 1]
[cegb_penalty_split: 0]
[cegb_penalty_feature_lazy: ]
[cegb_penalty_feature_coupled: ]
[path_smooth: 0]
[interaction_constraints: ]
[verbosity: -1]
[saved_feature_importance_type: 0]
[use_quantized_grad: 0]
[num_grad_quant_bins: 4]
[quant_train_renew_leaf: 0]
[stochastic_rounding: 1]
[linear_tree: 0]
[max_bin: 255]
[max_bin_by_feature: ]
[min_data_in_bin: 3]
[bin_construct_sample_cnt: 200000]
[data_random_seed: 38]
[is_enable_sparse: 1]
[enable_bundle: 1]
[use_missing: 1]
[zero_as_missing: 0]
[feature_pre_filter: 1]
[pre_partition: 0]
[two_round: 0]
[header: 0]
[label_column: ]
[weight_column: ]
[group_column: ]
[ignore_column: ]
[categorical_feature: ]
[forcedbins_filename: ]
[precise_float_parser: 0]
[parser_config_file: ]
[objective_seed: 8855]
[num_class: 1]
[is_unbalance: 0]
[scale_pos_weight: 1]
[sigmoid: 1]
[boost_from_average: 1]
[reg_sqrt: 0]
[alpha: 0.9]
[fair_c: 1]
[poisson_max_delta_step: 0.7]
[tweedie_variance_power: 1.5]
[lambdarank_truncation_level: 30]
[lambdarank_norm: 1]
[label_gain: ]
[lambdarank_position_bias_regularization: 0]
[eval_at: ]
[multi_error_top_k: 1]
[auc_mu_weights: ]
[num_machines: 1]
[local_listen_port: 12400]
[time_out: 120]
[machine_list_filename: ]
[machines: ]
[gpu_platform_id: -1]
[gpu_device_id: -1]
[gpu_device_id_list: ]
[gpu_use_dp: 0]
[num_gpu: 1]

end of parameters

pandas_categorical:null
