tree
version=v4
num_class=1
num_tree_per_iteration=1
label_index=0
max_feature_idx=567
objective=binary sigmoid:1
feature_names=Column_0 Column_1 Column_2 Column_3 Column_4 Column_5 Column_6 Column_7 Column_8 Column_9 Column_10 Column_11 Column_12 Column_13 Column_14 Column_15 Column_16 Column_17 Column_18 Column_19 Column_20 Column_21 Column_22 Column_23 Column_24 Column_25 Column_26 Column_27 Column_28 Column_29 Column_30 Column_31 Column_32 Column_33 Column_34 Column_35 Column_36 Column_37 Column_38 Column_39 Column_40 Column_41 Column_42 Column_43 Column_44 Column_45 Column_46 Column_47 Column_48 Column_49 Column_50 Column_51 Column_52 Column_53 Column_54 Column_55 Column_56 Column_57 Column_58 Column_59 Column_60 Column_61 Column_62 Column_63 Column_64 Column_65 Column_66 Column_67 Column_68 Column_69 Column_70 Column_71 Column_72 Column_73 Column_74 Column_75 Column_76 Column_77 Column_78 Column_79 Column_80 Column_81 Column_82 Column_83 Column_84 Column_85 Column_86 Column_87 Column_88 Column_89 Column_90 Column_91 Column_92 Column_93 Column_94 Column_95 Column_96 Column_97 Column_98 Column_99 Column_100 Column_101 Column_102 Column_103 Column_104 Column_105 Column_106 Column_107 Column_108 Column_109 Column_110 Column_111 Column_112 Column_113 Column_114 Column_115 Column_116 Column_117 Column_118 Column_119 Column_120 Column_121 Column_122 Column_123 Column_124 Column_125 Column_126 Column_127 Column_128 Column_129 Column_130 Column_131 Column_132 Column_133 Column_134 Column_135 Column_136 Column_137 Column_138 Column_139 Column_140 Column_141 Column_142 Column_143 Column_144 Column_145 Column_146 Column_147 Column_148 Column_149 Column_150 Column_151 Column_152 Column_153 Column_154 Column_155 Column_156 Column_157 Column_158 Column_159 Column_160 Column_161 Column_162 Column_163 Column_164 Column_165 Column_166 Column_167 Column_168 Column_169 Column_170 Column_171 Column_172 Column_173 Column_174 Column_175 Column_176 Column_177 Column_178 Column_179 Column_180 Column_181 Column_182 Column_183 Column_184 Column_185 Column_186 Column_187 Column_188 Column_189 Column_190 Column_191 Column_192 Column_193 Column_194 Column_195 Column_196 Column_197 Column_198 Column_199 Column_200 Column_201 Column_202 Column_203 Column_204 Column_205 Column_206 Column_207 Column_208 Column_209 Column_210 Column_211 Column_212 Column_213 Column_214 Column_215 Column_216 Column_217 Column_218 Column_219 Column_220 Column_221 Column_222 Column_223 Column_224 Column_225 Column_226 Column_227 Column_228 Column_229 Column_230 Column_231 Column_232 Column_233 Column_234 Column_235 Column_236 Column_237 Column_238 Column_239 Column_240 Column_241 Column_242 Column_243 Column_244 Column_245 Column_246 Column_247 Column_248 Column_249 Column_250 Column_251 Column_252 Column_253 Column_254 Column_255 Column_256 Column_257 Column_258 Column_259 Column_260 Column_261 Column_262 Column_263 Column_264 Column_265 Column_266 Column_267 Column_268 Column_269 Column_270 Column_271 Column_272 Column_273 Column_274 Column_275 Column_276 Column_277 Column_278 Column_279 Column_280 Column_281 Column_282 Column_283 Column_284 Column_285 Column_286 Column_287 Column_288 Column_289 Column_290 Column_291 Column_292 Column_293 Column_294 Column_295 Column_296 Column_297 Column_298 Column_299 Column_300 Column_301 Column_302 Column_303 Column_304 Column_305 Column_306 Column_307 Column_308 Column_309 Column_310 Column_311 Column_312 Column_313 Column_314 Column_315 Column_316 Column_317 Column_318 Column_319 Column_320 Column_321 Column_322 Column_323 Column_324 Column_325 Column_326 Column_327 Column_328 Column_329 Column_330 Column_331 Column_332 Column_333 Column_334 Column_335 Column_336 Column_337 Column_338 Column_339 Column_340 Column_341 Column_342 Column_343 Column_344 Column_345 Column_346 Column_347 Column_348 Column_349 Column_350 Column_351 Column_352 Column_353 Column_354 Column_355 Column_356 Column_357 Column_358 Column_359 Column_360 Column_361 Column_362 Column_363 Column_364 Column_365 Column_366 Column_367 Column_368 Column_369 Column_370 Column_371 Column_372 Column_373 Column_374 Column_375 Column_376 Column_377 Column_378 Column_379 Column_380 Column_381 Column_382 Column_383 Column_384 Column_385 Column_386 Column_387 Column_388 Column_389 Column_390 Column_391 Column_392 Column_393 Column_394 Column_395 Column_396 Column_397 Column_398 Column_399 Column_400 Column_401 Column_402 Column_403 Column_404 Column_405 Column_406 Column_407 Column_408 Column_409 Column_410 Column_411 Column_412 Column_413 Column_414 Column_415 Column_416 Column_417 Column_418 Column_419 Column_420 Column_421 Column_422 Column_423 Column_424 Column_425 Column_426 Column_427 Column_428 Column_429 Column_430 Column_431 Column_432 Column_433 Column_434 Column_435 Column_436 Column_437 Column_438 Column_439 Column_440 Column_441 Column_442 Column_443 Column_444 Column_445 Column_446 Column_447 Column_448 Column_449 Column_450 Column_451 Column_452 Column_453 Column_454 Column_455 Column_456 Column_457 Column_458 Column_459 Column_460 Column_461 Column_462 Column_463 Column_464 Column_465 Column_466 Column_467 Column_468 Column_469 Column_470 Column_471 Column_472 Column_473 Column_474 Column_475 Column_476 Column_477 Column_478 Column_479 Column_480 Column_481 Column_482 Column_483 Column_484 Column_485 Column_486 Column_487 Column_488 Column_489 Column_490 Column_491 Column_492 Column_493 Column_494 Column_495 Column_496 Column_497 Column_498 Column_499 Column_500 Column_501 Column_502 Column_503 Column_504 Column_505 Column_506 Column_507 Column_508 Column_509 Column_510 Column_511 Column_512 Column_513 Column_514 Column_515 Column_516 Column_517 Column_518 Column_519 Column_520 Column_521 Column_522 Column_523 Column_524 Column_525 Column_526 Column_527 Column_528 Column_529 Column_530 Column_531 Column_532 Column_533 Column_534 Column_535 Column_536 Column_537 Column_538 Column_539 Column_540 Column_541 Column_542 Column_543 Column_544 Column_545 Column_546 Column_547 Column_548 Column_549 Column_550 Column_551 Column_552 Column_553 Column_554 Column_555 Column_556 Column_557 Column_558 Column_559 Column_560 Column_561 Column_562 Column_563 Column_564 Column_565 Column_566 Column_567
feature_infos=[2.0013689994812012:17.993154525756836] [-0.7776256799697876:0.99923950433731079] none none none [0:1] [0:1] [0:1] [0:1] [0:1] [0:1] [0:1] [0:1] [0:1] [0:1] [0:1] [0:1] [0:1] [0:1] [0:1] [0:1] [0:1] [0:1] [0:1] [0:1] [0:1] [0:1] [0:1] [0:1] [0:1] [0:1] [0:1] [0:1] [0:1] [0:1] [0:1] [0:1] [0:1] [0:1] [0:1] [0:1] [0:1] [0:1] [0:1] [0:1] [0:1] [0:1] [0:1] [0:1] [0:1] [0:1] [0:1] [0:1] [0:1] [0:1] [0:1] [0:1] [0:1] [0:1] [0:1] [0:1] [0:1] [0:1] [0:1] [0:1] [0:1] [0:1] [0:1] [0:1] [0:1] [0:1] [0:1] [0:1] [0:1] [0:1] [0:1] [0:1] [0:1] [0:1] [0:1] [0:1] [0:1] [0:1] [0:1] [0:1] [0:1] [0:1] [0:1] [0:1] [0:1] [0:1] [0:1] [0:1] [0:1] [0:1] [0:1] [0:1] [0:1] [0:1] [0:1] [0:1] [0:1] [0:1] [0:1] [0:1] [0:1] [0:1] [0:1] [0:1] none none none none [0:1] [0:1] none [0:1] none [0:1] none none [0:1] none none none none [0:1] [0:1] [0:1] [0:1] [0:1] none [0:1] [0:1] [0:1] [0:1] none [0:1] [0:1] [0:1] [0:1] [0:1] [0:1] [0:1] [0:1] [0:1] [0:1] [0:1] [0:1] [0:1] [0:1] [0:1] [0:1] [0:1] [0:1] [0:1] [0:1] none none none none none none none none none none [0:1] [0:1] none none none none none [0:1] [0:1] [0:1] [0:1] [0:1] [0:1] [0:1] [0:1] [0:1] [0:1] [0:1] [0:1] [0:1] [0:1] [0:1] [0:1] [0:1] [0:1] [0:1] [0:1] [0:1] [0:1] [0:1] [0:1] [0:1] [0:1] [0:1] [0:1] none none [0:1] [0:1] [0:1] none [0:1] [0:1] [0:1] [0:1] [0:1] none [0:1] none none [0:1] none [0:1] [0:1] [0:1] [0:1] [0:1] [0:1] [0:1] [0:1] [0:1] [0:1] [0:1] [0:1] [0:1] [0:1] [0:1] [0:1] [0:1] [0:1] [0:1] [0:1] [0:1] [0:1] [0:1] [0:1] [0:1] none none none none none none none none none none none none none none none none none [0:1] [0:1] [0:1] [0:1] [0:1] [0:1] [0:1] [0:1] [0:1] [0:1] none [0:1] [0:1] [0:1] [0:1] none [0:1] [0:1] none none none [0:1] [0:1] none none none none none [0:1] [0:1] [0:1] [0:1] [0:1] [0:1] [0:1] none none none [0:1] none [0:1] [0:1] [0:1] none [0:1] [0:1] [0:1] [0:1] none none [0:1] [0:1] none none none none [0:1] [0:1] none none none [0:1] none none [0:1] [0:1] none none [0:1] [0:1] none none none none none none none none none none none none none none none none none none none none none none none none none none none none none none none none none none none none none none none none none none none none none none none none none none none none none none none none none none none none none none none none none none none none none none none none none none none none none none none none none none none none none none none none none none none none none none none none none none none none none none none none none none none none none none none none none none none none none none none none none none none none none none none none none none none none none none none none none none none none none none none none none none none none none none none none none none none none none none none none none none none none none none none none none none none none none none none none none none none none none none none none none none none none none none none none none none none none none none none none none none none none none none none none none none none none none none none none none none none none none none none none none none none none none none none none none none none none none
tree_sizes=3405 3488 3459 3452 3478 3471 3479 3494 3476

Tree=0
num_leaves=31
num_cat=0
split_feature=0 0 130 70 85 105 24 82 1 5 126 104 0 99 16 167 177 69 6 188 99 16 26 10 26 16 102 174 0 14
split_gain=202.635 36.4417 34.9221 15.9383 12.1142 10.4183 14.7954 6.01529 6.6062 8.70905 5.6041 6.26513 5.35724 7.32484 5.18946 5.74392 5.03273 4.6157 4.89232 4.11883 3.98938 7.81869 5.82997 5.20983 4.96537 4.30649 5.08649 5.41414 5.40976 8.11236
threshold=9.5838465690612811 16.223134994506839 1.0000000180025095e-35 1.0000000180025095e-35 1.0000000180025095e-35 1.0000000180025095e-35 1.0000000180025095e-35 1.0000000180025095e-35 0.65001142024993908 1.0000000180025095e-35 1.0000000180025095e-35 1.0000000180025095e-35 10.310746192932131 1.0000000180025095e-35 1.0000000180025095e-35 1.0000000180025095e-35 1.0000000180025095e-35 1.0000000180025095e-35 1.0000000180025095e-35 1.0000000180025095e-35 1.0000000180025095e-35 1.0000000180025095e-35 1.0000000180025095e-35 1.0000000180025095e-35 1.0000000180025095e-35 1.0000000180025095e-35 1.0000000180025095e-35 1.0000000180025095e-35 13.882272243499758 1.0000000180025095e-35
decision_type=2 2 2 2 2 2 2 2 2 2 2 2 2 2 2 2 2 2 2 2 2 2 2 2 2 2 2 2 2 2
left_child=2 3 10 4 12 6 -5 16 9 -9 11 14 -2 17 -1 -16 20 -14 -19 -3 25 22 23 -22 -23 26 27 28 29 -8
right_child=1 19 -4 5 -6 -7 7 8 -10 -11 -12 -13 13 -15 15 -17 -18 18 -20 -21 21 24 -24 -25 -26 -27 -28 -29 -30 -31
leaf_value=-1.1458913491788394 -1.0748116805015453 -1.0163090660266301 -1.1880746880132138 -1.1587028245448243 -0.92469068589778258 -0.94398898423388655 -1.0198037276971521 -1.0322097766275045 -1.0874222826779023 -0.87093114053292175 -1.2299061692595739 -1.0288498050422008 -1.1098887672868631 -1.1553274919190515 -1.1063248780043031 -1.2114082611770409 -1.1739394871348652 -1.0960492367482768 -0.95401407427861595 -0.941795995786602 -0.99189011760385881 -1.0266959771029034 -0.93862834580719112 -1.1303793812068159 -1.1397288673572263 -1.0459456957075131 -0.97845023126264363 -1.0083166453542329 -1.1309261347828632 -1.1326784351782282
leaf_weight=123.32693396508694 39.434856712818146 79.241740375757217 238.28326155245304 15.811145380139349 3.7202695012092581 7.2545255273580542 14.50905105471611 8.3706063777208346 6.8824985772371283 5.5804042518138877 5.7664177268743506 5.9524312019348136 84.45011767745018 35.90060068666935 76.637551724910736 5.5804042518138877 4.092296451330184 5.9524312019348127 4.0922964513301849 8.1845929026603681 7.4405390024185181 7.2545255273580525 10.044727653264999 4.2783099263906479 8.3706063777208328 42.22505883872509 4.092296451330184 6.6964851021766654 31.808304235339165 11.34682197868824
leaf_count=663 212 426 1281 85 20 39 78 45 37 30 31 32 454 193 412 30 22 32 22 44 40 39 54 23 45 227 22 36 171 61
internal_value=-1.11444 -1.06739 -1.16164 -1.08113 -1.1032 -1.06159 -1.06611 -1.05764 -1.00725 -0.967698 -1.13264 -1.12999 -1.10711 -1.11688 -1.13292 -1.11346 -1.06454 -1.10227 -1.03818 -1.00933 -1.06152 -1.03328 -0.994532 -1.04245 -1.08725 -1.07106 -1.08655 -1.09343 -1.10331 -1.06934
internal_weight=912.582 457.035 455.547 369.609 173.551 196.058 188.804 172.993 20.8335 13.951 217.264 211.497 169.83 130.395 205.545 82.218 152.159 94.4948 10.0447 87.4263 148.067 37.3887 21.7636 11.7188 15.6251 110.678 68.453 64.3607 57.6642 25.8559
internal_count=4906 2457 2449 1987 933 1054 1015 930 112 75 1168 1137 913 701 1105 442 818 508 54 470 796 201 117 63 84 595 368 346 310 139
is_linear=0
shrinkage=1


Tree=1
num_leaves=31
num_cat=0
split_feature=0 0 130 70 24 105 85 177 1 99 73 102 82 1 5 51 126 104 82 177 47 0 61 10 73 139 81 53 14 73
split_gain=164.707 28.2932 27.4572 13.5212 8.11457 6.99879 5.90409 4.46794 4.64654 6.43752 6.41292 5.78101 4.34509 4.62386 5.57011 4.15003 4.13625 5.74971 4.7403 3.98902 3.86044 6.92931 3.90571 6.60786 4.97004 4.41948 4.64409 4.32336 6.14317 4.01795
threshold=9.2238192558288592 16.223134994506839 1.0000000180025095e-35 1.0000000180025095e-35 1.0000000180025095e-35 1.0000000180025095e-35 1.0000000180025095e-35 1.0000000180025095e-35 0.17408167570829394 1.0000000180025095e-35 1.0000000180025095e-35 1.0000000180025095e-35 1.0000000180025095e-35 0.65001142024993908 1.0000000180025095e-35 1.0000000180025095e-35 1.0000000180025095e-35 1.0000000180025095e-35 1.0000000180025095e-35 1.0000000180025095e-35 1.0000000180025095e-35 12.510609149932863 1.0000000180025095e-35 1.0000000180025095e-35 1.0000000180025095e-35 1.0000000180025095e-35 1.0000000180025095e-35 1.0000000180025095e-35 1.0000000180025095e-35 1.0000000180025095e-35
decision_type=2 2 2 2 2 2 2 2 2 2 2 2 2 2 2 2 2 2 2 2 2 2 2 2 2 2 2 2 2 2
left_child=2 3 16 6 15 12 7 8 11 -10 -11 -2 19 14 -14 -5 17 18 -1 20 21 -6 25 24 -24 26 -23 -26 -29 -28
right_child=1 -3 -4 4 5 -7 -8 -9 9 10 -12 -13 13 -15 -16 -17 -18 -19 -20 -21 -22 22 23 -25 27 -27 29 28 -30 -31
leaf_value=-0.011213673174372454 0.036902728565740436 0.089613376881981899 -0.069000283832993184 -0.093000115281076143 0.15282841268499758 0.17668367869305501 0.12072198791031996 -0.09027474679284192 0.0110027692816934 0.013828552496772374 -0.078706810430201557 -0.085123979149636791 0.070917363279108525 0.023969183889434975 0.19468256526265859 0.012385306072247788 -0.10882761831741479 0.080446699067379057 -0.052005089067086743 -0.055316615064886145 0.0079175040399553486 0.068918080789629105 0.0029598887934423361 -0.018659285843135649 0.0023583389259113265 0.15892989246942377 0.037041385042777417 0.061743086886593149 0.19958191782504855 -0.082662795621456883
leaf_weight=151.12200562655926 63.994236171245575 92.004268944263458 229.34111554920673 5.1308220922946939 6.5829980820417395 4.4361221790313712 4.6235028058290473 4.6679024845361701 83.867790386080742 12.386117339134218 18.94347357749939 4.1330855935811988 8.7150502949953097 6.9762599617242804 6.2399952113628379 13.752504035830498 4.9009065628051749 6.0132712423801413 35.106462150812149 3.9683561027050009 22.405840158462524 55.507560938596725 10.888622626662256 19.974372759461403 4.3806049674749383 4.4201557189226142 10.487625882029532 8.1089229434728605 5.3775454759597787 3.8273659646511069
leaf_count=819 341 470 1281 28 34 22 23 25 448 68 104 22 45 37 30 74 28 31 192 22 117 291 57 106 23 23 55 42 28 20
internal_value=-0.000126416 0.0396854 -0.0454755 0.0280206 0.0461517 0.0526155 0.00908326 0.00633761 0.0087976 -0.00344557 -0.0421231 0.0294997 0.0495211 0.0911976 0.122558 -0.0162492 -0.0181085 -0.0157957 -0.0189034 0.0436593 0.046244 0.0528723 0.0475215 0.0255239 0.0562146 0.0619598 0.0558211 0.0886693 0.116704 0.00503636
internal_weight=912.285 485.801 426.484 393.797 201.181 182.297 192.616 187.993 183.325 115.197 31.3296 68.1273 177.861 21.9313 14.955 18.8833 197.143 192.242 186.228 155.93 151.962 129.556 122.973 48.7301 28.7557 74.2427 69.8226 17.8671 13.4865 14.315
internal_count=4906 2555 2351 2085 1054 952 1031 1008 983 620 172 363 930 112 75 102 1070 1042 1011 818 796 679 645 256 150 389 366 93 70 75
is_linear=0
shrinkage=0.1


Tree=2
num_leaves=31
num_cat=0
split_feature=0 130 0 52 105 126 177 15 0 11 62 1 0 1 13 9 6 98 0 99 73 14 0 10 0 16 126 104 82 24
split_gain=134.095 23.4665 21.5286 10.9623 8.53263 7.23218 5.57988 4.5648 5.90842 7.56664 5.97036 5.24223 4.33521 5.36327 4.25784 4.13966 7.1368 5.42796 5.31084 4.98994 4.9187 5.86957 4.88095 6.24392 4.12661 3.51592 3.43824 3.48424 3.90348 3.42
threshold=9.1197810173034686 1.0000000180025095e-35 16.223134994506839 1.0000000180025095e-35 1.0000000180025095e-35 1.0000000180025095e-35 1.0000000180025095e-35 1.0000000180025095e-35 9.4346337318420428 1.0000000180025095e-35 1.0000000180025095e-35 0.13636017590761187 15.868583202362062 0.74416303634643566 1.0000000180025095e-35 1.0000000180025095e-35 1.0000000180025095e-35 1.0000000180025095e-35 10.120465755462648 1.0000000180025095e-35 1.0000000180025095e-35 1.0000000180025095e-35 13.030800819396974 1.0000000180025095e-35 11.690622806549074 1.0000000180025095e-35 1.0000000180025095e-35 1.0000000180025095e-35 1.0000000180025095e-35 1.0000000180025095e-35
decision_type=2 2 2 2 2 2 2 2 2 2 2 2 2 2 2 2 2 2 2 2 2 2 2 2 2 2 2 2 2 2
left_child=1 26 3 6 5 12 7 15 -9 10 14 -11 13 29 -10 16 -2 19 -18 22 21 -20 23 -17 -22 -14 27 28 -1 -5
right_child=2 -3 -4 4 -6 -7 -8 8 9 11 -12 -13 25 -15 -16 17 18 -19 20 -21 24 -23 -24 -25 -26 -27 -28 -29 -30 -31
leaf_value=-0.010139468698201275 -0.043563310854248895 -0.064612042524463245 0.077301726174961116 -0.0097315007164379547 0.142419400357675 -0.090575017200559965 -0.092326455861434176 0.13244987903625555 0.012286060578916994 0.15463446790248556 -0.021740640809509798 0.043313152239294141 -0.057568806462411228 0.12943530254740143 0.1388259596639706 -0.021090311665602438 0.086646333058995773 0.095696215847127897 -0.015732483258182901 -0.054164948004135287 -0.10216443230816888 0.13135736384944269 0.12655608164770932 0.078023762701843177 0.011370425817136435 0.051102839301666793 -0.10371259524617174 0.060021801226774377 -0.047748442780527131 0.04520345794355024
leaf_weight=146.95210714638233 40.918233409523964 220.87694276869297 95.771963626146317 12.276718750596045 8.0810266286134702 4.3104320615530005 5.3172738701105109 5.2633556574583045 6.752723351120947 5.1795542687177685 35.70865972340107 23.07887776196003 7.7898276597261411 7.1619161665439597 4.3863658010959625 19.4752017557621 8.584203749895094 8.2254189848899824 6.7763508260250092 10.176114454865454 6.6294637322425842 4.5242542028427124 4.2056998163461676 9.4354523867368716 6.1909890919923782 4.8189297318458557 4.4434291273355475 6.0375013947486869 33.978588566184044 147.35942840576172
leaf_count=801 217 1281 470 67 39 22 30 28 35 27 190 122 41 37 23 103 45 43 36 55 36 24 22 50 33 25 27 30 191 756
internal_value=-0.000212866 -0.0424028 0.0346878 0.0245513 0.0418511 0.0374275 0.00881305 0.0114299 0.0300271 0.0228494 -0.00180208 0.0637175 0.0405029 0.0447768 0.0621151 -0.000513809 -0.0157281 0.0212288 0.019097 0.00708021 -0.0049424 0.0431557 0.0258998 0.0112571 -0.0473385 -0.0160357 -0.0167748 -0.0147087 -0.0172024 0.0409787
internal_weight=910.687 412.289 498.398 402.626 191.798 183.717 210.828 205.511 80.3695 75.1062 46.8477 28.2584 179.407 166.798 11.1391 125.141 73.6235 51.5179 32.7053 43.2925 24.1211 11.3006 33.1164 28.9107 12.8205 12.6088 191.412 186.968 180.931 159.636
internal_count=4906 2330 2576 2106 987 948 1119 1089 425 397 248 149 926 860 58 664 391 273 174 230 129 60 175 153 69 66 1049 1022 992 823
is_linear=0
shrinkage=0.1


Tree=3
num_leaves=31
num_cat=0
split_feature=0 0 0 85 70 24 289 135 105 67 16 0 5 0 12 8 1 1 0 1 54 0 102 77 0 99 93 71 0 102
split_gain=110.216 22.8297 15.114 8.91728 8.14237 7.62208 6.38794 5.47338 5.08031 5.06744 4.39829 4.7074 4.94468 4.97067 4.65555 5.46508 4.90148 4.42357 4.39292 6.95008 7.13447 4.31068 3.78081 3.55646 3.42861 5.33027 5.40479 3.7172 9.62136 3.58166
threshold=9.5838465690612811 6.0766596794128427 16.223134994506839 1.0000000180025095e-35 1.0000000180025095e-35 1.0000000180025095e-35 1.0000000180025095e-35 1.0000000180025095e-35 1.0000000180025095e-35 1.0000000180025095e-35 1.0000000180025095e-35 6.3449692726135263 1.0000000180025095e-35 9.1197810173034686 1.0000000180025095e-35 1.0000000180025095e-35 -0.15446041524410245 -0.11521788686513899 8.8049278259277362 -0.070803865790367113 1.0000000180025095e-35 5.6960985660552987 1.0000000180025095e-35 1.0000000180025095e-35 10.310746192932131 1.0000000180025095e-35 1.0000000180025095e-35 1.0000000180025095e-35 14.917180061340334 1.0000000180025095e-35
decision_type=2 2 2 2 2 2 2 2 2 2 2 2 2 2 2 2 2 2 2 2 2 2 2 2 2 2 2 2 2 2
left_child=1 6 3 4 23 9 7 -1 -7 -6 18 -12 13 -13 15 17 -16 -14 19 22 -21 -9 -3 24 -2 26 27 28 29 -26
right_child=2 10 -4 -5 5 8 -8 21 -10 -11 11 12 14 -15 16 -17 -18 -19 -20 20 -22 -23 -24 -25 25 -27 -28 -29 -30 -31
leaf_value=-0.071530748485064924 0.033101289156186639 -0.032596132151198005 0.067258066897280339 0.12996597911881047 -0.073701295529858518 0.037998062529929787 0.066399726795251052 -0.029196753693402345 0.14288009639201535 0.033345658242269281 0.11282831595455366 -0.033189313637159483 -0.1106540444454579 0.061169223603179779 0.16495436181316944 0.073806468146575196 0.01511308466511322 0.018864907227361855 -0.06113729245590141 -0.040861261273030025 0.1017959915382589 -0.080881758547486304 0.060429967623197259 -0.08618085418467164 -0.0026507485800844667 -0.034829475201628879 0.12155280143334601 -0.076906798189222247 0.14013797039736722 0.089299545910545869
leaf_weight=146.48678228259087 39.661250740289688 63.168984651565552 98.885938376188278 7.6981250494718543 10.233069598674776 182.57070897519588 4.1020023822784415 73.15076108276844 4.7382197529077521 7.7876320779323569 4.0707263350486746 36.496309593319893 4.7464683055877712 6.5910272747278205 4.7205221354961395 7.2481190264224997 4.0611862391233462 5.9333228319883338 23.972818806767464 5.5665563046932194 9.4691658765077591 20.703990295529366 4.6935468912124625 4.1601568311452857 74.805059894919395 33.479135349392891 4.270263507962226 5.0539454370737067 5.4310898631811133 4.490515559911727
leaf_count=879 205 352 470 37 56 918 24 433 21 42 22 200 26 34 26 39 22 32 131 31 53 119 26 22 398 188 22 26 28 24
internal_value=-0.000279974 -0.0374145 0.0323914 0.0234216 0.0212442 0.0346751 -0.0573395 -0.0594514 0.0406512 -0.027441 -0.0104665 0.0082972 0.0022007 -0.0187554 0.0360066 0.00678683 0.0956588 -0.0386978 -0.0234357 -0.012533 0.0489811 -0.0405983 -0.0261622 0.00514991 0.00742246 -0.000563534 0.0116341 0.00640596 0.0113756 0.0025564
internal_weight=908.447 425.182 483.265 384.379 376.681 205.33 244.444 240.342 187.309 18.0207 180.739 73.8677 69.797 43.0873 26.7096 17.9279 8.78171 10.6798 106.871 82.8983 15.0357 93.8548 67.8625 171.351 167.191 127.53 94.0509 89.7806 84.7267 79.2956
internal_count=4906 2449 2457 1987 1950 1037 1455 1431 939 98 994 401 379 234 145 97 48 58 593 462 84 552 378 913 891 686 498 476 450 422
is_linear=0
shrinkage=0.1


Tree=4
num_leaves=31
num_cat=0
split_feature=1 0 135 91 0 8 105 126 177 167 0 1 14 142 11 80 16 54 55 52 8 10 54 16 39 0 26 55 5 0
split_gain=91.0717 22.2185 10.1167 7.33797 6.09872 5.71819 5.5097 4.91547 4.90814 4.65551 4.64236 7.31769 4.56263 3.79433 3.68163 4.17411 4.96544 6.03498 7.92779 3.6087 5.2104 4.14503 4.41651 4.32147 3.87251 5.92886 7.22508 3.49913 3.46806 6.36641
threshold=-0.21636626124382016 12.123203277587892 1.0000000180025095e-35 1.0000000180025095e-35 16.223134994506839 1.0000000180025095e-35 1.0000000180025095e-35 1.0000000180025095e-35 1.0000000180025095e-35 1.0000000180025095e-35 15.868583202362062 0.74416303634643566 1.0000000180025095e-35 1.0000000180025095e-35 1.0000000180025095e-35 1.0000000180025095e-35 1.0000000180025095e-35 1.0000000180025095e-35 1.0000000180025095e-35 1.0000000180025095e-35 1.0000000180025095e-35 1.0000000180025095e-35 1.0000000180025095e-35 1.0000000180025095e-35 1.0000000180025095e-35 12.803559303283693 1.0000000180025095e-35 1.0000000180025095e-35 1.0000000180025095e-35 4.507871389389039
decision_type=2 2 2 2 2 2 2 2 2 2 2 2 2 2 2 2 2 2 2 2 2 2 2 2 2 2 2 2 2 2
left_child=2 8 5 4 6 -1 7 10 9 13 11 19 -7 -2 -4 16 -16 18 -18 20 21 22 -3 -23 -21 26 -26 -22 29 -14
right_child=1 3 14 -5 -6 12 -8 -9 -10 -11 -12 -13 28 -15 15 -17 17 -19 -20 24 27 23 -24 -25 25 -27 -28 -29 -30 -31
leaf_value=-0.079349475451115453 0.0065464302437840518 -0.0022729565377896171 -0.039751986170089709 0.12321114663633104 0.056293581476603828 -0.061554295954049577 0.10148245366962372 -0.060762447899486365 -0.093099622878139152 -0.053813435939263111 -0.025141938691068667 0.11937521812461627 -0.074161975037632902 -0.087059321527530681 -0.021434879211772031 -0.10208235614738287 0.033178835199322014 -0.046552354683031434 0.21135637197282275 0.027620369267300174 0.019840719257556323 0.044806585113746522 0.1078653729734691 -0.09299722979577589 0.052880096490318301 -0.0072564037971757644 0.21960813837152254 -0.089717379018345478 0.042382805806415874 0.063364962693257254
leaf_weight=95.084954932332039 251.12965360283852 6.5764946192502967 72.611969813704491 9.8148187696933729 99.316609799861908 41.873261824250221 9.4766305685043317 6.6937408298254004 5.5585458725690833 14.241913959383963 16.298347845673561 8.8274378031492216 11.81735083460808 4.4064023047685614 28.166730836033821 4.012026071548461 8.6185692250728625 4.9140285551547995 3.5158472806215277 142.80408823490143 4.4015568494796726 4.3623166382312775 8.156285285949707 4.7574770450592041 6.2394348978996259 5.2703858315944663 4.4548263400793076 8.6329299658536911 8.9208304435014742 4.7066856622695914
leaf_count=588 1354 33 429 48 460 257 43 35 32 80 85 43 74 24 166 24 50 29 20 714 22 22 42 25 31 26 22 45 55 28
internal_value=-0.000332731 0.021114 -0.0472202 0.0379797 0.035492 -0.0635609 0.0267732 0.0236609 -8.54245e-05 0.00183105 0.0262204 0.0303143 -0.04126 0.00493232 -0.0254392 -0.00432721 0.00434679 0.0469422 0.0848043 0.0262961 -0.0018796 0.0259033 0.0587013 -0.0270808 0.0328422 0.0795516 0.122333 -0.0527212 -0.00786285 -0.034989
internal_weight=905.662 621.42 284.242 346.083 336.269 162.403 236.952 227.475 275.337 269.778 220.782 204.483 67.3181 255.536 121.839 49.2272 45.2152 17.0484 12.1344 195.656 36.8871 23.8526 14.7328 9.11979 158.769 15.9646 10.6943 13.0345 25.4449 16.524
internal_count=4906 3186 1720 1696 1648 1002 1188 1145 1490 1458 1110 1025 414 1378 718 289 265 99 70 982 189 122 75 47 793 79 53 67 157 102
is_linear=0
shrinkage=0.1


Tree=5
num_leaves=31
num_cat=0
split_feature=0 0 322 289 177 113 91 267 135 0 178 0 13 0 118 38 73 0 85 22 5 16 0 0 39 23 74 6 1 12
split_gain=76.0303 21.6194 5.48379 5.47935 5.02314 4.40481 4.30703 4.08666 4.0307 4.11288 3.90393 4.00264 9.82423 4.37065 6.4929 4.88334 3.46412 3.4554 6.44441 4.46695 4.02171 3.45913 3.55776 5.34498 5.27885 3.33213 3.23037 8.31965 3.23069 3.81019
threshold=6.0766596794128427 13.151266574859621 1.0000000180025095e-35 1.0000000180025095e-35 1.0000000180025095e-35 1.0000000180025095e-35 1.0000000180025095e-35 1.0000000180025095e-35 1.0000000180025095e-35 5.6960985660552987 1.0000000180025095e-35 13.351129055023195 1.0000000180025095e-35 16.223134994506839 1.0000000180025095e-35 1.0000000180025095e-35 1.0000000180025095e-35 9.5838465690612811 1.0000000180025095e-35 1.0000000180025095e-35 1.0000000180025095e-35 1.0000000180025095e-35 8.8049278259277362 8.1492128372192401 1.0000000180025095e-35 1.0000000180025095e-35 1.0000000180025095e-35 1.0000000180025095e-35 -0.14092326164245603 1.0000000180025095e-35
decision_type=2 2 2 2 2 2 2 2 2 2 2 2 2 2 2 2 2 2 2 2 2 2 2 2 2 2 2 2 2 2
left_child=3 4 6 5 17 8 7 10 16 -10 11 12 -3 15 -15 -13 -1 21 19 25 -21 22 23 26 -25 -19 28 -28 29 -2
right_child=1 2 -4 -5 -6 -7 -8 -9 9 -11 -12 13 -14 14 -16 -17 -18 18 -20 20 -22 -23 -24 24 -26 -27 27 -29 -30 -31
leaf_value=-0.070590085998130311 -0.055349190303335218 0.010573528200907871 0.12514418390460103 0.063918560066118943 -0.077493121878883048 -0.12435484480426964 0.1109308106878882 -0.038617764436901979 -0.021569842212584747 -0.073990599197932383 -0.038208001322932846 -0.065447550241017102 0.20089971173982263 0.058864775188948643 -0.05513386456565459 0.02802105485833601 -0.03354071186716228 -0.041354763486205981 0.12248964159716998 -0.009835600249841564 -0.13384965992737316 0.0093192081796215978 -0.054461893050175514 0.057617210525545332 -0.063973376119007344 0.015847587328492244 -0.0436498177589787 0.10020266176904476 -0.089965876113393989 0.014667077937260676
leaf_weight=94.747979685664177 17.681483000516891 6.0031191855669004 6.9701502919197074 4.139397367835044 7.9345769584178916 8.1512506306171399 7.3375195115804663 7.6804225444793692 68.839797928929329 19.125428855419159 7.0148721635341635 5.8093524873256674 4.9470315277576447 85.250904321670532 5.3072283267974845 147.80952681601048 34.399030357599258 10.800252139568327 5.11756508052349 7.9218046963214857 3.9035443216562271 72.375058516860008 22.401994422078133 17.43218116462231 4.4903269410133353 178.31039769947529 10.482418373227121 6.5217561870813361 9.9333224296569806 13.86850316822529
leaf_count=618 102 30 32 24 47 52 34 37 421 117 36 31 24 387 24 732 223 58 23 41 21 392 126 96 25 921 60 37 56 79
internal_value=-0.000371748 0.0165682 0.0375398 -0.0500912 0.0012573 -0.0521862 0.0353366 0.0332809 -0.0494767 -0.0329672 0.0353875 0.037411 0.0965586 0.0347585 0.0521838 0.0244864 -0.0607218 0.00289629 0.0116746 0.00885229 -0.0507726 -0.00742868 -0.0192184 -0.00939972 0.0327121 0.0125807 -0.0251843 0.0115232 -0.0402308 -0.024572
internal_weight=902.708 673.305 284.13 229.403 389.175 225.263 277.16 269.822 217.112 87.9652 262.142 255.127 10.9502 244.177 90.5581 153.619 129.147 381.241 206.054 200.936 11.8253 175.187 102.812 80.41 21.9225 189.111 58.4875 17.0042 41.4833 31.55
internal_count=4906 3451 1367 1455 2084 1431 1335 1301 1379 538 1264 1228 54 1174 411 763 841 2037 1064 1041 62 973 581 455 121 979 334 97 237 181
is_linear=0
shrinkage=0.1


Tree=6
num_leaves=31
num_cat=0
split_feature=0 0 105 0 24 11 5 289 113 44 99 139 262 83 72 135 0 9 77 67 88 70 9 99 16 26 11 5 42 64
split_gain=63.0966 17.2792 4.56911 4.6126 4.89989 4.76384 7.29654 4.55244 4.1497 4.09207 5.39619 4.76025 3.97601 3.79307 3.83551 3.60522 3.61735 3.46229 3.43199 3.40784 3.15288 3.11461 10.3026 3.91351 4.0145 4.07666 6.11187 5.46517 3.77141 7.05229
threshold=6.0766596794128427 12.123203277587892 1.0000000180025095e-35 16.425735473632816 1.0000000180025095e-35 1.0000000180025095e-35 1.0000000180025095e-35 1.0000000180025095e-35 1.0000000180025095e-35 1.0000000180025095e-35 1.0000000180025095e-35 1.0000000180025095e-35 1.0000000180025095e-35 1.0000000180025095e-35 1.0000000180025095e-35 1.0000000180025095e-35 5.6960985660552987 1.0000000180025095e-35 1.0000000180025095e-35 1.0000000180025095e-35 1.0000000180025095e-35 1.0000000180025095e-35 1.0000000180025095e-35 1.0000000180025095e-35 1.0000000180025095e-35 1.0000000180025095e-35 1.0000000180025095e-35 1.0000000180025095e-35 1.0000000180025095e-35 1.0000000180025095e-35
decision_type=2 2 2 2 2 2 2 2 2 2 2 2 2 2 2 2 2 2 2 2 2 2 2 2 2 2 2 2 2 2
left_child=7 12 3 4 5 6 19 8 15 -5 11 13 -2 14 -11 20 -17 -16 21 -3 -1 22 -6 28 25 26 27 -25 29 -23
right_child=1 2 -4 9 18 -7 -8 -9 -10 10 -12 -13 -14 -15 17 16 -18 -19 -20 -21 -22 23 -24 24 -26 -27 -28 -29 -30 -31
leaf_value=-0.059409248521697905 -0.00046619121975764711 0.011291657301855008 0.088164341873977259 -0.022779809890163535 0.041010707858513809 -0.084575274243487944 -0.063438879249208227 0.055474367024599236 -0.12151341204240831 0.11163413673433716 0.0048628595078638159 0.15903596841019621 -0.082494202305264039 0.12492634571852612 0.014716348763526286 -0.019675060211938281 -0.06976453838292232 0.071628931167931759 -0.057148860624729375 0.14118581833247923 0.044467369607755852 0.061025314478869365 -0.081922901633331546 -0.093770232627572864 0.021227750190492098 0.12132201861420107 0.11379026793710555 0.063034705053347628 0.0092820750717521206 -0.017251478762694835
leaf_weight=121.30742615461349 315.83080822229385 4.0998907238244993 13.006063207983969 7.6834751665592185 18.99867770075798 8.140925869345665 7.1435537934303293 4.2841873615980139 7.5390904545783988 8.3346395939588529 17.921127304434776 5.1539714932441703 6.0217945575714102 7.6064336895942679 26.465348467230797 67.970073699951172 18.299410313367844 17.93185368180275 4.9439971446990958 3.9809157401323318 2.9940630495548239 47.178882822394371 10.632272556424143 4.1241230666637438 19.712492153048515 13.014822095632555 7.3560393005609503 4.8210388422012329 81.728792041540146 15.223656386137007
leaf_count=821 1722 22 57 34 97 44 39 24 52 37 80 23 33 34 118 421 117 80 25 21 20 228 54 20 97 60 35 23 394 74
internal_value=-0.000398064 0.0147817 0.0299885 0.0277774 0.0207844 -0.0228269 0.0101918 -0.0466111 -0.0486163 0.0470529 0.0534854 0.0667904 -0.00200092 0.058911 0.0493884 -0.0460064 -0.0303 0.0377031 0.0252589 0.0752825 -0.0569072 0.0270876 -0.00310072 0.0317185 0.0561236 0.079588 0.0462677 -0.00925944 0.0234168 0.041929
internal_weight=899.45 677.056 355.203 342.197 251.1 23.3653 15.2244 222.394 218.11 91.0968 83.4134 65.4922 321.853 60.3383 52.7318 210.571 86.2695 44.3972 227.735 8.08081 124.301 222.791 29.631 193.16 49.0285 29.316 16.3012 8.94516 144.131 62.4025
internal_count=4906 3451 1696 1639 1233 126 82 1455 1431 406 372 292 1755 269 235 1379 538 198 1107 43 841 1082 151 931 235 138 78 43 696 302
is_linear=0
shrinkage=0.1


Tree=7
num_leaves=31
num_cat=0
split_feature=0 0 91 177 135 322 77 262 1 0 6 73 144 177 55 26 0 15 0 16 6 68 85 67 53 6 50 14 188 151
split_gain=52.3455 13.7381 4.52424 4.13579 4.05563 3.43988 3.65382 3.38431 3.20517 4.47626 5.10657 3.04779 2.86318 2.86789 2.83892 2.83596 2.77705 5.77455 5.15022 4.71884 4.11805 4.15767 3.99059 3.84204 5.67002 7.42201 9.4175 6.27636 6.02095 4.56762
threshold=6.0766596794128427 12.123203277587892 1.0000000180025095e-35 1.0000000180025095e-35 1.0000000180025095e-35 1.0000000180025095e-35 1.0000000180025095e-35 1.0000000180025095e-35 -0.37394477427005762 5.3018479347229013 1.0000000180025095e-35 1.0000000180025095e-35 1.0000000180025095e-35 1.0000000180025095e-35 1.0000000180025095e-35 1.0000000180025095e-35 17.166323661804203 1.0000000180025095e-35 17.698836326599125 1.0000000180025095e-35 1.0000000180025095e-35 1.0000000180025095e-35 1.0000000180025095e-35 1.0000000180025095e-35 1.0000000180025095e-35 1.0000000180025095e-35 1.0000000180025095e-35 1.0000000180025095e-35 1.0000000180025095e-35 1.0000000180025095e-35
decision_type=2 2 2 2 2 2 2 2 2 2 2 2 2 2 2 2 2 2 2 2 2 2 2 2 2 2 2 2 2 2
left_child=4 7 3 5 11 6 16 12 9 -6 14 -1 13 -2 -11 -4 22 20 19 -19 -18 -22 23 24 28 -26 27 -27 -3 -25
right_child=1 2 15 -5 8 -7 -8 -9 -10 10 -12 -13 -14 -15 -16 -17 17 18 -20 -21 21 -23 -24 29 25 26 -28 -29 -30 -31
leaf_value=-0.064290107140010613 0.0019780836458607467 -0.032589140560688637 0.13423270318354574 -0.046908447890283367 -0.033483938875127225 0.09500688246258307 -0.045179553079468748 -0.07773433217015846 -0.059993190201046598 -0.0021312169445739763 -0.044786656526108429 -0.029525105509941148 -0.082327811758146865 -0.070633151042466827 0.093137277660345408 0.029552186198665537 0.11661754423887016 0.0028924002296419294 -0.052774411635298439 0.13137818942982368 -0.032034481210545245 0.095832112567094951 0.11669785515015814 0.029807468879601451 0.049392698544489869 -0.0068138272461394844 0.079282168637624467 -0.10682409305426643 0.077110720893762918 0.13420504377075926
leaf_weight=92.246558293700218 306.00728009641171 40.579011857509613 6.2410493493080121 7.8839562982320777 45.960775524377823 7.1451158672571173 7.2810870707035056 5.7650668025016776 22.057695716619492 4.8968481719493875 7.3507172763347617 34.70456038415432 4.210794284939765 5.5378829985857001 8.6588110476732254 4.4215324074029922 14.37641230225563 7.691540479660036 7.9388584196567527 4.5489370822906494 4.962496742606163 5.2155404835939407 4.4508653581142417 133.32373054325581 50.949791818857193 23.416736304759979 9.6081773489713651 8.5722025483846682 5.7069020420312873 4.3269266486167899
leaf_count=653 1663 198 28 42 290 31 36 33 145 31 45 238 24 35 53 20 63 34 35 20 22 23 20 635 243 113 44 42 26 21
internal_value=-0.000412633 0.0132041 0.0266606 0.0246945 -0.0433149 0.0263544 0.0248811 -0.00180598 -0.0269379 -0.0160339 0.0223285 -0.0547864 -0.000419677 0.00068738 0.0587225 0.0908241 0.0264475 0.0495888 0.0099562 0.0506417 0.0821597 0.0334883 0.0227626 0.0212504 0.00951258 0.0238045 -0.00753702 -0.033614 -0.0190635 0.0330891
internal_weight=896.038 680.162 358.641 347.978 215.876 340.094 332.949 321.521 88.9248 66.8672 20.9064 126.951 315.756 311.545 13.5557 10.6626 325.668 44.7338 20.1793 12.2405 24.5544 10.178 280.934 276.483 138.833 92.5469 41.5971 31.9889 46.2859 137.651
internal_count=4906 3451 1696 1648 1455 1606 1575 1755 564 419 129 891 1722 1698 84 48 1539 197 89 54 108 45 1342 1322 666 442 199 155 224 656
is_linear=0
shrinkage=0.1


Tree=8
num_leaves=31
num_cat=0
split_feature=0 0 138 177 1 289 113 44 48 322 174 0 13 14 8 70 67 1 98 86 7 12 36 16 67 16 0 6 73 61
split_gain=43.4062 11.1577 4.15485 4.83535 4.69087 3.80792 4.03796 3.53816 3.24436 6.64742 3.76601 3.27783 7.06768 3.14238 4.89204 4.23552 4.45627 6.24057 3.59547 4.97363 5.16329 4.31566 5.09141 4.80294 4.10179 4.07083 4.1199 3.47654 3.35731 5.49254
threshold=6.0766596794128427 13.151266574859621 1.0000000180025095e-35 1.0000000180025095e-35 -0.15446041524410245 1.0000000180025095e-35 1.0000000180025095e-35 1.0000000180025095e-35 1.0000000180025095e-35 1.0000000180025095e-35 1.0000000180025095e-35 13.351129055023195 1.0000000180025095e-35 1.0000000180025095e-35 1.0000000180025095e-35 1.0000000180025095e-35 1.0000000180025095e-35 0.74416303634643566 1.0000000180025095e-35 1.0000000180025095e-35 1.0000000180025095e-35 1.0000000180025095e-35 1.0000000180025095e-35 1.0000000180025095e-35 1.0000000180025095e-35 1.0000000180025095e-35 16.119096755981449 1.0000000180025095e-35 1.0000000180025095e-35 1.0000000180025095e-35
decision_type=2 2 2 2 2 2 2 2 2 2 2 2 2 2 2 2 2 2 2 2 2 2 2 2 2 2 2 2 2 2
left_child=5 2 3 7 -4 6 -1 -2 10 11 -3 12 -10 14 -13 -16 17 -17 19 20 21 -15 23 -23 -20 26 -22 -19 29 -18
right_child=1 8 4 -5 -6 -7 -8 -9 9 -11 -12 13 -14 18 15 16 28 27 24 -21 25 22 -24 -25 -26 -27 -28 -29 -30 -31
leaf_value=-0.039568674149695428 -0.055786942603988636 0.027279818530165909 0.00037244242077884255 -0.082519931401134505 0.12848964483100239 0.052564543639780137 -0.11826551634342966 0.0021722973234469234 0.0035157555459940678 0.13555919103415087 -0.09428768788884917 0.029937351154669008 0.1568913230547283 0.013494640109760869 -0.068689556980660163 -0.05711683240688168 0.04225049346520951 0.087400532068856174 -0.061577801136441512 -0.038326988896389691 0.075145252182501787 -0.0012863361056290594 0.15323123159814747 0.11796687446177223 0.04942377231183126 0.036494949811416259 0.17436028439352877 -0.026532073108110905 0.074174319046665757 -0.083579017375463374
leaf_weight=198.80028051882982 10.850158065557478 5.5315933078527433 6.145476758480072 7.1552562564611426 5.3420819938182813 4.3343166857957831 6.7410905957221976 359.75911143422127 6.2384653985500318 5.6862431764602652 4.7249566465616226 94.620135903358459 5.7956112772226334 36.294738426804543 9.1275314986705762 18.882660016417507 11.415509417653086 6.1654705703258497 7.2680630534887296 6.6753183901309958 9.9986674189567584 9.6228066533803958 5.4988251924514762 5.2035439908504477 6.1424602717161179 10.02218806743622 7.1986255496740332 4.7352030575275421 11.675946325063707 4.9834328889846793
leaf_count=1379 57 25 35 46 29 24 52 1917 31 24 25 440 26 168 44 93 52 27 35 32 48 45 24 24 29 45 31 21 54 24
internal_value=-0.000420346 0.0118057 0.000705061 -0.00109657 0.059951 -0.0401937 -0.0421497 0.000475451 0.0265274 0.0285281 -0.0287235 0.0263354 0.0773814 0.024022 0.0152982 -0.00538021 0.00460728 -0.0223376 0.0375876 0.044747 0.0513614 0.0341548 0.0710478 0.0405675 -0.0107354 0.0871532 0.116676 0.0379087 0.0331918 0.00401248
internal_weight=892.636 682.76 389.252 377.765 11.4876 209.876 205.541 370.609 293.508 283.251 10.2565 277.565 12.0341 265.531 161.606 66.9858 57.8582 29.7833 103.925 90.5147 83.8394 56.6199 20.3252 14.8264 13.4105 27.2195 17.1973 10.9007 28.0749 16.3989
internal_count=4906 3451 2084 2020 64 1455 1431 1974 1367 1317 50 1293 57 1236 755 315 271 141 481 417 385 261 93 69 64 124 79 48 130 76
is_linear=0
shrinkage=0.1


end of trees

feature_importances:
Column_0=49
Column_1=14
Column_16=12
Column_177=9
Column_5=7
Column_6=7
Column_73=7
Column_99=7
Column_14=6
Column_105=6
Column_24=5
Column_26=5
Column_67=5
Column_70=5
Column_85=5
Column_126=5
Column_135=5
Column_8=4
Column_10=4
Column_11=4
Column_82=4
Column_102=4
Column_289=4
Column_9=3
Column_12=3
Column_13=3
Column_54=3
Column_55=3
Column_77=3
Column_91=3
Column_104=3
Column_113=3
Column_130=3
Column_322=3
Column_15=2
Column_39=2
Column_44=2
Column_52=2
Column_53=2
Column_61=2
Column_98=2
Column_139=2
Column_167=2
Column_174=2
Column_188=2
Column_262=2
Column_7=1
Column_22=1
Column_23=1
Column_36=1
Column_38=1
Column_42=1
Column_47=1
Column_48=1
Column_50=1
Column_51=1
Column_62=1
Column_64=1
Column_68=1
Column_69=1
Column_71=1
Column_72=1
Column_74=1
Column_80=1
Column_81=1
Column_83=1
Column_86=1
Column_88=1
Column_93=1
Column_118=1
Column_138=1
Column_142=1
Column_144=1
Column_151=1
Column_178=1
Column_267=1

parameters:
[boosting: gbdt]
[objective: binary]
[metric: binary_logloss]
[tree_learner: serial]
[device_type: cpu]
[data_sample_strategy: bagging]
[data: ]
[valid: ]
[num_iterations: 300]
[learning_rate: 0.1]
[num_leaves: 31]
[num_threads: 0]
[seed: 0]
[deterministic: 0]
[force_col_wise: 0]
[force_row_wise: 0]
[histogram_pool_size: -1]
[max_depth: -1]
[min_data_in_leaf: 20]
[min_sum_hessian_in_leaf: 0.001]
[bagging_fraction: 1]
[pos_bagging_fraction: 1]
[neg_bagging_fraction: 1]
[bagging_freq: 0]
[bagging_seed: 7719]
[bagging_by_query: 0]
[feature_fraction: 1]
[feature_fraction_bynode: 1]
[feature_fraction_seed: 2437]
[extra_trees: 0]
[extra_seed: 11797]
[early_stopping_round: 0]
[early_stopping_min_delta: 0]
[first_metric_only: 0]
[max_delta_step: 0]
[lambda_l1: 0]
[lambda_l2: 0]
[linear_lambda: 0]
[min_gain_to_split: 0]
[drop_rate: 0.1]
[max_drop: 50]
[skip_drop: 0.5]
[xgboost_dart_mode: 0]
[uniform_drop: 0]
[drop_seed: 21238]
[top_rate: 0.2]
[other_rate: 0.1]
[min_data_per_group: 100]
[max_cat_threshold: 32]
[cat_l2: 10]
[cat_smooth: 10]
[max_cat_to_onehot: 4]
[top_k: 20]
[monotone_constraints: ]
[monotone_constraints_method: basic]
[monotone_penalty: 0]
[feature_contri: ]
[forcedsplits_filename: ]
[refit_decay_rate: 0.9]
[cegb_tradeoff: 1]
[cegb_penalty_split: 0]
[cegb_penalty_feature_lazy: ]
[cegb_penalty_feature_coupled: ]
[path_smooth: 0]
[interaction_constraints: ]
[verbosity: -1]
[saved_feature_importance_type: 0]
[use_quantized_grad: 0]
[num_grad_quant_bins: 4]
[quant_train_renew_leaf: 0]
[stochastic_rounding: 1]
[linear_tree: 0]
[max_bin: 255]
[max_bin_by_feature: ]
[min_data_in_bin: 3]
[bin_construct_sample_cnt: 200000]
[data_random_seed: 38]
[is_enable_sparse: 1]
[enable_bundle: 1]
[use_missing: 1]
[zero_as_missing: 0]
[feature_pre_filter: 1]
[pre_partition: 0]
[two_round: 0]
[header: 0]
[label_column: ]
[weight_column: ]
[group_column: ]
[ignore_column: ]
[categorical_feature: ]
[forcedbins_filename: ]
[precise_float_parser: 0]
[parser_config_file: ]
[objective_seed: 8855]
[num_class: 1]
[is_unbalance: 0]
[scale_pos_weight: 1]
[sigmoid: 1]
[boost_from_average: 1]
[reg_sqrt: 0]
[alpha: 0.9]
[fair_c: 1]
[poisson_max_delta_step: 0.7]
[tweedie_variance_power: 1.5]
[lambdarank_truncation_level: 30]
[lambdarank_norm: 1]
[label_gain: ]
[lambdarank_position_bias_regularization: 0]
[eval_at: ]
[multi_error_top_k: 1]
[auc_mu_weights: ]
[num_machines: 1]
[local_listen_port: 12400]
[time_out: 120]
[machine_list_filename: ]
[machines: ]
[gpu_platform_id: -1]
[gpu_device_id: -1]
[gpu_device_id_list: ]
[gpu_use_dp: 0]
[num_gpu: 1]

end of parameters

pandas_categorical:null
