tree
version=v4
num_class=1
num_tree_per_iteration=1
label_index=0
max_feature_idx=567
objective=binary sigmoid:1
feature_names=Column_0 Column_1 Column_2 Column_3 Column_4 Column_5 Column_6 Column_7 Column_8 Column_9 Column_10 Column_11 Column_12 Column_13 Column_14 Column_15 Column_16 Column_17 Column_18 Column_19 Column_20 Column_21 Column_22 Column_23 Column_24 Column_25 Column_26 Column_27 Column_28 Column_29 Column_30 Column_31 Column_32 Column_33 Column_34 Column_35 Column_36 Column_37 Column_38 Column_39 Column_40 Column_41 Column_42 Column_43 Column_44 Column_45 Column_46 Column_47 Column_48 Column_49 Column_50 Column_51 Column_52 Column_53 Column_54 Column_55 Column_56 Column_57 Column_58 Column_59 Column_60 Column_61 Column_62 Column_63 Column_64 Column_65 Column_66 Column_67 Column_68 Column_69 Column_70 Column_71 Column_72 Column_73 Column_74 Column_75 Column_76 Column_77 Column_78 Column_79 Column_80 Column_81 Column_82 Column_83 Column_84 Column_85 Column_86 Column_87 Column_88 Column_89 Column_90 Column_91 Column_92 Column_93 Column_94 Column_95 Column_96 Column_97 Column_98 Column_99 Column_100 Column_101 Column_102 Column_103 Column_104 Column_105 Column_106 Column_107 Column_108 Column_109 Column_110 Column_111 Column_112 Column_113 Column_114 Column_115 Column_116 Column_117 Column_118 Column_119 Column_120 Column_121 Column_122 Column_123 Column_124 Column_125 Column_126 Column_127 Column_128 Column_129 Column_130 Column_131 Column_132 Column_133 Column_134 Column_135 Column_136 Column_137 Column_138 Column_139 Column_140 Column_141 Column_142 Column_143 Column_144 Column_145 Column_146 Column_147 Column_148 Column_149 Column_150 Column_151 Column_152 Column_153 Column_154 Column_155 Column_156 Column_157 Column_158 Column_159 Column_160 Column_161 Column_162 Column_163 Column_164 Column_165 Column_166 Column_167 Column_168 Column_169 Column_170 Column_171 Column_172 Column_173 Column_174 Column_175 Column_176 Column_177 Column_178 Column_179 Column_180 Column_181 Column_182 Column_183 Column_184 Column_185 Column_186 Column_187 Column_188 Column_189 Column_190 Column_191 Column_192 Column_193 Column_194 Column_195 Column_196 Column_197 Column_198 Column_199 Column_200 Column_201 Column_202 Column_203 Column_204 Column_205 Column_206 Column_207 Column_208 Column_209 Column_210 Column_211 Column_212 Column_213 Column_214 Column_215 Column_216 Column_217 Column_218 Column_219 Column_220 Column_221 Column_222 Column_223 Column_224 Column_225 Column_226 Column_227 Column_228 Column_229 Column_230 Column_231 Column_232 Column_233 Column_234 Column_235 Column_236 Column_237 Column_238 Column_239 Column_240 Column_241 Column_242 Column_243 Column_244 Column_245 Column_246 Column_247 Column_248 Column_249 Column_250 Column_251 Column_252 Column_253 Column_254 Column_255 Column_256 Column_257 Column_258 Column_259 Column_260 Column_261 Column_262 Column_263 Column_264 Column_265 Column_266 Column_267 Column_268 Column_269 Column_270 Column_271 Column_272 Column_273 Column_274 Column_275 Column_276 Column_277 Column_278 Column_279 Column_280 Column_281 Column_282 Column_283 Column_284 Column_285 Column_286 Column_287 Column_288 Column_289 Column_290 Column_291 Column_292 Column_293 Column_294 Column_295 Column_296 Column_297 Column_298 Column_299 Column_300 Column_301 Column_302 Column_303 Column_304 Column_305 Column_306 Column_307 Column_308 Column_309 Column_310 Column_311 Column_312 Column_313 Column_314 Column_315 Column_316 Column_317 Column_318 Column_319 Column_320 Column_321 Column_322 Column_323 Column_324 Column_325 Column_326 Column_327 Column_328 Column_329 Column_330 Column_331 Column_332 Column_333 Column_334 Column_335 Column_336 Column_337 Column_338 Column_339 Column_340 Column_341 Column_342 Column_343 Column_344 Column_345 Column_346 Column_347 Column_348 Column_349 Column_350 Column_351 Column_352 Column_353 Column_354 Column_355 Column_356 Column_357 Column_358 Column_359 Column_360 Column_361 Column_362 Column_363 Column_364 Column_365 Column_366 Column_367 Column_368 Column_369 Column_370 Column_371 Column_372 Column_373 Column_374 Column_375 Column_376 Column_377 Column_378 Column_379 Column_380 Column_381 Column_382 Column_383 Column_384 Column_385 Column_386 Column_387 Column_388 Column_389 Column_390 Column_391 Column_392 Column_393 Column_394 Column_395 Column_396 Column_397 Column_398 Column_399 Column_400 Column_401 Column_402 Column_403 Column_404 Column_405 Column_406 Column_407 Column_408 Column_409 Column_410 Column_411 Column_412 Column_413 Column_414 Column_415 Column_416 Column_417 Column_418 Column_419 Column_420 Column_421 Column_422 Column_423 Column_424 Column_425 Column_426 Column_427 Column_428 Column_429 Column_430 Column_431 Column_432 Column_433 Column_434 Column_435 Column_436 Column_437 Column_438 Column_439 Column_440 Column_441 Column_442 Column_443 Column_444 Column_445 Column_446 Column_447 Column_448 Column_449 Column_450 Column_451 Column_452 Column_453 Column_454 Column_455 Column_456 Column_457 Column_458 Column_459 Column_460 Column_461 Column_462 Column_463 Column_464 Column_465 Column_466 Column_467 Column_468 Column_469 Column_470 Column_471 Column_472 Column_473 Column_474 Column_475 Column_476 Column_477 Column_478 Column_479 Column_480 Column_481 Column_482 Column_483 Column_484 Column_485 Column_486 Column_487 Column_488 Column_489 Column_490 Column_491 Column_492 Column_493 Column_494 Column_495 Column_496 Column_497 Column_498 Column_499 Column_500 Column_501 Column_502 Column_503 Column_504 Column_505 Column_506 Column_507 Column_508 Column_509 Column_510 Column_511 Column_512 Column_513 Column_514 Column_515 Column_516 Column_517 Column_518 Column_519 Column_520 Column_521 Column_522 Column_523 Column_524 Column_525 Column_526 Column_527 Column_528 Column_529 Column_530 Column_531 Column_532 Column_533 Column_534 Column_535 Column_536 Column_537 Column_538 Column_539 Column_540 Column_541 Column_542 Column_543 Column_544 Column_545 Column_546 Column_547 Column_548 Column_549 Column_550 Column_551 Column_552 Column_553 Column_554 Column_555 Column_556 Column_557 Column_558 Column_559 Column_560 Column_561 Column_562 Column_563 Column_564 Column_565 Column_566 Column_567
feature_infos=[2.0013689994812012:17.993154525756836] [-0.7776256799697876:0.99923950433731079] none none none [0:1] [0:1] [0:1] [0:1] [0:1] [0:1] [0:1] [0:1] [0:1] [0:1] [0:1] [0:1] [0:1] [0:1] [0:1] [0:1] [0:1] [0:1] [0:1] [0:1] [0:1] [0:1] [0:1] [0:1] [0:1] [0:1] [0:1] [0:1] [0:1] [0:1] [0:1] [0:1] [0:1] [0:1] [0:1] [0:1] [0:1] [0:1] [0:1] [0:1] [0:1] [0:1] [0:1] [0:1] [0:1] [0:1] [0:1] [0:1] [0:1] [0:1] [0:1] [0:1] [0:1] [0:1] [0:1] [0:1] [0:1] [0:1] [0:1] [0:1] [0:1] [0:1] [0:1] [0:1] [0:1] [0:1] [0:1] [0:1] [0:1] [0:1] [0:1] [0:1] [0:1] [0:1] [0:1] [0:1] [0:1] [0:1] [0:1] [0:1] [0:1] [0:1] [0:1] [0:1] [0:1] [0:1] [0:1] [0:1] [0:1] [0:1] [0:1] [0:1] [0:1] [0:1] [0:1] [0:1] [0:1] [0:1] [0:1] [0:1] [0:1] [0:1] [0:1] [0:1] none none none none [0:1] [0:1] none [0:1] none [0:1] none none [0:1] none none none none [0:1] [0:1] [0:1] [0:1] [0:1] none [0:1] [0:1] [0:1] [0:1] none [0:1] [0:1] [0:1] [0:1] [0:1] [0:1] [0:1] [0:1] [0:1] [0:1] [0:1] [0:1] [0:1] [0:1] [0:1] [0:1] [0:1] [0:1] [0:1] [0:1] none none none none none none none none none none [0:1] [0:1] none none none none none [0:1] [0:1] [0:1] [0:1] [0:1] [0:1] [0:1] [0:1] [0:1] [0:1] [0:1] [0:1] [0:1] [0:1] [0:1] [0:1] [0:1] [0:1] [0:1] [0:1] [0:1] [0:1] [0:1] [0:1] [0:1] [0:1] [0:1] [0:1] none none [0:1] [0:1] [0:1] none [0:1] [0:1] [0:1] [0:1] [0:1] none [0:1] none none [0:1] none [0:1] [0:1] [0:1] [0:1] [0:1] [0:1] [0:1] [0:1] [0:1] [0:1] [0:1] [0:1] [0:1] [0:1] [0:1] [0:1] [0:1] [0:1] [0:1] [0:1] [0:1] [0:1] [0:1] [0:1] [0:1] none none none none none none none none none none none none none none none none none [0:1] [0:1] [0:1] [0:1] [0:1] [0:1] [0:1] [0:1] [0:1] [0:1] none [0:1] [0:1] [0:1] [0:1] none [0:1] [0:1] none none none [0:1] [0:1] none none none none none [0:1] [0:1] [0:1] [0:1] [0:1] [0:1] [0:1] none none none [0:1] none [0:1] [0:1] [0:1] none [0:1] [0:1] [0:1] [0:1] none none [0:1] [0:1] none none none none [0:1] [0:1] none none none [0:1] none none [0:1] [0:1] none none [0:1] [0:1] none none none none none none none none none none none none none none none none none none none none none none none none none none none none none none none none none none none none none none none none none none none none none none none none none none none none none none none none none none none none none none none none none none none none none none none none none none none none none none none none none none none none none none none none none none none none none none none none none none none none none none none none none none none none none none none none none none none none none none none none none none none none none none none none none none none none none none none none none none none none none none none none none none none none none none none none none none none none none none none none none none none none none none none none none none none none none none none none none none none none none none none none none none none none none none none none none none none none none none none none none none none none none none none none none none none none none none none none none none none none none none none none none none none none none none none none none none none none none
tree_sizes=3410 3427 3445 3435 3458 3448 3487 3481 3467 3484 3454 3476 3433 3486 3489 3491 3474

Tree=0
num_leaves=31
num_cat=0
split_feature=10 11 11 0 64 0 14 32 21 108 12 61 167 26 12 54 78 40 68 9 100 67 16 16 5 140 26 14 67 12
split_gain=494.249 90.5742 61.8687 13.2282 11.4059 8.74513 11.552 19.5338 7.918 7.62354 7.50671 7.17746 6.1966 14.8145 5.91559 13.863 5.87893 5.26359 5.21697 4.97706 7.67346 4.67096 7.26219 5.84672 5.70769 4.44942 4.49663 5.80801 8.32114 5.9141
threshold=1.0000000180025095e-35 1.0000000180025095e-35 1.0000000180025095e-35 2.3121149539947514 1.0000000180025095e-35 9.7262148857116717 1.0000000180025095e-35 1.0000000180025095e-35 1.0000000180025095e-35 1.0000000180025095e-35 1.0000000180025095e-35 1.0000000180025095e-35 1.0000000180025095e-35 1.0000000180025095e-35 1.0000000180025095e-35 1.0000000180025095e-35 1.0000000180025095e-35 1.0000000180025095e-35 1.0000000180025095e-35 1.0000000180025095e-35 1.0000000180025095e-35 1.0000000180025095e-35 1.0000000180025095e-35 1.0000000180025095e-35 1.0000000180025095e-35 1.0000000180025095e-35 1.0000000180025095e-35 1.0000000180025095e-35 1.0000000180025095e-35 1.0000000180025095e-35
decision_type=2 2 2 2 2 2 2 2 2 2 2 2 2 2 2 2 2 2 2 2 2 2 2 2 2 2 2 2 2 2
left_child=1 -1 4 -4 11 9 8 -8 -7 10 -5 12 14 -14 16 17 -2 21 -6 25 -21 22 -16 24 -23 26 27 -3 29 -29
right_child=2 19 3 5 18 6 7 -9 -10 -11 -12 -13 13 -15 15 -17 -18 -19 -20 20 -22 23 -24 -25 -26 -27 -28 28 -30 -31
leaf_value=-1.2097339051416285 -1.0607088127245392 -1.1592206323433163 -1.1495033301508375 -0.90952773720512958 -1.0629295168359965 -1.0057195658680078 -0.8888509889878754 -1.118225049211282 -1.1296489526013149 -1.0680494735374118 -0.98342796694457513 -1.0231236562841477 -1.1192490405515652 -0.84989479669449786 -1.1983756441188929 -1.1671805500967298 -0.97247694844432575 -1.1576487158121802 -1.1755685642671336 -1.1504807764301985 -1.0135108043266834 -0.91944585220364994 -1.0053300039450741 -1.0859693219923654 -1.0552495817838736 -1.186157565626879 -1.0936492570444885 -0.97845023126264363 -1.1629192594754016 -1.1174835382407322
leaf_weight=314.54878632724285 77.195592150092125 31.808304235339165 4.092296451330184 43.527153164148331 6.5104716271162042 38.504789337515831 18.415334030985836 4.6503368765115729 5.9524312019348136 4.46432340145111 20.089455306529999 66.034783646464348 3.9062829762697202 4.2783099263906479 4.0922964513301876 17.485266655683517 8.370606377720831 4.46432340145111 11.160808503627777 93.006737530231476 4.278309926390647 7.6265524774789828 3.720269501209259 7.4405390024185172 5.2083773016929626 8.1845929026603681 71.615187898278236 7.0685120522975922 9.4866872280836105 5.3943907767534256
leaf_count=1691 415 171 22 234 35 207 99 25 32 24 108 355 21 23 22 94 45 24 60 500 23 41 20 40 28 44 385 38 51 29
internal_value=-1.11444 -1.17482 -1.02475 -0.972366 -1.05691 -0.96702 -0.99252 -0.935096 -1.02231 -0.941729 -0.932865 -1.05042 -1.06295 -0.97845 -1.06805 -1.09536 -1.05208 -1.05679 -1.13407 -1.12725 -1.14446 -1.04075 -1.10645 -1.01544 -0.974555 -1.11472 -1.11006 -1.13192 -1.09235 -1.03863
internal_weight=912.582 545.392 367.191 139.696 227.494 135.604 67.5229 23.0657 44.4572 68.0809 63.6166 209.823 143.788 8.18459 135.604 50.0376 85.5662 32.5524 17.6713 230.843 97.285 28.088 7.81257 20.2755 12.8349 133.558 125.373 53.7579 21.9496 12.4629
internal_count=4906 2932 1974 751 1223 729 363 124 239 366 342 1128 773 44 729 269 460 175 95 1241 523 151 42 109 69 718 674 289 118 67
is_linear=0
shrinkage=1


Tree=1
num_leaves=31
num_cat=0
split_feature=10 11 11 0 64 9 78 51 61 9 97 0 167 15 12 14 31 86 26 0 16 56 61 1 0 12 42 9 108 62
split_gain=394.223 80.4836 43.1349 9.42832 8.76346 7.26949 8.98724 6.69404 5.24574 5.57176 8.65428 6.77008 5.16855 5.0827 4.99111 5.67755 8.58674 5.07533 5.24479 4.9671 4.93324 4.44834 4.37946 10.7266 4.60666 4.24882 4.2101 6.87253 4.56181 4.14585
threshold=1.0000000180025095e-35 1.0000000180025095e-35 1.0000000180025095e-35 2.3121149539947514 1.0000000180025095e-35 1.0000000180025095e-35 1.0000000180025095e-35 1.0000000180025095e-35 1.0000000180025095e-35 1.0000000180025095e-35 1.0000000180025095e-35 8.1492128372192401 1.0000000180025095e-35 1.0000000180025095e-35 1.0000000180025095e-35 1.0000000180025095e-35 1.0000000180025095e-35 1.0000000180025095e-35 1.0000000180025095e-35 6.566735267639161 1.0000000180025095e-35 1.0000000180025095e-35 1.0000000180025095e-35 0.082515783607959761 6.635181427001954 1.0000000180025095e-35 1.0000000180025095e-35 1.0000000180025095e-35 1.0000000180025095e-35 1.0000000180025095e-35
decision_type=2 2 2 2 2 2 2 2 2 2 2 2 2 2 2 2 2 2 2 2 2 2 2 2 2 2 2 2 2 2
left_child=1 -1 4 -4 8 6 14 -7 9 10 12 19 -2 20 17 16 21 18 -5 -11 -6 -16 23 24 -20 -13 28 -28 -10 -8
right_child=2 -3 3 5 13 7 29 -9 26 11 -12 25 -14 -15 15 -17 -18 -19 22 -21 -22 -23 -24 -25 -26 -27 27 -29 -30 -31
leaf_value=-0.090395223183670922 0.046200525466822351 -0.011659999139962459 -0.032162698432117533 0.17240827996170499 0.077728796089819155 0.11425560485553671 0.30726244307166783 0.030264473419325796 0.10442736442909739 0.032951152524458238 0.17599522608134985 0.015309839031574008 0.15328223056057 -0.086965597689967589 0.11822634554898662 0.15503557051726535 0.19341750945397346 0.23632161906702473 0.14697843658053081 0.12917254844087436 -0.060586164461215022 -0.0061790336117634563 0.052842321728435317 0.052703162321015184 0.26916876632084069 -0.064672206820903841 -0.020529172318498722 0.11333012022790832 0.023189717764947756 0.16510975863598032
leaf_weight=299.24599778652191 75.792295172810555 229.31851361691952 4.0194257497787467 23.468066081404686 6.6577656865119952 34.032119169831276 4.2539899647235853 13.157736644148825 44.929909452795982 24.975006297230724 6.1117276996374121 18.621228352189064 4.7925482690334311 6.6259515583515158 3.923061579465867 10.218478739261629 3.9359808266162863 5.603522077202796 8.3629193305969256 6.8325789570808402 4.2087970823049545 10.750652551651001 9.4072912335395795 9.4708400219678861 4.8892316073179236 10.324147969484331 9.5305868536233884 6.418558493256568 8.1690744459629041 3.9629211574792862
leaf_count=1691 398 1241 22 117 36 170 21 67 231 130 32 97 24 36 20 51 20 28 41 36 23 55 47 48 24 56 49 33 42 20
internal_value=-0.000237583 -0.0562358 0.0769536 0.11892 0.0501483 0.123096 0.13859 0.0908367 0.0556493 0.0449973 0.0612699 0.0217757 0.0525689 -0.0179348 0.129453 0.0951464 0.0622615 0.145613 0.13647 0.0536204 0.0241572 0.0270811 0.110221 0.133976 0.192059 -0.0132179 0.0783962 0.033341 0.0919293 0.238704
internal_weight=912.011 528.565 383.446 149.456 233.99 145.437 98.247 47.1899 216.498 147.45 86.6966 60.753 80.5848 17.4925 90.03 28.8282 18.6097 61.2019 55.5983 31.8076 10.8666 14.6737 32.1303 22.723 13.2522 28.9454 69.0481 15.9491 53.099 8.21691
internal_count=4906 2932 1974 751 1223 729 492 237 1128 773 454 319 422 95 451 146 95 305 277 166 59 75 160 113 65 153 355 82 273 41
is_linear=0
shrinkage=0.1


Tree=2
num_leaves=31
num_cat=0
split_feature=10 11 11 68 0 0 153 0 1 8 1 9 78 135 61 7 64 6 26 168 0 84 137 133 16 0 0 9 100 167
split_gain=316.96 71.619 31.3757 7.12902 9.15175 6.95424 6.94186 6.68428 6.80067 5.53801 5.48555 5.04743 5.89818 5.66871 5.04714 4.78638 4.71504 5.32107 4.19788 7.41655 4.99342 5.10542 4.41287 5.8821 6.19028 4.17366 5.30731 4.14301 6.13239 4.0854
threshold=1.0000000180025095e-35 1.0000000180025095e-35 1.0000000180025095e-35 1.0000000180025095e-35 17.006159782409672 2.3121149539947514 1.0000000180025095e-35 17.041751861572269 0.96379950642585765 1.0000000180025095e-35 0.61076888442039501 1.0000000180025095e-35 1.0000000180025095e-35 1.0000000180025095e-35 1.0000000180025095e-35 1.0000000180025095e-35 1.0000000180025095e-35 1.0000000180025095e-35 1.0000000180025095e-35 1.0000000180025095e-35 12.203969955444338 1.0000000180025095e-35 1.0000000180025095e-35 1.0000000180025095e-35 1.0000000180025095e-35 12.462697029113771 10.788501262664797 1.0000000180025095e-35 1.0000000180025095e-35 1.0000000180025095e-35
decision_type=2 2 2 2 2 2 2 2 2 2 2 2 2 2 2 2 2 2 2 2 2 2 2 2 2 2 2 2 2 2
left_child=1 -1 3 4 6 -4 10 9 -9 14 18 12 -7 -13 16 -11 17 -5 19 22 21 29 23 24 25 26 -2 -3 -29 -20
right_child=2 27 5 7 -6 11 -8 8 -10 15 -12 13 -14 -15 -16 -17 -18 -19 20 -21 -22 -23 -24 -25 -26 -27 -28 28 -30 -31
leaf_value=-0.085783814647465775 0.11094874976378899 0.00085819914259892326 -0.029466398950706747 0.079593555128914584 -0.07815066746191128 0.11002283666400928 0.18660420620987717 0.17407592627382318 -0.00673511041472067 -0.094739436806207084 0.10708145719193728 0.063859794636677777 0.19466789614833993 0.15767719395236812 0.089769744489011538 0.02488208777834508 -0.10484107071839409 -0.049991003432445148 0.042026945362045189 -0.051999598244541291 -0.068199129965990715 -0.036781056797546244 -0.0029315183877770962 0.15958453037728693 0.022496673089495919 0.19267621911916247 -0.0094498522349809357 -0.0321090408972328 0.087878948979896371 0.13929142291601318
leaf_weight=284.57151797413826 16.479780256748207 132.73262356221676 3.952166110277175 6.956468224525457 5.2089428752660742 94.939815685153008 3.9969587475061408 4.5030002146959287 3.8661954402923584 10.148345008492468 17.227149844169617 41.426399543881416 9.0137593001127225 7.626076251268386 7.5275667607784262 4.9895012378692618 3.9173223078250876 5.819798469543457 87.175687327980995 4.7089625895023337 4.4398278146982184 7.9317330867052069 5.9367394000291815 9.3984295278787595 15.689246430993078 4.2600898891687384 4.7070076167583457 90.750932693481445 4.4692244678735724 4.5435021519660941
leaf_count=1691 83 718 22 36 27 451 20 23 20 54 88 201 41 36 39 26 22 30 444 24 23 40 30 47 80 22 24 500 23 21
internal_value=-0.000393897 -0.0523271 0.0667546 0.0439755 0.0525853 0.101503 0.0562369 0.00939339 0.0905493 -0.00786339 0.0533817 0.104886 0.117362 0.0784454 0.021791 -0.0553117 -0.00886231 0.0205657 0.0477842 0.0685725 0.0355658 0.0401889 0.0786266 0.0882079 0.0719004 0.10236 0.0842001 -0.0105604 -0.0264773 0.0468451
internal_weight=908.915 512.524 396.39 239.432 191.704 156.958 186.495 47.7282 8.3692 39.359 182.498 153.006 103.954 49.0525 24.2212 15.1378 16.6936 12.7763 165.271 61.1803 104.091 99.6509 56.4713 50.5346 41.1361 25.4469 21.1868 227.953 95.2202 91.7192
internal_count=4906 2932 1974 1223 973 751 946 250 43 207 926 729 492 237 127 80 88 66 838 310 528 505 286 256 209 129 107 1241 523 465
is_linear=0
shrinkage=0.1


Tree=3
num_leaves=31
num_cat=0
split_feature=10 11 11 64 0 153 15 14 34 31 50 5 56 26 12 0 0 12 0 61 12 61 9 12 0 5 0 95 98 0
split_gain=256.306 63.6493 23.5716 5.68043 5.25071 4.35962 4.24496 3.9419 11.4061 6.94155 11.19 7.82126 6.92075 6.38809 5.21491 4.70492 4.54671 4.12301 6.29817 5.16467 4.03727 3.82908 3.65037 4.42135 4.12689 3.64977 3.59732 5.55806 5.3726 7.3357
threshold=1.0000000180025095e-35 1.0000000180025095e-35 1.0000000180025095e-35 1.0000000180025095e-35 2.3121149539947514 1.0000000180025095e-35 1.0000000180025095e-35 1.0000000180025095e-35 1.0000000180025095e-35 1.0000000180025095e-35 1.0000000180025095e-35 1.0000000180025095e-35 1.0000000180025095e-35 1.0000000180025095e-35 1.0000000180025095e-35 11.690622806549074 12.203969955444338 1.0000000180025095e-35 8.3682408332824725 1.0000000180025095e-35 1.0000000180025095e-35 1.0000000180025095e-35 1.0000000180025095e-35 1.0000000180025095e-35 4.0835044384002694 1.0000000180025095e-35 14.528405189514162 1.0000000180025095e-35 1.0000000180025095e-35 12.581793308258058
decision_type=2 2 2 2 2 2 2 2 2 2 2 2 2 2 2 2 2 2 2 2 2 2 2 2 2 2 2 2 2 2
left_child=1 -1 3 5 -4 -2 25 9 13 10 11 22 -10 20 16 -11 21 18 -13 -20 -9 -15 23 24 -6 -5 28 -28 29 -3
right_child=2 26 4 6 7 -7 -8 8 12 15 -12 17 -14 14 -16 -17 -18 -19 19 -21 -22 -23 -24 -25 -26 -27 27 -29 -30 -31
leaf_value=-0.081406267956653552 0.041017638423573172 -0.00032518641032239367 -0.026965176644059986 -0.026230696846569819 0.023693611094279334 0.14493924834071367 -0.082091176070505367 0.21862090046508326 0.10336648667256054 0.1665279622333864 -0.056631282021684604 0.22173136645108948 -0.04793013910396992 0.08272950234852916 0.16881643847023819 0.063595025526317614 0.14410898462318053 0.054040488965365965 0.16612879411270232 0.02310291884127345 0.10792478437774032 -0.034484639432835133 0.020723897520111473 0.027487001209206649 0.12591015824507365 0.091400443911996782 0.0029095786633768642 0.11188529954383275 -0.06247827374852144 -0.059330183571786127
leaf_weight=270.62193030118942 222.57853415608406 136.14735813438892 3.890263468027114 6.5789400637149829 5.1433473080396679 4.1113596856594077 6.2906023114919654 11.298386648297308 5.9279643297195417 13.268119901418688 6.7902699112892142 7.2090522646904054 6.170470803976059 7.6476174294948596 9.0945238769054431 6.674438700079917 6.4426770359277716 5.9897463768720618 5.4184068292379362 4.7275287061929703 4.6510613709688178 4.3849835246801376 18.806507289409637 12.329570978879927 17.021771803498268 4.4029307663440704 38.578922167420387 5.3263584822416297 21.683489978313446 24.927754729986191
leaf_count=1691 1109 745 22 36 23 19 36 50 27 60 32 32 29 34 41 31 29 28 25 22 21 20 89 59 77 23 211 29 119 137
internal_value=-0.000505542 -0.0486644 0.0583584 0.0386904 0.0878159 0.0429024 -0.0165896 0.0906243 0.112091 0.0790752 0.0664067 0.0773069 0.0262018 0.135969 0.106828 0.132078 0.0763137 0.125576 0.150265 0.0994855 0.186341 0.0400137 0.0561662 0.0754893 0.102191 0.0209308 -0.00957276 0.0161299 -0.0157475 -0.00945672
internal_weight=904.135 497.286 406.849 243.962 162.887 226.69 17.2725 158.996 55.6177 103.379 83.4362 76.6459 12.0984 43.5192 27.5698 19.9426 18.4753 23.3447 17.355 10.1459 15.9494 12.0326 53.3012 34.4947 22.1651 10.9819 226.664 43.9053 182.759 161.075
internal_count=4906 2932 1974 1223 751 1128 95 729 251 478 387 355 56 195 124 91 83 107 79 47 71 54 248 159 100 59 1241 240 1001 882
is_linear=0
shrinkage=0.1


Tree=4
num_leaves=31
num_cat=0
split_feature=10 11 11 68 0 69 0 1 8 13 42 7 0 1 9 100 140 0 26 14 67 12 0 55 21 42 0 0 14 34
split_gain=208.239 56.4649 18.108 5.0304 6.96664 5.78023 5.03701 4.70476 4.57064 4.91353 4.51478 5.21655 4.03791 3.87056 3.44013 4.90062 3.66633 3.61237 3.57246 4.79977 6.51313 4.3646 3.52918 5.89056 3.47665 3.71154 4.99745 3.25808 4.74008 9.29666
threshold=1.0000000180025095e-35 1.0000000180025095e-35 1.0000000180025095e-35 1.0000000180025095e-35 17.006159782409672 1.0000000180025095e-35 17.041751861572269 0.96379950642585765 1.0000000180025095e-35 1.0000000180025095e-35 1.0000000180025095e-35 1.0000000180025095e-35 2.3121149539947514 0.79298806190490734 1.0000000180025095e-35 1.0000000180025095e-35 1.0000000180025095e-35 10.513347148895265 1.0000000180025095e-35 1.0000000180025095e-35 1.0000000180025095e-35 1.0000000180025095e-35 3.0266940593719487 1.0000000180025095e-35 1.0000000180025095e-35 1.0000000180025095e-35 12.462697029113771 9.7262148857116717 1.0000000180025095e-35 1.0000000180025095e-35
decision_type=2 2 2 2 2 2 2 2 2 2 2 2 2 2 2 2 2 2 2 2 2 2 2 2 2 2 2 2 2 2
left_child=1 -1 3 4 5 13 8 -8 10 -10 -5 -12 -4 -2 16 22 18 -18 19 -3 21 -21 -16 -24 25 -20 -27 -14 -29 -30
right_child=2 14 12 6 -6 -7 7 -9 9 -11 11 -13 27 -15 15 -17 17 -19 24 20 -22 -23 23 -25 -26 26 -28 28 29 -31
leaf_value=-0.077221044537085615 0.038625011507083543 -0.039460574325536513 -0.024648418211192659 -0.03006721198502282 -0.074603377678319635 0.13161249048571153 0.13857740788376191 -0.0085153544960485123 -0.094062853817749814 0.027778777063847501 0.1061285222418452 -0.021597823290839278 0.092994592730624659 0.13407485344267125 -0.11026545025209444 0.076868035125895517 -0.12989359292947553 0.0068532695922755918 0.041076938383306935 0.11703301019358092 -0.042803726963711805 -0.0012901101201769555 0.017665223656891379 -0.040729025886471072 -0.036564385414506677 0.052688850945891978 -0.075037701993992845 0.046700757528928882 0.12466230462170168 -0.024103993132660442
leaf_weight=257.45516465604305 182.82521770894527 30.69907520711422 3.8334332704544059 11.294904008507729 5.0604901164770117 7.2888024449348441 4.9262368083000165 3.8927725106477737 9.9680076986551267 4.9551106840372077 8.111119866371153 5.2784897685050973 83.478269755840302 4.3494522869586936 4.9955515861511222 4.6344946622848502 4.0737165659666053 3.6740251928567886 49.926901608705521 7.4807123690843582 9.1245604157447815 5.3449183106422424 24.360978901386261 59.389350757002831 9.3302723318338376 5.3913541585206968 7.0939115136861801 51.574643567204475 23.135304838418964 5.1325853914022437
leaf_count=1691 890 171 22 59 27 35 23 20 53 27 40 28 366 21 28 23 23 21 267 38 51 29 137 335 50 29 39 239 99 25
internal_value=-0.000578099 -0.0452197 0.0513624 0.0342137 0.0412309 0.0442452 0.00530195 0.0736496 -0.0099163 -0.0536062 0.0164966 0.0557759 0.0768003 0.040843 -0.0086867 -0.0233788 0.00169592 -0.0650474 0.00585303 -0.0139294 0.0217779 0.0677234 -0.0286139 -0.0237435 0.0203707 0.0288822 -0.0198832 0.0791815 0.0647394 0.0976509
internal_weight=898.08 482.975 415.105 247.951 199.524 194.463 48.4266 8.81901 39.6076 14.9231 24.6845 13.3896 167.154 187.175 225.52 93.3804 132.139 7.74774 124.392 52.6493 21.9502 12.8256 88.7459 83.7503 71.7424 62.4122 12.4853 163.321 79.8425 28.2679
internal_count=4906 2932 1974 1223 973 946 250 43 207 80 127 68 751 911 1241 523 718 44 674 289 118 67 500 472 385 335 68 729 363 124
is_linear=0
shrinkage=0.1


Tree=5
num_leaves=31
num_cat=0
split_feature=10 11 11 17 68 0 69 0 13 64 8 1 0 0 12 68 88 7 55 0 69 8 81 14 26 15 0 0 139 0
split_gain=169.789 49.8925 14.1383 4.30322 4.38779 5.5103 4.70096 3.98175 3.56555 4.32601 3.91091 3.5319 3.17992 3.14147 3.13534 4.87629 3.45822 3.45031 3.41454 4.6976 5.30215 5.41038 5.53745 5.89835 4.18673 3.14232 5.81557 8.97678 5.76912 4.39106
threshold=1.0000000180025095e-35 1.0000000180025095e-35 1.0000000180025095e-35 1.0000000180025095e-35 1.0000000180025095e-35 17.006159782409672 1.0000000180025095e-35 17.041751861572269 1.0000000180025095e-35 1.0000000180025095e-35 1.0000000180025095e-35 0.96379950642585765 13.474332809448244 2.3121149539947514 1.0000000180025095e-35 1.0000000180025095e-35 1.0000000180025095e-35 1.0000000180025095e-35 1.0000000180025095e-35 3.0266940593719487 1.0000000180025095e-35 1.0000000180025095e-35 1.0000000180025095e-35 1.0000000180025095e-35 1.0000000180025095e-35 1.0000000180025095e-35 14.109513759613039 16.661190986633304 1.0000000180025095e-35 5.405886411666871
decision_type=2 2 2 2 2 2 2 2 2 2 2 2 2 2 2 2 2 2 2 2 2 2 2 2 2 2 2 2 2 2
left_child=1 -1 3 -2 5 6 -5 8 10 -10 12 -9 -6 -4 18 16 -16 -17 19 -3 21 22 23 -21 -23 28 -27 -28 29 -20
right_child=2 14 13 4 7 -7 -8 11 9 -11 -12 -13 -14 -15 15 17 -18 -19 25 20 -22 24 -24 -25 -26 26 27 -29 -30 -31
leaf_value=-0.073197372070591973 -0.054588873367113704 -0.054743159002794542 -0.022505946733450272 0.038419397468209868 0.070053451201937372 -0.068011058892652673 0.12180031030217689 0.11857445845155623 0.055934726160978387 -0.060369259529001899 -0.086658420656547497 -0.0076958438402130848 -0.036723884104199696 0.069668060135872664 -0.028479867055194303 -0.0096059698760883588 -0.12989130181390271 0.088628934517638716 0.058262358276106332 0.06867299114499309 -0.030760915690433318 -0.079959768808865142 0.028944856655163487 0.2203784811864801 0.046489694566107555 -0.012100422381543059 0.13624847042789762 -0.052695757103234445 -0.10429828612360154 -0.026712612274514713
leaf_weight=245.0999214053154 5.8298498839139929 6.5093988180160514 3.7813735902309409 186.77982759475708 4.2561972588300714 4.7117823958396903 7.0156268477439871 5.167162746191023 12.198792621493341 4.3345235437154761 8.976875439286232 3.8774202615022659 8.0911156088113767 166.83019375801086 69.039841055870056 9.0266348868608457 3.5347926318645468 5.9204998314380637 7.390613079071044 5.4828843027353287 8.906066492199896 3.9405311495065707 8.0690714120864868 4.812300905585289 7.8042279630899429 30.285947367548943 7.4156451225280744 3.804572194814682 8.0133956223726255 34.32286125421524
leaf_count=1691 29 36 22 894 21 26 32 23 60 25 50 20 43 729 382 50 20 33 41 30 49 22 44 26 42 169 40 21 46 190
internal_value=-0.00063126 -0.04201 0.0454095 0.0303233 0.0323404 0.03884 0.0414379 0.00483177 -0.00940985 0.0254434 -0.0364327 0.0644423 8.29423e-05 0.0676251 -0.00792742 -0.0227071 -0.0334192 0.0293045 0.00153126 0.0239001 0.0370212 0.0570707 0.0909708 0.139585 0.00406413 -0.00963061 0.0106831 0.0721809 -0.0265861 -0.0116571
internal_weight=891.23 469.379 421.851 251.239 245.409 198.507 193.795 46.9021 37.8575 16.5333 21.3242 9.04458 12.3473 170.612 224.279 87.5218 72.5746 14.9471 136.758 45.5245 39.0151 30.109 18.3643 10.2952 11.7448 91.233 41.5062 11.2202 49.7269 41.7135
internal_count=4906 2932 1974 1223 1194 952 926 242 199 85 114 43 64 751 1241 485 402 83 756 249 213 164 100 56 64 507 230 61 277 231
is_linear=0
shrinkage=0.1


Tree=6
num_leaves=31
num_cat=0
split_feature=10 11 11 17 68 0 69 21 64 13 7 67 6 9 174 100 46 93 9 79 56 16 14 35 26 31 50 12 5 12
split_gain=138.737 43.9515 11.101 3.48263 3.45066 4.4649 3.55952 3.2412 3.23969 4.05192 4.82924 3.84176 2.89217 2.88024 3.81331 3.71975 3.3122 3.1333 2.83134 6.08779 7.6835 4.05646 2.76081 6.89062 5.89026 5.62151 7.93356 5.13193 4.53373 4.05477
threshold=1.0000000180025095e-35 1.0000000180025095e-35 1.0000000180025095e-35 1.0000000180025095e-35 1.0000000180025095e-35 17.006159782409672 1.0000000180025095e-35 1.0000000180025095e-35 1.0000000180025095e-35 1.0000000180025095e-35 1.0000000180025095e-35 1.0000000180025095e-35 1.0000000180025095e-35 1.0000000180025095e-35 1.0000000180025095e-35 1.0000000180025095e-35 1.0000000180025095e-35 1.0000000180025095e-35 1.0000000180025095e-35 1.0000000180025095e-35 1.0000000180025095e-35 1.0000000180025095e-35 1.0000000180025095e-35 1.0000000180025095e-35 1.0000000180025095e-35 1.0000000180025095e-35 1.0000000180025095e-35 1.0000000180025095e-35 1.0000000180025095e-35 1.0000000180025095e-35
decision_type=2 2 2 2 2 2 2 2 2 2 2 2 2 2 2 2 2 2 2 2 2 2 2 2 2 2 2 2 2 2
left_child=1 18 3 -2 5 6 -5 8 9 10 -6 -10 -11 14 16 17 -3 -15 19 -1 -21 -22 25 24 -24 26 27 28 -4 -26
right_child=2 13 22 4 7 -7 -8 -9 11 12 -12 -13 -14 15 -16 -17 -18 -19 -20 20 21 -23 23 -25 29 -27 -28 -29 -30 -31
leaf_value=-0.066696946035133889 -0.050389347160869929 0.085731425048608756 0.045091036121865824 0.034032141771491824 -0.043857642480980119 -0.063591068623472732 0.10523011220006001 -0.074619414107800291 -0.10578832379511205 0.10597773994294735 0.05910184771132844 0.024657425775268221 0.013850679857546708 -0.029543783848044299 -0.071930514711165988 0.064674487507613884 0.0028093663559903758 0.06567819938928654 -0.081991408106249095 -0.097895245489962077 0.12904093314526874 -0.012575164902026988 0.14171620692990114 0.012548925545144713 0.042293540046972437 0.096531963601181728 -0.062782559115197908 0.011646429784676667 0.10450141888516905 0.11902907720600304
leaf_weight=120.44168865680695 5.6916038393974295 5.0186869204044333 38.667205259203911 189.61214765906334 11.374072849750521 4.5442958474159232 7.2919709682464591 4.6875246763229361 4.4791208654642087 8.305539205670355 7.5993246436119071 4.5523558259010315 5.7783578336238852 83.335836216807365 6.5861113071441642 4.8178466856479636 119.86415793001652 3.605128049850463 100.41411428153515 4.5579996854066822 4.4198784828186035 3.7292724698781967 17.032437056303024 13.046754002571104 20.253554135560989 21.485401332378387 6.9791269898414603 26.428492903709412 19.234408617019653 10.433389425277712
leaf_count=872 29 27 168 894 58 26 32 24 27 39 39 27 28 479 36 23 655 21 727 33 32 27 70 58 86 91 32 120 82 44
internal_value=-0.000670102 -0.038988 0.0402754 0.0269523 0.0287257 0.0344071 0.0366688 0.00425773 0.0130425 0.027544 -0.00261977 -0.0400366 0.0681797 -0.00725907 0.00223063 -0.0208556 0.00614177 -0.0255953 -0.069313 -0.0597516 0.00607867 0.0642336 0.0597669 0.0769502 0.0945579 0.0505097 0.0396805 0.0481603 0.0648266 0.0683832
internal_weight=884.268 456.791 427.477 253.916 248.225 201.448 196.904 46.7763 42.0888 33.0573 18.9734 9.03148 14.0839 223.228 131.469 91.7588 124.883 86.941 233.563 133.149 12.7072 8.14915 173.561 60.7661 47.7194 112.795 91.3092 84.3301 57.9016 30.6869
internal_count=4906 2932 1974 1223 1194 952 926 242 218 164 97 54 67 1241 718 523 682 500 1691 964 92 59 751 258 200 493 402 370 250 130
is_linear=0
shrinkage=0.1


Tree=7
num_leaves=31
num_cat=0
split_feature=10 11 11 61 167 105 78 15 26 132 82 42 83 0 8 97 7 0 9 79 56 61 105 12 65 0 23 7 9 83
split_gain=113.499 38.7311 8.85657 3.33372 3.29174 4.20978 3.13416 4.52689 3.66603 4.95308 3.58121 3.4662 2.79555 3.07305 2.8803 2.69445 7.03122 2.66251 2.66165 5.32932 6.35807 3.04854 2.61506 2.5864 4.19288 8.12301 3.7469 3.28334 2.79564 3.37742
threshold=1.0000000180025095e-35 1.0000000180025095e-35 1.0000000180025095e-35 1.0000000180025095e-35 1.0000000180025095e-35 1.0000000180025095e-35 1.0000000180025095e-35 1.0000000180025095e-35 1.0000000180025095e-35 1.0000000180025095e-35 1.0000000180025095e-35 1.0000000180025095e-35 1.0000000180025095e-35 11.824777603149416 1.0000000180025095e-35 1.0000000180025095e-35 1.0000000180025095e-35 2.3121149539947514 1.0000000180025095e-35 1.0000000180025095e-35 1.0000000180025095e-35 1.0000000180025095e-35 1.0000000180025095e-35 1.0000000180025095e-35 1.0000000180025095e-35 14.528405189514162 1.0000000180025095e-35 1.0000000180025095e-35 1.0000000180025095e-35 1.0000000180025095e-35
decision_type=2 2 2 2 2 2 2 2 2 2 2 2 2 2 2 2 2 2 2 2 2 2 2 2 2 2 2 2 2 2
left_child=1 18 3 4 5 6 8 -8 9 10 11 -2 13 -10 -14 17 -17 -4 19 -1 -21 -22 -19 -3 25 26 -25 -27 29 -28
right_child=2 23 15 -5 -6 -7 7 -9 12 -11 -12 -13 14 -15 -16 16 -18 22 -20 20 21 -23 -24 24 -26 27 28 -29 -30 -31
leaf_value=-0.062958950563941324 0.013988707564748957 0.0019966951717892358 -0.025390947653460658 0.040316531084202342 0.07253213328417342 -0.065348727639892093 0.10912103450929128 -0.0036801890968999398 0.019034339370326371 0.11770179628148754 -0.068603575153416974 0.080115665056666646 -0.080969688359359332 -0.027926999362013219 0.007945808573734366 -0.054984728899844584 0.088447292832384602 0.061292984824892718 -0.078259892675059936 -0.094530300982221982 0.1239366705008656 0.0030276183530920757 -0.0070752128911536708 -0.12909434087989344 -0.11056733898509147 0.023418578696268399 -0.018945678796459073 0.13399899667709633 -0.050484004757756634 0.060726072909735765
leaf_weight=115.11623954772949 33.920885100960732 136.15442867577076 3.8500351160764685 84.075282573699951 9.7261457741260511 6.6385735571384421 8.2127629518508893 6.276802957057952 53.427528813481331 5.9749228507280341 4.0677999258041373 10.343994155526159 8.108498200774191 18.850896641612053 6.615644469857215 7.4642267376184446 6.3044090121984482 152.02386909723282 94.968162700533867 4.2635423541069004 3.6626558005809784 4.8422780930995941 5.8084221184253684 3.4711198359727851 4.8400473296642295 7.7516421228647214 36.558037936687469 4.1080997735261917 23.159367963671684 6.22711257636547
leaf_count=872 167 756 22 393 44 33 38 29 253 27 20 51 39 97 32 32 27 645 727 33 25 34 25 20 27 43 203 22 136 34
internal_value=-0.000687293 -0.0361187 0.0358466 0.0239943 0.0160235 0.01264 0.015963 0.0602561 0.0114213 0.031808 0.0211898 0.0294415 -0.00130418 0.00678638 -0.0410194 0.0531564 0.0106902 0.0567727 -0.0655779 -0.0561602 0.00513483 0.0550972 0.058777 -0.00658221 -0.0201461 -0.0147614 -0.0278287 0.0617226 -0.0224984 -0.00734995
internal_weight=876.813 445.123 431.691 256.24 172.164 162.438 155.8 14.4896 141.31 54.3076 48.3327 44.2649 87.0026 72.2784 14.7241 175.451 13.7686 161.682 222.853 127.885 12.7685 8.50493 157.832 222.27 86.1154 81.2754 69.4156 11.8597 65.9445 42.7852
internal_count=4906 2932 1974 1223 830 786 753 67 686 265 238 218 421 350 71 751 59 692 1691 964 92 59 670 1241 485 458 393 65 373 237
is_linear=0
shrinkage=0.1


Tree=8
num_leaves=31
num_cat=0
split_feature=10 11 11 153 108 12 113 62 13 133 0 13 82 134 81 99 26 9 14 26 42 40 9 0 0 42 15 5 81 0
split_gain=92.9026 34.017 7.07661 2.73568 3.23339 2.69533 3.77448 4.32564 6.98523 3.90434 3.7034 3.4973 3.9841 3.96508 4.17509 3.25903 4.13112 5.7204 5.2529 3.24119 3.15894 2.80638 2.90132 4.98881 10.0886 4.61552 3.28335 3.91673 4.04317 3.15775
threshold=1.0000000180025095e-35 1.0000000180025095e-35 1.0000000180025095e-35 1.0000000180025095e-35 1.0000000180025095e-35 1.0000000180025095e-35 1.0000000180025095e-35 1.0000000180025095e-35 1.0000000180025095e-35 1.0000000180025095e-35 15.63039016723633 1.0000000180025095e-35 1.0000000180025095e-35 1.0000000180025095e-35 1.0000000180025095e-35 1.0000000180025095e-35 1.0000000180025095e-35 1.0000000180025095e-35 1.0000000180025095e-35 1.0000000180025095e-35 1.0000000180025095e-35 1.0000000180025095e-35 1.0000000180025095e-35 9.7262148857116717 10.709103107452394 1.0000000180025095e-35 1.0000000180025095e-35 1.0000000180025095e-35 1.0000000180025095e-35 8.2737851142883319
decision_type=2 2 2 2 2 2 2 2 2 2 2 2 2 2 2 2 2 2 2 2 2 2 2 2 2 2 2 2 2 2
left_child=1 -1 3 4 5 6 7 11 9 19 15 12 13 14 -2 16 18 -18 -10 20 -9 22 23 29 -25 -26 27 28 -24 -7
right_child=2 -3 -4 -5 -6 21 -8 8 10 -11 -12 -13 -14 -15 -16 -17 17 -19 -20 -21 -22 -23 26 24 25 -27 -28 -29 -30 -31
leaf_value=-0.061966067901661037 0.035236930555267734 -0.005981534464883741 0.047328940085868687 0.09351847940978282 -0.017451391753623566 0.019853719379348236 0.11042729754335164 0.015831269895591402 0.069319818776422168 0.10142177198997387 0.16685541424539801 -0.022901246297420852 -0.043030876216947997 -0.025220614869410813 0.12960698631220965 0.00084541286040848602 0.099026456457009915 -0.042469023068108756 0.20612019382380742 -0.016605946267435962 0.10664850364870984 -0.034934395380751534 -0.0065053324818381501 0.19901609332294676 -0.021339849242454016 0.088071826640332598 -0.069645786403210286 -0.057849176475011414 0.10723016912284732 -0.067500438686900061
leaf_weight=212.88161095231771 16.14010117948056 221.41606666147709 177.20989729464054 5.1522200703620902 21.219107821583748 21.458157643675808 5.8172403275966635 15.844633251428606 6.9015106260776555 5.1345845609903327 4.1205995827913275 23.005814433097839 6.6261435598134986 6.6330047547817221 6.6072780340909949 6.1453382223844519 6.9669402092695236 4.8436083942651749 4.7310126721858978 23.033672675490379 5.0510152727365485 12.367658525705336 7.3224178254604393 4.6031599342823055 8.1566227674484235 7.3119416236877433 6.8686100095510474 5.6660656332969657 5.45332171022892 5.1269066035747519
leaf_count=1691 77 1241 751 23 102 99 27 74 32 23 20 109 31 31 32 29 33 23 21 108 23 63 36 21 40 36 34 27 25 24
internal_value=-0.00069645 -0.0334237 0.0319391 0.021381 0.0199129 0.0233312 0.0314797 0.0282406 0.0429887 0.0189098 0.078036 0.00755432 0.0270134 0.0428105 0.062648 0.0656667 0.0826588 0.0409979 0.124957 0.00926552 0.0377841 0.00906975 0.0166319 0.0314204 0.0690533 0.0303787 -0.0106289 0.0113519 0.0420426 0.00300755
internal_weight=869.816 434.298 435.519 258.309 253.156 231.937 147.602 141.785 82.7729 49.0639 33.709 59.0123 36.0065 29.3804 22.7474 29.5884 23.4431 11.8105 11.6325 43.9293 20.8956 84.3349 71.9672 46.6568 20.0717 15.4686 25.3104 18.4418 12.7757 26.5851
internal_count=4906 2932 1974 1223 1200 1098 693 666 386 228 158 280 171 140 109 138 109 56 53 205 97 405 342 220 97 76 122 88 61 123
is_linear=0
shrinkage=0.1


Tree=9
num_leaves=31
num_cat=0
split_feature=10 11 11 64 16 15 9 79 56 16 139 16 26 262 61 1 0 101 8 46 174 84 0 65 0 73 13 26 5 1
split_gain=75.9368 29.7815 5.68464 2.77173 3.36192 2.78145 2.61795 4.8714 5.53228 2.67447 2.58249 4.74334 3.22098 2.5374 2.57694 5.77571 3.42901 3.0364 3.52293 4.82856 5.94021 5.10953 4.58628 3.81522 6.63539 3.82279 3.91838 6.30441 3.62078 4.781
threshold=1.0000000180025095e-35 1.0000000180025095e-35 1.0000000180025095e-35 1.0000000180025095e-35 1.0000000180025095e-35 1.0000000180025095e-35 1.0000000180025095e-35 1.0000000180025095e-35 1.0000000180025095e-35 1.0000000180025095e-35 1.0000000180025095e-35 1.0000000180025095e-35 1.0000000180025095e-35 1.0000000180025095e-35 1.0000000180025095e-35 0.95330443978309642 16.661190986633304 1.0000000180025095e-35 1.0000000180025095e-35 1.0000000180025095e-35 1.0000000180025095e-35 1.0000000180025095e-35 6.8391511440277108 1.0000000180025095e-35 15.181382656097414 1.0000000180025095e-35 1.0000000180025095e-35 1.0000000180025095e-35 1.0000000180025095e-35 -0.42596395313739771
decision_type=2 2 2 2 2 2 2 2 2 2 2 2 2 2 2 2 2 2 2 2 2 2 2 2 2 2 2 2 2 2
left_child=1 6 3 -2 5 -5 7 -1 -9 -10 -8 12 -12 14 15 17 -16 18 19 -3 21 23 -20 24 25 28 27 -27 29 -21
right_child=2 13 -4 4 -6 -7 10 8 9 -11 11 -13 -14 -15 16 -17 -18 -19 22 20 -22 -23 -24 -25 -26 26 -28 -29 -30 -31
leaf_value=-0.055676487471952966 0.021788700552467483 0.10451032338932807 0.042209940290475978 0.049750449426002284 -0.079789291710754467 -0.054922230606659107 -0.077867375701385494 -0.089149525822623643 0.1046252893566848 -0.0089423812564304005 0.12569124961019443 -0.094744764023562231 -0.035357892770632365 -0.082313640101210186 -0.013115001640823173 0.12417227838464764 -0.095613429239436623 0.070381388023603622 -0.060772148610823654 0.10966824222945706 -0.10771640428709815 -0.10351866137102586 0.00090124195123557544 -0.079612798206793414 0.11177168585272995 0.08845724216193758 -0.10745781906205649 -0.072779063631617694 -0.0092978976448614258 0.019723988363272396
leaf_weight=105.43759685754776 242.75787921249866 5.0696059167385092 178.74332150816917 7.2004269510507601 6.048357665538787 3.9211455583572388 76.28550186753273 3.8124186694622013 4.8353884816169739 3.6305404603481293 2.4837140142917615 4.7308838367462158 2.4837140142917633 4.2076351195573798 66.578089132905006 3.8788868188858023 5.450693652033805 5.9504533708095542 19.964216649532318 8.6949515640735573 4.5017855614423743 3.7296774685382834 30.446178957819939 3.8979140520095816 7.3557497113943091 4.5730872601270658 4.7980937063693991 5.1627885550260544 18.007134824991226 18.449623957276351
leaf_count=872 1128 28 751 36 36 23 645 33 32 27 21 40 21 24 379 21 30 33 112 48 26 21 172 22 40 26 28 29 100 102
internal_value=-0.00069359 -0.0308495 0.0284824 0.0190424 -0.0197862 0.0128459 -0.0584235 -0.0487345 0.0108779 0.0559228 -0.0716881 -0.0230828 0.0451667 -0.00540139 -0.00390668 0.00379637 -0.019358 0.000475462 -0.0026138 0.00989879 0.00384046 0.0105662 -0.0235235 0.0165643 0.0221562 0.0111119 -0.0334948 0.00295605 0.0254704 0.0485349
internal_weight=863.087 424.416 438.671 259.928 17.1699 11.1216 203.7 117.716 12.2783 8.46593 85.9838 9.69831 4.96743 220.717 216.509 144.48 72.0288 140.601 134.651 84.2404 79.1708 74.669 50.4104 70.9393 67.0414 59.6857 14.534 9.73588 45.1517 27.1446
internal_count=4906 2932 1974 1223 95 59 1691 964 92 59 727 82 42 1241 1217 808 409 787 754 470 442 416 284 395 373 333 83 55 250 150
is_linear=0
shrinkage=0.1


Tree=10
num_leaves=31
num_cat=0
split_feature=10 11 272 11 12 1 0 0 0 13 5 17 68 0 0 1 99 67 42 8 7 13 7 9 79 56 0 98 7 13
split_gain=62.3179 25.9403 4.59746 4.22155 2.76333 2.82709 4.69355 4.2494 4.72864 5.0888 3.32795 2.62766 2.44097 3.3956 3.18324 3.0112 3.38302 3.86293 2.4914 2.8669 2.77122 2.71515 2.62568 2.43736 4.19999 4.5849 2.44514 2.39235 3.38958 2.83907
threshold=1.0000000180025095e-35 1.0000000180025095e-35 1.0000000180025095e-35 1.0000000180025095e-35 1.0000000180025095e-35 0.082515783607959761 11.880903720855715 13.661875724792482 14.97056818008423 1.0000000180025095e-35 1.0000000180025095e-35 1.0000000180025095e-35 1.0000000180025095e-35 17.006159782409672 17.041751861572269 0.61076888442039501 1.0000000180025095e-35 1.0000000180025095e-35 1.0000000180025095e-35 1.0000000180025095e-35 1.0000000180025095e-35 1.0000000180025095e-35 1.0000000180025095e-35 1.0000000180025095e-35 1.0000000180025095e-35 1.0000000180025095e-35 8.4175219535827654 1.0000000180025095e-35 1.0000000180025095e-35 1.0000000180025095e-35
decision_type=2 2 2 2 2 2 2 2 2 2 2 2 2 2 2 2 2 2 2 2 2 2 2 2 2 2 2 2 2 2
left_child=1 23 3 11 5 -5 10 -8 -9 -10 -7 -2 13 15 18 -13 17 -17 20 22 21 -14 -20 24 -1 -26 -27 28 29 -6
right_child=2 -3 -4 4 27 6 7 8 9 -11 -12 12 14 -15 -16 16 -18 -19 19 -21 -22 -23 -24 -25 25 26 -28 -29 -30 -31
leaf_value=-0.052288631740874059 -0.049220479124111198 -0.004966814518742842 -0.072103014789190845 0.061673479326679673 0.065609219507509045 -0.053754336166410538 0.094751194309872028 -0.027639033879098912 0.098876674210735413 -0.0049033063796832792 0.039447951628569289 0.022637825498252332 -0.12908852002585797 -0.061813148221831288 0.051844959420075526 0.13647872393142896 -0.0073994145826186894 0.027457924113929812 0.070420488962553304 -0.040760967627942117 0.012601733920963235 -0.028306003280477415 -0.020237274417897522 -0.068234675885497739 -0.086040296668577709 -0.024284387371082621 0.086800672836202131 -0.03779888313594934 -0.017634589869397678 0.0097268362842450329
leaf_weight=101.26512122154236 5.6271423548459998 219.97294226288795 4.7782285809516898 62.545446887612343 21.94470103085041 9.3176794052124006 13.50016514956951 10.312285527586939 11.460074976086617 8.039397120475769 6.5062367767095557 183.39290821552277 4.7386545687913912 4.4522343128919593 9.2771541476249677 7.8053618520498294 4.7187526971101752 5.5690221637487411 8.5571312010288256 7.3865605667233458 5.9618550986051551 6.1327296867966652 5.0980076342821112 81.59055345505476 3.5679187551140759 3.0271244496107101 5.7364434897899628 6.3411745131015769 12.524155259132383 15.521668300032614
leaf_count=872 29 1241 22 257 93 39 56 43 48 34 27 835 28 26 43 34 21 25 39 40 31 31 27 727 33 20 39 27 53 66
internal_value=-0.000699087 -0.028513 0.0254549 0.0265223 0.038375 0.0468522 0.0311764 0.048205 0.0271266 0.0560894 -0.0154328 0.0183669 0.0198697 0.0245689 -0.000654294 0.0264777 0.0653985 0.091083 -0.0135136 0.00942625 -0.0421885 -0.0722354 0.0365743 -0.0550492 -0.0455787 0.00952282 0.0484295 0.0200634 0.0274031 0.0424581
internal_weight=856.669 415.16 441.509 436.73 178.013 121.681 59.1358 43.3119 29.8118 19.4995 15.8239 258.718 253.09 205.938 47.1521 201.486 18.0931 13.3744 37.8749 21.0417 16.8332 10.8714 13.6551 195.187 113.597 12.3315 8.76357 56.3317 49.9905 37.4664
internal_count=4906 2932 1974 1952 743 504 247 181 125 82 66 1209 1180 941 239 915 80 59 196 106 90 59 66 1691 964 92 59 239 212 159
is_linear=0
shrinkage=0.1


Tree=11
num_leaves=31
num_cat=0
split_feature=10 11 12 40 14 100 26 98 134 78 0 95 7 14 45 5 31 9 134 0 1 5 99 16 44 1 0 168 0 82
split_gain=51.0292 22.5885 4.04006 4.48665 4.87402 3.85057 5.35586 7.03422 4.28925 4.14574 3.46876 3.45753 4.55859 3.84597 9.55382 3.51855 3.20012 3.1064 8.49959 4.704 6.50023 8.23636 6.33181 3.81942 2.8803 2.69657 2.83268 2.69293 2.67406 2.63682
threshold=1.0000000180025095e-35 1.0000000180025095e-35 1.0000000180025095e-35 1.0000000180025095e-35 1.0000000180025095e-35 1.0000000180025095e-35 1.0000000180025095e-35 1.0000000180025095e-35 1.0000000180025095e-35 1.0000000180025095e-35 2.4503763914108281 1.0000000180025095e-35 1.0000000180025095e-35 1.0000000180025095e-35 1.0000000180025095e-35 1.0000000180025095e-35 1.0000000180025095e-35 1.0000000180025095e-35 1.0000000180025095e-35 7.6317591667175302 -0.27872842550277704 1.0000000180025095e-35 1.0000000180025095e-35 1.0000000180025095e-35 1.0000000180025095e-35 -1.0000000180025095e-35 12.746064186096193 1.0000000180025095e-35 14.29021215438843 1.0000000180025095e-35
decision_type=2 2 2 2 2 2 2 2 2 2 2 2 2 2 2 2 2 2 2 2 2 2 2 2 2 2 2 2 2 2
left_child=1 -1 5 24 16 6 8 9 11 10 -8 13 -13 29 15 -15 -5 18 -12 20 21 -19 28 -20 -4 -9 -27 -26 -21 -2
right_child=2 -3 3 4 -6 -7 7 25 -10 -11 17 12 -14 14 -16 -17 -18 19 23 22 -22 -23 -24 -25 27 26 -28 -29 -30 -31
leaf_value=-0.051762510563875312 0.02384281675792544 -0.0044826072994006098 -0.051870685178083499 -0.074663263564396329 -0.11054259336200699 0.093585371684481583 -0.071263444579894641 0.006631126012069154 0.096388287055638525 0.07609565703049781 0.04666330032502565 0.037626074893896744 0.15145521359801428 0.13005093859326211 -0.02052083984193678 0.048528300066579474 0.025481271996300459 0.064153225015689305 -0.00052882960464375268 -0.080144548215256822 0.1406895546303735 -0.071130797164267567 0.059441106362752461 -0.11473070027503821 0.016117543922088744 -0.13644714996194379 -0.027241194209542033 0.078819933469417375 -0.0070953634943511012 -0.032684647411898984
leaf_weight=187.33296004682779 47.082625478506088 219.39296500384808 5.8792385160922995 4.4904494434595117 5.8605632781982413 9.1443801224231702 4.283871352672576 5.4450875669717798 13.744572728872297 13.153005614876745 67.061611130833626 9.0929293483495695 5.7385860979557028 12.404865980148315 10.627130076289175 9.2362179309129715 11.025695040822029 10.821649760007864 7.8625768274068815 13.447810962796217 4.6016110479831687 7.7041858434677115 6.5465854927897444 4.6667419075965881 118.59229396283627 4.7321074604988063 4.7689394056797028 7.2693198919296256 7.9877386838197699 10.005715578794478
leaf_count=1691 210 1241 28 23 29 39 21 24 57 56 293 40 24 54 47 41 51 48 34 61 20 34 30 21 535 21 22 31 36 44
internal_value=-0.000680012 -0.0262591 0.0227899 0.00964787 -0.0328472 0.0297249 0.0276469 0.0159071 0.0438813 0.0225039 0.0172819 0.0369546 0.0816687 0.0295329 0.0571276 0.0952578 -0.00350106 0.0201841 0.0325381 0.000945598 0.0343158 0.00789378 -0.0266351 -0.0430651 0.0165433 -0.0494768 -0.0816325 0.019739 -0.0529235 0.0139354
internal_weight=850.004 406.726 443.278 153.118 21.3767 290.161 281.016 163.084 117.933 148.137 134.984 104.188 14.8315 89.3566 32.2682 21.6411 15.5161 130.701 79.5909 51.1096 23.1274 18.5258 27.9821 12.5293 131.741 14.9461 9.50105 125.862 21.4355 57.0883
internal_count=4906 2932 1974 697 103 1277 1238 721 517 654 598 460 64 396 142 95 74 577 348 229 102 82 127 55 594 67 43 566 97 254
is_linear=0
shrinkage=0.1


Tree=12
num_leaves=31
num_cat=0
split_feature=10 11 272 9 93 0 61 21 140 113 5 0 7 0 0 0 0 0 0 0 167 0 7 73 0 132 0 0 15 16
split_gain=41.726 19.5596 3.66763 3.73854 5.39123 5.27206 4.81753 7.50843 7.30139 6.92285 4.46228 5.33404 4.33699 4.24333 3.87615 4.05046 6.70857 3.74678 3.32262 3.08657 4.98477 4.4176 2.95181 6.5651 6.68112 4.83173 3.39717 5.85938 3.82679 2.90933
threshold=1.0000000180025095e-35 1.0000000180025095e-35 1.0000000180025095e-35 1.0000000180025095e-35 1.0000000180025095e-35 2.4503763914108281 1.0000000180025095e-35 1.0000000180025095e-35 1.0000000180025095e-35 1.0000000180025095e-35 1.0000000180025095e-35 11.23477077484131 1.0000000180025095e-35 6.9705681800842294 2.6652977466583256 3.0691307783126835 3.1772758960723881 13.882272243499758 9.3497605323791522 10.709103107452394 1.0000000180025095e-35 11.934291839599611 1.0000000180025095e-35 1.0000000180025095e-35 9.7262148857116717 1.0000000180025095e-35 5.07460641860962 3.0691307783126835 1.0000000180025095e-35 1.0000000180025095e-35
decision_type=2 2 2 2 2 2 2 2 2 2 2 2 2 2 2 2 2 2 2 2 2 2 2 2 2 2 2 2 2 2
left_child=1 -1 3 5 6 -2 8 10 9 22 12 13 17 -12 -7 -16 -17 18 -8 -18 21 -21 26 24 25 -24 27 -5 -29 -28
right_child=2 -3 -4 4 -6 14 7 -9 -10 -11 11 -13 -14 -15 15 16 19 -19 -20 20 -22 -23 23 -25 -26 -27 29 28 -30 -31
leaf_value=-0.048531126052825668 -0.053408812360518559 -0.0040445369791695602 -0.067651800355213662 0.065051849620701582 -0.084724613049825911 0.13934777931813991 0.036387198071844755 -0.077913382463122433 -0.11697270716812032 0.12321887785003829 0.040214638892742433 0.073845815456725847 0.1398784514011506 -0.085401899824045405 -0.033907969260370069 0.19906797181687688 0.040347004269729113 -0.019440903775824431 0.13811379322691006 -0.02869855804178827 0.12060024931489283 0.023303083965993135 0.089000315299767263 -0.11752891350924688 -0.058993004244435848 -0.018814839214667343 0.045659909073217424 -0.015002466648977024 -0.13197688686317757 -0.0090048465394734697
leaf_weight=180.20718016475439 7.6582795083522788 218.86920781433582 4.6799173802137366 5.0335556715726879 5.8761477172374716 3.2460448890924445 7.4961274266243034 5.0246276110410681 5.0230538845062247 4.8424097299575797 4.7107906490564364 8.5523115918040258 7.8702845871448508 6.2661327123641968 9.7342556565999967 2.3758447617292395 138.1479583978653 5.3349971473217002 5.616457536816597 19.881618618965149 4.5689383149147025 91.610150806605816 8.8532245010137611 6.020191401243209 12.195846557617186 7.8354162871837607 30.470185294747353 6.6262213736772519 4.8392635136842728 14.307528629899023
leaf_count=1691 37 1241 22 23 27 14 32 22 23 21 20 38 34 27 42 10 591 26 24 88 20 416 39 28 59 35 139 29 22 66
internal_value=-0.000658508 -0.0241329 0.0204077 0.0213443 0.00931579 0.0284078 0.0128373 0.0381353 0.000701651 0.00655259 0.0508537 0.0146373 0.0777282 -0.0314931 0.0307322 0.0294083 0.0318104 0.051213 0.0799593 0.0302472 0.0182253 0.01403 0.00067884 -0.0225328 -0.00273337 0.0383805 0.0139007 -0.0248886 -0.0643741 0.0281932
internal_weight=843.774 399.076 444.698 440.018 162.795 277.223 156.919 50.8717 106.047 101.024 45.8471 19.5292 26.3179 10.9769 269.565 266.319 256.585 18.4476 13.1126 254.209 116.061 111.492 96.1814 34.9047 28.8845 16.6886 61.2768 16.499 11.4655 44.7777
internal_count=4906 2932 1974 1952 734 1218 707 223 484 461 201 85 116 47 1181 1167 1125 82 56 1115 524 504 440 161 133 74 279 74 51 205
is_linear=0
shrinkage=0.1


Tree=13
num_leaves=31
num_cat=0
split_feature=10 11 11 0 0 9 79 6 137 16 6 0 54 61 83 262 68 88 5 62 5 26 138 8 127 65 0 73 128 1
split_gain=34.0893 16.873 3.47228 2.5456 3.11925 2.40497 4.13105 3.1956 2.67332 2.63062 3.8323 4.65416 4.38881 2.25799 2.92525 2.18544 2.36494 7.63218 6.45099 4.36699 4.79042 4.25584 4.91383 4.56132 4.06153 3.90773 4.18767 3.63161 3.62024 5.31789
threshold=1.0000000180025095e-35 1.0000000180025095e-35 1.0000000180025095e-35 3.7686516046524052 2.8350445032119755 1.0000000180025095e-35 1.0000000180025095e-35 1.0000000180025095e-35 1.0000000180025095e-35 1.0000000180025095e-35 1.0000000180025095e-35 13.882272243499758 1.0000000180025095e-35 1.0000000180025095e-35 1.0000000180025095e-35 1.0000000180025095e-35 1.0000000180025095e-35 1.0000000180025095e-35 1.0000000180025095e-35 1.0000000180025095e-35 1.0000000180025095e-35 1.0000000180025095e-35 1.0000000180025095e-35 1.0000000180025095e-35 1.0000000180025095e-35 1.0000000180025095e-35 15.727583885192873 1.0000000180025095e-35 1.0000000180025095e-35 -0.27127538621425623
decision_type=2 2 2 2 2 2 2 2 2 2 2 2 2 2 2 2 2 2 2 2 2 2 2 2 2 2 2 2 2 2
left_child=1 3 -2 4 -1 6 9 -8 13 10 -5 -12 -13 -7 -15 16 17 19 25 21 -21 -3 23 28 -22 26 -18 -26 29 -23
right_child=2 15 -4 5 -6 8 7 -9 -10 -11 11 12 -14 14 -16 -17 18 -19 -20 20 24 22 -24 -25 27 -27 -28 -29 -30 -31
leaf_value=-0.05649345018401343 0.010986230672696357 -0.02026179967746973 0.028957977857859404 -0.094552787147720266 0.015328257648239186 -0.086800392856481293 0.061045224589847215 -0.049675667256025687 0.014148088592241828 -0.028522593337468306 -0.06620760053379271 0.14997639971891116 -0.028120436831729281 -0.06099883222210864 0.041572223188590093 -0.07699196777088313 0.04254054772531625 -0.12625372697768589 -0.031796984441141006 -0.032315167771521353 -0.0076165504466245123 0.13988227156150068 0.13963459941714421 -0.020704754342885046 0.0071606837496267263 -0.035692068168806781 0.14575556106982945 0.12661935364416446 -0.0097665786993437684 0.028612574113658709
leaf_weight=10.632183365523817 265.16831770539284 20.873601913452148 180.81234814226627 21.339709684252739 14.021804772317408 35.066168405115604 6.670863248407839 4.2786296457052231 3.9478207081556311 36.567560769617558 12.741671316325666 2.2789981216192237 3.5220880061388016 19.368194960057739 3.2465020939707747 3.9884977787733069 15.075449213385587 5.2316952794790259 15.078690528869627 66.904327183961868 27.888261407613754 7.2611702829599407 4.0445928126573554 14.506915733218191 5.1510680317878705 4.2757231444120398 5.3173239082097998 5.029814288020134 7.2538074404001227 10.515446066856386
leaf_count=105 1223 119 751 206 138 356 53 33 40 353 123 22 34 195 33 24 86 32 85 386 161 38 22 81 30 25 28 28 39 57
internal_value=-0.000637932 -0.0221481 0.0182725 -0.0454105 -0.0156453 -0.0503346 -0.0396672 0.0177799 -0.0654626 -0.047895 -0.0656572 -0.0324031 0.0418462 -0.0709114 -0.046274 -0.0036484 -0.00228404 -0.00729412 0.0197317 -0.00362084 -0.016201 0.0168675 0.0346506 0.023911 0.0121186 0.0512288 0.0694534 0.0661786 0.049769 0.0740626
internal_weight=838.059 392.079 445.981 173.682 24.654 149.028 87.3995 10.9495 61.6287 76.45 39.8825 18.5428 5.80109 57.6809 22.6147 218.396 214.408 174.661 39.7472 169.429 104.973 64.4555 43.5819 39.5373 38.0691 24.6685 20.3928 10.1809 25.0304 17.7766
internal_count=4906 2932 1974 1691 243 1448 824 86 624 738 385 179 56 584 228 1241 1217 993 224 961 605 356 237 215 219 139 114 58 134 95
is_linear=0
shrinkage=0.1


Tree=14
num_leaves=31
num_cat=0
split_feature=10 11 12 40 14 81 13 100 26 98 168 133 78 95 102 14 49 40 5 15 61 11 51 0 139 0 0 1 22 137
split_gain=28.0142 14.4977 3.2307 3.39003 4.18015 3.0059 3.67055 2.99193 4.22411 5.52901 3.65791 3.80849 3.4042 3.09575 3.47413 3.88177 8.42942 4.66981 4.23096 7.73171 3.26817 3.17908 3.12571 2.56927 2.43642 8.03881 3.46103 4.76366 3.06244 4.28461
threshold=1.0000000180025095e-35 1.0000000180025095e-35 1.0000000180025095e-35 1.0000000180025095e-35 1.0000000180025095e-35 1.0000000180025095e-35 1.0000000180025095e-35 1.0000000180025095e-35 1.0000000180025095e-35 1.0000000180025095e-35 1.0000000180025095e-35 1.0000000180025095e-35 1.0000000180025095e-35 1.0000000180025095e-35 1.0000000180025095e-35 1.0000000180025095e-35 1.0000000180025095e-35 1.0000000180025095e-35 1.0000000180025095e-35 1.0000000180025095e-35 1.0000000180025095e-35 1.0000000180025095e-35 1.0000000180025095e-35 2.4503763914108281 1.0000000180025095e-35 10.584530830383303 9.1197810173034686 -0.44832307100296015 1.0000000180025095e-35 1.0000000180025095e-35
decision_type=2 2 2 2 2 2 2 2 2 2 2 2 2 2 2 2 2 2 2 2 2 2 2 2 2 2 2 2 2 2
left_child=1 24 7 -4 5 6 -5 8 10 12 11 13 23 14 15 17 -17 18 20 -20 -2 -19 -15 -10 28 26 27 -26 29 -1
right_child=2 -3 3 4 -6 -7 -8 -9 9 -11 -12 -13 -14 22 -16 16 -18 21 19 -21 -22 -23 -24 -25 25 -27 -28 -29 -30 -31
leaf_value=-0.046338792699792963 -0.070024928651259685 -0.0033717434251215681 0.010592718143270313 0.076092701935273732 -0.10614224554255043 -0.071057765030098349 -0.04185763282262172 0.078285532596169327 -0.066100336182457572 -0.047907235560452739 -0.027767077945607396 0.085061008377417938 0.064348846916729027 0.10693347547242769 0.10003910865390636 0.093494381357354425 -0.022898944067162648 0.013875453373139907 0.077942620886752911 -0.071626132621025948 0.015024922405071467 0.12128099399569787 0.0085407609591120846 0.013821214802804861 0.13783609416465747 -0.08542417192606723 0.16574929121195695 -0.03398939888087419 -0.095628017566669804 0.035389465403088072
leaf_weight=132.46053117513657 14.901471272110941 217.73349609971046 133.35543062537909 5.9632887095212954 5.6482671424746504 4.8420354574918738 4.7318908274173737 9.3278505653142911 4.1487804204225531 14.831456854939459 8.6011300235986692 15.997844159603117 13.323426708579062 9.8246390819549543 5.6686562597751609 16.481143712997437 9.9959748536348361 6.7583103179931623 9.7457879036664945 5.3553194999694815 6.4840850979089728 4.6532168388366699 4.8090510815381995 132.01432214677334 2.3842792809009561 7.2890565991401663 2.1499460786581039 4.9909670427441606 11.709949046373366 6.7409996762871733
leaf_count=1341 66 1241 594 28 29 23 23 39 21 67 38 66 56 41 25 71 44 32 42 24 28 19 21 577 23 73 21 48 118 67
internal_value=-0.000633702 -0.0203932 0.0163878 0.00468943 -0.0324697 -0.00568746 0.0239077 0.0225596 0.0207267 0.0103286 0.0350513 0.0399333 0.0161065 0.032308 0.0245763 0.0188248 0.0495521 0.00183934 -0.0156227 0.0249009 -0.0442379 0.0576716 0.0745988 0.0113861 -0.0424897 -0.00638208 0.0541041 0.0215586 -0.0465127 -0.042381
internal_weight=832.923 385.459 447.463 154.541 21.1855 15.5372 10.6952 292.922 283.595 164.318 119.277 110.676 149.487 94.6777 80.044 74.3753 26.4771 47.8982 36.4867 15.1011 21.3856 11.4115 14.6337 136.163 167.726 16.8142 9.52519 7.37525 150.911 139.202
internal_count=4906 2932 1974 697 103 74 51 1277 1238 721 517 479 654 413 351 326 115 211 160 66 94 51 62 598 1691 165 92 71 1526 1408
is_linear=0
shrinkage=0.1


Tree=15
num_leaves=31
num_cat=0
split_feature=10 11 272 9 93 168 61 140 21 113 0 168 78 26 26 22 98 73 134 16 108 21 64 113 0 7 54 15 0 13
split_gain=22.9281 12.453 2.94587 2.95186 4.38337 4.252 5.26326 7.58927 6.35341 4.96118 4.10271 3.16155 3.94584 3.37487 3.19021 6.76824 3.55192 5.25193 5.13024 6.75233 4.38283 4.93014 3.21757 3.43344 3.07998 4.63409 4.55153 3.43925 11.1281 3.26561
threshold=1.0000000180025095e-35 1.0000000180025095e-35 1.0000000180025095e-35 1.0000000180025095e-35 1.0000000180025095e-35 1.0000000180025095e-35 1.0000000180025095e-35 1.0000000180025095e-35 1.0000000180025095e-35 1.0000000180025095e-35 2.4503763914108281 1.0000000180025095e-35 1.0000000180025095e-35 1.0000000180025095e-35 1.0000000180025095e-35 1.0000000180025095e-35 1.0000000180025095e-35 1.0000000180025095e-35 1.0000000180025095e-35 1.0000000180025095e-35 1.0000000180025095e-35 1.0000000180025095e-35 1.0000000180025095e-35 1.0000000180025095e-35 8.1492128372192401 1.0000000180025095e-35 1.0000000180025095e-35 1.0000000180025095e-35 5.2279260158538827 1.0000000180025095e-35
decision_type=2 2 2 2 2 2 2 2 2 2 2 2 2 2 2 2 2 2 2 2 2 2 2 2 2 2 2 2 2 2
left_child=1 -1 3 10 5 6 7 9 -8 24 -2 12 14 -13 15 22 18 -18 20 -20 21 -16 23 -12 27 26 29 -5 -29 -26
right_child=2 -3 -4 4 -6 -7 8 -9 -10 -11 11 13 -14 -15 16 -17 17 -19 19 -21 -22 -23 -24 -25 25 -27 -28 28 -30 -31
leaf_value=-0.039648979469439002 -0.051033570699750702 -0.0030403580517114875 -0.064912940331092878 0.035286416145498621 -0.080739043848330097 -0.052298391053443805 0.05197053524083322 -0.12870137897409412 -0.070175849377613272 0.10243736327008766 0.035019938846170225 0.014640638191825654 0.065153338702979596 0.10710680951169665 0.034029905375561657 0.12196586146230536 -0.11626237871600641 0.017641995758326517 0.0094990571369030635 -0.12415985215865291 -0.044263863612628636 -0.041958189209355394 -0.033195444587002881 -0.046408871081385764 0.0095687012794945774 -0.065355219814045282 0.046905006015081359 -0.083294539649738 0.089932358875147056 -0.089984975579566875
leaf_weight=162.31425281614065 7.5302231907844535 217.34069857001305 4.5988502800464621 33.068357765674591 5.7699143439531317 10.888546615839003 42.83226603269577 4.420453079044818 4.7285021841526023 4.9861379265785208 79.341986522078514 6.9923009127378473 18.832423478364944 9.0638319849967957 88.842149555683136 7.5713502764701834 5.498567655682562 6.2680120319128036 10.234182700514795 5.9930827617645255 9.5407710373401624 9.4460634142160398 8.993975564837454 5.5396764874458304 7.1389512270689011 14.655686162412165 12.991754055023193 10.32218110561371 5.7877777963876715 6.1192925125360489
leaf_count=1691 37 1241 22 143 27 48 185 21 21 21 341 30 79 37 386 32 25 28 44 27 43 41 44 24 33 72 62 48 25 28
internal_value=-0.000611488 -0.0186917 0.0147106 0.0155364 0.00487165 0.00799921 0.012464 -0.000616558 0.0398267 0.00533897 0.0217788 0.0237934 0.0210947 0.0668386 0.0175977 0.0310147 0.00757647 -0.044932 0.0125568 -0.0398641 0.0204457 0.026727 0.0236792 0.0297056 -3.54132e-05 -0.0203097 0.00483979 0.0168284 -0.0210598 -0.0363799
internal_weight=827.652 379.655 447.997 443.398 163.71 157.94 147.051 99.4906 47.5608 95.0701 279.689 272.158 256.102 16.0561 237.27 101.447 135.823 11.7666 124.056 16.2273 107.829 98.2882 93.8756 84.8817 90.084 40.9057 26.25 49.1783 16.11 13.2582
internal_count=4906 2932 1974 1952 734 707 659 453 206 432 1218 1181 1114 67 1035 441 594 53 541 71 470 427 409 365 411 195 123 216 73 61
is_linear=0
shrinkage=0.1


Tree=16
num_leaves=31
num_cat=0
split_feature=10 11 11 9 22 80 16 16 0 1 6 0 139 16 26 67 73 5 99 26 1 1 14 6 26 151 9 0 55 174
split_gain=18.7152 10.6265 2.64436 2.43698 3.70953 4.26464 4.81439 2.92581 3.30821 4.08124 3.33002 4.54176 2.7445 4.97053 2.86381 2.67891 9.71186 4.45558 4.18635 3.63711 2.64873 3.63251 5.72685 2.46679 2.29617 2.19138 2.17675 3.60962 4.41666 2.8005
threshold=1.0000000180025095e-35 1.0000000180025095e-35 1.0000000180025095e-35 1.0000000180025095e-35 1.0000000180025095e-35 1.0000000180025095e-35 1.0000000180025095e-35 1.0000000180025095e-35 3.1772758960723881 -0.70993992686271656 1.0000000180025095e-35 16.880219459533695 1.0000000180025095e-35 1.0000000180025095e-35 1.0000000180025095e-35 1.0000000180025095e-35 1.0000000180025095e-35 1.0000000180025095e-35 1.0000000180025095e-35 1.0000000180025095e-35 -0.14837630838155744 -0.63388851284980763 1.0000000180025095e-35 1.0000000180025095e-35 1.0000000180025095e-35 1.0000000180025095e-35 1.0000000180025095e-35 3.0266940593719487 1.0000000180025095e-35 1.0000000180025095e-35
decision_type=2 2 2 2 2 2 2 2 2 2 2 2 2 2 2 2 2 2 2 2 2 2 2 2 2 2 2 2 2 2
left_child=1 3 25 4 5 7 24 8 9 -1 -10 -12 -5 14 -14 16 17 19 20 -9 21 -17 23 -23 -7 -2 29 -28 -29 -3
right_child=2 26 -4 12 -6 6 -8 15 10 -11 11 -13 13 -15 -16 18 -18 -19 -20 -21 -22 22 -24 -25 -26 -27 27 28 -30 -31
leaf_value=-0.060871362097250775 0.008715790471773413 0.0087932129835854161 0.022547967937160577 -0.059496256926714688 -0.09713261335167106 0.16640415082829232 -0.051834412929779652 -0.0389061852730469 -0.085087861017304534 0.14309551736433959 -0.044047271355341464 0.10679547087066268 0.15528235862021744 -0.082992650926800748 -0.010245461588491503 -0.11190242755128672 -0.065823551277832834 0.18727188623156865 0.076327141658045397 0.1389124188258781 -0.082383308581847559 -0.11195785353097697 0.16476790837650929 0.045120388894149835 0.035817378429305491 -0.037956579227482377 -0.10256445481385729 0.024402028467288145 -0.025448899773408348 -0.061266674108962055
leaf_weight=1.9671057015657427 256.67183867841959 122.89312143623829 180.75632661581039 56.545934222638607 6.8903606683015814 2.7979844734072667 3.1628805622458458 2.7192071974277479 18.951420307159424 1.9569577276706684 16.10144625604153 2.2785333767533293 2.2287912815809241 3.5592181161046028 1.9682150855660436 2.3736827298998833 6.435982607305049 3.3415237441658974 3.18201720714569 1.9936117604374883 10.11957383900881 2.0982903838157672 2.1636897772550583 1.9096671342849729 2.5955988839268684 10.470386773347853 4.4548133164644232 25.616793990135193 58.038326844573021 5.983320251107215
leaf_count=21 1174 682 751 645 75 22 29 28 207 20 167 23 21 40 21 25 66 35 33 21 106 22 22 20 22 49 28 143 352 36
internal_value=-0.000585399 -0.0170885 0.0132069 -0.0368747 -0.0265284 -0.0208814 0.0461193 -0.0282698 -0.046494 0.0408483 -0.0556749 -0.0253476 -0.0518448 0.00393719 0.0776569 -0.00757904 0.0257605 0.0989425 -0.029692 0.0363145 -0.0477663 -0.00677205 0.0336622 -0.037115 0.103561 0.00688651 -0.00274104 -0.0148543 -0.0101836 0.00554056
internal_weight=822.227 374.328 447.899 157.342 93.0395 86.1492 8.55646 77.5927 41.2555 3.92406 37.3314 18.38 64.3022 7.75622 4.19701 36.3372 14.4903 8.05434 21.8469 4.71282 18.6649 8.54533 6.17165 4.00796 5.39358 267.142 216.986 88.1099 83.6551 128.876
internal_count=4906 2932 1974 1691 964 889 73 816 438 41 397 190 727 82 42 378 150 84 228 49 195 89 64 42 44 1223 1241 523 495 718
is_linear=0
shrinkage=0.1


end of trees

feature_importances:
Column_0=81
Column_11=31
Column_9=22
Column_26=21
Column_12=18
Column_1=17
Column_10=17
Column_16=15
Column_5=14
Column_14=14
Column_7=13
Column_61=13
Column_13=11
Column_15=9
Column_8=8
Column_64=8
Column_68=8
Column_42=7
Column_78=7
Column_6=6
Column_21=6
Column_56=6
Column_67=6
Column_100=6
Column_40=5
Column_73=5
Column_79=5
Column_98=5
Column_167=5
Column_168=5
Column_31=4
Column_69=4
Column_81=4
Column_99=4
Column_108=4
Column_113=4
Column_134=4
Column_139=4
Column_140=4
Column_17=3
Column_22=3
Column_54=3
Column_55=3
Column_62=3
Column_65=3
Column_82=3
Column_83=3
Column_93=3
Column_95=3
Column_133=3
Column_137=3
Column_153=3
Column_174=3
Column_272=3
Column_34=2
Column_46=2
Column_50=2
Column_51=2
Column_84=2
Column_88=2
Column_97=2
Column_105=2
Column_132=2
Column_262=2
Column_23=1
Column_32=1
Column_35=1
Column_44=1
Column_45=1
Column_49=1
Column_80=1
Column_86=1
Column_101=1
Column_102=1
Column_127=1
Column_128=1
Column_135=1
Column_138=1
Column_151=1

parameters:
[boosting: gbdt]
[objective: binary]
[metric: binary_logloss]
[tree_learner: serial]
[device_type: cpu]
[data_sample_strategy: bagging]
[data: ]
[valid: ]
[num_iterations: 300]
[learning_rate: 0.1]
[num_leaves: 31]
[num_threads: 0]
[seed: 0]
[deterministic: 0]
[force_col_wise: 0]
[force_row_wise: 0]
[histogram_pool_size: -1]
[max_depth: -1]
[min_data_in_leaf: 20]
[min_sum_hessian_in_leaf: 0.001]
[bagging_fraction: 1]
[pos_bagging_fraction: 1]
[neg_bagging_fraction: 1]
[bagging_freq: 0]
[bagging_seed: 7719]
[bagging_by_query: 0]
[feature_fraction: 1]
[feature_fraction_bynode: 1]
[feature_fraction_seed: 2437]
[extra_trees: 0]
[extra_seed: 11797]
[early_stopping_round: 0]
[early_stopping_min_delta: 0]
[first_metric_only: 0]
[max_delta_step: 0]
[lambda_l1: 0]
[lambda_l2: 0]
[linear_lambda: 0]
[min_gain_to_split: 0]
[drop_rate: 0.1]
[max_drop: 50]
[skip_drop: 0.5]
[xgboost_dart_mode: 0]
[uniform_drop: 0]
[drop_seed: 21238]
[top_rate: 0.2]
[other_rate: 0.1]
[min_data_per_group: 100]
[max_cat_threshold: 32]
[cat_l2: 10]
[cat_smooth: 10]
[max_cat_to_onehot: 4]
[top_k: 20]
[monotone_constraints: ]
[monotone_constraints_method: basic]
[monotone_penalty: 0]
[feature_contri: ]
[forcedsplits_filename: ]
[refit_decay_rate: 0.9]
[cegb_tradeoff: 1]
[cegb_penalty_split: 0]
[cegb_penalty_feature_lazy: ]
[cegb_penalty_feature_coupled: ]
[path_smooth: 0]
[interaction_constraints: ]
[verbosity: -1]
[saved_feature_importance_type: 0]
[use_quantized_grad: 0]
[num_grad_quant_bins: 4]
[quant_train_renew_leaf: 0]
[stochastic_rounding: 1]
[linear_tree: 0]
[max_bin: 255]
[max_bin_by_feature: ]
[min_data_in_bin: 3]
[bin_construct_sample_cnt: 200000]
[data_random_seed: 38]
[is_enable_sparse: 1]
[enable_bundle: 1]
[use_missing: 1]
[zero_as_missing: 0]
[feature_pre_filter: 1]
[pre_partition: 0]
[two_round: 0]
[header: 0]
[label_column: ]
[weight_column: ]
[group_column: ]
[ignore_column: ]
[categorical_feature: ]
[forcedbins_filename: ]
[precise_float_parser: 0]
[parser_config_file: ]
[objective_seed: 8855]
[num_class: 1]
[is_unbalance: 0]
[scale_pos_weight: 1]
[sigmoid: 1]
[boost_from_average: 1]
[reg_sqrt: 0]
[alpha: 0.9]
[fair_c: 1]
[poisson_max_delta_step: 0.7]
[tweedie_variance_power: 1.5]
[lambdarank_truncation_level: 30]
[lambdarank_norm: 1]
[label_gain: ]
[lambdarank_position_bias_regularization: 0]
[eval_at: ]
[multi_error_top_k: 1]
[auc_mu_weights: ]
[num_machines: 1]
[local_listen_port: 12400]
[time_out: 120]
[machine_list_filename: ]
[machines: ]
[gpu_platform_id: -1]
[gpu_device_id: -1]
[gpu_device_id_list: ]
[gpu_use_dp: 0]
[num_gpu: 1]

end of parameters

pandas_categorical:null
