tree
version=v4
num_class=1
num_tree_per_iteration=1
label_index=0
max_feature_idx=567
objective=binary sigmoid:1
feature_names=Column_0 Column_1 Column_2 Column_3 Column_4 Column_5 Column_6 Column_7 Column_8 Column_9 Column_10 Column_11 Column_12 Column_13 Column_14 Column_15 Column_16 Column_17 Column_18 Column_19 Column_20 Column_21 Column_22 Column_23 Column_24 Column_25 Column_26 Column_27 Column_28 Column_29 Column_30 Column_31 Column_32 Column_33 Column_34 Column_35 Column_36 Column_37 Column_38 Column_39 Column_40 Column_41 Column_42 Column_43 Column_44 Column_45 Column_46 Column_47 Column_48 Column_49 Column_50 Column_51 Column_52 Column_53 Column_54 Column_55 Column_56 Column_57 Column_58 Column_59 Column_60 Column_61 Column_62 Column_63 Column_64 Column_65 Column_66 Column_67 Column_68 Column_69 Column_70 Column_71 Column_72 Column_73 Column_74 Column_75 Column_76 Column_77 Column_78 Column_79 Column_80 Column_81 Column_82 Column_83 Column_84 Column_85 Column_86 Column_87 Column_88 Column_89 Column_90 Column_91 Column_92 Column_93 Column_94 Column_95 Column_96 Column_97 Column_98 Column_99 Column_100 Column_101 Column_102 Column_103 Column_104 Column_105 Column_106 Column_107 Column_108 Column_109 Column_110 Column_111 Column_112 Column_113 Column_114 Column_115 Column_116 Column_117 Column_118 Column_119 Column_120 Column_121 Column_122 Column_123 Column_124 Column_125 Column_126 Column_127 Column_128 Column_129 Column_130 Column_131 Column_132 Column_133 Column_134 Column_135 Column_136 Column_137 Column_138 Column_139 Column_140 Column_141 Column_142 Column_143 Column_144 Column_145 Column_146 Column_147 Column_148 Column_149 Column_150 Column_151 Column_152 Column_153 Column_154 Column_155 Column_156 Column_157 Column_158 Column_159 Column_160 Column_161 Column_162 Column_163 Column_164 Column_165 Column_166 Column_167 Column_168 Column_169 Column_170 Column_171 Column_172 Column_173 Column_174 Column_175 Column_176 Column_177 Column_178 Column_179 Column_180 Column_181 Column_182 Column_183 Column_184 Column_185 Column_186 Column_187 Column_188 Column_189 Column_190 Column_191 Column_192 Column_193 Column_194 Column_195 Column_196 Column_197 Column_198 Column_199 Column_200 Column_201 Column_202 Column_203 Column_204 Column_205 Column_206 Column_207 Column_208 Column_209 Column_210 Column_211 Column_212 Column_213 Column_214 Column_215 Column_216 Column_217 Column_218 Column_219 Column_220 Column_221 Column_222 Column_223 Column_224 Column_225 Column_226 Column_227 Column_228 Column_229 Column_230 Column_231 Column_232 Column_233 Column_234 Column_235 Column_236 Column_237 Column_238 Column_239 Column_240 Column_241 Column_242 Column_243 Column_244 Column_245 Column_246 Column_247 Column_248 Column_249 Column_250 Column_251 Column_252 Column_253 Column_254 Column_255 Column_256 Column_257 Column_258 Column_259 Column_260 Column_261 Column_262 Column_263 Column_264 Column_265 Column_266 Column_267 Column_268 Column_269 Column_270 Column_271 Column_272 Column_273 Column_274 Column_275 Column_276 Column_277 Column_278 Column_279 Column_280 Column_281 Column_282 Column_283 Column_284 Column_285 Column_286 Column_287 Column_288 Column_289 Column_290 Column_291 Column_292 Column_293 Column_294 Column_295 Column_296 Column_297 Column_298 Column_299 Column_300 Column_301 Column_302 Column_303 Column_304 Column_305 Column_306 Column_307 Column_308 Column_309 Column_310 Column_311 Column_312 Column_313 Column_314 Column_315 Column_316 Column_317 Column_318 Column_319 Column_320 Column_321 Column_322 Column_323 Column_324 Column_325 Column_326 Column_327 Column_328 Column_329 Column_330 Column_331 Column_332 Column_333 Column_334 Column_335 Column_336 Column_337 Column_338 Column_339 Column_340 Column_341 Column_342 Column_343 Column_344 Column_345 Column_346 Column_347 Column_348 Column_349 Column_350 Column_351 Column_352 Column_353 Column_354 Column_355 Column_356 Column_357 Column_358 Column_359 Column_360 Column_361 Column_362 Column_363 Column_364 Column_365 Column_366 Column_367 Column_368 Column_369 Column_370 Column_371 Column_372 Column_373 Column_374 Column_375 Column_376 Column_377 Column_378 Column_379 Column_380 Column_381 Column_382 Column_383 Column_384 Column_385 Column_386 Column_387 Column_388 Column_389 Column_390 Column_391 Column_392 Column_393 Column_394 Column_395 Column_396 Column_397 Column_398 Column_399 Column_400 Column_401 Column_402 Column_403 Column_404 Column_405 Column_406 Column_407 Column_408 Column_409 Column_410 Column_411 Column_412 Column_413 Column_414 Column_415 Column_416 Column_417 Column_418 Column_419 Column_420 Column_421 Column_422 Column_423 Column_424 Column_425 Column_426 Column_427 Column_428 Column_429 Column_430 Column_431 Column_432 Column_433 Column_434 Column_435 Column_436 Column_437 Column_438 Column_439 Column_440 Column_441 Column_442 Column_443 Column_444 Column_445 Column_446 Column_447 Column_448 Column_449 Column_450 Column_451 Column_452 Column_453 Column_454 Column_455 Column_456 Column_457 Column_458 Column_459 Column_460 Column_461 Column_462 Column_463 Column_464 Column_465 Column_466 Column_467 Column_468 Column_469 Column_470 Column_471 Column_472 Column_473 Column_474 Column_475 Column_476 Column_477 Column_478 Column_479 Column_480 Column_481 Column_482 Column_483 Column_484 Column_485 Column_486 Column_487 Column_488 Column_489 Column_490 Column_491 Column_492 Column_493 Column_494 Column_495 Column_496 Column_497 Column_498 Column_499 Column_500 Column_501 Column_502 Column_503 Column_504 Column_505 Column_506 Column_507 Column_508 Column_509 Column_510 Column_511 Column_512 Column_513 Column_514 Column_515 Column_516 Column_517 Column_518 Column_519 Column_520 Column_521 Column_522 Column_523 Column_524 Column_525 Column_526 Column_527 Column_528 Column_529 Column_530 Column_531 Column_532 Column_533 Column_534 Column_535 Column_536 Column_537 Column_538 Column_539 Column_540 Column_541 Column_542 Column_543 Column_544 Column_545 Column_546 Column_547 Column_548 Column_549 Column_550 Column_551 Column_552 Column_553 Column_554 Column_555 Column_556 Column_557 Column_558 Column_559 Column_560 Column_561 Column_562 Column_563 Column_564 Column_565 Column_566 Column_567
feature_infos=[2.0013689994812012:17.993154525756836] [-0.7776256799697876:0.99923950433731079] none none none [0:1] [0:1] [0:1] [0:1] [0:1] [0:1] [0:1] [0:1] [0:1] [0:1] [0:1] [0:1] [0:1] [0:1] [0:1] [0:1] [0:1] [0:1] [0:1] [0:1] [0:1] [0:1] [0:1] [0:1] [0:1] [0:1] [0:1] [0:1] [0:1] [0:1] [0:1] [0:1] [0:1] [0:1] [0:1] [0:1] [0:1] [0:1] [0:1] [0:1] [0:1] [0:1] [0:1] [0:1] [0:1] [0:1] [0:1] [0:1] [0:1] [0:1] [0:1] [0:1] [0:1] [0:1] [0:1] [0:1] [0:1] [0:1] [0:1] [0:1] [0:1] [0:1] [0:1] [0:1] [0:1] [0:1] [0:1] [0:1] [0:1] [0:1] [0:1] [0:1] [0:1] [0:1] [0:1] [0:1] [0:1] [0:1] [0:1] [0:1] [0:1] [0:1] [0:1] [0:1] [0:1] [0:1] [0:1] [0:1] [0:1] [0:1] [0:1] [0:1] [0:1] [0:1] [0:1] [0:1] [0:1] [0:1] [0:1] [0:1] [0:1] [0:1] [0:1] [0:1] none none none none [0:1] [0:1] none [0:1] none [0:1] none none [0:1] none none none none [0:1] [0:1] [0:1] [0:1] [0:1] none [0:1] [0:1] [0:1] [0:1] none [0:1] [0:1] [0:1] [0:1] [0:1] [0:1] [0:1] [0:1] [0:1] [0:1] [0:1] [0:1] [0:1] [0:1] [0:1] [0:1] [0:1] [0:1] [0:1] [0:1] none none none none none none none none none none [0:1] [0:1] none none none none none [0:1] [0:1] [0:1] [0:1] [0:1] [0:1] [0:1] [0:1] [0:1] [0:1] [0:1] [0:1] [0:1] [0:1] [0:1] [0:1] [0:1] [0:1] [0:1] [0:1] [0:1] [0:1] [0:1] [0:1] [0:1] [0:1] [0:1] [0:1] none none [0:1] [0:1] [0:1] none [0:1] [0:1] [0:1] [0:1] [0:1] none [0:1] none none [0:1] none [0:1] [0:1] [0:1] [0:1] [0:1] [0:1] [0:1] [0:1] [0:1] [0:1] [0:1] [0:1] [0:1] [0:1] [0:1] [0:1] [0:1] [0:1] [0:1] [0:1] [0:1] [0:1] [0:1] [0:1] [0:1] none none none none none none none none none none none none none none none none none [0:1] [0:1] [0:1] [0:1] [0:1] [0:1] [0:1] [0:1] [0:1] [0:1] none [0:1] [0:1] [0:1] [0:1] none [0:1] [0:1] none none none [0:1] [0:1] none none none none none [0:1] [0:1] [0:1] [0:1] [0:1] [0:1] [0:1] none none none [0:1] none [0:1] [0:1] [0:1] none [0:1] [0:1] [0:1] [0:1] none none [0:1] [0:1] none none none none [0:1] [0:1] none none none [0:1] none none [0:1] [0:1] none none [0:1] [0:1] none none none none none none none none none none none none none none none none none none none none none none none none none none none none none none none none none none none none none none none none none none none none none none none none none none none none none none none none none none none none none none none none none none none none none none none none none none none none none none none none none none none none none none none none none none none none none none none none none none none none none none none none none none none none none none none none none none none none none none none none none none none none none none none none none none none none none none none none none none none none none none none none none none none none none none none none none none none none none none none none none none none none none none none none none none none none none none none none none none none none none none none none none none none none none none none none none none none none none none none none none none none none none none none none none none none none none none none none none none none none none none none none none none none none none none none none none none none none none
tree_sizes=3393 3489 3474 3453 3469 3483 3464 3479 3473 3475 3450 3459 3504 3480 3509

Tree=0
num_leaves=31
num_cat=0
split_feature=0 127 0 176 0 0 78 37 23 100 138 67 9 14 108 13 1 16 15 31 16 67 59 1 0 61 9 26 0 61
split_gain=149.914 23.6157 18.1537 7.18724 6.41014 14.1499 7.45793 6.22187 12.1446 6.04099 6.01617 9.6868 5.9737 6.40086 5.33436 4.78179 10.2727 5.48437 5.51286 4.4194 19.6012 9.4607 5.73578 5.99235 7.45466 5.94463 5.71188 5.53202 4.58948 5.64827
threshold=9.7960300445556658 1.0000000180025095e-35 12.34633779525757 1.0000000180025095e-35 3.1252566576004033 3.0266940593719487 1.0000000180025095e-35 1.0000000180025095e-35 1.0000000180025095e-35 1.0000000180025095e-35 1.0000000180025095e-35 1.0000000180025095e-35 1.0000000180025095e-35 1.0000000180025095e-35 1.0000000180025095e-35 1.0000000180025095e-35 -0.070803865790367113 1.0000000180025095e-35 1.0000000180025095e-35 1.0000000180025095e-35 1.0000000180025095e-35 1.0000000180025095e-35 1.0000000180025095e-35 -0.21636626124382016 8.7460646629333514 1.0000000180025095e-35 1.0000000180025095e-35 1.0000000180025095e-35 9.0704994201660174 1.0000000180025095e-35
decision_type=2 2 2 2 2 2 2 2 2 2 2 2 2 2 2 2 2 2 2 2 2 2 2 2 2 2 2 2 2 2
left_child=1 3 9 10 5 6 -3 8 -4 -2 15 -12 -9 -14 -6 19 -17 -18 -19 22 27 -22 26 -24 25 -25 -1 -21 29 -26
right_child=2 4 7 -5 14 -7 -8 12 -10 -11 11 -13 13 -15 -16 16 17 18 -20 20 21 -23 23 24 28 -27 -28 -29 -30 -31
leaf_value=-1.1755193368139252 -1.0904693678211885 -0.99326907076861515 -1.142585093501844 -1.1855428021697758 -1.0197858054396949 -0.86143911400846973 -1.1096508501897631 -1.1196805009608288 -0.92102745667511732 -0.99147503595229602 -0.90937504626494614 -1.0733387357687507 -1.165489003718879 -1.1184333150729848 -1.0934831307456507 -1.0675682059576597 -1.0258478746332798 -0.99147503595229602 -0.83959005503069895 -1.0551596476188654 -1.0660352306683585 -0.92102745667511732 -0.98658078307619723 -1.0684830460496619 -1.0709889123886245 -1.1623456394890928 -1.055468707966662 -1.1533993226490946 -1.0753859303802242 -0.91336276004976036
leaf_weight=12.145413398742678 138.15407741069794 59.01911823451519 6.0727066993713379 4.3647579401731482 166.43011797964573 7.7806554585695258 6.072706699371337 175.72895011305809 4.174985855817793 6.4522508680820456 7.0215671211481077 7.4011112898588181 79.134959176182747 45.545300245285034 10.437464639544485 54.654360294342041 19.166980519890785 6.4522508680820483 3.7954416871070862 10.437464639544487 7.0215671211481103 12.524957567453384 7.2113392055034629 12.145413398742676 4.3647579401731509 15.181766748428345 5.8829346150159827 12.714729651808739 18.787436351180077 4.7443021088838577
leaf_count=64 728 311 32 23 877 41 32 926 22 34 37 39 417 240 55 288 101 34 20 55 37 66 38 64 23 80 31 67 99 25
internal_value=-1.0743 -1.03505 -1.11532 -1.05847 -1.01385 -0.988892 -1.00413 -1.12894 -1.05232 -1.08605 -1.05596 -0.993514 -1.13156 -1.1483 -1.02413 -1.06031 -1.04192 -0.994275 -0.935221 -1.07286 -1.04686 -0.973118 -1.08666 -1.07231 -1.08351 -1.12063 -1.13634 -1.10911 -1.04714 -0.988892
internal_weight=931.022 475.759 455.263 226.019 249.74 72.8725 65.0918 310.657 10.2477 144.606 221.654 14.4227 300.409 124.68 176.868 207.231 84.069 29.4147 10.2477 123.162 42.6987 19.5465 80.4634 62.435 55.2237 27.3272 18.0283 23.1522 27.8965 9.10906
internal_count=4906 2507 2399 1191 1316 384 343 1637 54 762 1168 76 1583 657 932 1092 443 155 54 649 225 103 424 329 291 144 95 122 147 48
is_linear=0
shrinkage=1


Tree=1
num_leaves=31
num_cat=0
split_feature=0 127 0 176 0 13 5 6 102 16 100 0 0 78 86 69 0 138 67 0 21 108 139 68 70 12 61 95 82 26
split_gain=121.428 18.1155 15.5856 6.07831 5.6266 6.04739 7.63539 5.47436 8.90257 5.26535 4.75193 4.68279 9.55911 5.7054 4.66028 6.62088 5.33728 4.59177 6.93976 4.43459 4.22664 4.13955 3.87852 5.541 4.32944 4.17609 4.37692 5.06769 5.53563 4.05283
threshold=9.7960300445556658 1.0000000180025095e-35 12.34633779525757 1.0000000180025095e-35 16.495551109313968 1.0000000180025095e-35 1.0000000180025095e-35 1.0000000180025095e-35 1.0000000180025095e-35 1.0000000180025095e-35 1.0000000180025095e-35 3.1252566576004033 3.0266940593719487 1.0000000180025095e-35 1.0000000180025095e-35 1.0000000180025095e-35 15.260780334472658 1.0000000180025095e-35 1.0000000180025095e-35 15.585215568542482 1.0000000180025095e-35 1.0000000180025095e-35 1.0000000180025095e-35 1.0000000180025095e-35 1.0000000180025095e-35 1.0000000180025095e-35 1.0000000180025095e-35 1.0000000180025095e-35 1.0000000180025095e-35 1.0000000180025095e-35
decision_type=2 2 2 2 2 2 2 2 2 2 2 2 2 2 2 2 2 2 2 2 2 2 2 2 2 2 2 2 2 2
left_child=1 3 10 17 5 7 9 8 -4 14 22 12 13 -3 16 -16 -7 20 -19 -11 -1 -13 23 24 25 26 29 28 -28 -2
right_child=2 11 4 -5 -6 6 -8 -9 -10 19 -12 21 -14 -15 15 -17 -18 18 -20 -21 -22 -23 -24 -25 -26 -27 27 -29 -30 -31
leaf_value=0.017897406682181601 -0.075508835371206007 0.07001896544888668 -0.047960654423483032 -0.10630566685733756 -0.074838209105242318 -0.034461764822685058 -0.059486564840349476 -0.078513122210134664 0.083584526279360111 -0.017031436498859989 0.071506824602581912 0.047723854947093108 0.17312556301924203 -0.032411658083446593 -0.023071602552387795 0.14694538662482415 0.063708925205097286 0.13701017641119004 0.00086462288465899363 -0.13221677895149514 -0.024361508844677675 -0.017438576271260216 0.029831943696654175 0.069489648757495651 -0.11463541045355406 -0.045453773119039989 -0.020590360868129438 0.11301011729828923 0.10783635530392915 -0.004836683684356924
leaf_weight=181.34697285294533 12.048807144165037 61.336253434419632 69.935044825077057 4.1233100593090048 72.954354092478752 15.322189703583719 35.654236316680908 61.287545070052147 5.5532913655042639 19.053141161799434 6.7110965251922599 170.84616412222385 8.561076268553732 5.9668393135070792 3.6720760911703092 6.0879350453615189 8.6726837307214719 7.5733599811792356 7.4046022295951843 4.0534909665584555 27.220425069332123 10.33893011510372 17.131897658109665 6.4009287953376761 5.2713531255722037 44.241713732481003 17.696685492992408 5.2713531255722037 4.1417774558067313 24.850664734840393
leaf_count=949 64 311 379 23 395 83 193 332 30 103 34 877 41 32 20 33 47 37 39 22 143 55 91 34 28 235 94 28 22 132
internal_value=-0.000102416 0.0345454 -0.0377571 0.0140037 -0.0506496 -0.0429534 -0.0232071 -0.0563099 -0.0382835 -0.000458499 -0.0106526 0.0527393 0.0735979 0.0609379 0.0247185 0.0829787 0.00102095 0.0162228 0.0697044 -0.0372379 0.0123821 0.0440055 -0.0146757 -0.0210339 -0.0261381 -0.0218286 -0.00549947 0.0250083 0.00376643 -0.0279133
internal_weight=930.73 484.718 446.012 227.669 302.246 229.292 92.5158 136.776 75.4883 56.8615 143.766 257.049 75.8642 67.3031 33.7549 9.76001 23.9949 223.545 14.978 23.1066 208.567 181.185 137.055 119.923 113.522 108.251 64.0093 27.1098 21.8385 36.8995
internal_count=4906 2507 2399 1191 1637 1242 501 741 409 308 762 1316 384 343 183 53 130 1168 76 125 1092 932 728 637 603 575 340 144 116 196
is_linear=0
shrinkage=0.1


Tree=2
num_leaves=31
num_cat=0
split_feature=0 127 0 37 23 9 14 176 19 13 1 113 138 26 16 31 16 67 26 0 99 74 1 16 61 1 12 1 100 102
split_gain=98.8134 13.9786 13.3231 5.55595 9.62082 5.4256 5.88376 5.16479 4.17105 4.11197 5.87666 8.96862 4.22694 4.18818 4.14714 3.89515 14.5672 6.46936 4.56768 4.94452 4.24457 7.35183 4.65673 4.88315 4.57411 4.1609 6.35775 3.84369 3.76871 3.68786
threshold=9.7960300445556658 1.0000000180025095e-35 12.34633779525757 1.0000000180025095e-35 1.0000000180025095e-35 1.0000000180025095e-35 1.0000000180025095e-35 1.0000000180025095e-35 1.0000000180025095e-35 1.0000000180025095e-35 -0.070803865790367113 1.0000000180025095e-35 1.0000000180025095e-35 1.0000000180025095e-35 1.0000000180025095e-35 1.0000000180025095e-35 1.0000000180025095e-35 1.0000000180025095e-35 1.0000000180025095e-35 6.9089665412902841 1.0000000180025095e-35 1.0000000180025095e-35 -0.21636626124382016 1.0000000180025095e-35 1.0000000180025095e-35 -0.31721043586730951 1.0000000180025095e-35 0.96379950642585765 1.0000000180025095e-35 1.0000000180025095e-35
decision_type=2 2 2 2 2 2 2 2 2 2 2 2 2 2 2 2 2 2 2 2 2 2 2 2 2 2 2 2 2 2
left_child=1 7 28 4 -4 8 -7 9 27 15 11 12 13 -11 -12 20 18 -18 19 -17 22 -22 25 -24 -23 26 -1 29 -2 -5
right_child=2 -3 3 5 -6 6 -8 -9 -10 10 14 -13 -14 -15 -16 16 17 -19 -20 -21 21 24 23 -25 -26 -27 -28 -29 -30 -31
leaf_value=-0.079116639232077235 -0.013380523544946324 0.046281722302310341 -0.059576191827824004 -0.041559117794315169 0.13796116458111365 -0.083302803068210765 -0.036879124598866823 -0.10176202011684461 0.036970553920396471 -0.020891129344657776 0.03917946580297698 -0.13527263348186536 0.10411693246043047 0.036949687065721708 0.11534887663263622 -0.030754550951559878 0.011019571166427732 0.12563472732635791 -0.065518394395170321 0.10012072379556379 -0.047346809944241793 0.011448390608633521 -0.010117320076880088 -0.072003720554340331 0.14187459548002579 0.11771581206569388 0.082592243543634425 -0.1007859198710126 0.062230329387831067 0.019874263346937128
leaf_weight=5.2435473352670652 136.02995067834854 263.16576451063156 5.6780669391155243 139.64642509818077 4.3578161001205427 73.422918453812599 43.460902661085129 3.8888990432023993 7.1123111844062796 21.067389324307442 20.5124871134758 3.845272794365882 5.7112292051315299 30.850546076893806 10.9712131023407 7.5867404490709305 7.5122075676918039 14.297440677881241 13.352169454097748 4.6597991287708282 6.865258365869523 4.7868024259805679 32.281723886728287 21.072934001684189 6.1353514641523361 3.9282924979925147 4.5332040637731552 10.169822350144385 6.9278292953968039 10.506804719567297
leaf_count=27 728 1316 32 773 22 417 240 23 39 110 105 20 28 161 54 39 39 70 72 24 36 25 171 112 32 20 23 57 34 57
internal_value=-0.000170898 0.0305589 -0.0347624 -0.0469263 0.0261992 -0.0495075 -0.0660411 0.0124983 -0.0379657 0.0144713 0.0305886 0.012595 0.0224614 0.0134789 0.0657224 0.00314306 0.0261017 0.0861562 -0.0250636 0.0190434 -0.0096851 0.0337432 -0.0212043 -0.0345599 0.0847133 0.03079 -0.00413679 -0.04129 -0.00971637 -0.0372604
internal_weight=929.581 492.268 437.313 294.355 10.0359 284.319 116.884 229.103 167.435 225.214 92.9581 61.4744 57.6292 51.9179 31.4837 132.255 47.4084 21.8096 25.5987 12.2465 84.8471 17.7874 67.0597 53.3547 10.9222 13.705 9.77675 160.323 142.958 150.153
internal_count=4906 2507 2399 1637 54 1583 657 1191 926 1168 478 319 299 271 159 690 244 109 135 63 446 93 353 283 57 70 50 887 762 830
is_linear=0
shrinkage=0.1


Tree=3
num_leaves=31
num_cat=0
split_feature=0 0 127 37 23 9 14 0 0 14 83 99 13 60 167 19 9 139 6 0 0 78 0 11 1 10 137 81 51 140
split_gain=80.3571 11.5744 10.9178 5.1361 7.13812 4.80143 4.90355 4.72176 8.01507 4.68141 8.47599 7.53087 5.25074 8.64314 3.87089 3.78358 3.68921 3.60081 9.7641 3.46267 6.81483 4.33241 3.61339 4.00644 8.43383 5.80506 3.60727 3.40615 3.40471 3.40245
threshold=9.7960300445556658 12.699520587921144 1.0000000180025095e-35 1.0000000180025095e-35 1.0000000180025095e-35 1.0000000180025095e-35 1.0000000180025095e-35 13.351129055023195 14.054756641387941 1.0000000180025095e-35 1.0000000180025095e-35 1.0000000180025095e-35 1.0000000180025095e-35 1.0000000180025095e-35 1.0000000180025095e-35 1.0000000180025095e-35 1.0000000180025095e-35 1.0000000180025095e-35 1.0000000180025095e-35 3.1252566576004033 3.0266940593719487 1.0000000180025095e-35 2.5407255887985234 1.0000000180025095e-35 -0.75526654720306385 1.0000000180025095e-35 1.0000000180025095e-35 1.0000000180025095e-35 1.0000000180025095e-35 1.0000000180025095e-35
decision_type=2 2 2 2 2 2 2 2 2 2 2 2 2 2 2 2 2 2 2 2 2 2 2 2 2 2 2 2 2 2
left_child=2 9 15 4 -3 -5 28 -8 -9 14 11 12 16 -14 17 -1 -11 -2 -19 20 21 22 23 25 -25 27 -24 -4 -7 -21
right_child=1 3 19 5 -6 6 7 8 -10 10 -12 -13 13 -15 -16 -17 -18 18 -20 29 -22 -23 26 24 -26 -27 -28 -29 -30 -31
leaf_value=0.013071143225240989 -0.036672396682124138 -0.053189722747401649 0.051181539481137253 -0.036190851195559641 0.11665064868033588 -0.12697236328637532 -0.11471122858839627 0.098328812689198852 -0.041321031954285714 0.05399442514227442 -0.065978670555904034 -0.03117592068549634 0.21580799609377524 0.050450452350639587 0.05909861469278449 -0.07194775432694249 -0.030688303668100315 -0.046410977469920178 0.15329345989803106 0.030470468899620181 0.13888298441505542 -0.033569174023389145 0.01513216801986432 0.036901112138990479 0.20740449031893249 -0.012296701570234639 0.10985546921300111 0.15101702706060968 -0.069538306922357046 0.095126960384342957
leaf_weight=224.71076738834381 81.500203311443329 5.3252741396427155 8.2993680238723737 152.46631176769733 4.6226850003004056 12.879863202571867 6.417118325829505 4.8112355768680564 28.192157328128815 12.288915023207664 12.017467468976973 15.667158067226408 4.295560061931611 11.967783078551292 5.2066309303045264 5.3592960834503165 8.8489388972520828 6.8308744430541974 3.8159182667732239 180.2128814458847 9.2622706145048124 6.0084915161132804 25.520556673407558 5.6020734161138535 6.0170418173074705 8.5068522244691849 4.772136613726615 5.8095576167106637 51.961723297834396 8.5239043533802015
leaf_count=1159 443 31 40 861 22 77 36 27 159 66 65 84 23 64 28 32 48 36 20 890 41 32 123 27 29 41 23 28 309 42
internal_value=-0.000225671 -0.0319501 0.0270774 -0.044768 0.0257329 -0.0474999 -0.0640374 -0.0362238 -0.0209629 -0.0109071 0.00985523 0.027028 0.0514093 0.0941256 -0.0247877 0.0110907 0.0185437 -0.0295276 0.0251651 0.0407742 0.058238 0.0476483 0.0552108 0.0774705 0.125198 0.0529502 0.0300543 0.0922903 -0.0809468 0.0333905
internal_weight=927.721 429.116 498.605 266.676 9.94796 256.728 104.262 39.4205 33.0034 162.439 65.0858 53.0684 37.4012 16.2633 97.3536 230.07 21.1379 92.147 10.6468 268.535 79.7983 70.5361 64.5276 34.2349 11.6191 22.6158 30.2927 14.1089 64.8416 188.737
internal_count=4906 2399 2507 1522 53 1469 608 222 186 877 350 285 201 87 527 1191 114 499 56 1316 384 343 311 165 56 109 146 68 386 932
is_linear=0
shrinkage=0.1


Tree=4
num_leaves=31
num_cat=0
split_feature=0 127 13 6 0 55 14 63 262 21 266 11 9 23 99 0 51 5 0 0 0 7 60 83 151 6 0 15 67 5
split_gain=66.6197 15.0882 5.51026 7.2099 6.10271 7.13479 8.02146 5.75225 4.71965 8.39198 5.23125 4.96788 6.06682 4.40748 4.37108 4.33876 4.06309 7.0934 3.87185 3.65434 5.25231 6.23342 3.6485 3.5648 4.69515 4.67739 6.73142 4.03317 3.82697 3.50368
threshold=11.934291839599611 1.0000000180025095e-35 1.0000000180025095e-35 1.0000000180025095e-35 14.528405189514162 1.0000000180025095e-35 1.0000000180025095e-35 1.0000000180025095e-35 1.0000000180025095e-35 1.0000000180025095e-35 1.0000000180025095e-35 1.0000000180025095e-35 1.0000000180025095e-35 1.0000000180025095e-35 1.0000000180025095e-35 13.096509456634523 1.0000000180025095e-35 1.0000000180025095e-35 12.262833595275881 14.917180061340334 15.464749813079836 1.0000000180025095e-35 1.0000000180025095e-35 1.0000000180025095e-35 1.0000000180025095e-35 1.0000000180025095e-35 7.6317591667175302 1.0000000180025095e-35 1.0000000180025095e-35 1.0000000180025095e-35
decision_type=2 2 2 2 2 2 2 2 2 2 2 2 2 2 2 2 2 2 2 2 2 2 2 2 2 2 2 2 2 2
left_child=1 8 3 15 5 6 -4 13 9 23 11 -11 22 -7 18 16 -2 -18 -15 -6 21 -21 -13 -1 25 -25 -27 28 -26 -20
right_child=2 -3 4 -5 19 7 -8 -9 -10 10 -12 12 -14 14 -16 -17 17 -19 29 20 -22 -23 -24 24 27 26 -28 -29 -30 -31
leaf_value=0.014307564053022866 -0.037352476694090524 0.036042835910135976 0.00494891337067255 -0.072854857697103467 -0.10436770998997183 -0.12833628265189934 0.16555052410308457 0.087971788127465381 0.087815104916294087 -0.080761398830445918 0.050124519501163589 0.10199177489929422 -0.095176915181746341 0.090974313861462458 -0.066164483311322117 -0.04267632254558032 -0.016026780351609957 0.15195131003495674 0.021202134867146085 -0.03107811893117815 -0.047921222162971122 0.13210043826545889 -0.015974185305974321 -0.00073286886533286723 -0.082734597072793403 0.0095546335836193957 -0.11598983799034911 0.10241385265381671 0.047769475298407499 -0.069990415715981955
leaf_weight=243.6826042085886 9.7078619450330734 272.91661021113396 8.1867623776197416 77.873166054487228 8.5032227486371976 4.1106055974960318 5.0150457024574271 4.5884480625390998 6.6988127529621115 22.758095443248749 5.9273698776960364 4.6531852483749372 5.3259406685829154 4.4598048478364971 12.530746966600416 81.622961148619652 6.15366031229496 4.250209629535675 11.188719779253008 6.0257295817136747 47.403509080410004 3.8282818347215652 6.0056541711091995 22.383385524153709 3.8062566220760328 6.8287394940853146 11.401609286665915 5.4902580827474585 5.4852183610200882 6.7578121721744528
leaf_count=1266 55 1316 47 459 50 24 27 26 35 123 31 25 29 24 71 477 35 24 63 34 279 22 33 118 20 35 61 29 29 39
internal_value=-0.000266883 0.0184132 -0.0387983 -0.0499545 -0.0224545 0.00154392 0.0659576 -0.017944 0.00468374 0.00306371 -0.0373655 -0.0507508 -0.0080236 -0.03039 -0.0188659 -0.0324253 0.00917817 0.052596 0.00758582 -0.0431967 -0.0341123 0.0323167 0.0355246 0.00910221 -0.013796 -0.0313596 -0.0689633 0.0344611 -0.00569157 -0.0131367
internal_weight=925.57 623.364 302.207 179.608 122.599 56.8379 13.2018 43.6361 350.447 343.748 44.6702 38.7429 15.9848 39.0477 34.9371 101.735 20.1117 10.4039 22.4063 65.7607 57.2575 9.85401 10.6588 299.078 55.3955 40.6137 18.2303 14.7817 9.29147 17.9465
internal_count=4906 3150 1756 1050 706 321 74 247 1834 1799 241 210 87 221 197 591 114 59 126 385 335 56 58 1558 292 214 96 78 49 102
is_linear=0
shrinkage=0.1


Tree=5
num_leaves=31
num_cat=0
split_feature=0 127 0 13 99 6 102 62 7 68 10 14 15 14 54 5 0 63 262 21 266 11 9 51 22 0 53 26 0 69
split_gain=54.8514 11.9484 5.14455 5.71545 5.95441 5.74974 6.03168 4.68805 4.55489 7.38637 6.43777 4.81572 4.60452 4.4931 4.47172 3.91724 3.7708 3.75887 3.64619 6.92995 4.33519 4.322 5.10707 3.37037 3.25594 3.23412 3.14225 3.50257 5.57238 3.05077
threshold=11.934291839599611 1.0000000180025095e-35 16.495551109313968 1.0000000180025095e-35 1.0000000180025095e-35 1.0000000180025095e-35 1.0000000180025095e-35 1.0000000180025095e-35 1.0000000180025095e-35 1.0000000180025095e-35 1.0000000180025095e-35 1.0000000180025095e-35 1.0000000180025095e-35 1.0000000180025095e-35 1.0000000180025095e-35 1.0000000180025095e-35 13.474332809448244 1.0000000180025095e-35 1.0000000180025095e-35 1.0000000180025095e-35 1.0000000180025095e-35 1.0000000180025095e-35 1.0000000180025095e-35 1.0000000180025095e-35 1.0000000180025095e-35 16.041068077087406 1.0000000180025095e-35 1.0000000180025095e-35 13.550992488861086 1.0000000180025095e-35
decision_type=2 2 2 2 2 2 2 2 2 2 2 2 2 2 2 2 2 2 2 2 2 2 2 2 2 2 2 2 2 2
left_child=1 18 3 5 8 6 7 -2 10 11 15 -10 16 -11 -9 -5 -12 26 19 -1 21 -21 24 -4 -23 -7 -16 28 -28 -6
right_child=2 -3 23 4 29 25 -8 14 9 13 12 -13 -14 -15 17 -17 -18 -19 -20 20 -22 22 -24 -25 -26 -27 27 -29 -30 -31
leaf_value=0.0081333954039882733 -0.072689740414511969 0.031945992995064725 -0.10120486391612148 -0.011580154632387589 -0.10316542288977232 -0.072635504799487327 0.074214920757311703 0.064039628051122274 0.14343436754767522 -0.052180265654984251 -0.08177999763440004 0.0038932786911342696 0.10222690134300146 0.060934549005898869 -0.078053936770361682 -0.087771373633580341 0.033880327976684173 0.072594675573359357 0.075756613869913794 -0.075946894536303183 0.044005590349283287 -0.030032504878318367 -0.090298267423679149 -0.047862675556568819 0.080279819803594665 0.010774733815933609 0.1145842337620024 -0.05676666629450236 -0.02055317418191234 -0.027257821649888755
leaf_weight=300.32495354115963 20.222899377346039 276.89908820390701 15.655107632279394 14.945208936929703 8.2295302003622055 54.078297808766365 5.7844198644161215 6.170295611023902 7.6433981955051422 9.1920675188302976 4.1812196522951153 3.6562443673610687 6.0152061730623236 5.6824834644794473 12.111241966485975 12.302770182490349 8.6508607715368253 3.5051131695508948 6.9726200401782981 21.829946279525757 6.0683546364307395 4.8103356361389142 5.0659884363412848 48.669824466109276 6.0293318629264832 5.0857105106115332 4.0753546506166485 12.671072751283647 12.143569871783255 14.846518352627754
leaf_count=1558 121 1316 96 83 49 331 31 35 43 54 24 20 34 31 72 73 51 21 35 123 31 26 29 299 32 31 23 75 72 87
internal_value=-0.000304054 0.0164139 -0.0358311 -0.0288715 -0.0101037 -0.0420438 -0.0239731 -0.0319839 0.00401756 0.0373336 -0.0149002 0.0982828 0.0300345 -0.00896733 -0.0157399 -0.0459814 -0.00380656 -0.0268004 0.0041644 0.00271382 -0.0344434 -0.047059 -0.00741137 -0.0608449 0.0313264 -0.0654656 -0.0352975 -0.0173732 0.013403 -0.0543285
internal_weight=923.519 628.001 295.518 231.193 95.3455 135.848 76.684 70.8995 72.2695 26.1742 46.0953 11.2996 18.8473 14.8746 50.6766 27.248 12.8321 44.5064 351.102 344.129 43.804 37.7356 15.9057 64.3249 10.8397 59.164 41.0012 28.89 16.2189 23.076
internal_count=4906 3150 1756 1361 549 812 450 419 413 148 265 63 109 85 298 156 75 263 1834 1799 241 210 87 395 58 362 242 170 95 136
is_linear=0
shrinkage=0.1


Tree=6
num_leaves=31
num_cat=0
split_feature=0 0 0 16 0 140 56 139 140 0 26 7 12 1 1 67 1 13 0 16 14 79 73 8 12 33 138 0 13 6
split_gain=45.2331 9.59481 6.81253 5.76768 9.13123 6.8036 5.67461 5.00386 4.94832 6.16639 6.55731 8.77942 6.3723 12.9934 9.18018 5.87181 7.18811 4.83786 7.11116 6.41805 5.56134 6.82624 4.53557 4.52808 4.52407 4.49992 6.57344 4.48169 4.85413 5.0348
threshold=11.934291839599611 7.7043120861053476 7.8836412429809579 1.0000000180025095e-35 3.1252566576004033 1.0000000180025095e-35 1.0000000180025095e-35 1.0000000180025095e-35 1.0000000180025095e-35 4.1437373161315927 1.0000000180025095e-35 1.0000000180025095e-35 1.0000000180025095e-35 -0.3628412783145904 -0.36938171088695521 1.0000000180025095e-35 -0.27127538621425623 1.0000000180025095e-35 9.8631072044372576 1.0000000180025095e-35 1.0000000180025095e-35 1.0000000180025095e-35 1.0000000180025095e-35 1.0000000180025095e-35 1.0000000180025095e-35 1.0000000180025095e-35 1.0000000180025095e-35 16.495551109313968 1.0000000180025095e-35 1.0000000180025095e-35
decision_type=2 2 2 2 2 2 2 2 2 2 2 2 2 2 2 2 2 2 2 2 2 2 2 2 2 2 2 2 2 2
left_child=1 3 -3 4 6 7 -1 25 9 -5 12 15 14 -14 -11 -12 -17 19 23 20 -4 22 -22 24 -19 -6 -27 28 29 -2
right_child=27 2 17 8 5 -7 -8 -9 -10 10 11 -13 13 -15 -16 16 -18 18 -20 -21 21 -23 -24 -25 -26 26 -28 -29 -30 -31
leaf_value=0.038304720085606356 -0.022024737814235279 -0.079006214627362681 -0.015662275293568111 0.019495062861141294 0.012681248936145896 0.086231877509534385 0.13212906726412391 -0.072073578688568826 -0.043296195436735213 -0.10101248205141276 -0.021244431530930058 0.13580239776243128 0.17839159672105045 -0.020212799937155766 0.040967636321123893 0.040015934580590856 0.15022554854155912 0.098927463850206857 -0.0072457312435083594 -0.036847405109039118 0.052442017080612718 0.13137160990801944 -0.026907748559651664 0.0049146677515225241 0.01681116522504509 -0.043205746313058804 0.075321999851990729 -0.056907481299073338 -0.0092959622025602772 -0.061408406095670914
leaf_weight=38.135967299342155 75.569415703415871 10.762561216950415 43.994412481784821 66.451626509428024 131.32906380295753 9.6446177214384061 7.7574787437915793 9.1388396918773633 7.0324383974075309 7.2631651759147635 8.4151018857955915 19.059075191617012 6.5203359127044678 6.6577427536249143 12.209316939115526 19.111786961555481 8.5725107938051242 19.692473292350769 47.463520109653473 52.905144333839417 16.151616275310516 6.3634077906608573 13.00235027074814 15.917342185974119 10.176224812865259 32.793137013912201 5.4577112942934027 62.037304818630219 94.726705238223076 56.901677429676056
leaf_count=176 450 57 235 310 629 47 35 46 34 35 42 92 31 33 61 91 42 98 254 285 87 33 69 79 50 173 26 395 549 362
internal_value=-0.000331191 0.0146595 -0.00127788 0.0241856 0.0141658 0.00442047 0.0541641 5.49153e-06 0.0387382 0.042478 0.0598708 0.0808956 0.0243524 0.078054 -0.0119904 0.051907 0.0741426 0.00242917 0.019877 -0.0098578 0.00810041 0.0375346 0.0170529 0.0479934 0.0709506 0.00388991 -0.026294 -0.0330859 -0.0265813 -0.0389416
internal_weight=921.214 631.979 236.429 395.55 234.257 188.363 45.8934 178.719 161.293 154.261 87.809 55.1585 32.6506 13.1781 19.4725 36.0994 27.6843 225.666 93.2496 132.417 79.5118 35.5174 29.154 45.786 29.8687 169.58 38.2508 289.235 227.198 132.471
internal_count=4906 3150 1247 1903 1132 921 211 874 771 737 427 267 160 64 96 175 133 1190 481 709 424 189 156 227 148 828 199 1756 1361 812
is_linear=0
shrinkage=0.1


Tree=7
num_leaves=31
num_cat=0
split_feature=0 127 0 37 23 0 6 13 63 68 167 14 67 0 0 81 51 93 26 51 176 83 77 151 6 0 91 5 1 1
split_gain=37.0795 7.98842 5.07778 4.11207 6.01772 4.82903 4.48321 4.96739 4.53164 4.98426 4.2031 4.02222 7.0954 3.98343 3.9338 6.87929 3.89755 3.04602 3.20638 2.98952 2.97918 3.34639 5.07019 4.69615 4.59214 5.59273 3.40808 2.86824 2.80463 3.25403
threshold=11.934291839599611 1.0000000180025095e-35 5.0171115398406991 1.0000000180025095e-35 1.0000000180025095e-35 15.683778285980226 1.0000000180025095e-35 1.0000000180025095e-35 1.0000000180025095e-35 1.0000000180025095e-35 1.0000000180025095e-35 1.0000000180025095e-35 1.0000000180025095e-35 12.699520587921144 15.260780334472658 1.0000000180025095e-35 1.0000000180025095e-35 1.0000000180025095e-35 1.0000000180025095e-35 1.0000000180025095e-35 1.0000000180025095e-35 1.0000000180025095e-35 1.0000000180025095e-35 1.0000000180025095e-35 1.0000000180025095e-35 7.6317591667175302 1.0000000180025095e-35 1.0000000180025095e-35 -0.41120998561382288 -0.39082820713520044
decision_type=2 2 2 2 2 2 2 2 2 2 2 2 2 2 2 2 2 2 2 2 2 2 2 2 2 2 2 2 2 2
left_child=1 2 -1 4 -2 6 8 -8 10 -10 14 13 -13 -9 17 -16 -7 -5 19 -19 21 22 26 24 27 -26 28 -23 -4 -30
right_child=3 -3 20 5 -6 16 7 11 9 -11 -12 12 -14 -15 15 -17 -18 18 -20 -21 -22 23 -24 -25 25 -27 -28 -29 29 -31
leaf_value=-0.13750624976344122 -0.042813158751599495 0.02558663248812991 0.10795715254419846 -0.032181698863294646 0.11608558607504363 -0.09170011681329715 -0.063128963843191319 0.039283918174210709 0.12037010500433937 -0.003353087945572689 -0.10752349737844301 -0.072518361705875875 0.10511071978914709 -0.061592824666773439 -0.010224119793273553 0.15946870224232576 -0.040837226863478578 0.12611071307582375 -0.032628201417658119 0.012918803668746221 -0.063351998074923588 -0.035746272973937537 -0.069337903434061141 0.029223537945195679 -0.0014005915779843172 -0.11303944331460161 -0.053379923984883108 0.030716812433540703 -0.099030548287930065 0.014105398862278729
leaf_weight=2.5527251362800589 4.923443391919136 282.82746291160583 3.1476431936025611 59.663011342287064 4.6197027415037137 19.136997804045677 45.156841531395912 5.2505791485309627 5.2031171917915318 8.7014859467744827 4.9896461069583884 3.4923259019851702 6.3154665231704712 15.383125588297842 7.7235199213027936 3.4588930010795593 70.815927013754845 3.5027935206890106 8.2444231808185577 6.9885878264904022 6.4378511458635321 14.226364359259605 7.8404899686574927 16.915966212749481 7.2976593673229244 11.652717113494871 7.6958405226469031 11.94500495493412 2.5673773884773246 259.87948368489742
leaf_count=13 32 1316 15 357 22 127 300 29 30 50 30 20 35 94 47 20 455 20 48 40 41 76 43 88 37 66 43 62 13 1337
internal_value=-0.000355586 0.0130709 0.00301918 -0.0304209 0.0341075 -0.0326682 -0.0233882 -0.0420825 -0.0103599 0.0429443 -0.0181971 -0.0108622 0.0418612 -0.0359231 -0.0132217 0.0422645 -0.051658 -0.021136 0.0140385 0.0507106 0.00404526 0.00530963 0.00994846 -0.0157117 -0.0325578 -0.0700481 0.0122231 -0.00541153 0.014124 0.0129987
internal_weight=918.556 634.987 352.159 283.57 9.54315 274.027 184.074 75.5983 108.475 13.9046 94.5709 30.4415 9.80779 20.6337 89.5812 11.1824 89.9529 78.3988 18.7358 10.4914 349.606 343.169 281.131 62.0377 45.1217 18.9504 273.29 26.1714 265.595 262.447
internal_count=4906 3150 1834 1756 54 1702 1120 478 642 80 562 178 55 123 532 67 582 465 108 60 1821 1780 1451 329 241 103 1408 138 1365 1350
is_linear=0
shrinkage=0.1


Tree=8
num_leaves=31
num_cat=0
split_feature=0 0 0 1 78 167 13 61 8 99 0 14 26 16 14 54 79 108 16 0 140 15 139 167 0 132 7 15 14 0
split_gain=30.5432 6.46818 5.69882 5.32349 4.03499 4.65557 4.81743 4.70506 4.43388 6.10508 5.09226 5.74204 4.27327 4.13022 5.21538 5.15771 4.6808 4.17485 3.71277 7.21444 5.50144 5.43501 5.28992 4.45947 4.2959 5.2658 8.00774 4.01782 3.61156 3.60135
threshold=11.934291839599611 7.7043120861053476 7.8836412429809579 -0.15446041524410245 1.0000000180025095e-35 1.0000000180025095e-35 1.0000000180025095e-35 1.0000000180025095e-35 1.0000000180025095e-35 1.0000000180025095e-35 10.788501262664797 1.0000000180025095e-35 1.0000000180025095e-35 1.0000000180025095e-35 1.0000000180025095e-35 1.0000000180025095e-35 1.0000000180025095e-35 1.0000000180025095e-35 1.0000000180025095e-35 3.1252566576004033 1.0000000180025095e-35 1.0000000180025095e-35 1.0000000180025095e-35 1.0000000180025095e-35 2.088980078697205 1.0000000180025095e-35 1.0000000180025095e-35 1.0000000180025095e-35 1.0000000180025095e-35 16.495551109313968
decision_type=2 2 2 2 2 2 2 2 2 2 2 2 2 2 2 2 2 2 2 2 2 2 2 2 2 2 2 2 2 2
left_child=1 3 -3 18 5 6 13 -7 9 10 -8 -12 -11 14 15 -4 -16 -17 19 21 22 28 23 -21 -20 -26 -27 -22 -1 -2
right_child=29 2 4 -5 -6 7 8 -9 -10 12 11 -13 -14 -15 16 17 -18 -19 24 20 27 -23 -24 -25 25 26 -28 -29 -30 -31
leaf_value=0.11309977604332087 -0.022174673395771043 -0.074107539486867199 -0.074928272014012393 0.11394048664764674 -0.047292423855784943 0.01244497166501672 0.07872723093023011 0.14673124699576789 -0.012094492373511075 0.040842407725273026 -0.053093348198085914 0.081369535288495859 -0.071430485748267256 -0.034785035160499432 0.014513190433069496 -0.017398330074313378 0.10990802008022207 0.080837831673104765 -0.063694327785979693 0.0047693268512797775 0.016372966181407277 0.0091660108206242218 -0.078735373658113936 -0.06998588259208581 0.019363805729570562 0.027600897192711055 0.10740913798620683 0.14378987455763445 0.036595162872928987 -0.050159875877139909
leaf_weight=13.153390675783157 219.93654964864254 10.321787498891352 12.224909588694571 5.8702175170183173 15.54192505776882 6.0978443175554258 29.108843103051186 4.5605550557374954 28.099436834454536 6.1214869916439039 7.5444603562355024 5.484630212187767 7.5976780951023102 45.134622260928154 26.75829005241394 19.649682953953747 6.3676647543907157 5.5474531054496756 4.7803908735513678 160.31925565004349 5.5385052114725095 22.307704195380211 8.7409170866012555 8.3979555219411832 103.23283633589745 32.922745525836945 20.339325502514839 4.4738336652517319 11.623080968856812 58.140157967805862
leaf_count=59 1361 57 67 29 89 32 143 23 145 31 41 28 39 247 141 104 31 29 22 776 26 100 45 41 483 155 94 21 52 395
internal_value=-0.000368805 0.0116883 -0.00144501 0.0194094 0.00187597 0.00550973 0.00207183 0.0699039 0.0203062 0.0366057 0.0554697 0.00350916 -0.0213344 -0.0111618 0.00395173 -0.0216295 0.0328505 0.00422954 0.0180075 0.00997677 0.00118755 0.0449719 -0.00288148 0.00104836 0.0296873 0.0325398 0.0580775 0.0733069 0.0772101 -0.0280258
internal_weight=915.938 637.861 236.161 401.7 225.839 210.298 199.639 10.6584 83.9565 55.8571 42.1379 13.0291 13.7192 115.683 70.548 37.422 33.126 25.1971 395.83 234.555 187.47 47.0842 177.458 168.717 161.275 156.495 53.2621 10.0123 24.7765 278.077
internal_count=4906 3150 1247 1903 1190 1101 1046 55 427 282 212 69 70 619 372 200 172 133 1874 1120 909 211 862 817 754 732 249 47 111 1756
is_linear=0
shrinkage=0.1


Tree=9
num_leaves=31
num_cat=0
split_feature=0 0 126 27 105 0 14 83 99 13 60 54 6 1 7 68 53 5 88 139 6 42 11 91 62 99 0 0 1 0
split_gain=25.0004 5.12817 5.06008 5.00407 4.72791 4.76426 5.02648 4.75657 5.0952 5.90927 6.21312 4.58031 4.31354 4.23201 4.72886 5.4888 3.93034 3.65786 3.51756 3.53388 3.71623 3.66596 3.46602 3.32889 3.21429 6.96516 3.19871 4.87729 3.17737 4.67411
threshold=9.7960300445556658 14.528405189514162 1.0000000180025095e-35 1.0000000180025095e-35 1.0000000180025095e-35 14.405201911926271 1.0000000180025095e-35 1.0000000180025095e-35 1.0000000180025095e-35 1.0000000180025095e-35 1.0000000180025095e-35 1.0000000180025095e-35 1.0000000180025095e-35 0.73792684078216564 1.0000000180025095e-35 1.0000000180025095e-35 1.0000000180025095e-35 1.0000000180025095e-35 1.0000000180025095e-35 1.0000000180025095e-35 1.0000000180025095e-35 1.0000000180025095e-35 1.0000000180025095e-35 1.0000000180025095e-35 1.0000000180025095e-35 1.0000000180025095e-35 15.132101058959963 16.495551109313968 -0.37394477427005762 5.6960985660552987
decision_type=2 2 2 2 2 2 2 2 2 2 2 2 2 2 2 2 2 2 2 2 2 2 2 2 2 2 2 2 2 2
left_child=23 4 3 11 5 6 18 8 9 22 -11 -3 13 14 24 -16 -14 -12 19 -2 21 -21 -8 28 -5 -26 -18 -28 -1 -30
right_child=1 2 -4 12 -6 -7 7 -9 -10 10 17 -13 16 -15 15 -17 26 -19 -20 20 -22 -23 -24 -25 25 -27 27 -29 29 -31
leaf_value=0.022464057817595258 -0.031585729789317549 0.10122895392085469 0.060409956642809307 -0.10358046528010985 -0.078767162047811146 0.081535403790788108 -0.020408210081893596 -0.042089175873743057 -0.023522019886854421 0.1521405887752881 0.076929180203134079 -0.048415689981586789 -0.10795751879034945 -0.045959565731251456 0.12323681664706593 -0.010599518290150821 -0.10841140758231271 -0.017149572851075011 0.056525418756745882 0.037536060828058715 0.080149927801831902 -0.085487920617128621 0.045894415612120258 -0.038295567954996251 0.045802548776044116 -0.12425809733210345 0.0028118696736390033 -0.077535483809134331 -0.086886834831418569 0.0087534874862539042
leaf_weight=275.75254234671593 116.94285090267658 4.7536559253931028 5.4046913534402838 4.618969440460206 9.8199492245912534 5.8028082102537146 19.87156854569912 16.035617172718048 21.734480157494545 6.7901347279548672 10.297065839171411 3.5901013761758804 15.214061357080935 48.429421961307526 5.5250705182552355 6.8800815045833588 7.048792600631713 6.9036086648702613 5.4306198060512534 5.2239126861095411 6.076123282313346 4.5162558257579803 13.070283159613608 11.906607568264006 8.0875035226345044 3.4297001063823709 16.642687022686008 13.835867576301096 5.2268983274698249 228.38101561367512
leaf_count=1268 699 29 35 29 57 37 114 94 127 33 53 21 108 328 32 42 48 38 33 28 34 26 76 61 49 22 110 97 25 1153
internal_value=-0.000374883 -0.019455 -0.0345093 -0.0382253 -0.0107646 -0.00796694 -0.010197 0.00754942 0.0176678 0.0333924 0.0711442 0.0368408 -0.0430539 -0.0279587 0.00258544 0.0490092 -0.0650839 0.03917 -0.0223588 -0.0255856 0.0187781 -0.0195069 0.00589857 0.0139727 -0.0331042 -0.00483969 -0.0477024 -0.0336621 0.0151945 0.00661357
internal_weight=913.243 391.976 143.461 138.056 248.515 238.695 232.893 94.7028 78.6671 56.9327 23.9908 8.34376 129.712 76.9707 28.5413 12.4052 52.7414 17.2007 138.19 132.759 15.8163 9.74017 32.9419 521.267 16.1362 11.5172 37.5273 30.4786 509.36 233.608
internal_count=4906 2399 950 915 1449 1392 1355 535 441 314 124 50 865 502 174 74 363 91 820 787 88 54 190 2507 100 71 255 207 2446 1178
is_linear=0
shrinkage=0.1


Tree=10
num_leaves=31
num_cat=0
split_feature=0 127 37 23 9 19 51 178 1 0 102 6 80 23 0 0 0 5 11 61 7 0 0 0 12 0 53 40 0 24
split_gain=21.2069 4.7886 3.11286 4.79855 4.33134 4.90782 4.5541 3.40713 2.91897 4.22541 3.04871 5.07973 3.44791 4.03597 5.73268 3.84711 3.36333 2.83677 2.742 3.39229 5.11334 4.81442 7.27706 3.31545 2.56125 2.55111 3.02453 3.10527 4.50613 2.74228
threshold=12.203969955444338 1.0000000180025095e-35 1.0000000180025095e-35 1.0000000180025095e-35 1.0000000180025095e-35 1.0000000180025095e-35 1.0000000180025095e-35 1.0000000180025095e-35 0.96379950642585765 17.498972892761234 1.0000000180025095e-35 1.0000000180025095e-35 1.0000000180025095e-35 1.0000000180025095e-35 14.97056818008423 16.223134994506839 15.368925571441652 1.0000000180025095e-35 1.0000000180025095e-35 1.0000000180025095e-35 1.0000000180025095e-35 13.289527893066408 12.921286582946779 14.109513759613039 1.0000000180025095e-35 14.205338954925539 1.0000000180025095e-35 1.0000000180025095e-35 13.351129055023195 1.0000000180025095e-35
decision_type=2 2 2 2 2 2 2 2 2 2 2 2 2 2 2 2 2 2 2 2 2 2 2 2 2 2 2 2 2 2
left_child=1 -1 3 -2 5 8 -6 25 9 10 12 -12 13 14 -4 -16 17 18 19 21 -21 22 -15 -20 -23 26 -8 28 -28 -27
right_child=2 -3 4 -5 6 -7 7 -9 -10 -11 11 -13 -14 16 15 -17 -18 -19 23 20 -22 24 -24 -25 -26 29 27 -29 -30 -31
leaf_value=0.0015527948105787672 -0.039697026960986585 0.018769663351897076 -0.039059742222068587 0.10186905821113493 -0.086139316131282243 0.067882480078084936 0.066203073286917963 0.070121069030447486 -0.080099435445847272 0.096289488025249087 0.087102671486260816 -0.064634591012277295 -0.087172224452573943 -0.028207443200135452 0.17250662198684907 0.022355656207112634 -0.051694967434106356 -0.039030883807173317 -0.060655322924425173 0.153981794508848 -0.0098726992484683435 -0.0058071147443381089 0.16272286447057593 0.030022234285145045 -0.1238151429543565 0.028993819329468085 -0.091979219752518437 0.056462008288686798 0.0041143105540473743 -0.057876776644339156
leaf_weight=366.38103120774031 4.7869179248809814 288.95595192909241 5.8139065504074079 4.7905741184949857 19.79529532045126 6.6327354311943045 4.1532287150621441 3.1095933616161338 7.6763946413993827 3.2304018884897223 6.3473120778799039 3.3817043602466583 8.0224940180778486 4.7555247694253939 3.3514008969068527 3.4764528423547745 33.833380922675133 25.536316141486168 10.780451312661173 4.2308563292026511 3.4637445211410522 4.0621736049652091 3.4403550922870636 6.4415230304002753 3.3608735054731369 3.962750867009162 9.4741860032081657 3.7865265160799018 10.063367985188959 43.780943013727665
leaf_count=1913 32 1316 37 22 142 40 26 21 57 23 35 22 52 27 21 24 228 163 68 25 22 24 21 41 22 27 63 23 65 304
internal_value=-0.000383925 0.00914418 -0.0248188 0.031113 -0.0269967 -0.0161855 -0.043285 -0.0324551 -0.0201344 -0.016687 -0.019488 0.0343604 -0.0238331 -0.0193183 0.0339168 0.0960561 -0.0260545 -0.0129248 0.00352141 0.0258753 0.0802223 -0.00089848 0.0519387 -0.0267393 -0.0592367 -0.0366956 -0.0124202 -0.0264203 -0.0424835 -0.0506665
internal_weight=910.878 655.337 255.541 9.57749 245.964 147.838 98.1259 78.3306 141.205 133.529 130.298 9.72902 120.569 112.547 12.6418 6.82785 99.9052 66.0718 40.5355 23.3135 7.6946 15.6189 8.19588 17.222 7.42305 75.221 27.4773 23.3241 19.5376 47.7437
internal_count=4906 3229 1677 54 1623 952 671 529 912 855 832 57 775 723 82 45 641 413 250 141 47 94 48 109 46 508 177 151 128 331
is_linear=0
shrinkage=0.1


Tree=11
num_leaves=31
num_cat=0
split_feature=0 274 0 0 78 13 6 14 64 48 86 51 11 9 55 8 10 0 0 51 67 0 7 0 81 24 9 8 68 6
split_gain=17.5464 4.53877 3.8079 4.11894 2.88883 2.82261 4.26338 4.00298 5.60358 4.08124 4.66056 4.43386 3.99824 5.45455 4.16137 8.36523 4.30349 3.42603 3.81951 3.52243 3.27806 2.96595 3.25993 3.14893 4.72355 2.71102 2.97785 5.33541 6.19235 3.15838
threshold=12.203969955444338 1.0000000180025095e-35 3.1252566576004033 3.0266940593719487 1.0000000180025095e-35 1.0000000180025095e-35 1.0000000180025095e-35 1.0000000180025095e-35 1.0000000180025095e-35 1.0000000180025095e-35 1.0000000180025095e-35 1.0000000180025095e-35 1.0000000180025095e-35 1.0000000180025095e-35 1.0000000180025095e-35 1.0000000180025095e-35 1.0000000180025095e-35 13.096509456634523 13.351129055023195 1.0000000180025095e-35 1.0000000180025095e-35 13.474332809448244 1.0000000180025095e-35 13.882272243499758 1.0000000180025095e-35 1.0000000180025095e-35 1.0000000180025095e-35 1.0000000180025095e-35 1.0000000180025095e-35 1.0000000180025095e-35
decision_type=2 2 2 2 2 2 2 2 2 2 2 2 2 2 2 2 2 2 2 2 2 2 2 2 2 2 2 2 2 2
left_child=1 2 3 4 -1 6 17 9 12 -7 11 -11 14 -14 -9 16 -16 19 -19 -2 -21 -8 23 -23 -25 -13 27 29 -29 -27
right_child=5 -3 -4 -5 -6 7 21 8 -10 10 -12 25 13 -15 15 -17 -18 18 -20 20 -22 22 -24 24 -26 26 -28 28 -30 -31
leaf_value=0.026212949571560114 -0.035016617851601997 -0.09301627210897806 0.0058902472506680249 0.087885322676440572 -0.04448276874446265 0.075232863317433812 -0.089125804356356614 0.082975701413251668 0.078815547386843585 -0.11970903203061825 0.018871240145802333 -0.10336072414587855 -0.11116001213672662 0.03148591119202878 -0.011984794807132798 -0.10737463441115747 0.138763366512096 -0.12281164502200148 -0.020887794297271989 0.0070230634565720878 0.1303834664521496 0.068481975822694385 -0.073081733591454201 -0.0030118888344457333 -0.10315363644662108 0.016511697522132409 -0.061242477689721388 0.16536843033042067 -0.012916082951341288 -0.083303863158456282
leaf_weight=70.392687737941742 5.5055543258786175 4.4006162136793128 566.08973981440067 10.256065681576727 6.2971856743097296 3.7428939491510382 16.011001892387867 6.8512036353349695 10.055453240871428 7.1920766681432715 13.687724135816095 4.9609520807862273 6.785933159291746 4.4310521930456161 4.3117700070142746 5.4911700785160065 3.3768242597579956 3.8872770667076102 67.865735791623592 4.4029885530471802 4.2173952162265778 3.69249399006367 17.115029148757458 16.93351794034243 6.5252331346273413 5.5668072402477282 13.29633344709873 3.4191572070121756 4.5283553525805473 7.362981416285038
leaf_count=310 35 23 2823 42 31 21 116 38 60 54 84 33 43 28 26 35 21 26 451 26 24 26 127 124 50 35 95 21 30 48
internal_value=-0.000389159 0.00820083 0.0088829 0.0283675 0.020408 -0.0228692 -0.0318562 -0.0103669 0.0138849 -0.0260778 -0.0323962 -0.0475437 -0.00700954 -0.0548105 0.0197582 -0.0131041 0.0542237 -0.0175474 -0.0264096 0.0274683 0.0673753 -0.0522423 -0.0389016 -0.0173559 -0.0308671 -0.0342813 -0.0242531 -0.000695268 0.063785 -0.0403291
internal_weight=908.653 657.436 653.036 86.9459 76.6899 251.217 146.156 105.061 41.3034 63.7573 60.0144 46.3267 31.248 11.217 20.031 13.1798 7.68859 85.879 71.753 14.1259 8.62038 60.2773 44.2663 27.1512 23.4588 39.1346 34.1736 20.8773 7.94751 12.9298
internal_count=4906 3229 3206 383 341 1677 1005 672 251 421 400 316 191 71 120 82 47 562 477 85 50 443 327 200 174 262 229 134 51 83
is_linear=0
shrinkage=0.1


Tree=12
num_leaves=31
num_cat=0
split_feature=0 264 1 27 71 51 105 29 303 14 167 99 140 0 13 74 7 5 10 94 99 21 0 47 23 100 93 12 61 16
split_gain=14.7069 3.44583 3.70926 6.12896 5.08812 4.9744 3.39759 3.53679 3.57164 4.47685 5.22546 3.71909 5.32825 3.87239 3.72772 5.08007 3.87964 4.34935 3.14903 4.34091 4.83503 3.55759 4.70833 4.60278 3.53997 3.85316 3.91184 4.7235 3.37631 5.96578
threshold=9.7960300445556658 1.0000000180025095e-35 0.73792684078216564 1.0000000180025095e-35 1.0000000180025095e-35 1.0000000180025095e-35 1.0000000180025095e-35 1.0000000180025095e-35 1.0000000180025095e-35 1.0000000180025095e-35 1.0000000180025095e-35 1.0000000180025095e-35 1.0000000180025095e-35 14.176591396331789 1.0000000180025095e-35 1.0000000180025095e-35 1.0000000180025095e-35 1.0000000180025095e-35 1.0000000180025095e-35 1.0000000180025095e-35 1.0000000180025095e-35 1.0000000180025095e-35 12.643394947052004 1.0000000180025095e-35 1.0000000180025095e-35 1.0000000180025095e-35 1.0000000180025095e-35 1.0000000180025095e-35 1.0000000180025095e-35 1.0000000180025095e-35
decision_type=2 2 2 2 2 2 2 2 2 2 2 2 2 2 2 2 2 2 2 2 2 2 2 2 2 2 2 2 2 2
left_child=-1 2 6 4 -4 -5 7 -2 9 18 11 12 14 -13 -11 16 17 -16 19 21 -21 23 -23 -9 -20 26 28 -28 29 -26
right_child=1 -3 3 5 -6 -7 -8 8 -10 10 -12 13 -14 -15 15 -17 -18 -19 24 20 -22 22 -24 -25 25 -27 27 -29 -30 -31
leaf_value=0.010405345266983106 -0.085165789252316298 0.087511088057746114 -0.02858594175952239 -0.092999139011231413 0.13468891577331937 -0.030200348282989523 -0.064785154675379639 -0.062163859667558975 -0.10407159299040154 -0.0014971059933753619 -0.089256492298030843 -0.035689790188213381 0.10973005973871296 0.064120874726524626 -0.0043683611842779161 -0.010261494577992327 0.14369631611715442 0.11570815717389578 0.095650374141633798 0.092324925733490354 -0.033454559136745408 -0.038920244622350463 0.11916611212687445 -0.0061463588670113223 -0.07569970197714046 0.097887058334041863 -0.011872426116967759 0.14638223863292205 0.010507070077383846 0.0084034428854955854
leaf_weight=527.36353401094675 5.9184953123331061 3.2247884124517432 3.9125400185585013 15.762389130890368 3.7264623492956161 63.141489908099174 11.233460023999212 47.684465773403645 3.7403062283992758 41.585755497217178 5.0584595203399649 21.530885569751266 6.9016736298799506 4.7434570938348761 7.2914116531610507 10.476918235421183 5.9135452061891547 5.1451295614242554 3.6257617995142928 5.8314819410443288 6.4216767251491547 4.555704526603221 3.2124992311000824 21.184595994651318 19.819964230060577 3.4032420217990866 4.4341924563050261 3.2820100337266922 21.596752107143402 14.681907765567301
leaf_count=2507 34 19 24 126 22 457 70 313 22 251 31 129 36 30 37 57 29 28 24 34 40 28 20 125 126 18 29 20 131 89
internal_value=-0.000393762 -0.0154187 -0.0163019 -0.0344652 0.0510629 -0.0427455 -0.0108679 -0.00868952 -0.00702621 -0.00567373 0.00998656 0.0148328 0.0258786 -0.0176704 0.0176597 0.0452953 0.0770153 0.0453086 -0.0163255 -0.0288601 0.026406 -0.0376964 0.0264555 -0.0449325 -0.000597738 -0.00578939 -0.0113184 0.0554396 -0.0205008 -0.0399105
internal_weight=906.405 379.041 375.817 86.5429 7.639 78.9039 289.274 278.04 272.122 268.381 108.647 103.589 77.3144 26.2743 70.4128 28.827 18.3501 12.4365 159.734 88.8904 12.2532 76.6373 7.7682 68.8691 70.8438 67.2181 63.8148 7.7162 56.0986 34.5019
internal_count=4906 2399 2380 629 46 583 1751 1681 1647 1625 628 597 438 159 402 151 94 65 997 560 74 486 48 438 437 413 395 49 346 215
is_linear=0
shrinkage=0.1


Tree=13
num_leaves=31
num_cat=0
split_feature=0 274 0 0 1 13 16 1 26 14 73 0 94 99 79 62 0 151 14 0 26 16 0 56 0 132 7 140 139 167
split_gain=12.3343 3.85004 3.05363 4.82757 4.18833 3.23815 4.32342 4.3249 5.30443 3.97601 3.79406 3.71479 3.67377 4.11023 3.61571 3.56843 3.30739 3.19477 3.17011 4.1546 3.85697 2.82985 5.16559 4.50165 3.63357 4.15254 5.92939 3.56664 4.45449 3.7421
threshold=12.203969955444338 1.0000000180025095e-35 7.7043120861053476 7.8836412429809579 -0.15446041524410245 1.0000000180025095e-35 1.0000000180025095e-35 0.050117878243327148 1.0000000180025095e-35 1.0000000180025095e-35 1.0000000180025095e-35 9.8631072044372576 1.0000000180025095e-35 1.0000000180025095e-35 1.0000000180025095e-35 1.0000000180025095e-35 11.560575008392336 1.0000000180025095e-35 1.0000000180025095e-35 11.690622806549074 1.0000000180025095e-35 1.0000000180025095e-35 3.1252566576004033 1.0000000180025095e-35 2.088980078697205 1.0000000180025095e-35 1.0000000180025095e-35 1.0000000180025095e-35 1.0000000180025095e-35 1.0000000180025095e-35
decision_type=2 2 2 2 2 2 2 2 2 2 2 2 2 2 2 2 2 2 2 2 2 2 2 2 2 2 2 2 2 2
left_child=1 2 4 -4 21 6 9 8 10 17 -8 -7 13 18 -11 -9 -15 -5 19 20 -13 22 23 -1 -23 -26 -27 28 29 -24
right_child=-2 -3 3 5 -6 11 7 15 -10 14 -12 12 -14 16 -16 -17 -18 -19 -20 -21 -22 24 27 -25 25 26 -28 -29 -30 -31
leaf_value=0.019871874111931781 -0.019610016983926684 -0.088411980333681098 -0.069954952684842642 -0.022025499744015024 0.0941779426286104 0.03522003676846238 -0.077489316739136727 -0.088467414033350053 -0.11333801453987667 0.014981392238173873 0.061523011413682785 -0.11186781848443568 0.07163582726965044 -0.10329140832105235 0.094498807314731426 0.0029410801875506291 0.014835568491818961 0.07353774187866341 0.042205087832091016 0.046564204946085389 -0.0091658411063105481 -0.064393115173192586 0.00056946260628023095 0.10160616995200095 0.012343342721956753 0.020133219126772017 0.087488274961572632 0.054590379694825497 -0.076558615937323424 -0.06825524377135099
leaf_weight=39.904473677277565 243.98813419044018 4.2285272777080527 9.8786197602748853 41.615724511444569 6.2009608894586554 47.779935225844383 3.8207493200898179 4.9655591398477545 11.142877444624901 29.982256010174751 4.0386976897716522 5.8378048837184915 5.8175112903118125 7.5315155982971174 7.0659887790679923 30.52130851149559 3.4586720615625381 3.819373905658721 13.427572548389433 6.7051500976085654 9.7872684299945831 4.7914656549692145 162.51626159250736 8.1075931191444379 105.28824593126774 33.729524046182632 21.338091060519218 10.161024838685988 8.594297379255293 8.3036405742168409
leaf_count=174 1677 23 56 230 29 227 22 29 62 159 21 34 31 43 33 171 20 20 65 37 54 22 772 34 480 155 94 46 45 41
internal_value=-0.000397034 0.00670172 0.0073147 -0.00145973 0.0126187 0.00139146 -0.00860659 -0.0304653 -0.0689656 0.00583347 -0.00605569 0.0150389 -0.00330495 -0.0126309 0.0301473 -0.00984941 -0.0661162 -0.0139922 0.00380786 -0.0192811 -0.0475371 0.0113629 0.00437424 0.033674 0.0214172 0.0239812 0.0462326 -0.00304625 -0.00631047 -0.00277614
internal_weight=904.349 660.361 656.132 247.197 408.936 237.318 136.973 54.4892 19.0023 82.4833 7.85945 100.345 52.5655 46.748 37.0482 35.4869 10.9902 45.4351 35.7578 22.3302 15.6251 402.735 237.587 48.0121 165.147 160.356 55.0676 189.575 179.414 170.82
internal_count=4906 3229 3206 1314 1892 1258 747 305 105 442 43 511 284 253 192 200 63 250 190 125 88 1863 1112 208 751 729 249 904 858 813
is_linear=0
shrinkage=0.1


Tree=14
num_leaves=31
num_cat=0
split_feature=0 243 127 99 64 97 42 13 126 108 61 1 5 7 68 14 10 14 86 21 11 47 61 47 55 71 14 71 54 12
split_gain=10.1381 3.01731 2.78698 2.75312 3.42432 5.04208 4.55932 3.27742 6.48357 4.53432 3.71418 3.62139 4.26745 4.0396 4.96951 4.87998 4.75963 3.33124 5.08376 3.26123 3.22734 3.69943 3.56991 3.33893 3.16751 2.89148 2.84045 2.6942 2.56919 3.19724
threshold=11.934291839599611 1.0000000180025095e-35 1.0000000180025095e-35 1.0000000180025095e-35 1.0000000180025095e-35 1.0000000180025095e-35 1.0000000180025095e-35 1.0000000180025095e-35 1.0000000180025095e-35 1.0000000180025095e-35 1.0000000180025095e-35 0.84196516871452343 1.0000000180025095e-35 1.0000000180025095e-35 1.0000000180025095e-35 1.0000000180025095e-35 1.0000000180025095e-35 1.0000000180025095e-35 1.0000000180025095e-35 1.0000000180025095e-35 1.0000000180025095e-35 1.0000000180025095e-35 1.0000000180025095e-35 1.0000000180025095e-35 1.0000000180025095e-35 1.0000000180025095e-35 1.0000000180025095e-35 1.0000000180025095e-35 1.0000000180025095e-35 1.0000000180025095e-35
decision_type=2 2 2 2 2 2 2 2 2 2 2 2 2 2 2 2 2 2 2 2 2 2 2 2 2 2 2 2 2 2
left_child=1 2 -1 7 5 19 -6 8 9 20 -11 13 -13 16 15 -15 -9 18 -18 -5 22 25 23 -2 -14 -22 -16 -24 29 -23
right_child=3 -3 -4 4 6 -7 -8 11 -10 10 -12 12 24 14 26 -17 17 -19 -20 -21 21 28 27 -25 -26 -27 -28 -29 -30 -31
leaf_value=0.00084633753578161521 -0.090860681291066545 -0.074103401047128495 0.01407803511763198 -0.043570460443025594 -0.032441585875295435 -0.11050891443087896 0.098223713208002494 -0.033791908638618223 0.094112630334843267 -0.036203488675443769 0.099342154296922849 -0.085085744619799897 -0.048510890090729043 0.1358265366159962 -0.034890673451108092 -0.0030523732101903006 -0.046441288162182015 0.08511734253774797 0.09898227873274644 0.040336043844131947 -0.074901445645071382 -0.080272382476432605 0.070777096895701219 -0.027136212272634228 0.10451694645706006 0.01548363184478045 0.057626739467993793 -0.031424727256568356 -0.11996350896535574 0.045727733336426497
leaf_weight=351.14014435559511 23.268129512667656 4.6380043029785147 291.19439898431301 31.200857721269131 7.9423894584178907 10.232379689812658 4.0230720564723015 25.259980291128159 4.5551778972148886 3.4518122747540456 4.8790290281176567 8.8798706382513029 2.7204022184014311 8.0656592547893506 7.9824965447187424 3.6866135150194177 7.7604349330067652 7.3677537143230429 3.4827123582363129 5.439849577844142 4.0460308045148841 4.6874120160937292 3.1025400981307039 12.715705670416353 2.6902649998664856 28.264419160783291 5.6796077787876129 15.296181552112103 4.5256226286292067 3.5308588817715645
leaf_count=1820 170 24 1306 230 58 75 26 159 30 24 32 70 20 44 55 20 52 42 20 36 28 34 22 93 21 200 31 106 34 24
internal_value=-0.000389022 0.00626446 0.00684476 -0.0172873 -0.0362566 -0.0484453 0.0114912 -0.0115898 -0.0227471 -0.0276865 0.04318 0.00340508 -0.0424296 0.0128588 0.0445834 0.0922611 -0.00551931 0.0328542 -0.00139443 -0.0311133 -0.0336238 -0.0138308 -0.0500216 -0.0683422 0.0275768 0.00416529 0.00357065 -0.0141906 -0.0594576 -0.0261383
internal_weight=901.71 646.973 642.335 254.737 58.8385 46.8731 11.9655 195.899 112.323 107.768 8.33084 83.5758 14.2905 69.2853 25.4144 11.7523 43.8709 18.6109 11.2431 36.6407 99.4369 45.0543 54.3826 35.9838 5.41067 32.3104 13.6621 18.3987 12.7439 8.21827
internal_count=4906 3150 3126 1756 425 341 84 1331 797 767 56 534 111 423 150 64 273 114 72 266 711 320 391 263 41 228 86 128 92 58
is_linear=0
shrinkage=0.1


end of trees

feature_importances:
Column_0=90
Column_1=20
Column_14=20
Column_13=15
Column_6=13
Column_16=13
Column_99=11
Column_7=10
Column_9=10
Column_26=10
Column_5=9
Column_51=9
Column_61=9
Column_127=9
Column_23=8
Column_67=8
Column_11=7
Column_12=7
Column_68=6
Column_139=6
Column_140=6
Column_167=6
Column_10=5
Column_15=5
Column_21=5
Column_37=5
Column_78=5
Column_8=4
Column_54=4
Column_83=4
Column_100=4
Column_102=4
Column_108=4
Column_138=4
Column_176=4
Column_19=3
Column_47=3
Column_53=3
Column_55=3
Column_60=3
Column_62=3
Column_63=3
Column_71=3
Column_79=3
Column_81=3
Column_86=3
Column_151=3
Column_24=2
Column_27=2
Column_31=2
Column_42=2
Column_56=2
Column_64=2
Column_69=2
Column_73=2
Column_74=2
Column_91=2
Column_93=2
Column_94=2
Column_105=2
Column_126=2
Column_132=2
Column_262=2
Column_266=2
Column_274=2
Column_22=1
Column_29=1
Column_33=1
Column_40=1
Column_48=1
Column_59=1
Column_70=1
Column_77=1
Column_80=1
Column_82=1
Column_88=1
Column_95=1
Column_97=1
Column_113=1
Column_137=1
Column_178=1
Column_243=1
Column_264=1
Column_303=1

parameters:
[boosting: gbdt]
[objective: binary]
[metric: binary_logloss]
[tree_learner: serial]
[device_type: cpu]
[data_sample_strategy: bagging]
[data: ]
[valid: ]
[num_iterations: 300]
[learning_rate: 0.1]
[num_leaves: 31]
[num_threads: 0]
[seed: 0]
[deterministic: 0]
[force_col_wise: 0]
[force_row_wise: 0]
[histogram_pool_size: -1]
[max_depth: -1]
[min_data_in_leaf: 20]
[min_sum_hessian_in_leaf: 0.001]
[bagging_fraction: 1]
[pos_bagging_fraction: 1]
[neg_bagging_fraction: 1]
[bagging_freq: 0]
[bagging_seed: 7719]
[bagging_by_query: 0]
[feature_fraction: 1]
[feature_fraction_bynode: 1]
[feature_fraction_seed: 2437]
[extra_trees: 0]
[extra_seed: 11797]
[early_stopping_round: 0]
[early_stopping_min_delta: 0]
[first_metric_only: 0]
[max_delta_step: 0]
[lambda_l1: 0]
[lambda_l2: 0]
[linear_lambda: 0]
[min_gain_to_split: 0]
[drop_rate: 0.1]
[max_drop: 50]
[skip_drop: 0.5]
[xgboost_dart_mode: 0]
[uniform_drop: 0]
[drop_seed: 21238]
[top_rate: 0.2]
[other_rate: 0.1]
[min_data_per_group: 100]
[max_cat_threshold: 32]
[cat_l2: 10]
[cat_smooth: 10]
[max_cat_to_onehot: 4]
[top_k: 20]
[monotone_constraints: ]
[monotone_constraints_method: basic]
[monotone_penalty: 0]
[feature_contri: ]
[forcedsplits_filename: ]
[refit_decay_rate: 0.9]
[cegb_tradeoff: 1]
[cegb_penalty_split: 0]
[cegb_penalty_feature_lazy: ]
[cegb_penalty_feature_coupled: ]
[path_smooth: 0]
[interaction_constraints: ]
[verbosity: -1]
[saved_feature_importance_type: 0]
[use_quantized_grad: 0]
[num_grad_quant_bins: 4]
[quant_train_renew_leaf: 0]
[stochastic_rounding: 1]
[linear_tree: 0]
[max_bin: 255]
[max_bin_by_feature: ]
[min_data_in_bin: 3]
[bin_construct_sample_cnt: 200000]
[data_random_seed: 38]
[is_enable_sparse: 1]
[enable_bundle: 1]
[use_missing: 1]
[zero_as_missing: 0]
[feature_pre_filter: 1]
[pre_partition: 0]
[two_round: 0]
[header: 0]
[label_column: ]
[weight_column: ]
[group_column: ]
[ignore_column: ]
[categorical_feature: ]
[forcedbins_filename: ]
[precise_float_parser: 0]
[parser_config_file: ]
[objective_seed: 8855]
[num_class: 1]
[is_unbalance: 0]
[scale_pos_weight: 1]
[sigmoid: 1]
[boost_from_average: 1]
[reg_sqrt: 0]
[alpha: 0.9]
[fair_c: 1]
[poisson_max_delta_step: 0.7]
[tweedie_variance_power: 1.5]
[lambdarank_truncation_level: 30]
[lambdarank_norm: 1]
[label_gain: ]
[lambdarank_position_bias_regularization: 0]
[eval_at: ]
[multi_error_top_k: 1]
[auc_mu_weights: ]
[num_machines: 1]
[local_listen_port: 12400]
[time_out: 120]
[machine_list_filename: ]
[machines: ]
[gpu_platform_id: -1]
[gpu_device_id: -1]
[gpu_device_id_list: ]
[gpu_use_dp: 0]
[num_gpu: 1]

end of parameters

pandas_categorical:null
