tree
version=v4
num_class=1
num_tree_per_iteration=1
label_index=0
max_feature_idx=567
objective=binary sigmoid:1
feature_names=Column_0 Column_1 Column_2 Column_3 Column_4 Column_5 Column_6 Column_7 Column_8 Column_9 Column_10 Column_11 Column_12 Column_13 Column_14 Column_15 Column_16 Column_17 Column_18 Column_19 Column_20 Column_21 Column_22 Column_23 Column_24 Column_25 Column_26 Column_27 Column_28 Column_29 Column_30 Column_31 Column_32 Column_33 Column_34 Column_35 Column_36 Column_37 Column_38 Column_39 Column_40 Column_41 Column_42 Column_43 Column_44 Column_45 Column_46 Column_47 Column_48 Column_49 Column_50 Column_51 Column_52 Column_53 Column_54 Column_55 Column_56 Column_57 Column_58 Column_59 Column_60 Column_61 Column_62 Column_63 Column_64 Column_65 Column_66 Column_67 Column_68 Column_69 Column_70 Column_71 Column_72 Column_73 Column_74 Column_75 Column_76 Column_77 Column_78 Column_79 Column_80 Column_81 Column_82 Column_83 Column_84 Column_85 Column_86 Column_87 Column_88 Column_89 Column_90 Column_91 Column_92 Column_93 Column_94 Column_95 Column_96 Column_97 Column_98 Column_99 Column_100 Column_101 Column_102 Column_103 Column_104 Column_105 Column_106 Column_107 Column_108 Column_109 Column_110 Column_111 Column_112 Column_113 Column_114 Column_115 Column_116 Column_117 Column_118 Column_119 Column_120 Column_121 Column_122 Column_123 Column_124 Column_125 Column_126 Column_127 Column_128 Column_129 Column_130 Column_131 Column_132 Column_133 Column_134 Column_135 Column_136 Column_137 Column_138 Column_139 Column_140 Column_141 Column_142 Column_143 Column_144 Column_145 Column_146 Column_147 Column_148 Column_149 Column_150 Column_151 Column_152 Column_153 Column_154 Column_155 Column_156 Column_157 Column_158 Column_159 Column_160 Column_161 Column_162 Column_163 Column_164 Column_165 Column_166 Column_167 Column_168 Column_169 Column_170 Column_171 Column_172 Column_173 Column_174 Column_175 Column_176 Column_177 Column_178 Column_179 Column_180 Column_181 Column_182 Column_183 Column_184 Column_185 Column_186 Column_187 Column_188 Column_189 Column_190 Column_191 Column_192 Column_193 Column_194 Column_195 Column_196 Column_197 Column_198 Column_199 Column_200 Column_201 Column_202 Column_203 Column_204 Column_205 Column_206 Column_207 Column_208 Column_209 Column_210 Column_211 Column_212 Column_213 Column_214 Column_215 Column_216 Column_217 Column_218 Column_219 Column_220 Column_221 Column_222 Column_223 Column_224 Column_225 Column_226 Column_227 Column_228 Column_229 Column_230 Column_231 Column_232 Column_233 Column_234 Column_235 Column_236 Column_237 Column_238 Column_239 Column_240 Column_241 Column_242 Column_243 Column_244 Column_245 Column_246 Column_247 Column_248 Column_249 Column_250 Column_251 Column_252 Column_253 Column_254 Column_255 Column_256 Column_257 Column_258 Column_259 Column_260 Column_261 Column_262 Column_263 Column_264 Column_265 Column_266 Column_267 Column_268 Column_269 Column_270 Column_271 Column_272 Column_273 Column_274 Column_275 Column_276 Column_277 Column_278 Column_279 Column_280 Column_281 Column_282 Column_283 Column_284 Column_285 Column_286 Column_287 Column_288 Column_289 Column_290 Column_291 Column_292 Column_293 Column_294 Column_295 Column_296 Column_297 Column_298 Column_299 Column_300 Column_301 Column_302 Column_303 Column_304 Column_305 Column_306 Column_307 Column_308 Column_309 Column_310 Column_311 Column_312 Column_313 Column_314 Column_315 Column_316 Column_317 Column_318 Column_319 Column_320 Column_321 Column_322 Column_323 Column_324 Column_325 Column_326 Column_327 Column_328 Column_329 Column_330 Column_331 Column_332 Column_333 Column_334 Column_335 Column_336 Column_337 Column_338 Column_339 Column_340 Column_341 Column_342 Column_343 Column_344 Column_345 Column_346 Column_347 Column_348 Column_349 Column_350 Column_351 Column_352 Column_353 Column_354 Column_355 Column_356 Column_357 Column_358 Column_359 Column_360 Column_361 Column_362 Column_363 Column_364 Column_365 Column_366 Column_367 Column_368 Column_369 Column_370 Column_371 Column_372 Column_373 Column_374 Column_375 Column_376 Column_377 Column_378 Column_379 Column_380 Column_381 Column_382 Column_383 Column_384 Column_385 Column_386 Column_387 Column_388 Column_389 Column_390 Column_391 Column_392 Column_393 Column_394 Column_395 Column_396 Column_397 Column_398 Column_399 Column_400 Column_401 Column_402 Column_403 Column_404 Column_405 Column_406 Column_407 Column_408 Column_409 Column_410 Column_411 Column_412 Column_413 Column_414 Column_415 Column_416 Column_417 Column_418 Column_419 Column_420 Column_421 Column_422 Column_423 Column_424 Column_425 Column_426 Column_427 Column_428 Column_429 Column_430 Column_431 Column_432 Column_433 Column_434 Column_435 Column_436 Column_437 Column_438 Column_439 Column_440 Column_441 Column_442 Column_443 Column_444 Column_445 Column_446 Column_447 Column_448 Column_449 Column_450 Column_451 Column_452 Column_453 Column_454 Column_455 Column_456 Column_457 Column_458 Column_459 Column_460 Column_461 Column_462 Column_463 Column_464 Column_465 Column_466 Column_467 Column_468 Column_469 Column_470 Column_471 Column_472 Column_473 Column_474 Column_475 Column_476 Column_477 Column_478 Column_479 Column_480 Column_481 Column_482 Column_483 Column_484 Column_485 Column_486 Column_487 Column_488 Column_489 Column_490 Column_491 Column_492 Column_493 Column_494 Column_495 Column_496 Column_497 Column_498 Column_499 Column_500 Column_501 Column_502 Column_503 Column_504 Column_505 Column_506 Column_507 Column_508 Column_509 Column_510 Column_511 Column_512 Column_513 Column_514 Column_515 Column_516 Column_517 Column_518 Column_519 Column_520 Column_521 Column_522 Column_523 Column_524 Column_525 Column_526 Column_527 Column_528 Column_529 Column_530 Column_531 Column_532 Column_533 Column_534 Column_535 Column_536 Column_537 Column_538 Column_539 Column_540 Column_541 Column_542 Column_543 Column_544 Column_545 Column_546 Column_547 Column_548 Column_549 Column_550 Column_551 Column_552 Column_553 Column_554 Column_555 Column_556 Column_557 Column_558 Column_559 Column_560 Column_561 Column_562 Column_563 Column_564 Column_565 Column_566 Column_567
feature_infos=[2.0013689994812012:17.993154525756836] [-0.7776256799697876:0.99923950433731079] none none none [0:1] [0:1] [0:1] [0:1] [0:1] [0:1] [0:1] [0:1] [0:1] [0:1] [0:1] [0:1] [0:1] [0:1] [0:1] [0:1] [0:1] [0:1] [0:1] [0:1] [0:1] [0:1] [0:1] [0:1] [0:1] [0:1] [0:1] [0:1] [0:1] [0:1] [0:1] [0:1] [0:1] [0:1] [0:1] [0:1] [0:1] [0:1] [0:1] [0:1] [0:1] [0:1] [0:1] [0:1] [0:1] [0:1] [0:1] [0:1] [0:1] [0:1] [0:1] [0:1] [0:1] [0:1] [0:1] [0:1] [0:1] [0:1] [0:1] [0:1] [0:1] [0:1] [0:1] [0:1] [0:1] [0:1] [0:1] [0:1] [0:1] [0:1] [0:1] [0:1] [0:1] [0:1] [0:1] [0:1] [0:1] [0:1] [0:1] [0:1] [0:1] [0:1] [0:1] [0:1] [0:1] [0:1] [0:1] [0:1] [0:1] [0:1] [0:1] [0:1] [0:1] [0:1] [0:1] [0:1] [0:1] [0:1] [0:1] [0:1] [0:1] [0:1] [0:1] [0:1] none none none none [0:1] [0:1] none [0:1] none [0:1] none none [0:1] none none none none [0:1] [0:1] [0:1] [0:1] [0:1] none [0:1] [0:1] [0:1] [0:1] none [0:1] [0:1] [0:1] [0:1] [0:1] [0:1] [0:1] [0:1] [0:1] [0:1] [0:1] [0:1] [0:1] [0:1] [0:1] [0:1] [0:1] [0:1] [0:1] [0:1] none none none none none none none none none none [0:1] [0:1] none none none none none [0:1] [0:1] [0:1] [0:1] [0:1] [0:1] [0:1] [0:1] [0:1] [0:1] [0:1] [0:1] [0:1] [0:1] [0:1] [0:1] [0:1] [0:1] [0:1] [0:1] [0:1] [0:1] [0:1] [0:1] [0:1] [0:1] [0:1] [0:1] none none [0:1] [0:1] [0:1] none [0:1] [0:1] [0:1] [0:1] [0:1] none [0:1] none none [0:1] none [0:1] [0:1] [0:1] [0:1] [0:1] [0:1] [0:1] [0:1] [0:1] [0:1] [0:1] [0:1] [0:1] [0:1] [0:1] [0:1] [0:1] [0:1] [0:1] [0:1] [0:1] [0:1] [0:1] [0:1] [0:1] none none none none none none none none none none none none none none none none none [0:1] [0:1] [0:1] [0:1] [0:1] [0:1] [0:1] [0:1] [0:1] [0:1] none [0:1] [0:1] [0:1] [0:1] none [0:1] [0:1] none none none [0:1] [0:1] none none none none none [0:1] [0:1] [0:1] [0:1] [0:1] [0:1] [0:1] none none none [0:1] none [0:1] [0:1] [0:1] none [0:1] [0:1] [0:1] [0:1] none none [0:1] [0:1] none none none none [0:1] [0:1] none none none [0:1] none none [0:1] [0:1] none none [0:1] [0:1] none none none none none none none none none none none none none none none none none none none none none none none none none none none none none none none none none none none none none none none none none none none none none none none none none none none none none none none none none none none none none none none none none none none none none none none none none none none none none none none none none none none none none none none none none none none none none none none none none none none none none none none none none none none none none none none none none none none none none none none none none none none none none none none none none none none none none none none none none none none none none none none none none none none none none none none none none none none none none none none none none none none none none none none none none none none none none none none none none none none none none none none none none none none none none none none none none none none none none none none none none none none none none none none none none none none none none none none none none none none none none none none none none none none none none none none none none none none none none
tree_sizes=3379 3453 3457 3485 3445 3486 3457 3448 3462 3491 3460

Tree=0
num_leaves=31
num_cat=0
split_feature=0 0 108 0 5 71 29 12 26 16 13 0 67 15 16 0 64 61 1 13 11 8 1 140 0 62 7 10 8 7
split_gain=260.476 35.8163 15.3573 15.7476 9.88142 8.14907 9.0011 8.15924 7.83094 7.55392 7.11307 12.747 6.89287 6.75466 6.435 8.02494 8.37647 9.49922 6.79018 6.48499 8.81943 6.3063 5.84624 5.67201 7.08377 6.14918 6.47029 6.56703 5.6155 6.7244
threshold=11.934291839599611 6.4298424720764169 1.0000000180025095e-35 13.151266574859621 1.0000000180025095e-35 1.0000000180025095e-35 1.0000000180025095e-35 1.0000000180025095e-35 1.0000000180025095e-35 1.0000000180025095e-35 1.0000000180025095e-35 8.4750170707702654 1.0000000180025095e-35 1.0000000180025095e-35 1.0000000180025095e-35 15.305954456329347 1.0000000180025095e-35 1.0000000180025095e-35 0.69503384828567516 1.0000000180025095e-35 1.0000000180025095e-35 1.0000000180025095e-35 0.16662864387035373 1.0000000180025095e-35 13.474332809448244 1.0000000180025095e-35 1.0000000180025095e-35 1.0000000180025095e-35 1.0000000180025095e-35 1.0000000180025095e-35
decision_type=2 2 2 2 2 2 2 2 2 2 2 2 2 2 2 2 2 2 2 2 2 2 2 2 2 2 2 2 2 2
left_child=1 -1 3 -2 8 -5 -7 14 28 10 12 -12 -10 -14 15 16 19 -18 -16 20 -8 -6 -11 24 -9 26 27 -26 29 -3
right_child=2 4 -4 5 21 6 7 23 9 22 11 -13 13 -15 18 -17 17 -19 -20 -21 -22 -23 -24 -25 25 -27 -28 -29 -30 -31
leaf_value=-1.1864139844501511 -1.0861142138530508 -1.087977656186927 -1.1196511933966868 -0.98041878408189431 -1.1760076783642526 -0.91200214835710181 -0.8845592980654795 -0.94242949960882105 -1.1861940749777082 -1.156648619631778 -1.1261252028268451 -0.98050745643994264 -1.0417135515827751 -1.1423148049096175 -1.0134502083201167 -0.97291330234709261 -1.0344895254130284 -1.2301664081848618 -1.0839975789746674 -1.0648304353259643 -1.0473794544610078 -1.1294720917189567 -1.0706096562617617 -1.1584311508743681 -1.224461889282312 -1.0461591061487729 -1.0452161097256827 -1.0738203345594268 -1.1783540465764328 -1.1720820238554124
leaf_weight=284.20786593854427 65.073033884167671 23.544943884015083 28.365168616175652 28.550561875104904 77.308988973498344 5.5617977678775778 7.0449438393115997 4.8202247321605673 8.8988764286041242 33.000000089406967 10.196629241108896 14.646067455410956 15.57303375005722 11.679775312542915 25.39887647330761 36.337078750133514 5.9325842857360822 4.2640449553728104 29.477528169751167 11.123595535755157 6.3033708035945892 46.719101250171661 10.382022500038145 6.3033708035945883 6.8595505803823471 40.97191022336483 8.1573033928871155 5.0056179910898209 31.887640535831451 15.943820267915724
leaf_count=1533 351 127 153 154 417 30 38 26 48 178 55 79 84 63 137 196 32 23 159 60 34 252 56 34 37 221 44 27 172 86
internal_value=-1.12102 -1.16098 -1.04935 -1.04264 -1.13687 -1.03045 -1.03747 -1.04099 -1.12161 -1.10416 -1.08147 -1.04028 -1.10978 -1.08483 -1.02563 -1.00575 -1.04017 -1.11632 -1.05135 -1.00844 -0.961447 -1.15848 -1.13606 -1.06781 -1.05913 -1.06836 -1.11378 -1.16091 -1.14714 -1.12194
internal_weight=909.539 583.989 325.551 297.185 299.781 232.112 203.562 198 175.753 104.376 60.9944 24.8427 36.1517 27.2528 125.882 71.0056 34.6685 10.1966 54.8764 24.4719 13.3483 124.028 43.382 72.118 65.8146 60.9944 20.0225 11.8652 71.3764 39.4888
internal_count=4906 3150 1756 1603 1617 1252 1098 1068 948 563 329 134 195 147 679 383 187 55 296 132 72 669 234 389 355 329 108 64 385 213
is_linear=0
shrinkage=1


Tree=1
num_leaves=31
num_cat=0
split_feature=0 0 108 0 5 176 26 71 29 12 168 65 81 0 16 84 26 1 11 8 14 16 73 56 26 0 1 13 0 67
split_gain=207.317 30.9349 11.4629 11.4143 8.20557 6.8715 6.52443 5.6233 6.0277 5.86403 5.69933 5.85467 6.701 7.22058 5.56679 6.11529 5.42823 6.17671 6.01526 5.40104 5.39555 5.34268 7.10997 5.33931 7.62067 6.15222 5.26737 4.9077 8.19612 5.28055
threshold=11.934291839599611 6.4298424720764169 1.0000000180025095e-35 13.151266574859621 1.0000000180025095e-35 1.0000000180025095e-35 1.0000000180025095e-35 1.0000000180025095e-35 1.0000000180025095e-35 1.0000000180025095e-35 1.0000000180025095e-35 1.0000000180025095e-35 1.0000000180025095e-35 15.585215568542482 1.0000000180025095e-35 1.0000000180025095e-35 1.0000000180025095e-35 0.75739601254463207 1.0000000180025095e-35 1.0000000180025095e-35 1.0000000180025095e-35 1.0000000180025095e-35 1.0000000180025095e-35 1.0000000180025095e-35 1.0000000180025095e-35 16.286105155944828 -0.024564606137573716 1.0000000180025095e-35 8.4750170707702654 1.0000000180025095e-35
decision_type=2 2 2 2 2 2 2 2 2 2 2 2 2 2 2 2 2 2 2 2 2 2 2 2 2 2 2 2 2 2
left_child=1 -1 3 -2 5 6 -3 -5 -9 10 11 12 13 -10 27 26 18 -18 -14 -6 -4 22 -15 24 -13 -25 -16 29 -29 -8
right_child=2 4 20 7 19 -7 14 8 9 -11 -12 23 16 21 15 -17 17 -19 -20 -21 -22 -23 -24 25 -26 -27 -28 28 -30 -31
leaf_value=-0.06100107335470753 0.030842558049826621 -0.027743426579662424 -0.035737266810944052 0.11779412439457573 -0.050995896809963963 0.12465251786908232 -0.060788434387402057 0.16959272337509224 0.054429870313025423 0.046472282113591612 -0.027409783744224894 0.073288797012991388 0.042585756676445222 0.19711003535483285 -0.071082435480943132 0.095822467772178788 0.23592070659783843 0.099420594605198837 0.1707448191474388 -0.0076381835879740642 0.052648039458929645 0.066733330909987551 0.066286577666000143 0.12869761382738248 -0.1133780248399161 -0.011919000996299582 0.004203331757086713 -0.0046039405449870919 0.11126106899600313 0.029185956392112675
leaf_weight=274.70022676885128 66.223110526800156 68.224990859627724 16.511511489748955 30.551152348518372 75.136277183890343 4.2715742588043204 8.6021876335144025 6.1336889863014212 45.177187740802765 74.035046294331551 4.6245671212673178 4.2926674634218216 8.9498728811740857 11.943576335906984 16.564129948616028 4.3928384184837332 8.339434012770651 5.5023247003555307 6.198950171470643 46.518267631530762 11.873446464538576 12.465259552001955 6.3699073791503897 8.6990251690149289 4.4586812406778336 4.8439936637878427 21.171463966369629 10.170171260833742 15.274961173534392 26.985899060964584
leaf_count=1533 351 373 89 154 417 23 48 30 233 389 24 22 46 60 91 24 43 28 32 252 64 66 32 45 23 25 114 55 77 143
internal_value=-0.000145021 -0.0368076 0.0620491 0.0676391 -0.0144542 -0.000628758 -0.00375122 0.0776841 0.0719048 0.0689948 0.0816399 0.0856033 0.09549 0.0798789 0.0121158 -0.0158443 0.136391 0.18166 0.0950289 -0.0344168 0.00123436 0.117233 0.151606 0.0390635 -0.0218152 0.0784026 -0.0288435 0.0314154 0.064951 0.00743776
internal_weight=909.206 572.013 337.193 308.808 297.313 175.658 171.387 242.585 212.034 205.9 131.865 127.241 104.947 75.9559 103.162 42.1284 28.9906 13.8418 15.1488 121.655 28.385 30.7787 18.3135 22.2944 8.75135 13.543 37.7356 61.0332 25.4451 35.5881
internal_count=4906 3150 1756 1603 1617 948 925 1252 1098 1068 679 655 540 391 552 229 149 71 78 669 153 158 92 115 45 70 205 323 132 191
is_linear=0
shrinkage=0.1


Tree=2
num_leaves=31
num_cat=0
split_feature=0 0 0 108 26 5 73 36 71 227 12 15 63 0 79 9 0 0 67 10 99 1 84 13 15 0 61 16 55 16
split_gain=166.898 21.5143 12.114 11.9185 9.02576 5.9012 5.52122 7.88204 5.05539 5.43435 6.06386 5.81764 9.86023 5.33523 8.17813 5.22384 5.16 5.88073 5.51246 5.00331 4.94722 4.91188 5.08385 5.05989 5.47951 4.86621 4.84209 4.78301 6.31777 4.7311
threshold=11.296372413635256 6.4298424720764169 13.096509456634523 1.0000000180025095e-35 1.0000000180025095e-35 1.0000000180025095e-35 1.0000000180025095e-35 1.0000000180025095e-35 1.0000000180025095e-35 1.0000000180025095e-35 1.0000000180025095e-35 1.0000000180025095e-35 1.0000000180025095e-35 17.166323661804203 1.0000000180025095e-35 1.0000000180025095e-35 15.368925571441652 17.229294776916507 1.0000000180025095e-35 1.0000000180025095e-35 1.0000000180025095e-35 -0.024564606137573716 1.0000000180025095e-35 1.0000000180025095e-35 1.0000000180025095e-35 17.100615501403812 1.0000000180025095e-35 1.0000000180025095e-35 1.0000000180025095e-35 1.0000000180025095e-35
decision_type=2 2 2 2 2 2 2 2 2 2 2 2 2 2 2 2 2 2 2 2 2 2 2 2 2 2 2 2 2 2
left_child=1 -1 -2 8 6 21 -3 20 -4 10 11 15 13 14 -13 27 -12 19 -19 -18 -8 22 29 24 26 -17 -23 -10 -29 -6
right_child=2 4 3 -5 5 -7 7 -9 9 -11 16 12 -14 -15 -16 25 17 18 -20 -21 -22 23 -24 -25 -26 -27 -28 28 -30 -31
leaf_value=-0.056852588394761719 0.021299914633351479 -0.062617417218791757 0.10385526484060043 -0.010786951459765982 0.0073740781312121645 -0.025106808086008493 0.032182995555853577 -0.092818585110115051 0.064889727584355031 0.15808028834912574 0.0112618768826918 0.084661846943962268 -0.009791957978993621 0.19043474297956872 0.23505956902881292 0.067940747376759036 0.054708998794040398 0.073685568891101158 -0.058432975154333405 0.14384660841474015 -0.040075830706408799 0.091354963017028709 0.079294829962888891 0.075596836604673812 -0.038972750618874737 0.17672961484025534 -0.017221402840628064 -0.088010677868794587 0.031043968304959504 -0.062964511796668191
leaf_weight=265.75003704428673 106.31225530803204 51.372172102332115 32.523836255073547 21.328614383935928 22.690758213400841 62.681579172611237 24.515559077262878 10.578615218400953 21.413646817207336 5.6940499097108832 39.237141698598862 40.588042452931404 7.7679928392171851 7.2727913707494727 3.9690841734409323 29.9421596378088 16.207520306110382 6.2047056257724744 6.4315440654754639 10.298090249300005 15.443896710872648 10.158763632178308 5.6368898302316657 19.646275028586388 12.872230902314188 4.7662074267864218 6.8951900601387015 6.1011501401662853 16.543174207210541 16.527979120612144
leaf_count=1533 564 286 156 115 121 351 136 59 105 28 201 201 39 36 19 149 83 32 33 52 86 53 30 99 70 24 37 31 83 94
internal_value=-0.000242461 -0.0368628 0.0499853 0.061023 -0.0163536 -0.00131928 -0.0395311 -0.0160638 0.0670302 0.0616458 0.0591124 0.0717014 0.0952744 0.111021 0.0980591 0.053865 0.0368888 0.0625782 0.00644044 0.0893412 0.00425574 0.0144709 -0.00950553 0.036166 0.01028 0.0828798 0.0474558 0.0310074 -0.0010334 -0.0222688
internal_weight=907.372 524.77 382.602 276.29 259.02 157.11 101.91 50.5381 254.961 222.437 216.743 138.364 59.5979 51.8299 44.5571 78.7663 78.379 39.1419 12.6362 26.5056 39.9595 94.4281 44.8556 49.5725 29.9262 34.7084 17.054 44.058 22.6443 39.2187
internal_count=4906 2955 1951 1387 1422 855 567 281 1272 1116 1088 687 295 256 220 392 401 200 65 135 222 504 245 259 160 173 90 219 114 215
is_linear=0
shrinkage=0.1


Tree=3
num_leaves=31
num_cat=0
split_feature=0 0 0 108 26 16 67 73 36 1 39 13 126 61 99 16 26 16 39 10 8 11 5 50 1 16 12 60 81 7
split_gain=134.691 18.5474 9.24539 9.1515 7.54966 4.81268 4.83105 4.77281 6.79074 4.28286 4.18771 6.50525 4.05353 4.02732 4.01893 4.01632 3.91869 7.24208 6.41228 8.98185 4.96914 3.93047 4.09352 3.97564 3.8998 3.81441 5.34162 5.43697 3.75757 3.65989
threshold=11.296372413635256 6.4298424720764169 13.096509456634523 1.0000000180025095e-35 1.0000000180025095e-35 1.0000000180025095e-35 1.0000000180025095e-35 1.0000000180025095e-35 1.0000000180025095e-35 0.16662864387035373 1.0000000180025095e-35 1.0000000180025095e-35 1.0000000180025095e-35 1.0000000180025095e-35 1.0000000180025095e-35 1.0000000180025095e-35 1.0000000180025095e-35 1.0000000180025095e-35 1.0000000180025095e-35 1.0000000180025095e-35 1.0000000180025095e-35 1.0000000180025095e-35 1.0000000180025095e-35 1.0000000180025095e-35 -0.22138565033674237 1.0000000180025095e-35 1.0000000180025095e-35 1.0000000180025095e-35 1.0000000180025095e-35 1.0000000180025095e-35
decision_type=2 2 2 2 2 2 2 2 2 2 2 2 2 2 2 2 2 2 2 2 2 2 2 2 2 2 2 2 2 2
left_child=1 -1 16 12 7 6 10 25 14 -7 11 -6 -4 -11 15 -9 17 18 20 -20 -2 22 23 -19 -8 -3 -27 -28 -17 -5
right_child=2 4 3 29 5 9 24 8 -10 13 -12 -13 -14 -15 -16 28 -18 21 19 -21 -22 -23 -24 -25 -26 26 27 -29 -30 -31
leaf_value=-0.052925454808694809 0.19896038956869044 -0.082655405049003261 0.05636174763489811 0.021064123185964807 -0.058922932749680725 -0.035059280774765306 0.10358804560630078 0.055755023774001669 -0.088133792341441572 0.080465448871826467 -0.082749098208712596 0.079767827638568767 0.13000880970830153 -0.035978250018084461 -0.036896794188719627 0.033765551845908452 0.00021504977172795187 -0.087897991735804745 0.087464597269547015 -0.052387541885688796 0.066416206206914935 -0.071496730791602167 0.099264884537116918 0.036904029090451408 0.018851853799966969 -0.06713806568432594 0.13134322046706692 -0.031128879448320341 -0.10464346995473242 -0.065732041853945947
leaf_weight=257.37191659212112 5.387162923812868 28.126523062586784 254.38134388625622 13.677600085735323 7.1356070786714554 51.459338873624802 5.9249378591775885 17.045356482267383 10.054398760199545 6.984249606728552 8.4880225211381912 6.4290427565574646 7.6996899992227545 5.1679763793945312 15.114940926432608 4.2206254154443732 54.719713494181633 4.2314583808183688 12.211501553654672 7.3601267188787451 5.9554004222154617 6.4128248691558829 4.7167598754167548 6.4329768270254135 65.190286085009575 12.986645087599754 3.4610868543386459 5.0868265926837921 3.6644279956817627 7.5341242700815192
leaf_count=1533 28 162 1235 74 41 290 32 93 59 37 48 33 37 28 86 23 286 22 65 39 31 34 25 34 346 75 20 29 20 41
internal_value=-0.000313573 -0.0339586 0.0439395 0.0534122 -0.0149303 -0.00124606 0.0132311 -0.0364359 -0.0146589 -0.0224499 -0.0276609 0.00681034 0.0585254 0.0309454 0.00378882 0.0284559 0.0189598 0.0384198 0.0695429 0.0348717 0.129368 -0.00572732 0.0216937 -0.0126152 0.0259116 -0.0584052 -0.0267317 0.0346568 -0.0305574 -0.00976473
internal_weight=904.633 513.912 390.721 283.293 256.54 156.779 93.1679 99.7608 50.0997 63.6116 22.0527 13.5646 262.081 12.1522 40.0454 24.9304 107.428 52.7082 30.9142 19.5716 11.3426 21.794 15.3812 10.6644 71.1152 49.6611 21.5346 8.54791 7.88505 21.2117
internal_count=4906 2955 1951 1387 1422 855 500 567 281 355 122 74 1272 65 222 136 564 278 163 104 59 115 81 56 378 286 124 49 43 115
is_linear=0
shrinkage=0.1


Tree=4
num_leaves=31
num_cat=0
split_feature=0 1 1 235 26 13 26 71 65 10 0 60 16 67 24 9 6 12 69 56 86 0 54 0 81 14 14 10 71 8
split_gain=109.001 16.3054 7.6102 5.78751 5.56663 5.33729 7.17464 10.338 8.45832 7.96539 7.20045 6.35818 5.50412 6.05532 5.7101 5.65998 5.31429 5.245 5.103 5.01592 4.90077 4.89076 5.69481 5.14443 5.14144 5.06014 4.81977 4.78738 7.0389 5.75728
threshold=11.296372413635256 -0.36938171088695521 0.74416303634643566 1.0000000180025095e-35 1.0000000180025095e-35 1.0000000180025095e-35 1.0000000180025095e-35 1.0000000180025095e-35 1.0000000180025095e-35 1.0000000180025095e-35 14.017796039581301 1.0000000180025095e-35 1.0000000180025095e-35 1.0000000180025095e-35 1.0000000180025095e-35 1.0000000180025095e-35 1.0000000180025095e-35 1.0000000180025095e-35 1.0000000180025095e-35 1.0000000180025095e-35 1.0000000180025095e-35 17.622176170349125 1.0000000180025095e-35 17.433264732360843 1.0000000180025095e-35 1.0000000180025095e-35 1.0000000180025095e-35 1.0000000180025095e-35 1.0000000180025095e-35 1.0000000180025095e-35
decision_type=2 2 2 2 2 2 2 2 2 2 2 2 2 2 2 2 2 2 2 2 2 2 2 2 2 2 2 2 2 2
left_child=1 -1 3 5 -3 6 8 16 12 17 26 -12 14 20 -2 -15 19 -9 -19 -8 -14 23 -23 -4 -24 -25 -11 28 -7 -29
right_child=2 4 21 -5 -6 27 7 9 -10 10 11 -13 13 15 -16 -17 -18 18 -20 -21 -22 22 24 25 -26 -27 -28 29 -30 -31
leaf_value=-0.05223237202772131 0.15327353186697712 -0.033007357314524061 0.060378261010249706 0.14735525901497909 -0.0046623012746954328 0.078668439659753939 0.091295138781672114 0.038866401912118959 0.17444291935852585 0.080287780677925857 0.11634957469455379 -0.036248053854855043 -0.053677044876498728 0.022730191777880854 0.057135325935338245 0.16325757234833235 -0.10243773298119979 -0.11797850926496829 0.010418487385048601 -0.049283350074961929 0.069679062946065184 -0.052806414545882113 0.013546045374928704 0.1848807054424636 0.13644026924347577 0.045688719596690554 0.20623479332379674 0.011540683992123392 0.0064960906986601136 -0.065527125610271728
leaf_weight=213.58843755722046 7.4351914525032035 114.31687612831593 94.127460047602654 4.0821573734283438 175.88338206708431 18.910714656114578 3.9812453091144562 20.43049655854702 5.9926108419895163 6.8192395418882388 4.6048448085784894 6.7080468535423279 12.485439807176592 8.6906850934028643 36.539188891649246 4.2764419466257086 8.8561653047800064 5.2916311472654325 7.4580587297677994 7.0020930767059326 4.3402163833379737 7.7263718545436868 10.910447373986242 6.9166426658630353 4.9481687694787988 4.1963259428739548 5.4802766740322113 27.130968153476715 47.346686273813248 15.081617325544356
leaf_count=1312 36 669 446 19 974 96 21 99 29 34 22 33 61 44 181 21 46 27 38 37 22 37 53 32 23 20 27 135 236 76
internal_value=-0.000365679 -0.0312622 0.0387658 0.0291928 -0.0158281 0.0273716 0.0391938 0.0173424 0.0601883 0.039051 0.0834453 0.0258659 0.0509067 0.0177205 0.0733904 0.0690749 -0.0448007 0.00745815 -0.0428714 0.0016736 -0.0218571 0.0587512 0.0175926 0.0679751 0.0518912 0.132321 0.136406 0.0103264 0.027095 -0.0159939
internal_weight=901.558 503.789 397.769 268.944 290.2 264.862 156.392 76.6321 79.7598 56.7926 23.6124 11.3129 73.7672 29.7928 43.9744 12.9671 19.8395 33.1802 12.7497 10.9833 16.8257 128.825 23.585 105.24 15.8586 11.113 12.2995 108.47 66.2574 42.2126
internal_count=4906 2955 1951 1340 1643 1321 778 384 394 280 116 55 365 148 217 65 104 164 65 58 83 611 113 498 76 52 61 543 332 211
is_linear=0
shrinkage=0.1


Tree=5
num_leaves=31
num_cat=0
split_feature=0 0 0 108 17 12 10 82 87 99 47 1 86 67 6 29 322 17 16 31 81 266 129 5 0 59 23 262 105 7
split_gain=88.3586 12.1136 9.48367 6.70154 5.19314 4.58804 4.03193 7.29518 6.58346 5.20533 4.68216 4.42547 4.01791 6.37132 4.80556 4.00812 5.47654 4.30699 3.93147 4.73572 4.92843 3.70497 3.47935 7.42432 5.91533 4.91701 4.32113 4.10376 3.84075 6.78784
threshold=9.9780974388122576 13.096509456634523 5.2279260158538827 1.0000000180025095e-35 1.0000000180025095e-35 1.0000000180025095e-35 1.0000000180025095e-35 1.0000000180025095e-35 1.0000000180025095e-35 1.0000000180025095e-35 1.0000000180025095e-35 0.17408167570829394 1.0000000180025095e-35 1.0000000180025095e-35 1.0000000180025095e-35 1.0000000180025095e-35 1.0000000180025095e-35 1.0000000180025095e-35 1.0000000180025095e-35 1.0000000180025095e-35 1.0000000180025095e-35 1.0000000180025095e-35 1.0000000180025095e-35 1.0000000180025095e-35 6.0177960395812997 1.0000000180025095e-35 1.0000000180025095e-35 1.0000000180025095e-35 1.0000000180025095e-35 1.0000000180025095e-35
decision_type=2 2 2 2 2 2 2 2 2 2 2 2 2 2 2 2 2 2 2 2 2 2 2 2 2 2 2 2 2 2
left_child=2 4 -1 15 -2 12 8 10 9 18 11 -8 14 -14 -6 17 -17 -3 19 20 -7 22 24 -24 -4 -25 -26 28 -28 -30
right_child=1 3 21 -5 5 6 7 -9 -10 -11 -12 -13 13 -15 -16 16 -18 -19 -20 -21 -22 -23 23 25 26 -27 27 -29 29 -31
leaf_value=-0.050977878137517807 0.11106895556958794 0.048626702531474462 -0.072251734930689981 -0.01203249205777617 0.0032669311129386088 0.1190589183181831 -0.063602661027662891 0.11592054896718221 -0.061959357742605636 -0.0035198853621386597 -0.081556446788738163 0.067197969877953581 0.067738814616538912 -0.027594074778354152 -0.047485536638924963 0.041302944937240779 0.15093028215547197 0.16269903222850704 0.029507610172814835 0.16582853182568433 -0.011479354822540777 0.068919718660215082 -0.03155774678334286 0.15124115763067136 -0.13020372512619505 -0.0049998633658808068 -0.023913016665740389 0.078465846505591644 0.10926594517887363 -0.058471240049540754
leaf_weight=179.71290403604507 4.8345800638198844 7.4444409310817719 24.710670217871666 21.44770048558712 41.667536079883575 6.9741182774305361 4.3506816923618352 4.0196062177419654 5.3092403560876837 10.742887377738951 9.7568058967590332 6.379609540104866 15.536011546850204 12.774921119213104 33.782460257411003 254.54967701435089 4.6399546861648551 5.9596022665500623 10.969553023576738 7.629096344113349 4.9415279477834702 4.5248718261718741 12.877233296632767 5.0746428966522217 3.5131931602954856 3.3399275690317154 176.55695386230946 4.2856976538896552 5.8376130014657956 4.1118511706590652
leaf_count=1139 25 33 155 115 225 35 24 22 27 58 53 33 78 65 183 1192 21 26 58 40 27 26 81 32 20 21 1012 24 33 23
internal_value=-0.000403086 0.0292883 -0.0335329 0.0417884 0.00883095 0.00600383 0.0255772 -0.0072549 0.0428558 0.0563441 -0.0314221 0.0141638 -0.00740331 0.0247212 -0.0194573 0.046023 0.0432655 0.0993447 0.0774199 0.104311 0.0649235 -0.0207278 -0.0224158 0.0161761 -0.0261676 0.0892257 -0.0203069 -0.0182833 -0.0205064 0.0399446
internal_weight=898.256 473.71 424.546 294.041 179.669 174.834 71.0731 24.5067 46.5664 41.2572 20.4871 10.7303 103.761 28.3109 75.45 272.594 259.19 13.404 30.5143 19.5447 11.9156 244.833 240.308 21.2918 219.016 8.41457 194.305 190.792 186.506 9.94946
internal_count=4906 2340 2566 1387 953 928 377 132 245 218 110 57 551 143 408 1272 1213 59 160 102 62 1427 1401 134 1267 53 1112 1092 1068 56
is_linear=0
shrinkage=0.1


Tree=6
num_leaves=31
num_cat=0
split_feature=0 0 0 140 17 108 61 44 153 322 7 14 0 28 8 12 74 11 49 67 52 69 8 5 0 0 168 69 10 14
split_gain=72.0437 9.59631 8.21686 5.3788 5.99315 5.32743 3.79939 3.30672 5.26012 5.03525 4.03422 7.57397 3.85127 4.32736 3.70997 3.62295 5.87545 6.31969 7.06114 6.12617 4.15325 7.09577 5.26786 6.02983 4.03112 3.68392 3.43397 3.39734 3.48228 3.20035
threshold=9.9780974388122576 13.151266574859621 5.2279260158538827 1.0000000180025095e-35 1.0000000180025095e-35 1.0000000180025095e-35 1.0000000180025095e-35 1.0000000180025095e-35 1.0000000180025095e-35 1.0000000180025095e-35 1.0000000180025095e-35 1.0000000180025095e-35 13.351129055023195 1.0000000180025095e-35 1.0000000180025095e-35 1.0000000180025095e-35 1.0000000180025095e-35 1.0000000180025095e-35 1.0000000180025095e-35 1.0000000180025095e-35 1.0000000180025095e-35 1.0000000180025095e-35 1.0000000180025095e-35 1.0000000180025095e-35 14.680356025695803 16.041068077087406 1.0000000180025095e-35 1.0000000180025095e-35 1.0000000180025095e-35 1.0000000180025095e-35
decision_type=2 2 2 2 2 2 2 2 2 2 2 2 2 2 2 2 2 2 2 2 2 2 2 2 2 2 2 2 2 2
left_child=2 3 -1 4 -2 7 -5 10 9 12 11 -3 14 -14 -9 26 20 18 27 -19 -17 22 23 -22 -23 -26 -15 -18 -29 -7
right_child=1 5 -4 6 -6 29 -8 8 -10 -11 -12 -13 13 15 -16 16 17 19 -20 -21 21 24 -24 -25 25 -27 -28 28 -30 -31
leaf_value=-0.047423328117415849 0.10937289151685579 -0.042461676234621375 -0.018939105124413776 0.12275960752802084 -0.0001266222904657524 -0.04342137627925103 0.019512116279195899 0.049530737411634149 -0.064616130464190388 0.14324524412178313 0.13091422914395731 0.12408903165760819 0.12549872213736488 0.045568827997117145 0.1664977955294511 -0.076359950529608173 -0.0055329482380198662 -0.08856707332069759 0.19359939169753626 0.047804276538472912 0.089508752227110133 -0.078642293029850929 0.15411742535586839 -0.070068216062166649 0.068585481028614892 -0.034429702460887487 -0.035101081621288631 0.14542767118894492 0.031907612076711514 0.035261036989825113
leaf_weight=174.16329523921013 5.1545814871788016 5.5222109407186508 241.98512655496597 6.5926790684461576 164.96273228526115 12.50645412504673 7.7586182355880737 7.0341977775096876 4.9046714901924124 4.6321458220481864 8.7845709323883057 5.4008481651544571 5.1890826076269141 140.58240193128586 4.4128947108983994 7.3754109293222418 6.511893138289456 5.4680325239896748 4.3838974982500067 8.28584985435009 5.5365664809942228 9.3531451523304003 4.3158982098102561 4.1374254375696182 5.6600877642631522 8.9774154871702176 5.4826239049434653 5.1496291905641556 5.6857309341430664 8.8116296231746674
leaf_count=1139 25 25 1427 35 872 69 41 32 23 20 39 24 22 639 20 35 31 26 20 39 26 45 20 20 27 42 26 24 27 46
internal_value=-0.000429951 0.0260309 -0.0308601 0.0081509 0.00319123 0.0372456 0.0669418 0.0410081 0.0379357 0.0399624 0.0804627 0.0398884 0.037998 0.0352053 0.094622 0.0331403 0.0161553 0.0466343 0.0802077 -0.0064119 -0.00769038 0.00564451 0.0622467 0.02126 -0.0273624 0.00540462 0.0425408 0.0515521 0.0858593 -0.0108987
internal_weight=894.722 478.573 416.148 184.469 170.117 294.105 14.3513 272.787 253.079 248.174 19.7076 10.9231 243.542 232.095 11.4471 226.906 80.841 35.485 21.7312 13.7539 45.3559 37.9805 13.9899 9.67399 23.9906 14.6375 146.065 17.3473 10.8354 21.3181
internal_count=4906 2340 2566 973 897 1367 76 1252 1164 1141 88 49 1121 1069 52 1047 382 167 102 65 215 180 66 46 114 69 665 82 51 115
is_linear=0
shrinkage=0.1


Tree=7
num_leaves=31
num_cat=0
split_feature=0 1 306 108 49 11 9 86 289 61 0 16 0 14 9 64 6 0 15 0 6 11 13 0 0 0 12 74 26 26
split_gain=58.7007 10.5727 5.07486 5.69058 5.06219 4.55323 5.57054 4.3723 4.3229 4.1216 4.13507 4.04863 5.05376 5.62202 7.10486 5.58357 5.24396 7.98577 7.62591 6.08615 4.76729 8.35786 10.562 7.45209 9.44875 5.61518 5.43794 5.4015 6.63708 5.23277
threshold=11.296372413635256 -0.36938171088695521 1.0000000180025095e-35 1.0000000180025095e-35 1.0000000180025095e-35 1.0000000180025095e-35 1.0000000180025095e-35 1.0000000180025095e-35 1.0000000180025095e-35 1.0000000180025095e-35 7.2210814952850351 1.0000000180025095e-35 17.698836326599125 1.0000000180025095e-35 1.0000000180025095e-35 1.0000000180025095e-35 1.0000000180025095e-35 13.474332809448244 1.0000000180025095e-35 15.260780334472658 1.0000000180025095e-35 1.0000000180025095e-35 1.0000000180025095e-35 15.868583202362062 14.205338954925539 12.203969955444338 1.0000000180025095e-35 1.0000000180025095e-35 1.0000000180025095e-35 1.0000000180025095e-35
decision_type=2 2 2 2 2 2 2 2 2 2 2 2 2 2 2 2 2 2 2 2 2 2 2 2 2 2 2 2 2 2
left_child=1 8 3 11 -3 7 -7 -5 -1 -6 -11 20 13 14 -13 -16 18 -18 -15 -19 21 22 29 24 27 -22 -27 28 -24 -2
right_child=2 4 -4 5 9 6 -8 -9 -10 10 -12 12 -14 16 15 -17 17 19 -20 -21 25 -23 23 -25 -26 26 -28 -29 -30 -31
leaf_value=-0.043976289418926 0.1440819317613857 -0.0013711670859560799 0.11646474778847632 -0.078632097370657184 -0.019015755393717998 -0.022035583516929347 0.10685386934352475 0.042236196418451236 0.076854075208457384 -0.022737646691982701 -0.10936208891853512 -0.014002593927459745 -0.059887850049880655 -0.0098158624808030726 0.025837100329918844 0.13832011860386256 -0.010235324215965683 0.20138576458252699 0.08810483401680104 0.064631308677026919 -0.051733211200297807 0.021382862522821702 0.0056577715647438522 0.10515284974751647 -0.092014893000334996 0.049525445756426006 -0.0021863909667433467 -0.031369586066315375 0.18362678718206868 0.071148092985634445
leaf_weight=192.68914023041725 19.905463114380836 174.87471877038479 6.2774503678083411 12.891073584556581 86.273935809731483 8.9626826941967028 5.3577107191085807 3.8977803140878668 3.0071025341749182 10.676766499876978 11.388760358095167 60.55657733976841 8.112721920013426 22.863988950848579 28.314961373806 5.2278305292129508 5.5717788189649609 6.4915323704481107 12.195350915193556 6.5258212834596634 9.5027994960546476 53.88855667412281 4.0845326334238106 9.1587445437908155 7.6173957884311667 51.995837822556496 33.397007018327713 5.3857946693897238 4.3031724393367767 19.448785006999969
leaf_count=1292 90 995 28 70 513 48 28 20 20 66 69 291 38 108 133 24 29 29 56 30 50 253 20 40 36 235 158 26 21 90
internal_value=-0.000437987 -0.0242451 0.0272399 0.0258592 -0.0118942 -0.0152376 0.026186 -0.0505707 -0.0421196 -0.0288798 -0.0674474 0.0292726 0.0169573 0.0211768 0.00644788 0.0433682 0.0470113 0.0899475 0.0242457 0.132828 0.0380498 0.0509768 0.0737906 0.0296727 -0.00264491 0.0211863 0.029301 0.0467809 0.0969618 0.108038
internal_weight=890.846 478.91 411.935 405.658 283.214 31.1092 14.3204 16.7889 195.696 108.339 22.0655 374.549 155.861 147.748 94.0994 33.5428 53.6485 18.5891 35.0593 13.0174 218.688 123.792 69.9039 30.5496 21.3909 94.8956 85.3928 13.7735 8.38771 39.3542
internal_count=4906 2955 1951 1923 1643 166 76 90 1312 648 135 1757 738 700 448 157 252 88 164 59 1019 576 323 143 103 443 393 67 41 180
is_linear=0
shrinkage=0.1


Tree=8
num_leaves=31
num_cat=0
split_feature=0 0 0 0 140 17 108 7 99 82 67 12 0 1 0 10 82 86 99 21 0 14 93 73 13 0 266 129 5 0
split_gain=48.4773 6.33331 6.11403 4.23914 4.14725 4.4268 4.11464 3.31326 4.68244 3.25081 5.16444 3.10563 6.86299 4.19157 5.27712 3.5411 7.84477 5.88237 5.82522 5.22713 4.85381 5.87044 3.80864 3.11078 7.4774 3.12672 2.98331 3.11685 5.81483 5.16311
threshold=9.9780974388122576 13.151266574859621 5.2279260158538827 13.289527893066408 1.0000000180025095e-35 1.0000000180025095e-35 1.0000000180025095e-35 1.0000000180025095e-35 1.0000000180025095e-35 1.0000000180025095e-35 1.0000000180025095e-35 1.0000000180025095e-35 12.992471218109133 0.12905924767255786 11.880903720855715 1.0000000180025095e-35 1.0000000180025095e-35 1.0000000180025095e-35 1.0000000180025095e-35 1.0000000180025095e-35 11.998631000518801 1.0000000180025095e-35 1.0000000180025095e-35 1.0000000180025095e-35 1.0000000180025095e-35 12.462697029113771 1.0000000180025095e-35 1.0000000180025095e-35 1.0000000180025095e-35 6.0177960395812997
decision_type=2 2 2 2 2 2 2 2 2 2 2 2 2 2 2 2 2 2 2 2 2 2 2 2 2 2 2 2 2 2
left_child=2 4 9 -3 5 -2 -5 8 -8 -1 -11 13 15 -7 -15 18 17 -17 19 20 21 -13 -22 -16 25 -25 27 29 -29 -4
right_child=1 3 26 6 -6 11 7 -9 -10 10 -12 12 -14 14 23 16 -18 -19 -20 -21 22 -23 -24 24 -26 -27 -28 28 -30 -31
leaf_value=-0.045782932170528971 0.090874091534966062 0.09900073484692784 -0.065782018339234069 0.031057888685988824 0.057005193414434621 0.079625819122409458 0.050095677479737893 -0.071608816652819263 -0.080207114570659307 -0.072982233186756937 0.04085640539475896 0.1315984301448852 -0.11254474234908968 -0.039703886945293719 -0.016732439605580365 -0.067659777372269442 0.11905433294301393 0.073166931013491962 -0.025593056498597458 0.15861361398682314 -0.066297331177427324 0.0092682479168942049 0.050655449342569298 0.13550686432381628 -0.038468466034544416 0.035286287959852766 0.063723051034462616 -0.024916362869822309 0.082187842850562631 -0.015631125734361741
leaf_weight=147.1403376609087 5.4159296900033942 8.6041004806756956 23.033823326230049 270.2732617110014 14.850603908300398 4.7109398096799842 9.7678220570087451 6.9369220435619345 3.8427657335996619 6.2147175967693338 11.108164891600609 9.2398991286754697 3.9436713457107535 48.867064699530602 23.65743063390255 13.957204505801206 3.8920396715402594 3.7665037363767615 10.174524113535879 4.7059184461832038 5.4215312600135785 6.8171281516551963 5.7247570157051086 6.185967355966568 8.0769953429698944 6.2664287388324738 4.6175218224525443 12.252665922045708 8.6458972692489624 188.72521929442883
leaf_count=1019 25 38 155 1216 76 26 52 40 21 43 77 47 20 272 118 78 20 19 55 24 27 35 28 31 41 31 26 81 53 1112
internal_value=-0.00044956 0.0208271 -0.0261411 0.0298248 0.00631708 0.00191051 0.0277782 -0.0153613 0.0133064 -0.0409589 1.59165e-05 -0.00100242 0.0154707 -0.0124001 -0.017059 0.0233962 -0.00950204 -0.0377324 0.040294 0.0613026 0.0444687 0.0796623 -0.00623014 0.00798437 0.0364672 0.0850728 -0.0158704 -0.0174501 0.0193935 -0.0210862
internal_weight=886.838 485.099 401.738 299.425 185.675 170.824 290.821 20.5475 13.6106 164.463 17.3229 165.408 67.6432 97.7648 93.0539 63.6995 21.6157 17.7237 42.0838 31.9092 27.2033 16.057 11.1463 44.1868 20.5294 12.4524 237.275 232.658 20.8986 211.759
internal_count=4906 2340 2566 1367 973 897 1329 113 73 1139 120 872 353 519 493 333 117 97 216 161 137 82 55 221 103 62 1427 1401 134 1267
is_linear=0
shrinkage=0.1


Tree=9
num_leaves=31
num_cat=0
split_feature=0 1 0 266 140 306 108 289 26 105 1 56 39 0 54 99 81 1 9 10 99 82 19 10 11 0 137 0 14 22
split_gain=39.5253 5.27563 5.11246 3.98989 3.94425 3.38015 4.52661 3.36062 3.16365 5.09002 3.12067 4.89105 7.33792 4.36098 6.34935 10.466 5.51793 3.78394 3.49737 3.07321 4.49646 2.92574 3.48575 3.37376 6.98051 4.47005 4.33368 3.74286 3.66028 4.2364
threshold=9.9780974388122576 -0.36938171088695521 13.096509456634523 1.0000000180025095e-35 1.0000000180025095e-35 1.0000000180025095e-35 1.0000000180025095e-35 1.0000000180025095e-35 1.0000000180025095e-35 1.0000000180025095e-35 -0.030344513244926926 1.0000000180025095e-35 1.0000000180025095e-35 9.0704994201660174 1.0000000180025095e-35 1.0000000180025095e-35 1.0000000180025095e-35 -0.10076811909675597 1.0000000180025095e-35 1.0000000180025095e-35 1.0000000180025095e-35 1.0000000180025095e-35 1.0000000180025095e-35 1.0000000180025095e-35 1.0000000180025095e-35 2.2026009559631352 1.0000000180025095e-35 3.0691307783126835 1.0000000180025095e-35 1.0000000180025095e-35
decision_type=2 2 2 2 2 2 2 2 2 2 2 2 2 2 2 2 2 2 2 2 2 2 2 2 2 2 2 2 2 2
left_child=1 4 -2 8 7 6 -4 21 9 19 11 12 17 16 -15 18 -12 -10 -16 -3 -21 22 23 24 26 -26 -1 -27 29 -28
right_child=2 3 5 -5 -6 -7 -8 -9 10 -11 13 -13 -14 14 15 -17 -18 -19 -20 20 -22 -23 -24 -25 25 27 28 -29 -30 -31
leaf_value=-0.062501491451513097 0.0052883294866091285 -0.051947803336098414 0.028192398999839632 0.084428427282600554 -0.10728278676915733 0.097656801267697615 -0.021153794717861843 0.070092221471506483 0.034999914217532832 0.073343590336877373 0.1509051172528576 -0.040747534784410427 -0.013946917849915298 -0.068303744491125612 0.049096425661593862 -0.046356711372296404 0.0067927063310290097 0.16247207773502415 0.17674620003231101 0.0054461221990887553 -0.10305282599469519 0.00040642650859019073 -0.12090798276027366 -0.05604621866004094 0.12978315552760045 -0.065288648115896061 -0.022729170159900419 0.015451510478049083 -0.051294704970001381 0.14406276564167794
leaf_weight=43.165066868066788 181.59887140989304 47.790836185216904 279.85517019033432 4.1141232103109351 7.4969763010740271 6.5270523577928534 19.912070140242577 3.092759206891059 6.1536308377981186 4.4833152890205374 4.9311449229717237 40.296010255813599 36.092452943325043 9.4073400497436541 4.3914833962917328 8.2214919626712799 5.760787233710289 3.7464614957571012 4.1982917934656143 25.210952177643779 4.5016450285911551 20.530436992645264 5.1196120232343665 57.329395189881325 2.79975801706314 7.2793708443641654 3.0773623585700971 27.176464855670929 5.7777491360902786 3.0145435333251953
leaf_count=307 953 300 1248 22 53 28 111 20 37 27 27 241 216 52 24 46 32 21 23 158 28 142 36 406 20 52 22 192 41 21
internal_value=-0.000457427 -0.0239657 0.0185826 -0.0130774 -0.0362272 0.0264647 0.0249146 -0.0332405 -0.0150325 -0.0302538 -0.00490298 -0.0153122 0.00697273 0.0194315 -0.00251881 0.0342935 0.0732577 0.0832388 0.111486 -0.0362466 -0.0109921 -0.0350639 -0.0397701 -0.0369937 -0.0251586 0.00826771 -0.0477864 -0.0016062 0.00572634 0.0598068
internal_weight=883.053 395.159 487.893 209.3 185.859 306.294 299.767 178.363 205.186 81.9867 123.199 86.2886 45.9925 36.9105 26.2186 16.8113 10.6919 9.90009 8.58978 77.5034 29.7126 175.27 154.739 149.62 92.2903 37.2556 55.0347 34.4558 11.8697 6.09191
internal_count=4906 2566 2340 1254 1312 1387 1359 1259 1232 513 719 515 274 204 145 93 59 58 47 486 186 1239 1097 1061 655 264 391 244 84 43
is_linear=0
shrinkage=0.1


Tree=10
num_leaves=31
num_cat=0
split_feature=0 0 1 222 303 0 69 69 11 9 1 5 15 10 13 14 70 54 105 102 177 0 85 0 7 14 67 52 65 82
split_gain=32.3989 4.54435 4.48436 4.65069 4.46282 4.00595 4.06652 3.32556 7.81047 3.37452 7.79481 4.21641 10.9484 3.1198 3.22015 2.90013 5.88529 2.71554 2.67494 3.40452 2.60474 3.54762 2.82756 2.547 2.49487 2.93105 5.79586 2.47671 3.14221 2.42488
threshold=9.9780974388122576 5.2279260158538827 0.74416303634643566 1.0000000180025095e-35 1.0000000180025095e-35 15.979465961456301 1.0000000180025095e-35 1.0000000180025095e-35 1.0000000180025095e-35 1.0000000180025095e-35 0.82082289457321178 1.0000000180025095e-35 1.0000000180025095e-35 1.0000000180025095e-35 1.0000000180025095e-35 1.0000000180025095e-35 1.0000000180025095e-35 1.0000000180025095e-35 1.0000000180025095e-35 1.0000000180025095e-35 1.0000000180025095e-35 13.419575691223146 1.0000000180025095e-35 16.954140663146976 1.0000000180025095e-35 1.0000000180025095e-35 1.0000000180025095e-35 1.0000000180025095e-35 1.0000000180025095e-35 1.0000000180025095e-35
decision_type=2 2 2 2 2 2 2 2 2 2 2 2 2 2 2 2 2 2 2 2 2 2 2 2 2 2 2 2 2 2
left_child=1 29 3 4 18 6 -4 8 15 11 -11 13 -13 14 -9 16 -7 -18 20 -20 22 -22 -2 -17 25 26 -12 -10 -29 -1
right_child=2 -3 5 -5 -6 7 -8 9 27 10 24 12 -14 -15 -16 23 17 -19 19 -21 21 -23 -24 -25 -26 -27 -28 28 -30 -31
leaf_value=-0.039610667867219132 0.0059128025235671983 -0.013164832276992503 0.019473860041939767 0.11467709271543247 0.11060806681347578 -0.037937785038323915 0.1122900973352895 -0.051978252763881239 -0.056773792377961513 -0.062882734520190969 0.15151989143635314 -0.033887614586716595 0.13059458450452135 -0.076452325043674066 0.056037175177343551 0.17127635019121584 0.036850950340622787 0.13290541654821295 0.082247143529117953 -0.025759547889798607 0.0023677820247437384 0.12073397975957822 -0.067533030998982904 0.074712740788790574 0.1045201132174931 -0.014829824152844805 -0.0055886968045451343 0.050301930078768389 -0.047849049509163827 8.2787244561785637e-05
leaf_weight=138.91506986320019 314.1840588748455 232.76479549705982 8.0444401204586029 4.244742512702941 4.3004035055637351 4.9590180069208154 11.423514470458031 5.8104948997497559 5.7794004678726205 6.3597496747970608 4.7078620791435224 10.686969026923181 6.5131487697362891 10.669900059700012 5.2570725232362747 5.1111403703689593 5.1673428118228912 6.8379776030778885 9.9992271065711957 4.1213684529066077 5.5909684449434263 4.6281733065843582 5.3306942284107199 5.8668983280658722 8.6623281389474869 6.3421215415000924 4.6846289187669754 10.587345555424688 4.7139772325754175 17.308025494217873
leaf_count=1019 1547 1427 36 18 21 22 50 26 25 28 20 48 28 49 24 22 23 30 48 20 28 20 27 25 38 28 21 47 21 120
internal_value=-0.00046617 -0.0220197 0.0166238 0.0106368 0.00936833 0.0318917 0.0739371 0.0249968 0.0449528 0.0109597 0.0357181 -0.00859685 0.0283967 -0.0378686 -0.000671139 0.0796225 0.0537063 0.0915616 0.00810218 0.0507233 0.00627696 0.055975 0.00468745 0.119671 0.0614212 0.037694 0.0731599 -0.00100157 0.0200639 -0.035213
internal_weight=879.573 388.988 490.585 352.4 348.155 138.185 19.468 118.717 49.0231 69.6943 30.7567 38.9376 17.2001 21.7375 11.0676 27.9424 16.9643 12.0053 343.854 14.1206 329.734 10.2191 319.515 10.978 24.3969 15.7346 9.39249 21.0807 15.3013 156.223
internal_count=4906 2566 2340 1729 1711 611 86 525 215 310 135 175 76 99 50 122 75 53 1690 68 1622 48 1574 47 107 69 41 93 68 1139
is_linear=0
shrinkage=0.1


end of trees

feature_importances:
Column_0=63
Column_1=17
Column_16=13
Column_26=12
Column_10=11
Column_14=10
Column_12=9
Column_13=9
Column_67=9
Column_108=9
Column_5=8
Column_11=8
Column_7=7
Column_8=7
Column_99=7
Column_9=6
Column_15=5
Column_61=5
Column_69=5
Column_71=5
Column_81=5
Column_82=5
Column_6=4
Column_17=4
Column_73=4
Column_86=4
Column_140=4
Column_29=3
Column_39=3
Column_54=3
Column_56=3
Column_65=3
Column_105=3
Column_266=3
Column_36=2
Column_49=2
Column_52=2
Column_60=2
Column_64=2
Column_74=2
Column_84=2
Column_129=2
Column_168=2
Column_289=2
Column_306=2
Column_322=2
Column_19=1
Column_21=1
Column_22=1
Column_23=1
Column_24=1
Column_28=1
Column_31=1
Column_44=1
Column_47=1
Column_50=1
Column_55=1
Column_59=1
Column_62=1
Column_63=1
Column_70=1
Column_79=1
Column_85=1
Column_87=1
Column_93=1
Column_102=1
Column_126=1
Column_137=1
Column_153=1
Column_176=1
Column_177=1
Column_222=1
Column_227=1
Column_235=1
Column_262=1
Column_303=1

parameters:
[boosting: gbdt]
[objective: binary]
[metric: binary_logloss]
[tree_learner: serial]
[device_type: cpu]
[data_sample_strategy: bagging]
[data: ]
[valid: ]
[num_iterations: 300]
[learning_rate: 0.1]
[num_leaves: 31]
[num_threads: 0]
[seed: 0]
[deterministic: 0]
[force_col_wise: 0]
[force_row_wise: 0]
[histogram_pool_size: -1]
[max_depth: -1]
[min_data_in_leaf: 20]
[min_sum_hessian_in_leaf: 0.001]
[bagging_fraction: 1]
[pos_bagging_fraction: 1]
[neg_bagging_fraction: 1]
[bagging_freq: 0]
[bagging_seed: 7719]
[bagging_by_query: 0]
[feature_fraction: 1]
[feature_fraction_bynode: 1]
[feature_fraction_seed: 2437]
[extra_trees: 0]
[extra_seed: 11797]
[early_stopping_round: 0]
[early_stopping_min_delta: 0]
[first_metric_only: 0]
[max_delta_step: 0]
[lambda_l1: 0]
[lambda_l2: 0]
[linear_lambda: 0]
[min_gain_to_split: 0]
[drop_rate: 0.1]
[max_drop: 50]
[skip_drop: 0.5]
[xgboost_dart_mode: 0]
[uniform_drop: 0]
[drop_seed: 21238]
[top_rate: 0.2]
[other_rate: 0.1]
[min_data_per_group: 100]
[max_cat_threshold: 32]
[cat_l2: 10]
[cat_smooth: 10]
[max_cat_to_onehot: 4]
[top_k: 20]
[monotone_constraints: ]
[monotone_constraints_method: basic]
[monotone_penalty: 0]
[feature_contri: ]
[forcedsplits_filename: ]
[refit_decay_rate: 0.9]
[cegb_tradeoff: 1]
[cegb_penalty_split: 0]
[cegb_penalty_feature_lazy: ]
[cegb_penalty_feature_coupled: ]
[path_smooth: 0]
[interaction_constraints: ]
[verbosity: -1]
[saved_feature_importance_type: 0]
[use_quantized_grad: 0]
[num_grad_quant_bins: 4]
[quant_train_renew_leaf: 0]
[stochastic_rounding: 1]
[linear_tree: 0]
[max_bin: 255]
[max_bin_by_feature: ]
[min_data_in_bin: 3]
[bin_construct_sample_cnt: 200000]
[data_random_seed: 38]
[is_enable_sparse: 1]
[enable_bundle: 1]
[use_missing: 1]
[zero_as_missing: 0]
[feature_pre_filter: 1]
[pre_partition: 0]
[two_round: 0]
[header: 0]
[label_column: ]
[weight_column: ]
[group_column: ]
[ignore_column: ]
[categorical_feature: ]
[forcedbins_filename: ]
[precise_float_parser: 0]
[parser_config_file: ]
[objective_seed: 8855]
[num_class: 1]
[is_unbalance: 0]
[scale_pos_weight: 1]
[sigmoid: 1]
[boost_from_average: 1]
[reg_sqrt: 0]
[alpha: 0.9]
[fair_c: 1]
[poisson_max_delta_step: 0.7]
[tweedie_variance_power: 1.5]
[lambdarank_truncation_level: 30]
[lambdarank_norm: 1]
[label_gain: ]
[lambdarank_position_bias_regularization: 0]
[eval_at: ]
[multi_error_top_k: 1]
[auc_mu_weights: ]
[num_machines: 1]
[local_listen_port: 12400]
[time_out: 120]
[machine_list_filename: ]
[machines: ]
[gpu_platform_id: -1]
[gpu_device_id: -1]
[gpu_device_id_list: ]
[gpu_use_dp: 0]
[num_gpu: 1]

end of parameters

pandas_categorical:null
