tree
version=v4
num_class=1
num_tree_per_iteration=1
label_index=0
max_feature_idx=567
objective=binary sigmoid:1
feature_names=Column_0 Column_1 Column_2 Column_3 Column_4 Column_5 Column_6 Column_7 Column_8 Column_9 Column_10 Column_11 Column_12 Column_13 Column_14 Column_15 Column_16 Column_17 Column_18 Column_19 Column_20 Column_21 Column_22 Column_23 Column_24 Column_25 Column_26 Column_27 Column_28 Column_29 Column_30 Column_31 Column_32 Column_33 Column_34 Column_35 Column_36 Column_37 Column_38 Column_39 Column_40 Column_41 Column_42 Column_43 Column_44 Column_45 Column_46 Column_47 Column_48 Column_49 Column_50 Column_51 Column_52 Column_53 Column_54 Column_55 Column_56 Column_57 Column_58 Column_59 Column_60 Column_61 Column_62 Column_63 Column_64 Column_65 Column_66 Column_67 Column_68 Column_69 Column_70 Column_71 Column_72 Column_73 Column_74 Column_75 Column_76 Column_77 Column_78 Column_79 Column_80 Column_81 Column_82 Column_83 Column_84 Column_85 Column_86 Column_87 Column_88 Column_89 Column_90 Column_91 Column_92 Column_93 Column_94 Column_95 Column_96 Column_97 Column_98 Column_99 Column_100 Column_101 Column_102 Column_103 Column_104 Column_105 Column_106 Column_107 Column_108 Column_109 Column_110 Column_111 Column_112 Column_113 Column_114 Column_115 Column_116 Column_117 Column_118 Column_119 Column_120 Column_121 Column_122 Column_123 Column_124 Column_125 Column_126 Column_127 Column_128 Column_129 Column_130 Column_131 Column_132 Column_133 Column_134 Column_135 Column_136 Column_137 Column_138 Column_139 Column_140 Column_141 Column_142 Column_143 Column_144 Column_145 Column_146 Column_147 Column_148 Column_149 Column_150 Column_151 Column_152 Column_153 Column_154 Column_155 Column_156 Column_157 Column_158 Column_159 Column_160 Column_161 Column_162 Column_163 Column_164 Column_165 Column_166 Column_167 Column_168 Column_169 Column_170 Column_171 Column_172 Column_173 Column_174 Column_175 Column_176 Column_177 Column_178 Column_179 Column_180 Column_181 Column_182 Column_183 Column_184 Column_185 Column_186 Column_187 Column_188 Column_189 Column_190 Column_191 Column_192 Column_193 Column_194 Column_195 Column_196 Column_197 Column_198 Column_199 Column_200 Column_201 Column_202 Column_203 Column_204 Column_205 Column_206 Column_207 Column_208 Column_209 Column_210 Column_211 Column_212 Column_213 Column_214 Column_215 Column_216 Column_217 Column_218 Column_219 Column_220 Column_221 Column_222 Column_223 Column_224 Column_225 Column_226 Column_227 Column_228 Column_229 Column_230 Column_231 Column_232 Column_233 Column_234 Column_235 Column_236 Column_237 Column_238 Column_239 Column_240 Column_241 Column_242 Column_243 Column_244 Column_245 Column_246 Column_247 Column_248 Column_249 Column_250 Column_251 Column_252 Column_253 Column_254 Column_255 Column_256 Column_257 Column_258 Column_259 Column_260 Column_261 Column_262 Column_263 Column_264 Column_265 Column_266 Column_267 Column_268 Column_269 Column_270 Column_271 Column_272 Column_273 Column_274 Column_275 Column_276 Column_277 Column_278 Column_279 Column_280 Column_281 Column_282 Column_283 Column_284 Column_285 Column_286 Column_287 Column_288 Column_289 Column_290 Column_291 Column_292 Column_293 Column_294 Column_295 Column_296 Column_297 Column_298 Column_299 Column_300 Column_301 Column_302 Column_303 Column_304 Column_305 Column_306 Column_307 Column_308 Column_309 Column_310 Column_311 Column_312 Column_313 Column_314 Column_315 Column_316 Column_317 Column_318 Column_319 Column_320 Column_321 Column_322 Column_323 Column_324 Column_325 Column_326 Column_327 Column_328 Column_329 Column_330 Column_331 Column_332 Column_333 Column_334 Column_335 Column_336 Column_337 Column_338 Column_339 Column_340 Column_341 Column_342 Column_343 Column_344 Column_345 Column_346 Column_347 Column_348 Column_349 Column_350 Column_351 Column_352 Column_353 Column_354 Column_355 Column_356 Column_357 Column_358 Column_359 Column_360 Column_361 Column_362 Column_363 Column_364 Column_365 Column_366 Column_367 Column_368 Column_369 Column_370 Column_371 Column_372 Column_373 Column_374 Column_375 Column_376 Column_377 Column_378 Column_379 Column_380 Column_381 Column_382 Column_383 Column_384 Column_385 Column_386 Column_387 Column_388 Column_389 Column_390 Column_391 Column_392 Column_393 Column_394 Column_395 Column_396 Column_397 Column_398 Column_399 Column_400 Column_401 Column_402 Column_403 Column_404 Column_405 Column_406 Column_407 Column_408 Column_409 Column_410 Column_411 Column_412 Column_413 Column_414 Column_415 Column_416 Column_417 Column_418 Column_419 Column_420 Column_421 Column_422 Column_423 Column_424 Column_425 Column_426 Column_427 Column_428 Column_429 Column_430 Column_431 Column_432 Column_433 Column_434 Column_435 Column_436 Column_437 Column_438 Column_439 Column_440 Column_441 Column_442 Column_443 Column_444 Column_445 Column_446 Column_447 Column_448 Column_449 Column_450 Column_451 Column_452 Column_453 Column_454 Column_455 Column_456 Column_457 Column_458 Column_459 Column_460 Column_461 Column_462 Column_463 Column_464 Column_465 Column_466 Column_467 Column_468 Column_469 Column_470 Column_471 Column_472 Column_473 Column_474 Column_475 Column_476 Column_477 Column_478 Column_479 Column_480 Column_481 Column_482 Column_483 Column_484 Column_485 Column_486 Column_487 Column_488 Column_489 Column_490 Column_491 Column_492 Column_493 Column_494 Column_495 Column_496 Column_497 Column_498 Column_499 Column_500 Column_501 Column_502 Column_503 Column_504 Column_505 Column_506 Column_507 Column_508 Column_509 Column_510 Column_511 Column_512 Column_513 Column_514 Column_515 Column_516 Column_517 Column_518 Column_519 Column_520 Column_521 Column_522 Column_523 Column_524 Column_525 Column_526 Column_527 Column_528 Column_529 Column_530 Column_531 Column_532 Column_533 Column_534 Column_535 Column_536 Column_537 Column_538 Column_539 Column_540 Column_541 Column_542 Column_543 Column_544 Column_545 Column_546 Column_547 Column_548 Column_549 Column_550 Column_551 Column_552 Column_553 Column_554 Column_555 Column_556 Column_557 Column_558 Column_559 Column_560 Column_561 Column_562 Column_563 Column_564 Column_565 Column_566 Column_567
feature_infos=[2.0013689994812012:17.993154525756836] [-0.7776256799697876:0.99923950433731079] none none none [0:1] [0:1] [0:1] [0:1] [0:1] [0:1] [0:1] [0:1] [0:1] [0:1] [0:1] [0:1] [0:1] [0:1] [0:1] [0:1] [0:1] [0:1] [0:1] [0:1] [0:1] [0:1] [0:1] [0:1] [0:1] [0:1] [0:1] [0:1] [0:1] [0:1] [0:1] [0:1] [0:1] [0:1] [0:1] [0:1] [0:1] [0:1] [0:1] [0:1] [0:1] [0:1] [0:1] [0:1] [0:1] [0:1] [0:1] [0:1] [0:1] [0:1] [0:1] [0:1] [0:1] [0:1] [0:1] [0:1] [0:1] [0:1] [0:1] [0:1] [0:1] [0:1] [0:1] [0:1] [0:1] [0:1] [0:1] [0:1] [0:1] [0:1] [0:1] [0:1] [0:1] [0:1] [0:1] [0:1] [0:1] [0:1] [0:1] [0:1] [0:1] [0:1] [0:1] [0:1] [0:1] [0:1] [0:1] [0:1] [0:1] [0:1] [0:1] [0:1] [0:1] [0:1] [0:1] [0:1] [0:1] [0:1] [0:1] [0:1] [0:1] [0:1] [0:1] [0:1] none none none none [0:1] [0:1] none [0:1] none [0:1] none none [0:1] none none none none [0:1] [0:1] [0:1] [0:1] [0:1] none [0:1] [0:1] [0:1] [0:1] none [0:1] [0:1] [0:1] [0:1] [0:1] [0:1] [0:1] [0:1] [0:1] [0:1] [0:1] [0:1] [0:1] [0:1] [0:1] [0:1] [0:1] [0:1] [0:1] [0:1] none none none none none none none none none none [0:1] [0:1] none none none none none [0:1] [0:1] [0:1] [0:1] [0:1] [0:1] [0:1] [0:1] [0:1] [0:1] [0:1] [0:1] [0:1] [0:1] [0:1] [0:1] [0:1] [0:1] [0:1] [0:1] [0:1] [0:1] [0:1] [0:1] [0:1] [0:1] [0:1] [0:1] none none [0:1] [0:1] [0:1] none [0:1] [0:1] [0:1] [0:1] [0:1] none [0:1] none none [0:1] none [0:1] [0:1] [0:1] [0:1] [0:1] [0:1] [0:1] [0:1] [0:1] [0:1] [0:1] [0:1] [0:1] [0:1] [0:1] [0:1] [0:1] [0:1] [0:1] [0:1] [0:1] [0:1] [0:1] [0:1] [0:1] none none none none none none none none none none none none none none none none none [0:1] [0:1] [0:1] [0:1] [0:1] [0:1] [0:1] [0:1] [0:1] [0:1] none [0:1] [0:1] [0:1] [0:1] none [0:1] [0:1] none none none [0:1] [0:1] none none none none none [0:1] [0:1] [0:1] [0:1] [0:1] [0:1] [0:1] none none none [0:1] none [0:1] [0:1] [0:1] none [0:1] [0:1] [0:1] [0:1] none none [0:1] [0:1] none none none none [0:1] [0:1] none none none [0:1] none none [0:1] [0:1] none none [0:1] [0:1] none none none none none none none none none none none none none none none none none none none none none none none none none none none none none none none none none none none none none none none none none none none none none none none none none none none none none none none none none none none none none none none none none none none none none none none none none none none none none none none none none none none none none none none none none none none none none none none none none none none none none none none none none none none none none none none none none none none none none none none none none none none none none none none none none none none none none none none none none none none none none none none none none none none none none none none none none none none none none none none none none none none none none none none none none none none none none none none none none none none none none none none none none none none none none none none none none none none none none none none none none none none none none none none none none none none none none none none none none none none none none none none none none none none none none none none none none none none none none
tree_sizes=3407 3447 3461 3475 3462 3486 3479 3478 3490 3506 3505 3506 3470 3504 3493 3467 3493 3493 3505

Tree=0
num_leaves=31
num_cat=0
split_feature=15 7 7 14 14 14 13 16 10 13 99 132 0 16 13 54 16 8 0 42 61 16 42 53 5 5 78 0 0 8
split_gain=332.903 119.714 119.614 35.532 30.5092 17.3571 15.5853 13.1571 12.6023 9.24034 9.4509 9.10901 9.10343 8.78501 8.7492 8.45532 8.30291 8.12873 7.88204 8.21407 10.6152 7.69488 7.6318 6.7573 11.1217 6.71722 6.47511 5.92505 5.77325 5.7601
threshold=1.0000000180025095e-35 1.0000000180025095e-35 1.0000000180025095e-35 1.0000000180025095e-35 1.0000000180025095e-35 1.0000000180025095e-35 1.0000000180025095e-35 1.0000000180025095e-35 1.0000000180025095e-35 1.0000000180025095e-35 1.0000000180025095e-35 1.0000000180025095e-35 7.6317591667175302 1.0000000180025095e-35 1.0000000180025095e-35 1.0000000180025095e-35 1.0000000180025095e-35 1.0000000180025095e-35 13.030800819396974 1.0000000180025095e-35 1.0000000180025095e-35 1.0000000180025095e-35 1.0000000180025095e-35 1.0000000180025095e-35 1.0000000180025095e-35 1.0000000180025095e-35 1.0000000180025095e-35 7.6317591667175302 5.405886411666871 1.0000000180025095e-35
decision_type=2 2 2 2 2 2 2 2 2 2 2 2 2 2 2 2 2 2 2 2 2 2 2 2 2 2 2 2 2 2
left_child=1 16 5 7 6 9 11 -3 14 10 18 17 -8 -5 -6 22 -1 -4 26 20 -20 28 -11 24 -17 -19 -2 -10 -7 -9
right_child=2 3 4 13 8 21 12 29 27 15 -12 -13 -14 -15 -16 23 -18 25 19 -21 -22 -23 -24 -25 -26 -27 -28 -29 -30 -31
leaf_value=-1.204558562017549 -1.0466415784749592 -1.0906317784301147 -0.86867937809661133 -1.1693956633398723 -0.95059957211777113 -1.1793974969062371 -1.0469685275451333 -1.0041108173677118 -1.1718754567860785 -1.0964463735130638 -1.0980694562908477 -0.78429009958879725 -0.93353236793512329 -1.1058044601537245 -1.076287685412987 -1.1311589886053013 -1.1726597243694052 -0.99046333939423881 -0.92584150051241365 -0.8356981252620701 -1.1204538848609813 -1.0659813053262006 -1.2366807255135981 -0.97890619678047297 -0.99074473069266089 -0.87610722451222411 -0.93790937630657722 -1.0422649193310392 -1.1087318616156747 -1.0696046420754615
leaf_weight=183.67380791902542 39.465553432703018 76.68662041425705 28.804242789745331 54.989918053150177 21.322621285915378 15.711405158042906 11.596513330936434 37.40810751914978 6.1723377406597129 22.81894558668137 15.150283545255659 7.2945809662342063 18.142932146787643 35.911783218383789 7.4816215038299552 14.215080857276917 146.82682201266289 14.215080857276917 8.0427431166172045 4.4889729022979727 4.3019323647022238 31.048729240894318 4.6760134398937216 10.474270105361937 9.3520268797874451 8.0427431166172028 6.3593782782554618 8.2297836542129499 43.767485797405243 20.948540210723877
leaf_count=982 211 410 154 294 114 84 62 200 33 122 81 39 97 192 40 76 785 76 43 24 23 166 25 56 50 43 34 44 234 112
internal_value=-1.10351 -1.15204 -1.02875 -1.09594 -0.952604 -1.07224 -0.918846 -1.0634 -1.02143 -1.05009 -1.02719 -0.88882 -0.977765 -1.14427 -0.983246 -1.07905 -1.19039 -0.903753 -1.01006 -0.951538 -0.993661 -1.10633 -1.1203 -1.04574 -1.07544 -0.949141 -1.03155 -1.09781 -1.1274 -1.02762
internal_weight=917.621 556.446 361.175 225.945 131.302 229.873 88.0961 135.043 43.2064 139.345 77.8089 58.3566 29.7394 90.9017 28.8042 61.5363 330.501 51.0621 62.6586 16.8336 12.3447 90.5276 27.495 34.0414 23.5671 22.2578 45.8249 14.4021 59.4789 58.3566
internal_count=4906 2975 1931 1208 702 1229 471 722 231 745 416 312 159 486 154 329 1767 273 335 90 66 484 147 182 126 119 245 77 318 312
is_linear=0
shrinkage=1


Tree=1
num_leaves=31
num_cat=0
split_feature=15 7 7 14 14 14 16 13 10 14 13 10 0 16 5 84 0 0 78 0 0 42 95 13 73 16 16 105 16 5
split_gain=265.603 103.896 84.8715 28.694 20.0757 13.4152 9.94966 9.75309 9.18094 8.51035 7.55467 7.69953 12.6788 7.55332 7.18681 9.08883 8.5478 12.2305 10.138 7.02471 6.16916 6.11213 8.07238 6.08474 6.04806 5.23457 4.96009 6.01396 4.94367 4.91599
threshold=1.0000000180025095e-35 1.0000000180025095e-35 1.0000000180025095e-35 1.0000000180025095e-35 1.0000000180025095e-35 1.0000000180025095e-35 1.0000000180025095e-35 1.0000000180025095e-35 1.0000000180025095e-35 1.0000000180025095e-35 1.0000000180025095e-35 1.0000000180025095e-35 12.881587982177736 1.0000000180025095e-35 1.0000000180025095e-35 1.0000000180025095e-35 13.474332809448244 16.56947231292725 1.0000000180025095e-35 14.97056818008423 7.6317591667175302 1.0000000180025095e-35 1.0000000180025095e-35 1.0000000180025095e-35 1.0000000180025095e-35 1.0000000180025095e-35 1.0000000180025095e-35 1.0000000180025095e-35 1.0000000180025095e-35 1.0000000180025095e-35
decision_type=2 2 2 2 2 2 2 2 2 2 2 2 2 2 2 2 2 2 2 2 2 2 2 2 2 2 2 2 2 2
left_child=1 9 5 6 7 14 -3 21 23 26 11 19 -13 -5 16 -16 18 -18 -2 24 -9 22 25 -6 -7 29 -1 -28 -23 -4
right_child=2 3 4 13 8 10 -8 20 -10 -11 -12 12 -14 -15 15 -17 17 -19 -20 -21 -22 28 -24 -25 -26 -27 27 -29 -30 -31
leaf_value=-0.083023173087535027 -0.0045817563451876616 0.01151218932995199 0.14474511095389864 -0.061452657379441979 0.12748938735148582 0.10407169215947527 0.065663015133065133 0.04941616740210561 0.0050110977898262746 -0.10065261751958453 -0.041052324675950977 -0.078980583422203682 0.09736822381043847 -0.0020672924471674841 0.06264201533526946 0.2140339240052247 0.13957728915396053 -0.018089695226789666 0.11980221079570957 -0.040312804111530536 0.1405963448379772 0.056646533855116858 0.09436927087707081 0.024152947112935984 0.011923519740163226 0.25255047180183449 -0.055639308837146607 0.070504521307827014 0.18244406699074373 0.22866513324129123
leaf_weight=95.827756226062775 56.444005519151688 77.181439101696014 16.44987952709198 53.158785313367844 22.920241713523868 18.125481739640236 60.551047563552856 11.923073440790178 14.43965709209442 137.82182766497135 32.623899608850479 14.76228214800358 5.6324662417173377 35.870427131652832 53.471448376774788 4.2831932604312888 13.69179727137089 7.6795102655887595 7.4134189188480368 7.5139508694410315 19.648991405963898 7.1228162944316846 7.6377915292978278 7.5834751129150382 11.733525693416597 15.485842064023016 78.337705224752426 3.9710357487201682 5.564431756734848 12.12596018612385
leaf_count=540 299 410 80 294 114 97 312 62 77 771 175 79 30 192 277 22 69 40 38 40 97 35 37 40 63 75 434 22 27 58
internal_value=-0.00023446 -0.0449277 0.0645729 0.0067189 0.125858 0.0275716 0.0353184 0.15169 0.0707025 -0.0819941 -0.00258267 0.0191428 -0.0302779 -0.0375259 0.0466347 0.0738695 0.0281792 0.0829216 0.00985839 0.0461121 0.106162 0.174015 0.189278 0.101799 0.0678607 0.205729 -0.0675583 -0.0495534 0.111819 0.180356
internal_weight=916.997 542.72 374.277 226.762 140.902 233.375 137.732 95.9588 44.9434 315.958 90.3916 57.7677 20.3947 89.0292 142.983 57.7546 85.2287 21.3713 63.8574 37.373 31.5721 64.3867 51.6995 30.5037 29.859 44.0617 178.136 82.3087 12.6872 28.5758
internal_count=4906 2975 1931 1208 702 1229 722 471 231 1767 484 309 109 486 745 299 446 109 337 200 159 312 250 154 160 213 996 456 62 138
is_linear=0
shrinkage=0.1


Tree=2
num_leaves=31
num_cat=0
split_feature=15 7 7 14 14 13 84 14 14 16 79 60 22 41 0 11 113 0 0 13 10 16 132 96 16 8 0 0 9 34
split_gain=213.682 90.1659 62.7079 23.2317 14.162 10.7962 8.00557 8.07916 7.97652 7.62308 7.34201 7.15849 10.297 8.29312 8.61124 8.7299 7.05844 7.97546 9.52868 7.35569 6.85757 6.48271 5.99329 6.04722 6.46743 5.26529 5.09556 5.89815 5.89329 5.67928
threshold=1.0000000180025095e-35 1.0000000180025095e-35 1.0000000180025095e-35 1.0000000180025095e-35 1.0000000180025095e-35 1.0000000180025095e-35 1.0000000180025095e-35 1.0000000180025095e-35 1.0000000180025095e-35 1.0000000180025095e-35 1.0000000180025095e-35 1.0000000180025095e-35 1.0000000180025095e-35 1.0000000180025095e-35 5.1663243770599374 1.0000000180025095e-35 1.0000000180025095e-35 14.017796039581301 13.096509456634523 1.0000000180025095e-35 1.0000000180025095e-35 1.0000000180025095e-35 1.0000000180025095e-35 1.0000000180025095e-35 1.0000000180025095e-35 1.0000000180025095e-35 6.635181427001954 4.273785114288331 1.0000000180025095e-35 1.0000000180025095e-35
decision_type=2 2 2 2 2 2 2 2 2 2 2 2 2 2 2 2 2 2 2 2 2 2 2 2 2 2 2 2 2 2
left_child=1 8 5 9 16 11 7 10 -1 -3 -7 13 26 14 25 -16 17 18 19 22 -6 -5 23 24 -4 -2 27 -13 29 -28
right_child=2 3 4 21 20 6 -8 -9 -10 -11 -12 12 -14 -15 15 -17 -18 -19 -20 -21 -22 -23 -24 -25 -26 -27 28 -29 -30 -31
leaf_value=-0.063235320619608945 0.066951236359176131 0.010298848191284442 0.10342497700038736 -0.057266180554253268 0.087509270698459443 0.00024759662749915799 0.10000305614576331 -0.052857003259079875 -0.096044085603043242 0.057241201227330354 0.12238369272015924 0.055581472303197321 -0.10112915314886431 -0.064451013901943174 0.06821048221696567 0.17552221760351924 0.23924704829195759 0.16864541509051045 -0.020916742734510912 0.064062902782595174 0.0044981322157103048 -0.0018626124937023887 0.2120314259576086 0.010959595030593546 0.20021706129074426 -0.050262141978475221 0.055400636437052946 -0.057009517679238092 0.011479257796470205 0.15870221455708017
leaf_weight=171.67479810118675 10.894132360816004 77.622366100549698 21.111656650900841 51.432970404624939 31.842965573072433 53.719598352909088 7.1781554967164984 29.191249161958694 130.38088446855545 62.406933665275574 5.418260544538497 7.8589788228273418 6.0523302853107444 4.1265687942504874 17.510033875703812 13.368603929877283 5.4257732927799216 26.565494298934937 5.5936767607927314 19.566711962223053 14.475708723068236 35.833139419555664 8.7077541798353177 4.4871381968259803 10.257191002368929 5.9121817946434012 30.793582782149315 11.404546096920965 26.390520811080933 6.4340546280145636
leaf_count=996 57 410 97 294 154 279 37 160 771 312 28 41 32 21 89 67 25 122 26 96 77 192 38 21 46 31 159 59 136 33
internal_value=-0.000390331 -0.0415956 0.0563695 0.00598145 0.107401 0.0243934 -0.00155713 -0.00981052 -0.0773971 0.0312197 0.0114378 0.0420029 0.0247892 0.0715499 0.0833192 0.11467 0.128273 0.12202 0.104256 0.115174 0.0615663 -0.0345164 0.137615 0.119543 0.135075 0.0257175 0.0339843 -0.0110755 0.0476283 0.0732543
internal_weight=913.638 529.351 384.287 227.295 148.034 236.253 95.5073 88.3291 302.056 140.029 59.1379 140.746 88.934 51.8115 47.685 30.8786 101.715 96.2896 69.7241 64.1305 46.3187 87.2661 44.5637 35.856 31.3688 16.8063 82.8817 19.2635 63.6182 37.2276
internal_count=4906 2975 1931 1208 702 1229 504 467 1767 722 307 725 460 265 244 156 471 446 324 298 231 486 202 164 143 88 428 100 328 192
is_linear=0
shrinkage=0.1


Tree=3
num_leaves=31
num_cat=0
split_feature=15 7 7 14 14 14 16 1 81 16 16 13 99 54 42 13 16 10 54 12 0 22 0 1 13 0 10 0 72 57
split_gain=172.781 78.156 47.6477 18.841 10.5053 9.40438 7.94117 6.53086 6.64314 5.89735 5.86441 5.6814 6.35547 6.11135 6.38179 5.47939 5.2102 5.20801 4.94028 6.4453 5.39452 4.85656 4.92714 8.95316 6.86043 4.78875 4.75777 4.97485 4.56579 8.07824
threshold=1.0000000180025095e-35 1.0000000180025095e-35 1.0000000180025095e-35 1.0000000180025095e-35 1.0000000180025095e-35 1.0000000180025095e-35 1.0000000180025095e-35 0.57563310861587536 1.0000000180025095e-35 1.0000000180025095e-35 1.0000000180025095e-35 1.0000000180025095e-35 1.0000000180025095e-35 1.0000000180025095e-35 1.0000000180025095e-35 1.0000000180025095e-35 1.0000000180025095e-35 1.0000000180025095e-35 1.0000000180025095e-35 1.0000000180025095e-35 10.965092182159426 1.0000000180025095e-35 12.581793308258058 0.81200090050697338 1.0000000180025095e-35 7.6317591667175302 1.0000000180025095e-35 11.934291839599611 1.0000000180025095e-35 1.0000000180025095e-35
decision_type=2 2 2 2 2 2 2 2 2 2 2 2 2 2 2 2 2 2 2 2 2 2 2 2 2 2 2 2 2 2
left_child=1 6 5 9 15 11 -1 16 -9 21 26 12 -2 14 -13 -4 -5 -6 -17 20 -20 22 24 -24 -3 -19 -7 -28 -11 -30
right_child=2 3 4 7 17 10 -8 8 -10 28 -12 13 -14 -15 -16 18 -18 25 19 -21 -22 -23 23 -25 -26 -27 27 -29 29 -31
leaf_value=-0.088074085117236162 0.067499245969863744 0.017480091862887081 0.12632181709648407 -0.068065753296469952 0.075940584282213189 -0.0028188961410466826 -0.054760043269599296 -0.016381199728796255 0.12656758197960327 0.06811750201141685 0.030807245340950574 0.00041321497283065421 -0.0029629460078617197 0.041927835669352265 -0.1302109763973483 0.039985123566466448 -0.013042185427584086 -0.064483794286044824 0.1532611925179326 0.19536947937732732 0.0086545992576090632 0.090888254712133132 0.078234906927852968 -0.053489687954653253 -0.059264805661324707 0.052209173782270149 -0.10455130838805238 0.00038701343426210259 0.08962204854736866 -0.040880726149971132
leaf_weight=158.32648083567619 68.180462867021561 25.688074305653572 71.59664149582386 40.327131688594818 32.959524780511856 39.825728699564934 130.55644316971302 10.574843287467955 4.6940257251262656 44.096332877874374 31.866169363260269 23.534874945878986 15.75958828628063 36.077283769845963 4.4469135403633109 17.250546336174011 30.019395977258682 5.9888544380664817 4.3896553814411181 6.3825342506170264 6.2567616552114487 6.6598711162805548 16.935100838541988 7.4209992438554755 21.311587572097778 8.5191742777824384 11.588964611291887 7.4038103967905036 7.8134039938449869 12.071430444717407
leaf_count=982 335 135 312 238 154 214 785 60 27 215 166 122 81 182 25 81 161 33 21 29 28 35 89 39 112 44 65 39 38 59
internal_value=-0.000496028 -0.0384892 0.0495599 0.00533469 0.0930551 0.0216162 -0.0730183 -0.0317178 0.0275648 0.0276751 -0.00374189 0.037154 0.0542701 0.0147259 -0.0203458 0.110581 -0.0445852 0.0539645 0.0777033 0.115912 0.0682778 0.00921964 0.00159723 0.0381001 -0.0173192 0.0040388 -0.0224596 -0.063644 0.0501788 0.0103981
internal_weight=908.523 516.495 392.027 227.612 153.344 238.684 288.883 85.6154 15.2689 141.997 90.6847 147.999 83.9401 64.0591 27.9818 105.876 70.3465 47.4676 34.2795 17.029 10.6464 78.0156 71.3558 24.3561 46.9997 14.508 58.8185 18.9928 63.9812 19.8848
internal_count=4906 2975 1931 1208 702 1229 1767 486 87 722 484 745 416 329 147 471 399 231 159 78 49 410 375 128 247 77 318 104 312 97
is_linear=0
shrinkage=0.1


Tree=4
num_leaves=31
num_cat=0
split_feature=15 7 7 14 14 14 14 1 5 0 0 78 84 81 113 0 0 96 5 16 16 16 10 67 102 0 0 135 5 83
split_gain=140.386 67.5518 36.7943 15.2888 8.00751 7.86924 7.43673 5.42975 4.99076 5.78199 8.54859 7.15748 5.35408 4.97046 4.9403 5.6802 7.12609 5.2379 4.82749 4.75094 4.60927 4.56457 4.59 5.5695 4.42156 4.40924 4.36334 7.43037 4.90639 4.70252
threshold=1.0000000180025095e-35 1.0000000180025095e-35 1.0000000180025095e-35 1.0000000180025095e-35 1.0000000180025095e-35 1.0000000180025095e-35 1.0000000180025095e-35 0.57563310861587536 1.0000000180025095e-35 13.289527893066408 16.56947231292725 1.0000000180025095e-35 1.0000000180025095e-35 1.0000000180025095e-35 1.0000000180025095e-35 14.017796039581301 13.096509456634523 1.0000000180025095e-35 1.0000000180025095e-35 1.0000000180025095e-35 1.0000000180025095e-35 1.0000000180025095e-35 1.0000000180025095e-35 1.0000000180025095e-35 1.0000000180025095e-35 5.405886411666871 5.542778968811036 1.0000000180025095e-35 1.0000000180025095e-35 1.0000000180025095e-35
decision_type=2 2 2 2 2 2 2 2 2 2 2 2 2 2 2 2 2 2 2 2 2 2 2 2 2 2 2 2 2 2
left_child=1 5 6 20 14 18 8 21 9 11 -11 -2 -10 -9 15 16 17 -4 -1 25 26 22 -5 -24 -7 -8 28 29 -3 -28
right_child=2 3 4 7 -6 24 19 13 12 10 -12 -13 -14 -15 -16 -17 -18 -19 -20 -21 -22 -23 23 -25 -26 -27 27 -29 -30 -31
leaf_value=-0.070034404519462731 -0.010056630009219227 -0.078318987844687438 0.096749532299025442 -0.091658853940036367 0.047550449829818799 -0.093365672126097421 -0.067982317275278009 -0.014882286603745912 0.046073213521833419 0.10332510713071713 -0.024392176821221204 0.090605819029999507 0.15502324863113079 0.10614387367812393 0.18495459280781384 0.12902723280302447 -0.029871529590586855 0.016509041376174777 -0.034962156577687219 0.027304568796719331 0.044155071525101341 -0.011820103913457515 0.051943075321523646 -0.070951968604552482 -0.012590486272926971 -0.0045323713983059502 0.021693679509308578 0.12532298912710754 0.027605938693840277 -0.060692556187970453
leaf_weight=87.481224820017815 57.180590450763702 10.669643580913545 59.087449446320534 23.456655979156494 48.38454669713974 110.59804345667362 14.640595614910124 10.48108398914337 56.660657808184624 15.546742811799051 7.9057899266481391 8.0591404736042005 4.9006779938936225 5.0181194096803656 5.9596811830997458 28.784570559859276 5.7854597568511954 9.4341389834880811 71.177715018391609 32.332270413637161 65.30259171128273 29.821713611483574 6.1899508833885166 9.1220328807830811 7.21905693411827 43.473086848855019 45.966846287250519 6.1438425481319419 7.4096427708864203 8.1577774286270124
leaf_count=549 296 56 256 144 231 724 84 60 277 72 40 38 22 27 25 122 26 42 447 166 312 161 38 56 47 234 240 32 39 43
internal_value=-0.000568865 -0.0356183 0.0438193 0.00471084 0.0814083 -0.0688384 0.0192332 -0.029154 0.0328707 0.0176869 0.0602719 0.00237832 0.0547463 0.0243019 0.0964305 0.091313 0.0767035 0.0857019 -0.0543003 -0.00342214 0.0245345 -0.0412333 -0.0638586 -0.021271 -0.0884163 -0.0205173 0.00818087 0.0211062 -0.0349066 0.00927625
internal_weight=902.351 504.216 398.135 227.74 157.436 276.476 240.7 84.0896 150.254 88.6923 23.4525 65.2397 61.5613 15.4992 109.051 103.092 74.307 68.5216 158.659 90.446 143.65 68.5904 38.7686 15.312 117.817 58.1137 78.3478 60.2685 18.0793 54.1246
internal_count=4906 2975 1931 1208 702 1767 1229 486 745 446 112 334 299 87 471 446 324 298 996 484 722 399 238 94 771 318 410 315 95 283
is_linear=0
shrinkage=0.1


Tree=5
num_leaves=31
num_cat=0
split_feature=15 7 7 14 16 13 140 79 14 60 21 41 0 130 0 1 0 13 8 5 81 81 1 36 16 10 67 10 13 0
split_gain=114.412 58.3089 28.7725 12.4466 7.75387 7.39692 6.73946 7.87605 6.28905 5.12746 8.59387 6.35685 5.66083 4.78599 4.60199 4.52168 4.39263 4.38199 4.30764 4.28269 6.22826 4.15142 4.02289 7.35962 4.0011 4.15222 4.63257 3.97196 4.18437 3.8167
threshold=1.0000000180025095e-35 1.0000000180025095e-35 1.0000000180025095e-35 1.0000000180025095e-35 1.0000000180025095e-35 1.0000000180025095e-35 1.0000000180025095e-35 1.0000000180025095e-35 1.0000000180025095e-35 1.0000000180025095e-35 1.0000000180025095e-35 1.0000000180025095e-35 5.3018479347229013 1.0000000180025095e-35 16.119096755981449 0.57563310861587536 4.273785114288331 1.0000000180025095e-35 1.0000000180025095e-35 1.0000000180025095e-35 1.0000000180025095e-35 1.0000000180025095e-35 -0.019545212388038632 1.0000000180025095e-35 1.0000000180025095e-35 1.0000000180025095e-35 1.0000000180025095e-35 1.0000000180025095e-35 1.0000000180025095e-35 7.6317591667175302
decision_type=2 2 2 2 2 2 2 2 2 2 2 2 2 2 2 2 2 2 2 2 2 2 2 2 2 2 2 2 2 2
left_child=1 4 5 -3 -1 9 7 -7 17 11 13 12 18 22 -14 24 -15 -4 -2 -6 -21 -19 23 -11 25 -5 -27 28 -10 -29
right_child=2 3 8 15 19 6 -8 -9 27 10 -12 -13 14 16 -16 -17 -18 21 -20 20 -22 -23 -24 -25 -26 26 -28 29 -30 -31
leaf_value=-0.080571639962561031 0.054363943372340497 0.021809815542110946 0.098686367952777285 -0.087457828477826821 -0.061567447546180633 -0.022684637635675034 0.073696858716670352 0.084088967331299211 0.080496958157407317 0.17255136941822424 -0.062816970186383853 -0.064131256893969854 0.10664500267631533 0.029612735780090056 0.00072328198425204975 0.021527178486865802 -0.072605768225798908 0.086020637192812555 -0.049697533641144195 -0.055933466514558342 0.016027132097175375 0.017716793099682451 0.030260184010468212 0.00052380143699438865 -0.010706144083316507 0.045280009553042816 -0.066796680830845556 -0.063360437766350669 -0.00061558788453980936 0.040134931146742325
leaf_weight=143.55094739794731 12.382359445095064 145.07831385731697 75.092806920409203 22.191434383392334 72.802864521741867 78.802376180887222 9.922102287411688 7.5722995102405539 25.988685786724091 5.8151671439409238 11.783591538667677 4.0965943932533255 27.250739946961403 8.9096695035696047 4.8286197781562796 15.67868387699127 7.9599243551492682 20.4742641299963 5.8607908040285102 26.450813382863998 22.057312682271004 15.738274335861204 52.703153789043427 4.3451416492462158 29.642062783241272 6.3798459470272038 8.7408100366592407 5.935690149664878 8.4206676483154279 8.9150262475013715
leaf_count=982 62 722 312 144 475 415 51 38 114 30 60 21 128 45 23 87 42 89 31 170 140 70 261 22 161 38 56 33 40 44
internal_value=-0.00061571 -0.0329411 0.0389143 0.00416539 -0.0648428 0.0171545 -0.00435766 -0.013324 0.0717416 0.0313495 0.0168952 0.0556572 0.0654088 0.0286757 0.0907016 -0.0268129 -0.0186191 0.0849077 0.0209332 -0.0462304 -0.023212 0.0563352 0.0413674 0.0989823 -0.0381327 -0.0599214 -0.0195083 0.0419923 0.0606471 -0.00123118
internal_weight=895.371 492.573 402.798 227.711 264.862 242.233 96.2968 86.3747 160.565 145.936 91.5166 54.4191 50.3225 79.7331 32.0794 82.6328 16.8696 111.305 18.2432 121.311 48.5081 36.2125 62.8635 10.1603 66.9542 37.3121 15.1207 49.2601 34.4094 14.8507
internal_count=4906 2975 1931 1208 1767 1229 504 453 702 725 460 265 244 400 151 486 87 471 93 785 310 159 313 52 399 238 94 231 154 77
is_linear=0
shrinkage=0.1


Tree=6
num_leaves=31
num_cat=0
split_feature=15 7 7 14 14 14 14 0 5 0 84 8 5 10 0 0 81 0 102 5 78 53 21 9 16 11 0 16 139 83
split_gain=93.3055 50.2997 22.8205 10.146 7.65669 6.09774 4.97281 4.24144 4.35904 4.61493 5.3583 4.23082 5.59964 4.23016 5.38005 7.16586 5.04566 4.64176 4.20376 4.18496 4.12425 6.13253 4.58234 4.55157 3.93404 3.63235 7.27706 3.60675 4.20625 3.75637
threshold=1.0000000180025095e-35 1.0000000180025095e-35 1.0000000180025095e-35 1.0000000180025095e-35 1.0000000180025095e-35 1.0000000180025095e-35 1.0000000180025095e-35 2.6652977466583256 1.0000000180025095e-35 3.6783025264739995 1.0000000180025095e-35 1.0000000180025095e-35 1.0000000180025095e-35 1.0000000180025095e-35 10.788501262664797 6.7802875041961679 1.0000000180025095e-35 11.934291839599611 1.0000000180025095e-35 1.0000000180025095e-35 1.0000000180025095e-35 1.0000000180025095e-35 1.0000000180025095e-35 1.0000000180025095e-35 1.0000000180025095e-35 1.0000000180025095e-35 14.176591396331789 1.0000000180025095e-35 1.0000000180025095e-35 1.0000000180025095e-35
decision_type=2 2 2 2 2 2 2 2 2 2 2 2 2 2 2 2 2 2 2 2 2 2 2 2 2 2 2 2 2 2
left_child=1 4 5 27 19 7 11 -2 20 -10 -11 -4 -13 14 15 -7 -17 -15 -6 -1 21 22 -9 -23 25 -5 -27 28 29 -3
right_child=2 3 6 24 18 13 -8 8 9 10 -12 12 -14 17 -16 16 -18 -19 -20 -21 -22 23 -24 -25 -26 26 -28 -29 -30 -31
leaf_value=-0.061706152644810879 -0.055148911942241696 0.02156226272507096 0.09063738595682938 -0.065586114536728787 -0.086665157649059507 0.0040973361782776644 0.037315074823380083 0.0022714442481062956 0.14973314303197946 0.034077945921203029 0.14338419068677138 0.024734875735810884 0.099821080937787632 -0.066632181641849295 -0.023399799247339436 0.049005681819394298 0.1869896412408617 0.016683861713058624 -0.0059707603053803168 -0.027888186352423745 0.084357533169193144 0.090466310912885817 -0.088186353785544805 -0.0052460722382169419 0.00041913435252830005 -0.041152357006036845 0.11902586555323705 0.03652465200584417 -0.06718087402673871 -0.044211760098491738
leaf_weight=80.088054627180099 5.9680823832750312 62.033481165766716 69.189729884266853 28.831713691353798 99.645900890231133 23.153634637594223 49.801075518131256 50.604535847902298 4.4285027682781211 51.020363852381706 4.9169466346502295 28.49701900780201 15.245628491044043 18.613006815314296 27.527123659849167 6.9829134345054609 4.2709714770317078 10.43624424934387 6.9030472487211219 67.378733262419701 8.1013052165508253 13.457144871354105 6.29693280160427 7.8766214847564688 35.397087872028351 13.436377406120302 3.5951875895261756 66.996968507766724 7.3242013156414023 10.095913127064703
leaf_count=549 30 318 288 185 724 125 231 258 21 243 21 120 63 105 143 36 21 54 47 447 37 64 33 38 192 89 20 312 38 54
internal_value=-0.000646881 -0.0304176 0.0346429 0.00371118 -0.0610121 0.0152768 0.0636391 0.0274892 0.030851 0.0514658 0.0436861 0.0752475 0.0509047 -0.00521564 0.0095515 0.0359136 0.101372 -0.0367 -0.0814372 -0.0462545 0.0164374 0.00940419 -0.00773896 0.0551284 -0.0246263 -0.0439563 -0.00734039 0.0194347 0.00502404 0.0123559
internal_weight=888.114 481.727 406.388 227.711 254.016 243.654 162.733 152.67 146.702 60.3658 55.9373 112.932 43.7426 90.9839 61.9346 34.4075 11.2539 29.0493 106.549 147.467 86.3365 78.2352 56.9015 21.3338 81.2604 45.8633 17.0316 146.451 79.4536 72.1294
internal_count=4906 2975 1931 1208 1767 1229 702 745 715 285 264 471 183 484 325 182 57 159 771 996 430 393 291 102 486 294 109 722 410 372
is_linear=0
shrinkage=0.1


Tree=7
num_leaves=31
num_cat=0
split_feature=15 7 7 14 16 13 140 79 13 99 59 21 40 0 16 130 137 5 21 12 44 113 5 81 13 0 132 11 95 40
split_gain=76.2104 43.275 18.1608 8.26847 7.48287 5.85533 5.32774 6.15629 5.05165 5.30345 4.08121 6.0635 4.40368 4.45705 4.15263 4.01307 4.00319 3.69358 3.63652 6.02952 4.49967 3.56385 4.39934 5.51725 3.81779 4.10885 3.53523 4.21097 3.74479 4.66351
threshold=1.0000000180025095e-35 1.0000000180025095e-35 1.0000000180025095e-35 1.0000000180025095e-35 1.0000000180025095e-35 1.0000000180025095e-35 1.0000000180025095e-35 1.0000000180025095e-35 1.0000000180025095e-35 1.0000000180025095e-35 1.0000000180025095e-35 1.0000000180025095e-35 1.0000000180025095e-35 5.405886411666871 1.0000000180025095e-35 1.0000000180025095e-35 1.0000000180025095e-35 1.0000000180025095e-35 1.0000000180025095e-35 1.0000000180025095e-35 1.0000000180025095e-35 1.0000000180025095e-35 1.0000000180025095e-35 1.0000000180025095e-35 1.0000000180025095e-35 7.1540040969848642 1.0000000180025095e-35 1.0000000180025095e-35 1.0000000180025095e-35 1.0000000180025095e-35
decision_type=2 2 2 2 2 2 2 2 2 2 2 2 2 2 2 2 2 2 2 2 2 2 2 2 2 2 2 2 2 2
left_child=1 4 5 -3 17 10 7 -7 16 -10 12 15 13 -2 -15 -12 18 -1 20 -20 -4 22 -6 -24 -25 -26 28 -28 29 -22
right_child=2 3 8 -5 21 6 -8 -9 9 -11 11 -13 -14 14 -16 -17 -18 -19 19 -21 26 -23 23 24 25 -27 27 -29 -30 -31
leaf_value=-0.089529002440762839 0.019618653114254741 0.017340663873848954 0.16094857354445183 -0.022585308462156561 -0.050786196905676685 -0.022118978884280983 0.06251517564059611 0.070635002364913504 0.015737453564085832 0.10178539070016371 0.033908602374935259 -0.056397416765269506 -0.030438096430424791 0.048239633960724566 0.12212026714007206 -0.02156264366231014 -0.0074698823030570948 -0.055833164166306008 0.19356082896176019 0.055795903071829245 0.04829441863899514 -0.10698877596046058 -0.043039206753125142 -0.0051940458311525561 0.16512849186366685 0.018017950826434547 0.14989350302729806 0.035841679576439918 -0.0050657435769106366 0.11578408993068767
leaf_weight=69.036687761545181 19.393192648887634 147.5133856087923 4.7588218450546256 79.999939948320389 63.049735486507416 78.344886139035225 10.279697954654692 7.8750004023313513 42.132994025945663 8.6297969818115217 63.959597796201706 11.053693354129789 6.4739528745412818 17.266570299863815 13.600279569625856 16.382417649030685 6.5702002346515647 61.5192761272192 6.2162804305553419 6.4975934028625488 53.436858728528023 7.1273088902235022 22.879280999302864 12.64895021915436 3.4521624445915213 4.218848317861557 8.726025238633154 5.1465890407562247 9.7825968563556653 12.665197551250456
leaf_count=525 98 722 20 486 447 415 51 38 186 37 311 58 33 80 60 85 28 457 26 27 225 50 157 82 22 27 37 22 41 53
internal_value=-0.000663129 -0.0280698 0.0309131 0.00330159 -0.0573296 0.0136342 -0.00553392 -0.0136472 0.0565989 0.0303658 0.0261214 0.0130436 0.0471889 0.057188 0.0807923 0.0225975 0.0683007 -0.0736512 0.0729433 0.123154 0.0661891 -0.0385349 -0.0339429 -0.00935989 0.0285614 0.0842217 0.0611651 0.107582 0.0526796 0.0612255
internal_weight=880.638 471.446 409.192 227.513 243.932 244.629 96.4996 86.2199 164.563 50.7628 148.13 91.3957 56.734 50.26 30.8668 80.342 113.8 130.556 107.23 12.7139 94.5161 113.376 106.249 43.1992 20.32 7.67101 89.7573 13.8726 75.8847 66.1021
internal_count=4906 2975 1931 1208 1767 1229 504 453 702 223 725 454 271 238 140 396 479 982 451 53 398 785 735 288 131 49 378 59 319 278
is_linear=0
shrinkage=0.1


Tree=8
num_leaves=31
num_cat=0
split_feature=15 7 7 14 14 14 113 101 16 61 0 13 14 102 16 42 16 105 99 82 71 67 73 10 0 8 13 0 113 13
split_gain=62.2839 37.2359 14.5203 7.34055 6.71809 4.83891 4.61765 4.47386 4.47379 5.60332 5.43254 11.0124 3.98247 3.97193 3.91675 3.83298 3.69005 5.06839 3.52248 3.49564 5.69595 5.06197 5.62896 3.44382 4.00606 3.41369 4.38757 3.29673 3.37885 3.20694
threshold=1.0000000180025095e-35 1.0000000180025095e-35 1.0000000180025095e-35 1.0000000180025095e-35 1.0000000180025095e-35 1.0000000180025095e-35 1.0000000180025095e-35 1.0000000180025095e-35 1.0000000180025095e-35 1.0000000180025095e-35 13.813826084136965 1.0000000180025095e-35 1.0000000180025095e-35 1.0000000180025095e-35 1.0000000180025095e-35 1.0000000180025095e-35 1.0000000180025095e-35 1.0000000180025095e-35 1.0000000180025095e-35 1.0000000180025095e-35 1.0000000180025095e-35 1.0000000180025095e-35 1.0000000180025095e-35 1.0000000180025095e-35 11.934291839599611 1.0000000180025095e-35 1.0000000180025095e-35 2.4503763914108281 1.0000000180025095e-35 1.0000000180025095e-35
decision_type=2 2 2 2 2 2 2 2 2 2 2 2 2 2 2 2 2 2 2 2 2 2 2 2 2 2 2 2 2 2
left_child=1 3 5 16 -3 27 7 8 12 10 11 -10 15 -5 23 19 -1 -18 -6 20 21 22 -4 25 -25 26 -7 -2 -29 -20
right_child=2 4 6 13 18 14 -8 -9 9 -11 -12 -13 -14 -15 -16 -17 17 -19 29 -21 -22 -23 -24 24 -26 -27 -28 28 -30 -31
leaf_value=-0.054923570844761294 -0.064365046684707092 0.015488507607486377 -0.083751117362803093 -0.080457886169382514 -0.029258829782020775 0.048412320281978276 0.1250066201592035 0.1332090935903931 0.10521879665104886 0.024017894658114006 0.15285542869587596 -0.053041383116511999 0.0027336208257785406 -0.0003365845275010711 0.021456411814250495 -0.0042294830020526437 -0.028784493705296441 0.092522581194073528 0.067580572964681576 0.11984348088914792 0.1062067026669587 0.05654765468718477 0.046295196601825822 -0.097800627879827851 -0.0020640148489572924 -0.044580168911539861 -0.036717232935612305 0.028704548076796239 -0.042917808640291738 -0.046202343385864555
leaf_weight=70.848730251193047 4.204555705189704 148.57837711274624 7.0402795672416669 90.001685090363026 67.620996445417404 16.067818030714989 7.9194278270006171 5.7673034369945517 17.376511394977573 19.1999272108078 10.149048417806624 5.8862226009368888 33.188168182969093 6.6441337764263144 32.924931883811951 12.707954406738279 63.429269433021545 3.6420375853776923 7.6943458318710309 7.5665350407361975 11.870557799935339 20.905114158987999 6.3128467351198196 10.527183905243875 7.473911687731742 14.302766516804693 9.7147877663373965 143.35881669819355 6.9039781242609015 3.6531223952770233
leaf_count=540 22 722 29 724 417 82 33 24 72 81 42 26 150 47 166 53 434 22 47 31 48 87 26 65 39 76 56 689 34 22
internal_value=-0.000664534 -0.0258589 0.0276376 -0.0538171 0.00296181 0.0121931 0.050492 0.0467564 0.0434805 0.0670687 0.0918077 0.0651739 0.0310194 -0.0749498 -0.00609792 0.0451565 -0.0390086 -0.0221974 -0.020607 0.0568446 0.0465109 0.0258261 -0.0222702 -0.0217164 -0.0580515 -0.00539946 0.0163358 0.02297 0.0254138 0.0309501
internal_weight=873.481 462.113 411.369 234.566 227.547 245.479 165.89 157.97 152.203 52.6117 33.4118 23.2627 99.5915 96.6458 91.0114 66.4033 137.92 67.0713 78.9685 53.6953 46.1288 34.2582 13.3531 58.0865 18.0011 40.0854 25.7826 154.467 150.263 11.3475
internal_count=4906 2975 1931 1767 1208 1229 702 669 645 221 140 98 424 771 484 274 996 456 486 221 190 142 55 318 104 214 138 745 723 69
is_linear=0
shrinkage=0.1


Tree=9
num_leaves=31
num_cat=0
split_feature=15 7 7 14 16 139 113 13 84 14 5 12 73 11 42 10 93 98 73 0 13 113 13 54 12 102 86 61 6 94
split_gain=50.9337 31.9394 11.7242 6.77238 6.18964 5.83391 4.83058 4.4494 4.80819 4.38045 4.2762 6.46378 4.86002 13.0225 4.84061 4.6584 4.08276 5.63315 6.19392 3.94857 3.7137 3.70595 3.8365 4.88898 3.7653 3.62002 3.48475 3.40415 5.11595 4.61065
threshold=1.0000000180025095e-35 1.0000000180025095e-35 1.0000000180025095e-35 1.0000000180025095e-35 1.0000000180025095e-35 1.0000000180025095e-35 1.0000000180025095e-35 1.0000000180025095e-35 1.0000000180025095e-35 1.0000000180025095e-35 1.0000000180025095e-35 1.0000000180025095e-35 1.0000000180025095e-35 1.0000000180025095e-35 1.0000000180025095e-35 1.0000000180025095e-35 1.0000000180025095e-35 1.0000000180025095e-35 1.0000000180025095e-35 4.850102663040162 1.0000000180025095e-35 1.0000000180025095e-35 1.0000000180025095e-35 1.0000000180025095e-35 1.0000000180025095e-35 1.0000000180025095e-35 1.0000000180025095e-35 1.0000000180025095e-35 1.0000000180025095e-35 1.0000000180025095e-35
decision_type=2 2 2 2 2 2 2 2 2 2 2 2 2 2 2 2 2 2 2 2 2 2 2 2 2 2 2 2 2 2
left_child=1 3 7 20 5 6 10 27 9 -9 12 14 19 -14 -12 -13 17 -6 -19 -3 26 22 -4 -24 -25 -5 -1 29 -29 -2
right_child=2 4 21 25 16 -7 -8 8 -10 -11 11 15 13 -15 -16 -17 -18 18 -20 -21 -22 -23 23 24 -26 -27 -28 28 -30 -31
leaf_value=-0.013957600115289903 0.038234829925633373 -0.09078574026224856 0.052250826162158974 -0.076956614452288796 0.017031600968262534 -0.083168781794145635 -0.096261560663669518 0.0024559343691560242 0.069603787428474284 -0.045589947735760368 0.067946287786072937 0.0063793372994610555 -0.036618532354549531 0.14285701932502251 -0.028089168443619313 -0.11070486931685397 -0.065155070295638648 -0.00016771723841982401 0.15671742996351551 -0.019780818656086333 -0.054296642261408304 0.11181626582081042 -0.014119517599058162 0.02129045181451901 0.10313001891192027 -0.00030299763790434529 -0.089541135339374717 0.027277430796188707 -0.035847949562852914 -0.054885139021170141
leaf_weight=66.340764343738556 91.327926330268383 10.301865443587301 109.9538905620575 84.952131666243076 87.527301475405693 10.646980062127112 5.606067642569541 61.047258451581001 7.7617084085941306 27.535149142146111 24.837599992752079 10.643477275967596 11.735756993293764 6.1674249768257132 6.6547645181417456 4.9918885529041281 5.2525368779897681 4.1706879734992963 6.3450117558240891 32.664366081357002 61.228757411241531 7.9651962965726844 23.606631711125374 16.38400536775589 8.558362618088724 6.6426648646593085 6.717478245496749 31.196620658040047 21.81727609038353 5.6458177715539923
leaf_count=492 436 61 458 724 427 62 32 307 37 160 138 58 69 35 37 29 26 20 31 183 454 33 104 71 36 47 50 153 108 28
internal_value=-0.00065686 -0.0237936 0.024757 -0.0504317 0.00264967 -0.0123883 -0.00575475 0.0109029 -0.00586599 -0.0124788 -0.00105659 0.0215578 -0.0185656 0.0252086 0.0476527 -0.031002 0.0207383 0.0253399 0.0944944 -0.0368054 -0.0361313 0.0452576 0.0419129 0.0184995 0.0493717 -0.0713975 -0.0209073 0.0216744 0.00129889 0.0328134
internal_weight=866.227 453.428 412.8 225.882 227.546 124.25 113.603 246.332 96.3441 88.5824 107.997 47.1277 60.8694 17.9032 31.4924 15.6354 103.296 98.043 10.5157 42.9662 134.287 166.468 158.503 48.549 24.9424 91.5948 73.0582 149.988 53.0139 96.9737
internal_count=4906 2975 1931 1767 1208 704 642 1229 504 467 610 262 348 104 175 87 504 478 51 244 996 702 669 211 107 771 542 725 261 464
is_linear=0
shrinkage=0.1


Tree=10
num_leaves=31
num_cat=0
split_feature=15 7 7 16 14 5 14 0 137 88 84 54 1 138 26 0 67 5 16 113 5 81 62 8 5 10 13 6 81 9
split_gain=41.7149 27.2345 9.45737 6.80945 5.46639 3.87561 3.62028 3.59893 6.02024 6.02076 5.42752 6.53997 5.21897 3.90098 4.16887 3.44169 4.15866 3.43429 3.98014 3.4092 3.88593 4.40236 3.24857 3.19236 4.32998 3.14111 3.12001 3.26587 3.10115 3.58043
threshold=1.0000000180025095e-35 1.0000000180025095e-35 1.0000000180025095e-35 1.0000000180025095e-35 1.0000000180025095e-35 1.0000000180025095e-35 1.0000000180025095e-35 5.405886411666871 1.0000000180025095e-35 1.0000000180025095e-35 1.0000000180025095e-35 1.0000000180025095e-35 -0.51950716972351063 1.0000000180025095e-35 1.0000000180025095e-35 14.47091054916382 1.0000000180025095e-35 1.0000000180025095e-35 1.0000000180025095e-35 1.0000000180025095e-35 1.0000000180025095e-35 1.0000000180025095e-35 1.0000000180025095e-35 1.0000000180025095e-35 1.0000000180025095e-35 1.0000000180025095e-35 1.0000000180025095e-35 1.0000000180025095e-35 1.0000000180025095e-35 1.0000000180025095e-35
decision_type=2 2 2 2 2 2 2 2 2 2 2 2 2 2 2 2 2 2 2 2 2 2 2 2 2 2 2 2 2 2
left_child=1 3 7 5 -3 -1 23 12 9 10 -9 -12 13 14 -2 -6 -17 -16 -19 20 -5 -22 -14 -4 -25 -8 27 -23 29 -7
right_child=2 4 6 19 15 28 25 8 -10 -11 11 -13 22 -15 17 16 -18 18 -20 -21 21 26 -24 24 -26 -27 -28 -29 -30 -31
leaf_value=-0.081629153040641778 0.047270738151598893 0.013506998757055522 0.063775026631924164 -0.040896730180874342 -0.028949881728193627 0.0086817874770330813 0.03499505566306501 0.0036676453770129788 0.096620764992732325 0.10858086873541067 -0.0035380885147367532 0.13111213039349451 -0.0028158371023888793 0.085392386535133313 -0.066100555138009068 -0.029424347153875749 0.079734998702272075 0.061980423511703069 -0.065023372465191284 -0.10086242212995354 -0.03252109803703148 -0.046014563232846306 -0.085598430792500582 0.0067965183605008077 0.072284382189826288 -0.018221919891591342 0.083189823098056226 0.058357413390364571 -0.072818102291284478 -0.058588174312895841
leaf_weight=59.648358859121799 10.75259083509445 149.43819285929203 70.261871993541718 57.083014406263828 64.076118558645248 16.052671760320663 36.356084376573563 158.83824357390404 8.9303600937128049 6.2932680249214163 6.8247464001178724 7.6509121060371399 7.7538137435913095 5.7711333334445944 11.606187105178833 6.8934382647275907 7.0689716637134552 6.397951140999794 4.0166921615600586 6.1464131698012343 20.810244128108025 6.5592710673809069 12.197501242160797 29.057045951485634 15.472556233406065 15.960408955812452 7.6853600144386283 5.5218015611171722 22.84582107514143 15.602194696664812
leaf_count=525 55 722 288 447 408 137 154 783 43 31 32 35 38 30 62 39 39 33 20 50 157 45 67 120 63 77 49 37 189 131
internal_value=-0.000657473 -0.0218991 0.0221891 -0.0471603 0.00230474 -0.0640161 0.0405625 0.00976021 0.0164833 0.0124988 0.00900991 0.0676295 -0.0119091 0.00958079 -0.00376902 -0.0191468 0.0258415 -0.0286913 0.0129979 -0.0286251 -0.0240787 -0.00041926 -0.0534261 0.0504991 0.0295514 0.0187599 0.0333778 0.00168992 -0.0447394 -0.0244745
internal_weight=859.573 445.432 414.141 217.955 227.477 114.149 167.108 247.033 188.538 179.607 173.314 14.4757 58.4959 38.5446 32.7734 78.0385 13.9624 22.0208 10.4146 103.806 97.6597 40.5767 19.9513 114.791 44.5296 52.3165 19.7664 12.0811 54.5007 31.6549
internal_count=4906 2975 1931 1767 1208 982 702 1229 924 881 850 67 305 200 170 486 78 115 53 785 735 288 105 471 183 231 131 82 457 268
is_linear=0
shrinkage=0.1


Tree=11
num_leaves=31
num_cat=0
split_feature=15 7 13 54 14 11 16 79 64 139 7 5 9 26 0 113 62 83 138 5 12 22 11 73 71 10 42 13 108 0
split_gain=34.1286 23.2622 7.81037 6.38192 6.37801 5.843 5.03308 5.03181 5.02802 5.01906 4.86228 4.7753 4.61548 4.8477 4.37503 4.14921 3.782 3.73514 3.66387 3.47871 5.17214 4.81913 6.84378 8.04542 5.32985 4.05223 3.72363 3.47145 3.39957 3.71976
threshold=1.0000000180025095e-35 1.0000000180025095e-35 1.0000000180025095e-35 1.0000000180025095e-35 1.0000000180025095e-35 1.0000000180025095e-35 1.0000000180025095e-35 1.0000000180025095e-35 1.0000000180025095e-35 1.0000000180025095e-35 1.0000000180025095e-35 1.0000000180025095e-35 1.0000000180025095e-35 1.0000000180025095e-35 5.405886411666871 1.0000000180025095e-35 1.0000000180025095e-35 1.0000000180025095e-35 1.0000000180025095e-35 1.0000000180025095e-35 1.0000000180025095e-35 1.0000000180025095e-35 1.0000000180025095e-35 1.0000000180025095e-35 1.0000000180025095e-35 1.0000000180025095e-35 1.0000000180025095e-35 1.0000000180025095e-35 1.0000000180025095e-35 4.7556469440460214
decision_type=2 2 2 2 2 2 2 2 2 2 2 2 2 2 2 2 2 2 2 2 2 2 2 2 2 2 2 2 2 2
left_child=1 4 10 11 27 7 9 8 14 15 -2 18 -7 -14 -5 19 -13 -16 -4 21 26 22 -3 24 -24 -22 -21 -1 29 -29
right_child=2 6 3 5 -6 12 -8 -9 -10 -11 -12 16 13 -15 17 -17 -18 -19 -20 20 25 -23 23 -25 -26 -27 -28 28 -30 -31
leaf_value=-0.014936661522801632 0.018334737118349868 -0.055822397487990977 -0.05285957737806616 -0.022316884119671809 -0.065486662383529057 -0.047394475603512433 0.018255059429740799 0.13894108066721866 -0.068131788157677731 -0.078889812008148819 0.045578018388191519 0.030772940364028868 -0.037785968805623862 0.10680758818272616 0.068806845120381155 -0.091782471795590612 -0.066193247057037871 -0.03115449236527236 0.038702189840267208 0.05885015226680948 0.0051606451833100505 0.068852180190858175 -0.058460629985879559 0.11594095606827873 0.066661084045243055 -0.10638961570128867 -0.025642583669607505 -0.0010975644482194543 0.034507029704424041 -0.068389472069089685
leaf_weight=69.654356583952904 151.46269053965807 32.356872528791428 36.869898684322834 8.7722535803914052 83.738449230790138 17.633222788572311 104.06592498719692 4.6739106327295294 4.6880095154047003 10.172822460532187 115.44550344347954 21.258860751986507 4.3319886624813098 4.9889802932739258 30.755776256322861 5.3185744658112517 4.9610239565372458 4.2552061825990668 4.9579922407865515 25.665710851550102 10.690845355391501 5.8642300739884368 11.162196770310407 5.9367906004190436 4.8985250741243354 4.6829811036586753 6.5462428778409949 10.185762338340281 4.5745282247662535 42.449180796742439
leaf_count=542 725 193 191 43 771 85 504 21 23 62 479 104 21 24 145 32 24 21 25 138 58 32 66 32 25 29 37 80 36 338
internal_value=-0.000648592 -0.0201207 0.0198983 0.00148562 -0.0440668 0.0206159 0.00206016 0.0398506 0.0302956 -0.0116089 0.0301182 -0.0210327 -0.0173088 0.0396067 0.0408346 -0.00555852 0.0124261 0.0566576 -0.0420065 -0.00130463 0.0189031 -0.0172731 -0.0265651 0.0164705 -0.0202985 -0.0288184 0.0416792 -0.0299282 -0.0481809 -0.0553673
internal_weight=853.019 437.964 415.055 148.147 210.602 80.0993 227.362 53.1452 48.4712 123.296 266.908 68.0478 26.9542 9.32097 43.7832 113.123 26.2199 35.011 41.8279 107.804 47.5858 60.2186 54.3544 21.9975 16.0607 15.3738 32.212 126.864 57.2095 52.6349
internal_count=4906 2975 1931 727 1767 383 1208 253 232 704 1204 344 130 45 209 642 128 166 216 610 262 348 316 123 91 87 175 996 454 418
is_linear=0
shrinkage=0.1


Tree=12
num_leaves=31
num_cat=0
split_feature=15 7 14 16 10 13 0 7 32 14 0 5 73 5 79 113 5 81 24 0 1 0 6 81 6 9 14 0 12 60
split_gain=27.931 19.7292 7.02508 6.35696 5.69813 4.86264 4.82699 4.50769 4.43501 4.40178 4.37946 4.24919 3.98462 3.76482 3.29946 3.18799 3.36548 3.54828 3.06537 2.98383 4.67779 5.533 5.33866 2.91342 3.29089 3.62085 3.51913 2.89836 2.8687 5.03065
threshold=1.0000000180025095e-35 1.0000000180025095e-35 1.0000000180025095e-35 1.0000000180025095e-35 1.0000000180025095e-35 1.0000000180025095e-35 7.0266940593719491 1.0000000180025095e-35 1.0000000180025095e-35 1.0000000180025095e-35 14.528405189514162 1.0000000180025095e-35 1.0000000180025095e-35 1.0000000180025095e-35 1.0000000180025095e-35 1.0000000180025095e-35 1.0000000180025095e-35 1.0000000180025095e-35 1.0000000180025095e-35 12.803559303283693 -0.24207163602113721 4.0835044384002694 1.0000000180025095e-35 1.0000000180025095e-35 1.0000000180025095e-35 1.0000000180025095e-35 1.0000000180025095e-35 12.699520587921144 1.0000000180025095e-35 1.0000000180025095e-35
decision_type=2 2 2 2 2 2 2 2 2 2 2 2 2 2 2 2 2 2 2 2 2 2 2 2 2 2 2 2 2 2
left_child=1 3 7 13 5 10 -6 -2 -8 -3 14 -7 -13 18 27 16 -5 28 -1 20 21 -19 -22 24 25 26 -15 -4 29 -18
right_child=2 9 4 15 6 11 8 -9 -10 -11 -12 12 -14 23 -16 -17 17 19 -20 -21 22 -23 -24 -25 -26 -27 -28 -29 -30 -31
leaf_value=0.023348709121702407 0.016303847401840332 0.011766171716434813 0.038817307198211248 -0.034716397427055672 -0.076710948429751624 -0.048219497616732131 -0.026483022553355402 0.042369873085057019 0.068312048886154567 -0.017644948100092248 -0.019063836144802671 0.073760821441959473 -0.052858210656419193 0.13032125122525803 -0.041658820067629478 -0.09670233583171349 0.079374185146032228 -0.01701404960740012 -0.082165531866346675 0.11315573482593798 -0.10261971795583641 0.15295359617908683 0.062578456623765863 -0.067248839560606566 -0.055629633632718882 -0.038466916385944148 0.0020559463799346826 0.10760718200747504 -0.076375844642447593 -0.049895550424934092
leaf_weight=2.9095072746276847 157.35112757980824 150.07757402956486 42.161741688847542 53.740737207233906 14.675683066248892 19.384319275617599 23.608985990285877 114.70984555780888 6.2398328334093085 76.992706879973412 15.406148999929426 7.1420392841100711 3.8118338882923126 3.6351630240678805 4.390009179711341 5.5133024752140036 5.082778066396715 3.7055615112185487 51.2991708740592 3.817717693746089 4.9851124212145805 3.964215487241745 3.2196990847587585 21.00488556176424 13.397938162088396 7.8579824939370146 5.1972141116857529 7.1659812927246085 7.2272998094558707 7.383658841252327
leaf_count=27 745 722 191 447 84 105 120 471 32 486 71 38 22 29 20 50 41 24 498 26 34 26 21 189 118 71 50 32 57 59
internal_value=-0.000641572 -0.0184823 0.0178409 -0.0410578 -2.09731e-05 0.013289 -0.0297537 0.0272941 -0.00666631 0.00179375 0.0279373 -0.0200864 0.0296987 -0.0581454 0.0414171 -0.0228162 -0.018442 0.00376383 -0.0765023 0.0337799 0.0146906 0.0708358 -0.0377933 -0.038669 -0.0187173 0.0109136 0.0548464 0.0488106 -0.02625 0.00280992
internal_weight=847.06 431.012 416.048 203.942 143.987 99.4621 44.5245 272.061 29.8488 227.07 69.1239 30.3382 10.9539 105.302 53.7177 98.6401 93.1268 39.386 54.2087 19.6923 15.8746 7.66978 8.20481 51.0932 30.0883 16.6904 8.83238 49.3277 19.6937 12.4664
internal_count=4906 2975 1931 1767 715 479 236 1216 152 1208 314 165 60 982 243 785 735 288 525 131 105 50 55 457 268 150 79 223 157 100
is_linear=0
shrinkage=0.1


Tree=13
num_leaves=31
num_cat=0
split_feature=15 7 227 13 14 80 88 54 78 99 14 11 64 10 0 53 16 139 49 102 113 8 16 11 93 98 73 54 13 96
split_gain=22.8773 16.8202 6.27343 6.10441 5.84385 5.05336 5.0016 6.44523 4.57699 4.46412 6.36633 4.41294 5.14008 4.31992 4.63438 4.60211 4.09296 4.3137 4.04794 3.62424 3.56412 3.36557 3.54519 4.0733 3.29713 4.24815 4.62 3.11701 3.05157 3.37136
threshold=1.0000000180025095e-35 1.0000000180025095e-35 1.0000000180025095e-35 1.0000000180025095e-35 1.0000000180025095e-35 1.0000000180025095e-35 1.0000000180025095e-35 1.0000000180025095e-35 1.0000000180025095e-35 1.0000000180025095e-35 1.0000000180025095e-35 1.0000000180025095e-35 1.0000000180025095e-35 1.0000000180025095e-35 13.151266574859621 1.0000000180025095e-35 1.0000000180025095e-35 1.0000000180025095e-35 1.0000000180025095e-35 1.0000000180025095e-35 1.0000000180025095e-35 1.0000000180025095e-35 1.0000000180025095e-35 1.0000000180025095e-35 1.0000000180025095e-35 1.0000000180025095e-35 1.0000000180025095e-35 1.0000000180025095e-35 1.0000000180025095e-35 1.0000000180025095e-35
decision_type=2 2 2 2 2 2 2 2 2 2 2 2 2 2 2 2 2 2 2 2 2 2 2 2 2 2 2 2 2 2
left_child=1 4 3 9 28 6 7 -5 11 10 -2 12 -9 15 18 -12 17 20 -15 -6 -3 22 -11 -24 25 -18 -27 -21 29 -1
right_child=2 16 -4 5 19 -7 -8 8 -10 21 13 -13 -14 14 -16 -17 24 -19 -20 27 -22 -23 23 -25 -26 26 -28 -29 -30 -31
leaf_value=-0.017969992310708324 0.045602578630841606 -0.0014405868490755163 -0.096457515661926577 -0.033128778822060362 -0.0661335604354574 0.065554646755986767 0.089896002477583697 0.047745405073662123 -0.08618167573649356 -0.01302531309203241 0.038657848945616434 -0.018246314044923835 -0.064132582169478494 -0.08292095560810446 0.046155974328633415 -0.036513377215984161 0.012880895178778424 -0.074721467109357079 0.010940016010502207 0.08953423637507818 -0.087423837495277282 -0.039430480600245621 0.011452046951108715 0.12819223044560332 -0.062022496312253345 -0.003316540565864428 0.13013383743471837 -0.05460445786001266 -0.042341276264658292 0.055566776489355742
leaf_weight=60.164232589304447 136.16590124368668 107.44584915041924 4.9005279541015616 57.983466602861881 70.96375323086977 11.173981487751005 5.3968348354101172 40.249640308320522 4.4736428856849662 16.087433636188507 48.430903032422066 22.129683628678322 4.573178529739379 12.244596652686601 7.1914388239383689 9.7907347083091718 88.651499822735786 9.7240951135754568 7.354576662182807 2.8914627879858008 5.047319881618022 15.886173158884047 7.4922069013118762 4.9725556522607803 5.1354957520961753 4.212728023529051 6.7521791160106659 3.1182865649461746 53.649123750627041 6.9551409408450118
leaf_count=485 586 610 23 298 724 52 25 189 21 74 218 109 23 70 33 44 427 62 38 23 32 72 34 22 26 20 31 24 454 57
internal_value=-0.000634181 -0.0169651 0.0160188 0.0173579 -0.0382859 0.000930627 -0.004426 -0.00835956 0.011748 0.0263862 0.0321972 0.0182915 0.0363307 0.0107255 -0.0225059 0.0260168 0.00161022 -0.010822 -0.0476997 -0.0598189 -0.00529847 -0.00253608 0.0179916 0.0580231 0.0161153 0.0201435 0.0788621 0.0147448 -0.0245614 -0.0103499
internal_weight=841.209 424.711 416.497 411.597 197.742 145.98 134.806 129.41 71.4261 265.617 221.178 66.9525 44.8228 85.0122 26.7906 58.2216 226.969 122.217 19.5992 76.9735 112.493 44.4384 28.5522 12.4648 104.752 99.6164 10.9649 6.00975 120.768 67.1194
internal_count=4906 2975 1931 1908 1767 717 665 640 342 1191 989 321 212 403 141 262 1208 704 108 771 642 202 130 56 504 478 51 47 996 542
is_linear=0
shrinkage=0.1


Tree=14
num_leaves=31
num_cat=0
split_feature=15 7 16 7 5 14 101 16 67 69 51 137 5 12 13 0 113 8 5 95 62 21 78 81 13 26 12 60 10 31
split_gain=18.6949 14.2254 5.82672 5.6252 3.6103 3.60593 3.07541 3.74697 4.24382 7.24706 3.37906 2.95497 4.0288 4.20325 3.3183 2.95132 2.94148 2.90266 2.88989 3.06766 2.92325 4.70653 2.89824 3.46962 5.63011 4.73868 2.8927 3.40689 3.12483 2.86345
threshold=1.0000000180025095e-35 1.0000000180025095e-35 1.0000000180025095e-35 1.0000000180025095e-35 1.0000000180025095e-35 1.0000000180025095e-35 1.0000000180025095e-35 1.0000000180025095e-35 1.0000000180025095e-35 1.0000000180025095e-35 1.0000000180025095e-35 1.0000000180025095e-35 1.0000000180025095e-35 1.0000000180025095e-35 1.0000000180025095e-35 6.0766596794128427 1.0000000180025095e-35 1.0000000180025095e-35 1.0000000180025095e-35 1.0000000180025095e-35 1.0000000180025095e-35 1.0000000180025095e-35 1.0000000180025095e-35 1.0000000180025095e-35 1.0000000180025095e-35 1.0000000180025095e-35 1.0000000180025095e-35 1.0000000180025095e-35 1.0000000180025095e-35 1.0000000180025095e-35
decision_type=2 2 2 2 2 2 2 2 2 2 2 2 2 2 2 2 2 2 2 2 2 2 2 2 2 2 2 2 2 2
left_child=1 2 4 -2 -1 -3 7 11 9 -9 -10 12 17 -14 -13 -15 18 29 20 22 -4 -22 23 26 25 -25 27 -20 -29 -5
right_child=3 5 16 6 -6 -7 -8 8 10 -11 -12 14 13 15 -16 -17 -18 -19 19 -21 21 -23 -24 24 -26 -27 -28 28 -30 -31
leaf_value=-0.071632747168091912 0.0048837413561558093 0.010397133864126697 -0.061174616545181908 0.036408749967525009 -0.033190435246317755 -0.016299953618494716 0.099984607273973555 0.12621175528814157 0.0067517002699973268 0.0060737588553318508 0.078837973723224763 -0.10087927085474319 0.070018332163602051 0.055164712510649028 0.016843094297901647 -0.043803678483385206 -0.092831572694365747 -0.023518023164163352 0.083201419546823668 -0.087226717083534411 -0.025200822932317429 0.09259377703551952 -0.08483657848580145 -0.09092396393758588 0.13141203208641009 0.057714417767616502 -0.064884950419772089 0.032383277577239376 -0.1168034623790746 -0.033809102394183048
leaf_weight=49.523477584123611 249.83712259680033 150.58062289655209 18.385936088860035 28.188320964574814 48.214209288358688 76.192292019724846 5.823782965540885 13.565897077322008 25.548122718930244 7.9716752469539633 8.7228424847125989 4.4762721359729749 24.575154185295105 5.2573057413101179 5.1482571661472321 7.0588802546262741 4.9553579762578002 23.239393517374992 4.9661900848150271 3.1690274104475966 28.768280811607838 3.8453478887677184 2.6624028310179702 3.16776240617037 6.2070554196834555 6.6421377062797546 5.8588681593537322 3.3712965175509453 2.4059857055544853 7.314561426639556
leaf_count=525 1229 722 161 118 457 486 24 57 108 33 36 19 104 22 23 29 50 98 39 25 252 34 19 22 39 45 50 29 20 31
internal_value=-0.000616932 -0.015535 -0.0355544 0.0143795 -0.0526691 0.00142731 0.0285948 0.0260135 0.0469602 0.0817452 0.0250995 0.0149075 0.0202228 0.0461226 -0.0379084 -0.00155788 -0.0178358 0.00395726 -0.0136812 0.00701933 -0.0292881 -0.0113121 0.0154846 0.0236728 0.0568774 0.00971688 -0.008361 0.0224639 -0.0297465 0.021942
internal_weight=835.644 418.916 192.143 416.728 97.7377 226.773 166.89 161.067 55.8085 21.5376 34.271 105.258 95.6336 36.8913 9.62453 12.3162 94.4056 58.7423 89.4503 38.4507 50.9996 32.6136 35.2817 32.6193 16.017 9.8099 16.6023 10.7435 5.77728 35.5029
internal_count=4906 2975 1767 1931 982 1208 702 678 234 90 144 444 402 155 42 51 785 247 735 288 447 286 263 244 106 67 138 88 49 149
is_linear=0
shrinkage=0.1


Tree=15
num_leaves=31
num_cat=0
split_feature=15 7 14 227 14 0 1 61 7 10 84 0 78 72 16 12 102 13 83 98 73 93 105 0 74 0 0 6 0 1
split_gain=15.3155 12.0675 5.36208 5.15817 4.90098 4.21512 7.41201 4.24845 4.53265 4.05157 4.52982 5.0943 4.01909 3.79046 3.73491 3.6657 4.32812 3.6509 6.71902 4.47197 8.10004 4.70004 4.7124 4.37648 4.57384 5.56198 3.91147 4.01167 3.49431 6.91443
threshold=1.0000000180025095e-35 1.0000000180025095e-35 1.0000000180025095e-35 1.0000000180025095e-35 1.0000000180025095e-35 13.938398361206056 0.61076888442039501 1.0000000180025095e-35 1.0000000180025095e-35 1.0000000180025095e-35 1.0000000180025095e-35 7.5879535675048837 1.0000000180025095e-35 1.0000000180025095e-35 1.0000000180025095e-35 1.0000000180025095e-35 1.0000000180025095e-35 1.0000000180025095e-35 1.0000000180025095e-35 1.0000000180025095e-35 1.0000000180025095e-35 1.0000000180025095e-35 1.0000000180025095e-35 3.7686516046524052 1.0000000180025095e-35 12.581793308258058 16.425735473632816 1.0000000180025095e-35 8.8720054626464862 -0.24207163602113721
decision_type=2 2 2 2 2 2 2 2 2 2 2 2 2 2 2 2 2 2 2 2 2 2 2 2 2 2 2 2 2 2
left_child=1 2 -1 4 5 -2 -7 13 -9 12 11 -11 28 -8 -10 16 -4 19 23 21 -21 22 -3 -19 25 -25 27 -27 29 -6
right_child=3 17 15 -5 9 6 7 8 14 10 -12 -13 -14 -15 -16 -17 -18 18 -20 20 -22 -23 -24 24 -26 26 -28 -29 -30 -31
leaf_value=-0.01974085594397507 0.014935552745919917 0.0046071199539475414 -0.046256214747795593 -0.090655485010148376 0.016287612334605756 0.13219034434185367 -0.015703740466914827 -0.048206307130730083 0.084529498104049583 -0.085563533879847498 0.072606207365675496 -0.010128973069152667 -0.06633323796974111 0.069940869791257271 -0.026259245631440997 -0.083007735691354889 0.065441565869335638 0.054548209751804071 -0.078970114614562881 -0.01838111862116799 0.12929895816052506 -0.092030462222571718 0.096727631313677495 -0.022894376310497982 -0.050233575997890724 0.035120430294445414 -0.0227243372418518 0.15318946572933095 -0.002038157669779374 0.11692428573556819
leaf_weight=115.61102835834026 203.93651421368122 110.52523557841778 39.735116712749004 4.7529314607381812 33.284269914031029 8.3300344496965391 6.3569852113723746 11.004214003682137 7.5033984929323196 13.919193454086779 4.1702057048678389 25.089316576719284 6.413279026746749 27.6205845028162 5.1187432408332825 27.758803151547909 3.8008798062801352 11.34035776555538 13.638885356485842 6.7313419058918926 8.2855727076530457 4.7711758762598029 5.8467836380004874 26.499781742691994 21.736640699207783 7.3795076608657855 5.1744649410247794 4.7173544317483902 51.084475740790367 8.5889783352613431
leaf_count=996 915 594 436 23 160 35 28 51 31 84 21 128 33 119 21 305 30 61 74 37 41 27 29 140 118 37 27 23 243 39
internal_value=-0.00059377 -0.0142311 -0.0330419 0.0129252 0.0141189 0.0220417 0.0440213 0.0312713 -0.00129636 -0.000880198 -0.0264557 -0.0370459 0.0102329 0.0539173 0.0396006 -0.0546107 -0.0365045 0.0012813 -0.0142876 0.0116278 0.0631013 0.00524714 0.00923546 -0.00280781 -0.012737 0.00588375 0.0500387 0.0811632 0.0155153 0.0369301
internal_weight=830.726 413.553 186.906 417.173 412.42 269.87 65.934 57.6039 23.6264 142.55 43.1787 39.0085 99.371 33.9776 12.6221 71.2948 43.536 226.647 90.487 136.16 15.0169 121.143 116.372 76.8481 65.5077 43.7711 17.2713 12.0969 92.9577 41.8732
internal_count=4906 2975 1767 1931 1908 1200 285 250 103 708 233 212 475 147 52 771 466 1208 480 728 78 650 623 406 345 227 87 60 442 199
is_linear=0
shrinkage=0.1


Tree=16
num_leaves=31
num_cat=0
split_feature=15 7 16 13 54 78 11 78 99 14 0 0 5 0 16 139 8 1 69 73 0 61 24 105 138 9 54 14 9 81
split_gain=12.527 10.1319 5.18439 4.64645 4.42307 4.51411 4.31066 4.22459 3.93578 4.30667 3.86265 7.07292 3.46456 3.42762 3.29791 3.66667 3.15053 3.12652 4.06186 5.64299 9.10532 3.09445 3.09323 5.83987 3.1763 3.09187 2.99794 6.92373 3.79764 6.70665
threshold=1.0000000180025095e-35 1.0000000180025095e-35 1.0000000180025095e-35 1.0000000180025095e-35 1.0000000180025095e-35 1.0000000180025095e-35 1.0000000180025095e-35 1.0000000180025095e-35 1.0000000180025095e-35 1.0000000180025095e-35 2.4503763914108281 3.0691307783126835 1.0000000180025095e-35 16.495551109313968 1.0000000180025095e-35 1.0000000180025095e-35 1.0000000180025095e-35 0.67815041542053234 1.0000000180025095e-35 1.0000000180025095e-35 9.8631072044372576 1.0000000180025095e-35 1.0000000180025095e-35 1.0000000180025095e-35 1.0000000180025095e-35 1.0000000180025095e-35 1.0000000180025095e-35 1.0000000180025095e-35 1.0000000180025095e-35 1.0000000180025095e-35
decision_type=2 2 2 2 2 2 2 2 2 2 2 2 2 2 2 2 2 2 2 2 2 2 2 2 2 2 2 2 2 2
left_child=1 2 12 8 7 6 13 -5 9 -2 -11 -12 -1 17 15 -3 -10 18 19 25 -21 -8 -4 24 -24 -6 -14 28 29 -28
right_child=3 14 22 4 5 -7 21 -9 16 10 11 -13 26 -15 -16 -17 -18 -19 -20 20 -22 -23 23 -25 -26 -27 27 -29 -30 -31
leaf_value=-0.06694434612441269 0.035795334185461027 -0.0051293319287663581 -0.077341466329073238 -0.030381348389478452 0.13569439989759022 -0.076360118845648972 0.022700221721655828 0.049072410898792773 0.012366792861645106 0.10564393964768298 -0.12296183726563686 0.0095458232157868885 -0.057405996623672129 -0.048502722574503589 0.014065825789609902 -0.070564677255178995 -0.042765904664874621 0.11581613700351344 -0.031411642859536036 -0.055931321678848095 0.08289889830274827 -0.048799359135017761 -0.0088406597176585496 0.12369225521152112 -0.096168208601571825 0.045051114828987632 0.17042088344149431 -0.070684108961590567 -0.0063597055800042775 -0.03538355304261144
leaf_weight=45.517228923738003 138.23250107467175 112.08624321222305 7.0412387177348128 59.897611871361732 8.3067203238606435 5.2667483910918227 11.382884606719017 7.5336825251579276 28.685187920928001 3.8115815594792357 4.2492230013012877 77.462731301784515 19.702674105763435 4.4122239202260962 105.15648463368416 9.271775931119917 16.228969998657703 5.3275005519390097 7.6448425203561774 9.5469387024641055 9.351818695664404 12.927557840943336 76.306228406727314 3.2215327918529502 4.4055003970861426 6.8798962831497184 4.1761899366974822 10.061607301235199 9.2497585341334343 2.5504223853349686
leaf_count=525 593 642 56 307 38 25 55 37 130 19 22 366 197 21 504 62 74 23 36 46 43 64 670 23 36 32 34 118 84 24
internal_value=-0.000576589 -0.0130183 -0.0305714 0.0116145 -0.00258241 0.0131608 0.0193825 -0.0215045 0.0194603 0.0248829 0.00724507 0.0026551 -0.0474121 0.0357738 0.00110335 -0.0101286 -0.00755447 0.0436757 0.0344659 0.0492412 0.0127671 -0.0153211 -0.0136782 -0.00833743 -0.0136073 0.0946308 -0.0279752 -0.0057053 0.0352171 0.0923893
internal_weight=825.896 408.747 182.232 417.149 148.478 81.0471 75.7804 67.4313 268.67 223.756 85.5235 81.712 91.2579 51.4699 226.515 121.358 44.9142 47.0577 41.7302 34.0854 18.8988 24.3104 90.9745 83.9333 80.7117 15.1866 45.7407 26.038 15.9764 6.72661
internal_count=4906 2975 1767 1931 727 383 358 344 1204 1000 407 388 982 239 1208 704 204 218 195 159 89 119 785 729 706 70 457 260 142 58
is_linear=0
shrinkage=0.1


Tree=17
num_leaves=31
num_cat=0
split_feature=14 13 16 13 8 83 54 167 74 54 0 1 61 99 0 68 12 11 6 99 61 15 133 21 7 113 0 0 1 15
split_gain=11.1259 6.95626 6.61749 4.84126 4.67194 4.60753 5.89956 3.97321 4.31704 5.86479 4.06307 4.00288 5.68262 3.80206 5.14797 4.18184 4.04384 4.23258 3.62724 6.59752 6.5034 5.64603 3.58468 3.57556 3.55668 3.63554 3.54534 8.99634 6.77731 3.95432
threshold=1.0000000180025095e-35 1.0000000180025095e-35 1.0000000180025095e-35 1.0000000180025095e-35 1.0000000180025095e-35 1.0000000180025095e-35 1.0000000180025095e-35 1.0000000180025095e-35 1.0000000180025095e-35 1.0000000180025095e-35 3.2950034141540532 0.57973989844322216 1.0000000180025095e-35 1.0000000180025095e-35 14.205338954925539 1.0000000180025095e-35 1.0000000180025095e-35 1.0000000180025095e-35 1.0000000180025095e-35 1.0000000180025095e-35 1.0000000180025095e-35 1.0000000180025095e-35 1.0000000180025095e-35 1.0000000180025095e-35 1.0000000180025095e-35 1.0000000180025095e-35 3.4811772108078007 3.7686516046524052 -0.15446041524410245 1.0000000180025095e-35
decision_type=2 2 2 2 2 2 2 2 2 2 2 2 2 2 2 2 2 2 2 2 2 2 2 2 2 2 2 2 2 2
left_child=1 13 3 4 -2 7 23 8 10 -10 22 -12 -13 24 15 -15 17 -16 19 21 -21 -4 -3 -7 25 -1 -11 -28 -29 -30
right_child=2 5 18 -5 -6 6 -8 -9 9 26 11 12 -14 14 16 -17 -18 -19 -20 20 -22 -23 -24 -25 -26 -27 27 28 29 -31
leaf_value=0.013732588486900652 -0.0006183712696374332 0.12315451401666438 -0.025005077782964621 -0.05214924842203799 -0.043296978886123674 -0.10019278150763077 0.0051876633333375532 -0.072312423053316963 -0.092576142298555597 -0.14498870688908999 -0.0042648028246449546 0.065748921318533271 -0.047944467572069299 -0.013210769357214245 0.023492306710208508 -0.10266266150082536 -0.027966938446288336 0.14932074725392405 -0.023467986425903947 -0.011350155786531679 0.14274662621841883 0.033498071451918653 0.024039410445767642 0.015545681213657398 0.033356342012312919 -0.07047447006863157 0.21084563156207117 -0.091260079862092364 -0.026763695997516414 0.038249662626315156
leaf_weight=124.04267186671495 68.121078677475452 5.9295959621667835 35.687246032059193 59.4450523853302 41.139404058456421 14.647461004555227 15.480604991316794 7.2330451980233184 9.1186900809407216 1.7535775005817402 77.392037972807884 20.309773802757267 5.610684022307395 27.748790442943573 6.8682444170117396 6.4389474168419829 6.2298286259174338 4.3768970370292664 38.045148514211178 4.4356691241264325 7.1589974015951157 30.676113173365593 9.4872665405273438 3.2640672773122779 137.36000302433968 5.3481629714369765 1.9377707317471493 8.2435482442378909 17.092643558979042 20.667808949947357
leaf_count=759 443 33 273 479 295 89 89 43 56 10 449 104 30 151 36 34 33 22 260 26 48 148 50 20 613 32 10 49 130 92
internal_value=-0.00056255 0.0079156 -0.0165411 -0.0291831 -0.016688 -0.00583968 -0.040025 0.000338162 0.00329792 -0.0188575 0.0142729 0.00712675 0.0411391 0.0173404 -0.00748972 -0.0300582 0.0366629 0.072468 0.00184445 0.0141975 0.0837952 0.00203769 0.0621608 -0.0791014 0.0221493 0.010252 -0.0053307 -0.000222394 -0.00911296 0.00882072
internal_weight=821.291 536.582 284.709 168.706 109.26 218.169 33.3921 184.776 177.543 58.814 118.729 103.312 25.9205 318.414 51.6627 34.1877 17.475 11.2451 116.003 77.958 11.5947 66.3634 15.4169 17.9115 266.751 129.391 49.6953 47.9418 46.004 37.7605
internal_count=4906 2934 1972 1217 738 1254 198 1056 1013 347 666 583 134 1680 276 185 91 58 755 495 74 421 83 109 1404 791 291 281 271 222
is_linear=0
shrinkage=0.1


Tree=18
num_leaves=31
num_cat=0
split_feature=15 7 16 227 7 113 83 5 23 1 174 0 70 54 68 0 24 105 138 168 14 10 26 16 13 101 81 53 33 55
split_gain=9.55208 7.99932 4.44823 4.22417 4.02742 3.73308 3.46356 3.41161 3.91057 2.88052 5.00373 3.63909 3.62483 3.879 3.73692 2.97032 2.70637 4.4885 2.84657 2.66076 2.6229 3.36779 5.17596 3.89415 2.75186 2.59236 2.53426 2.51223 2.30409 2.45664
threshold=1.0000000180025095e-35 1.0000000180025095e-35 1.0000000180025095e-35 1.0000000180025095e-35 1.0000000180025095e-35 1.0000000180025095e-35 1.0000000180025095e-35 1.0000000180025095e-35 1.0000000180025095e-35 0.58901816606521618 1.0000000180025095e-35 13.882272243499758 1.0000000180025095e-35 1.0000000180025095e-35 1.0000000180025095e-35 15.63039016723633 1.0000000180025095e-35 1.0000000180025095e-35 1.0000000180025095e-35 1.0000000180025095e-35 1.0000000180025095e-35 1.0000000180025095e-35 1.0000000180025095e-35 1.0000000180025095e-35 1.0000000180025095e-35 1.0000000180025095e-35 1.0000000180025095e-35 1.0000000180025095e-35 1.0000000180025095e-35 1.0000000180025095e-35
decision_type=2 2 2 2 2 2 2 2 2 2 2 2 2 2 2 2 2 2 2 2 2 2 2 2 2 2 2 2 2 2
left_child=1 2 6 4 -2 25 7 8 -1 11 12 20 -11 27 -15 -16 -4 18 -18 -9 -3 23 26 -22 -24 -6 -23 -14 29 -25
right_child=3 9 16 -5 5 -7 -8 19 -10 10 -12 -13 13 14 15 -17 17 -19 -20 -21 21 22 24 28 -26 -27 -28 -29 -30 -31
leaf_value=0.073608738745371091 0.0031052794340114438 0.0068491868431586099 -0.07324919099323611 -0.085345480938747539 0.017544157047301969 0.09311554675284564 -0.089348060121283157 -0.0063837547731657425 -0.065339051236315907 -0.06650312385648055 0.097811711747044339 -0.074012174144290385 0.12243669237886828 -0.051422456540376929 -0.023351418456808586 0.071713121015239203 -0.0073627810413779207 0.10495493751104013 -0.092879643338475246 -0.11186356398997779 -0.071645400058524766 0.1480659574761872 0.0053813684836446054 0.064743700111979538 -0.095594605868352445 0.086122578817524831 0.024508462943495599 0.030614549819444586 -0.066925002868237091 -0.019478909446191326
leaf_weight=2.1555520072579375 247.61828649789095 112.44551338255405 6.6487011685967436 4.5874185711145392 150.43542079627514 7.3219143301248542 13.911572419106959 34.58118686825037 33.577715687453747 5.5311964303255072 7.4621313810348502 7.3242268264293662 4.7379046678543064 9.6592969298362732 5.8326037004590034 7.530004546046257 75.417446359992027 3.4363623782992354 4.1042383685708037 2.5691491216421118 17.508355543017387 3.2871439158916482 9.9760617315769178 5.6540132015943536 3.6998818367719659 5.7217869758605948 3.3536059260368347 8.0291291773319244 4.7666266560554496 8.9380781054496765
leaf_count=23 1213 540 56 23 639 32 163 352 416 29 38 38 22 47 29 38 670 23 36 28 142 22 66 32 26 24 22 40 27 50
internal_value=-0.000547082 -0.011535 -0.0274896 0.0100827 0.0111476 0.0233291 -0.0436245 -0.034897 -0.0569572 0.000932851 0.0224475 -0.00499827 0.00883723 0.0204811 -0.00403547 0.0302187 -0.0118611 -0.00694109 -0.0117764 -0.0136783 -0.0020184 -0.0194555 0.0132355 -0.0374709 -0.0219366 0.020057 0.0856689 0.0646902 -0.00656287 0.0131549
internal_weight=817.823 402.138 176.402 415.685 411.097 163.479 86.7952 72.8836 35.7333 225.736 48.7823 176.954 41.3201 35.7889 23.0219 13.3626 89.6067 82.958 79.5217 37.1503 169.629 57.1838 20.3167 36.8671 13.6759 156.157 6.64075 12.767 19.3587 14.5921
internal_count=4906 2975 1767 1931 1908 695 982 819 439 1208 243 965 205 176 114 67 785 729 706 380 927 387 136 251 92 663 44 62 109 82
is_linear=0
shrinkage=0.1


end of trees

feature_importances:
Column_0=67
Column_14=46
Column_16=43
Column_13=36
Column_7=35
Column_5=28
Column_15=20
Column_10=19
Column_113=14
Column_1=13
Column_54=13
Column_81=13
Column_8=11
Column_11=10
Column_12=10
Column_73=9
Column_78=9
Column_99=8
Column_9=7
Column_42=7
Column_61=7
Column_84=7
Column_6=6
Column_21=6
Column_83=6
Column_102=6
Column_67=5
Column_79=5
Column_105=5
Column_139=5
Column_26=4
Column_53=4
Column_60=4
Column_138=4
Column_22=3
Column_24=3
Column_62=3
Column_93=3
Column_95=3
Column_96=3
Column_98=3
Column_101=3
Column_132=3
Column_137=3
Column_227=3
Column_40=2
Column_41=2
Column_64=2
Column_68=2
Column_69=2
Column_71=2
Column_72=2
Column_74=2
Column_88=2
Column_130=2
Column_140=2
Column_23=1
Column_31=1
Column_32=1
Column_33=1
Column_34=1
Column_36=1
Column_44=1
Column_49=1
Column_51=1
Column_55=1
Column_57=1
Column_59=1
Column_70=1
Column_80=1
Column_82=1
Column_86=1
Column_94=1
Column_108=1
Column_133=1
Column_135=1
Column_167=1
Column_168=1
Column_174=1

parameters:
[boosting: gbdt]
[objective: binary]
[metric: binary_logloss]
[tree_learner: serial]
[device_type: cpu]
[data_sample_strategy: bagging]
[data: ]
[valid: ]
[num_iterations: 300]
[learning_rate: 0.1]
[num_leaves: 31]
[num_threads: 0]
[seed: 0]
[deterministic: 0]
[force_col_wise: 0]
[force_row_wise: 0]
[histogram_pool_size: -1]
[max_depth: -1]
[min_data_in_leaf: 20]
[min_sum_hessian_in_leaf: 0.001]
[bagging_fraction: 1]
[pos_bagging_fraction: 1]
[neg_bagging_fraction: 1]
[bagging_freq: 0]
[bagging_seed: 7719]
[bagging_by_query: 0]
[feature_fraction: 1]
[feature_fraction_bynode: 1]
[feature_fraction_seed: 2437]
[extra_trees: 0]
[extra_seed: 11797]
[early_stopping_round: 0]
[early_stopping_min_delta: 0]
[first_metric_only: 0]
[max_delta_step: 0]
[lambda_l1: 0]
[lambda_l2: 0]
[linear_lambda: 0]
[min_gain_to_split: 0]
[drop_rate: 0.1]
[max_drop: 50]
[skip_drop: 0.5]
[xgboost_dart_mode: 0]
[uniform_drop: 0]
[drop_seed: 21238]
[top_rate: 0.2]
[other_rate: 0.1]
[min_data_per_group: 100]
[max_cat_threshold: 32]
[cat_l2: 10]
[cat_smooth: 10]
[max_cat_to_onehot: 4]
[top_k: 20]
[monotone_constraints: ]
[monotone_constraints_method: basic]
[monotone_penalty: 0]
[feature_contri: ]
[forcedsplits_filename: ]
[refit_decay_rate: 0.9]
[cegb_tradeoff: 1]
[cegb_penalty_split: 0]
[cegb_penalty_feature_lazy: ]
[cegb_penalty_feature_coupled: ]
[path_smooth: 0]
[interaction_constraints: ]
[verbosity: -1]
[saved_feature_importance_type: 0]
[use_quantized_grad: 0]
[num_grad_quant_bins: 4]
[quant_train_renew_leaf: 0]
[stochastic_rounding: 1]
[linear_tree: 0]
[max_bin: 255]
[max_bin_by_feature: ]
[min_data_in_bin: 3]
[bin_construct_sample_cnt: 200000]
[data_random_seed: 38]
[is_enable_sparse: 1]
[enable_bundle: 1]
[use_missing: 1]
[zero_as_missing: 0]
[feature_pre_filter: 1]
[pre_partition: 0]
[two_round: 0]
[header: 0]
[label_column: ]
[weight_column: ]
[group_column: ]
[ignore_column: ]
[categorical_feature: ]
[forcedbins_filename: ]
[precise_float_parser: 0]
[parser_config_file: ]
[objective_seed: 8855]
[num_class: 1]
[is_unbalance: 0]
[scale_pos_weight: 1]
[sigmoid: 1]
[boost_from_average: 1]
[reg_sqrt: 0]
[alpha: 0.9]
[fair_c: 1]
[poisson_max_delta_step: 0.7]
[tweedie_variance_power: 1.5]
[lambdarank_truncation_level: 30]
[lambdarank_norm: 1]
[label_gain: ]
[lambdarank_position_bias_regularization: 0]
[eval_at: ]
[multi_error_top_k: 1]
[auc_mu_weights: ]
[num_machines: 1]
[local_listen_port: 12400]
[time_out: 120]
[machine_list_filename: ]
[machines: ]
[gpu_platform_id: -1]
[gpu_device_id: -1]
[gpu_device_id_list: ]
[gpu_use_dp: 0]
[num_gpu: 1]

end of parameters

pandas_categorical:null
