tree
version=v4
num_class=1
num_tree_per_iteration=1
label_index=0
max_feature_idx=567
objective=binary sigmoid:1
feature_names=Column_0 Column_1 Column_2 Column_3 Column_4 Column_5 Column_6 Column_7 Column_8 Column_9 Column_10 Column_11 Column_12 Column_13 Column_14 Column_15 Column_16 Column_17 Column_18 Column_19 Column_20 Column_21 Column_22 Column_23 Column_24 Column_25 Column_26 Column_27 Column_28 Column_29 Column_30 Column_31 Column_32 Column_33 Column_34 Column_35 Column_36 Column_37 Column_38 Column_39 Column_40 Column_41 Column_42 Column_43 Column_44 Column_45 Column_46 Column_47 Column_48 Column_49 Column_50 Column_51 Column_52 Column_53 Column_54 Column_55 Column_56 Column_57 Column_58 Column_59 Column_60 Column_61 Column_62 Column_63 Column_64 Column_65 Column_66 Column_67 Column_68 Column_69 Column_70 Column_71 Column_72 Column_73 Column_74 Column_75 Column_76 Column_77 Column_78 Column_79 Column_80 Column_81 Column_82 Column_83 Column_84 Column_85 Column_86 Column_87 Column_88 Column_89 Column_90 Column_91 Column_92 Column_93 Column_94 Column_95 Column_96 Column_97 Column_98 Column_99 Column_100 Column_101 Column_102 Column_103 Column_104 Column_105 Column_106 Column_107 Column_108 Column_109 Column_110 Column_111 Column_112 Column_113 Column_114 Column_115 Column_116 Column_117 Column_118 Column_119 Column_120 Column_121 Column_122 Column_123 Column_124 Column_125 Column_126 Column_127 Column_128 Column_129 Column_130 Column_131 Column_132 Column_133 Column_134 Column_135 Column_136 Column_137 Column_138 Column_139 Column_140 Column_141 Column_142 Column_143 Column_144 Column_145 Column_146 Column_147 Column_148 Column_149 Column_150 Column_151 Column_152 Column_153 Column_154 Column_155 Column_156 Column_157 Column_158 Column_159 Column_160 Column_161 Column_162 Column_163 Column_164 Column_165 Column_166 Column_167 Column_168 Column_169 Column_170 Column_171 Column_172 Column_173 Column_174 Column_175 Column_176 Column_177 Column_178 Column_179 Column_180 Column_181 Column_182 Column_183 Column_184 Column_185 Column_186 Column_187 Column_188 Column_189 Column_190 Column_191 Column_192 Column_193 Column_194 Column_195 Column_196 Column_197 Column_198 Column_199 Column_200 Column_201 Column_202 Column_203 Column_204 Column_205 Column_206 Column_207 Column_208 Column_209 Column_210 Column_211 Column_212 Column_213 Column_214 Column_215 Column_216 Column_217 Column_218 Column_219 Column_220 Column_221 Column_222 Column_223 Column_224 Column_225 Column_226 Column_227 Column_228 Column_229 Column_230 Column_231 Column_232 Column_233 Column_234 Column_235 Column_236 Column_237 Column_238 Column_239 Column_240 Column_241 Column_242 Column_243 Column_244 Column_245 Column_246 Column_247 Column_248 Column_249 Column_250 Column_251 Column_252 Column_253 Column_254 Column_255 Column_256 Column_257 Column_258 Column_259 Column_260 Column_261 Column_262 Column_263 Column_264 Column_265 Column_266 Column_267 Column_268 Column_269 Column_270 Column_271 Column_272 Column_273 Column_274 Column_275 Column_276 Column_277 Column_278 Column_279 Column_280 Column_281 Column_282 Column_283 Column_284 Column_285 Column_286 Column_287 Column_288 Column_289 Column_290 Column_291 Column_292 Column_293 Column_294 Column_295 Column_296 Column_297 Column_298 Column_299 Column_300 Column_301 Column_302 Column_303 Column_304 Column_305 Column_306 Column_307 Column_308 Column_309 Column_310 Column_311 Column_312 Column_313 Column_314 Column_315 Column_316 Column_317 Column_318 Column_319 Column_320 Column_321 Column_322 Column_323 Column_324 Column_325 Column_326 Column_327 Column_328 Column_329 Column_330 Column_331 Column_332 Column_333 Column_334 Column_335 Column_336 Column_337 Column_338 Column_339 Column_340 Column_341 Column_342 Column_343 Column_344 Column_345 Column_346 Column_347 Column_348 Column_349 Column_350 Column_351 Column_352 Column_353 Column_354 Column_355 Column_356 Column_357 Column_358 Column_359 Column_360 Column_361 Column_362 Column_363 Column_364 Column_365 Column_366 Column_367 Column_368 Column_369 Column_370 Column_371 Column_372 Column_373 Column_374 Column_375 Column_376 Column_377 Column_378 Column_379 Column_380 Column_381 Column_382 Column_383 Column_384 Column_385 Column_386 Column_387 Column_388 Column_389 Column_390 Column_391 Column_392 Column_393 Column_394 Column_395 Column_396 Column_397 Column_398 Column_399 Column_400 Column_401 Column_402 Column_403 Column_404 Column_405 Column_406 Column_407 Column_408 Column_409 Column_410 Column_411 Column_412 Column_413 Column_414 Column_415 Column_416 Column_417 Column_418 Column_419 Column_420 Column_421 Column_422 Column_423 Column_424 Column_425 Column_426 Column_427 Column_428 Column_429 Column_430 Column_431 Column_432 Column_433 Column_434 Column_435 Column_436 Column_437 Column_438 Column_439 Column_440 Column_441 Column_442 Column_443 Column_444 Column_445 Column_446 Column_447 Column_448 Column_449 Column_450 Column_451 Column_452 Column_453 Column_454 Column_455 Column_456 Column_457 Column_458 Column_459 Column_460 Column_461 Column_462 Column_463 Column_464 Column_465 Column_466 Column_467 Column_468 Column_469 Column_470 Column_471 Column_472 Column_473 Column_474 Column_475 Column_476 Column_477 Column_478 Column_479 Column_480 Column_481 Column_482 Column_483 Column_484 Column_485 Column_486 Column_487 Column_488 Column_489 Column_490 Column_491 Column_492 Column_493 Column_494 Column_495 Column_496 Column_497 Column_498 Column_499 Column_500 Column_501 Column_502 Column_503 Column_504 Column_505 Column_506 Column_507 Column_508 Column_509 Column_510 Column_511 Column_512 Column_513 Column_514 Column_515 Column_516 Column_517 Column_518 Column_519 Column_520 Column_521 Column_522 Column_523 Column_524 Column_525 Column_526 Column_527 Column_528 Column_529 Column_530 Column_531 Column_532 Column_533 Column_534 Column_535 Column_536 Column_537 Column_538 Column_539 Column_540 Column_541 Column_542 Column_543 Column_544 Column_545 Column_546 Column_547 Column_548 Column_549 Column_550 Column_551 Column_552 Column_553 Column_554 Column_555 Column_556 Column_557 Column_558 Column_559 Column_560 Column_561 Column_562 Column_563 Column_564 Column_565 Column_566 Column_567
feature_infos=[2.0013689994812012:17.993154525756836] [-0.7776256799697876:0.99923950433731079] none none none [0:1] [0:1] [0:1] [0:1] [0:1] [0:1] [0:1] [0:1] [0:1] [0:1] [0:1] [0:1] [0:1] [0:1] [0:1] [0:1] [0:1] [0:1] [0:1] [0:1] [0:1] [0:1] [0:1] [0:1] [0:1] [0:1] [0:1] [0:1] [0:1] [0:1] [0:1] [0:1] [0:1] [0:1] [0:1] [0:1] [0:1] [0:1] [0:1] [0:1] [0:1] [0:1] [0:1] [0:1] [0:1] [0:1] [0:1] [0:1] [0:1] [0:1] [0:1] [0:1] [0:1] [0:1] [0:1] [0:1] [0:1] [0:1] [0:1] [0:1] [0:1] [0:1] [0:1] [0:1] [0:1] [0:1] [0:1] [0:1] [0:1] [0:1] [0:1] [0:1] [0:1] [0:1] [0:1] [0:1] [0:1] [0:1] [0:1] [0:1] [0:1] [0:1] [0:1] [0:1] [0:1] [0:1] [0:1] [0:1] [0:1] [0:1] [0:1] [0:1] [0:1] [0:1] [0:1] [0:1] [0:1] [0:1] [0:1] [0:1] [0:1] [0:1] [0:1] [0:1] none none none none [0:1] [0:1] none [0:1] none [0:1] none none [0:1] none none none none [0:1] [0:1] [0:1] [0:1] [0:1] none [0:1] [0:1] [0:1] [0:1] none [0:1] [0:1] [0:1] [0:1] [0:1] [0:1] [0:1] [0:1] [0:1] [0:1] [0:1] [0:1] [0:1] [0:1] [0:1] [0:1] [0:1] [0:1] [0:1] [0:1] none none none none none none none none none none [0:1] [0:1] none none none none none [0:1] [0:1] [0:1] [0:1] [0:1] [0:1] [0:1] [0:1] [0:1] [0:1] [0:1] [0:1] [0:1] [0:1] [0:1] [0:1] [0:1] [0:1] [0:1] [0:1] [0:1] [0:1] [0:1] [0:1] [0:1] [0:1] [0:1] [0:1] none none [0:1] [0:1] [0:1] none [0:1] [0:1] [0:1] [0:1] [0:1] none [0:1] none none [0:1] none [0:1] [0:1] [0:1] [0:1] [0:1] [0:1] [0:1] [0:1] [0:1] [0:1] [0:1] [0:1] [0:1] [0:1] [0:1] [0:1] [0:1] [0:1] [0:1] [0:1] [0:1] [0:1] [0:1] [0:1] [0:1] none none none none none none none none none none none none none none none none none [0:1] [0:1] [0:1] [0:1] [0:1] [0:1] [0:1] [0:1] [0:1] [0:1] none [0:1] [0:1] [0:1] [0:1] none [0:1] [0:1] none none none [0:1] [0:1] none none none none none [0:1] [0:1] [0:1] [0:1] [0:1] [0:1] [0:1] none none none [0:1] none [0:1] [0:1] [0:1] none [0:1] [0:1] [0:1] [0:1] none none [0:1] [0:1] none none none none [0:1] [0:1] none none none [0:1] none none [0:1] [0:1] none none [0:1] [0:1] none none none none none none none none none none none none none none none none none none none none none none none none none none none none none none none none none none none none none none none none none none none none none none none none none none none none none none none none none none none none none none none none none none none none none none none none none none none none none none none none none none none none none none none none none none none none none none none none none none none none none none none none none none none none none none none none none none none none none none none none none none none none none none none none none none none none none none none none none none none none none none none none none none none none none none none none none none none none none none none none none none none none none none none none none none none none none none none none none none none none none none none none none none none none none none none none none none none none none none none none none none none none none none none none none none none none none none none none none none none none none none none none none none none none none none none none none none none none none
tree_sizes=3416 3466 3462 3451 3467 3472 3487 3496 3476 3495 3487 3504 3493 3502 3469 3480 3501 3482 3472 3506 3502 3497

Tree=0
num_leaves=31
num_cat=0
split_feature=8 16 16 13 13 7 7 7 13 11 5 7 13 7 68 84 0 6 47 6 32 11 11 0 11 1 23 35 9 45
split_gain=365.989 211.565 95.2099 50.7515 35.5455 35.1663 29.8894 27.2741 26.027 14.1395 12.5805 10.8719 12.6907 10.3704 10.3166 10.1091 9.8546 9.71008 9.16415 8.86146 9.93086 8.80785 8.55865 8.44318 7.60526 6.28161 5.81425 5.59262 8.1407 5.25841
threshold=1.0000000180025095e-35 1.0000000180025095e-35 1.0000000180025095e-35 1.0000000180025095e-35 1.0000000180025095e-35 1.0000000180025095e-35 1.0000000180025095e-35 1.0000000180025095e-35 1.0000000180025095e-35 1.0000000180025095e-35 1.0000000180025095e-35 1.0000000180025095e-35 1.0000000180025095e-35 1.0000000180025095e-35 1.0000000180025095e-35 1.0000000180025095e-35 11.494866847991945 1.0000000180025095e-35 1.0000000180025095e-35 1.0000000180025095e-35 1.0000000180025095e-35 1.0000000180025095e-35 1.0000000180025095e-35 5.5947980880737314 1.0000000180025095e-35 -0.4741805493831634 1.0000000180025095e-35 1.0000000180025095e-35 1.0000000180025095e-35 1.0000000180025095e-35
decision_type=2 2 2 2 2 2 2 2 2 2 2 2 2 2 2 2 2 2 2 2 2 2 2 2 2 2 2 2 2 2
left_child=2 3 11 7 5 -3 8 9 19 -2 -9 12 -1 22 21 23 -8 -12 25 20 -4 -7 -5 -6 -20 -10 -27 28 -25 -24
right_child=1 4 6 13 15 14 16 10 18 -11 17 -13 -14 -15 -16 -17 -18 -19 24 -21 -22 -23 29 27 -26 26 -28 -29 -30 -31
leaf_value=-1.0980558323222753 -0.99938199310772213 -0.80497155479024651 -0.98246581842783454 -1.1009055318409096 -0.86819539211761143 -0.94129645243813931 -1.0735715765641169 -1.0825430314215418 -1.0339375931530079 -0.91632138673185703 -0.95025141728911977 -1.1603018414647885 -1.1514106793907559 -1.1409804978260125 -1.0574476141817395 -1.1095971153727435 -1.1409144084160185 -1.0811519329049231 -1.050585837709239 -1.0285624114262431 -0.86333558197077953 -0.82040442694990245 -1.046583134766947 -1.0273613634946217 -0.88982421749636886 -1.0139896965225692 -1.1346753786843411 -0.89933476482603536 -0.89639768403305009 -0.92707386120422908
leaf_weight=93.577114701271057 45.638019055128098 63.471362635493279 37.008981838822365 35.666687160730362 11.888895720243452 21.093202084302902 54.26705627143383 40.844109490513802 11.69713933765888 37.200738221406937 17.258074432611465 145.35133799910545 85.139833867549896 32.023315891623497 5.3691787123680106 3.8351276516914359 36.241956308484077 8.4372808337211627 10.930113807320593 32.023315891623497 8.629037216305731 8.4372808337211627 18.4086127281189 17.449830815196041 4.0268840342760077 4.6021531820297232 30.105752065777779 9.0125499814748746 6.5197170078754416 4.6021531820297232
leaf_count=488 238 331 193 186 62 110 283 213 61 194 90 758 444 167 28 20 189 44 57 167 45 44 96 91 21 24 157 47 34 24
internal_value=-1.05293 -0.978345 -1.10509 -1.0362 -0.883899 -0.849307 -1.05581 -1.00038 -1.0267 -0.962082 -1.04805 -1.13999 -1.12347 -1.09521 -0.929939 -0.953765 -1.10054 -0.993234 -1.07537 -0.988237 -0.959941 -0.906756 -1.07023 -0.940446 -1.0073 -1.09731 -1.11867 -0.966489 -0.991739 -1.02268
internal_weight=940.757 387.156 553.601 240.079 147.077 98.371 229.532 149.378 139.023 82.8388 66.5395 324.068 178.717 90.7008 34.8997 48.7061 90.509 25.6954 61.362 77.6613 45.638 29.5305 58.6775 44.871 14.957 46.405 34.7079 32.9821 23.9695 23.0108
internal_count=4906 2019 2887 1252 767 513 1197 779 725 432 347 1690 932 473 182 254 472 134 320 405 238 154 306 234 78 242 181 172 125 120
is_linear=0
shrinkage=1


Tree=1
num_leaves=31
num_cat=0
split_feature=8 16 16 13 7 13 7 7 13 7 13 5 11 7 0 73 50 6 32 6 11 5 9 11 6 0 26 31 0 81
split_gain=292.675 150.924 82.9457 40.5696 24.4698 23.0567 21.8414 20.5357 20.4076 10.1459 11.5294 9.99181 9.97207 9.07404 8.67739 8.57959 8.55649 8.96546 8.2872 7.36371 7.05136 6.9965 6.97167 6.66239 6.54594 8.98743 10.7402 7.32242 6.19742 5.47541
threshold=1.0000000180025095e-35 1.0000000180025095e-35 1.0000000180025095e-35 1.0000000180025095e-35 1.0000000180025095e-35 1.0000000180025095e-35 1.0000000180025095e-35 1.0000000180025095e-35 1.0000000180025095e-35 1.0000000180025095e-35 1.0000000180025095e-35 1.0000000180025095e-35 1.0000000180025095e-35 1.0000000180025095e-35 11.494866847991945 1.0000000180025095e-35 1.0000000180025095e-35 1.0000000180025095e-35 1.0000000180025095e-35 1.0000000180025095e-35 1.0000000180025095e-35 1.0000000180025095e-35 1.0000000180025095e-35 1.0000000180025095e-35 1.0000000180025095e-35 12.510609149932863 1.0000000180025095e-35 1.0000000180025095e-35 13.938398361206056 1.0000000180025095e-35
decision_type=2 2 2 2 2 2 2 2 2 2 2 2 2 2 2 2 2 2 2 2 2 2 2 2 2 2 2 2 2 2
left_child=2 3 9 7 8 6 -3 12 24 10 -1 -9 -2 20 -6 16 -10 -18 23 -13 -5 22 29 -8 25 26 -4 -28 -27 -7
right_child=1 5 4 13 14 21 18 11 15 -11 -12 19 -14 -15 -16 -17 17 -19 -20 -21 -22 -23 -24 -25 -26 28 27 -29 -30 -31
leaf_value=-0.04157413691867963 0.046922512561612902 0.19914107401334366 0.17968036124531139 -0.044266022356455728 -0.018775395180803719 0.065825780685070709 0.053162277188460533 -0.027061497495493705 -0.022987775169512434 -0.10229278049035849 -0.09336587009338769 0.087883561059241111 0.11510766968147208 -0.08300437712020485 -0.082939103729409519 -0.072083032836642358 0.14457287246197301 -0.039361273526591835 0.22019991675838477 -0.025771587832474727 0.026764540335923938 0.14253923617369169 0.12640787869782547 0.15132509211661485 0.021662727882073268 -0.077220032749978629 0.034699221702300401 0.18575377059870415 0.061967640903747429 -0.032792236430399913
leaf_weight=91.525458455085754 46.807001501321793 70.670115500688553 12.872803598642347 34.835000038146973 53.724695786833763 16.16920667886734 21.411451697349548 40.257719546556473 28.018385514616966 137.71082618832588 81.039026498794556 18.097714483737946 39.591317743062973 30.645907133817673 34.684272542595863 21.084652110934258 7.4599971324205381 4.1100108474493027 5.2797849625349036 8.3218619823455828 23.340211272239685 14.910584062337874 11.245770841836928 10.211597338318827 32.398481234908104 4.9654341489076605 16.846958398818973 3.9642720073461524 8.9921026676893216 8.6373914480209368
leaf_count=488 238 331 64 186 283 81 107 213 149 758 444 90 194 167 189 112 38 21 26 44 120 74 55 49 167 25 85 19 45 44
internal_value=-0.000270908 0.0644967 -0.0483525 0.014796 -0.00271908 0.140331 0.16658 0.0459914 0.0231847 -0.0820503 -0.0658964 0.00429816 0.0781678 -0.0389666 -0.0439479 -0.0205559 0.00688731 0.079234 0.104224 0.0520835 -0.0157682 0.0849246 0.0610963 0.0848606 0.0563415 0.0799246 0.107883 0.0634732 0.0124512 0.031488
internal_weight=939.83 400.433 539.397 241.897 229.122 158.536 107.573 153.076 140.713 310.275 172.564 66.6773 86.3983 88.8211 88.409 60.673 39.5884 11.57 36.9028 26.4196 58.1752 50.963 36.0524 31.623 80.0401 47.6416 33.684 20.8112 13.9575 24.8066
internal_count=4906 2019 2887 1252 1197 767 513 779 725 1690 932 347 432 473 472 320 208 59 182 134 306 254 180 156 405 238 168 104 70 125
is_linear=0
shrinkage=0.1


Tree=2
num_leaves=31
num_cat=0
split_feature=8 16 16 13 7 13 13 7 7 7 13 6 0 140 7 0 73 9 0 68 50 6 9 1 0 5 11 133 0 12
split_gain=236.344 112.029 72.1866 32.5944 20.0404 16.3275 16.1003 15.6973 15.1833 9.51149 10.4944 8.98896 9.59343 8.2861 7.94074 7.63847 7.26399 6.94598 7.69258 6.87493 6.70178 6.67132 6.4741 6.50005 6.21458 6.17993 5.81712 5.71592 5.27993 5.02889
threshold=1.0000000180025095e-35 1.0000000180025095e-35 1.0000000180025095e-35 1.0000000180025095e-35 1.0000000180025095e-35 1.0000000180025095e-35 1.0000000180025095e-35 1.0000000180025095e-35 1.0000000180025095e-35 1.0000000180025095e-35 1.0000000180025095e-35 1.0000000180025095e-35 16.286105155944828 1.0000000180025095e-35 1.0000000180025095e-35 11.494866847991945 1.0000000180025095e-35 1.0000000180025095e-35 14.800821304321291 1.0000000180025095e-35 1.0000000180025095e-35 1.0000000180025095e-35 1.0000000180025095e-35 -0.15446041524410245 9.9780974388122576 1.0000000180025095e-35 1.0000000180025095e-35 1.0000000180025095e-35 12.462697029113771 1.0000000180025095e-35
decision_type=2 2 2 2 2 2 2 2 2 2 2 2 2 2 2 2 2 2 2 2 2 2 2 2 2 2 2 2 2 2
left_child=2 3 9 7 6 8 -4 11 -3 10 -1 17 22 25 26 -6 20 29 24 -10 -8 -22 23 -13 -19 28 -5 -16 -9 -2
right_child=1 5 4 14 15 -7 16 13 19 -11 -12 12 -14 -15 27 -17 -18 18 -20 -21 21 -23 -24 -25 -26 -27 -28 -29 -30 -31
leaf_value=-0.038258880058666192 0.10420729230100351 0.16687291651421743 0.049355260208458346 -0.040797767512099951 -0.017064091943264702 0.073578994040379583 -0.020942070945380958 -0.056356817966521026 0.10712840100913312 -0.097592690394649434 -0.088583156272924526 0.11731802082934076 0.16169636285193689 0.12918744956485015 -0.094539677518974657 -0.078190352104582792 -0.06743460051681259 0.11375690766266111 0.042638942833223163 -0.012850956017936184 0.12178870553807862 -0.036125573984235083 -0.050492202030376521 0.0046786129546300265 0.2406518887739694 0.033120836167530386 0.023773479154829018 0.041437439522293264 0.025279035156882474 0.021054086074239333
leaf_weight=89.614474534988403 15.006738871335983 75.598483622074127 81.953168153762817 34.058761864900589 53.228596106171608 52.77656115591526 27.697398766875267 26.105533242225647 32.87779039144516 130.29653224349022 77.081140458583832 7.7630081176757804 4.9505591094493857 4.8850572258234015 25.813166007399563 33.190736085176468 20.324769169092178 7.8405388891696948 5.9808487743139258 5.5875594019889823 7.9411428570747358 4.0344314575195312 10.970173269510267 15.065488338470461 7.6008842885494232 24.353761211037636 23.632594585418701 3.5119953751564017 11.374553769826887 14.112729445099831
leaf_count=488 72 331 405 186 283 254 149 140 154 758 444 38 24 25 147 189 112 38 29 28 38 21 53 73 37 121 120 20 61 68
internal_value=-0.000444044 0.0564702 -0.0448463 0.0131522 -0.00257438 0.119569 0.0205394 0.040503 0.140848 -0.077351 -0.0615292 0.0679223 0.0316859 0.00380729 -0.0358844 -0.0405406 -0.0188213 0.0957039 0.138925 0.0896999 0.0060836 0.0685892 0.012643 0.0429825 0.17622 -0.00609812 -0.0143469 -0.078255 -0.0315818 0.0639072
internal_weight=935.229 409.867 525.362 243.026 228.37 166.84 141.951 156.01 114.064 296.992 166.696 89.291 38.7492 66.7189 87.0165 86.4193 59.9977 50.5417 21.4223 38.4653 39.673 11.9756 33.7987 22.8285 15.4414 61.8338 57.6914 29.3252 37.4801 29.1195
internal_count=4906 2019 2887 1252 1197 767 725 779 513 1690 932 432 188 347 473 472 320 244 104 182 208 59 164 111 75 322 306 167 201 140
is_linear=0
shrinkage=0.1


Tree=3
num_leaves=31
num_cat=0
split_feature=8 16 16 13 7 13 7 0 7 13 7 13 11 6 22 138 5 5 0 0 0 1 0 6 11 1 6 0 26 26
split_gain=191.809 85.4784 62.8469 26.2332 16.4551 12.7779 12.2883 12.941 12.0988 11.1415 8.937 9.5547 7.4765 7.03865 6.75921 6.74187 6.73684 6.51891 6.35785 7.10262 7.03954 6.99362 6.33095 5.52293 5.50729 4.97545 4.84625 6.55463 7.35558 5.3158
threshold=1.0000000180025095e-35 1.0000000180025095e-35 1.0000000180025095e-35 1.0000000180025095e-35 1.0000000180025095e-35 1.0000000180025095e-35 1.0000000180025095e-35 12.262833595275881 1.0000000180025095e-35 1.0000000180025095e-35 1.0000000180025095e-35 1.0000000180025095e-35 1.0000000180025095e-35 1.0000000180025095e-35 1.0000000180025095e-35 1.0000000180025095e-35 1.0000000180025095e-35 1.0000000180025095e-35 8.4175219535827654 5.7987680435180673 11.108829498291017 -0.4741805493831634 15.727583885192873 1.0000000180025095e-35 1.0000000180025095e-35 0.74826982617378246 1.0000000180025095e-35 12.510609149932863 1.0000000180025095e-35 1.0000000180025095e-35
decision_type=2 2 2 2 2 2 2 2 2 2 2 2 2 2 2 2 2 2 2 2 2 2 2 2 2 2 2 2 2 2
left_child=2 3 10 8 5 26 9 -8 12 -3 11 -1 -2 24 25 -16 -11 -10 19 21 -20 -7 -15 -19 -5 -6 27 28 -4 -29
right_child=1 6 4 13 14 18 7 -9 17 16 -12 -13 -14 22 15 -17 -18 23 20 -21 -22 -23 -24 -25 -26 -27 -28 29 -30 -31
leaf_value=-0.035166404594713825 0.032825616289285826 0.14355903836206779 0.14225213346337615 -0.03798716458505097 -0.037302812745772955 0.024661448941289799 0.097078881343311496 -0.0061181555722223391 -0.02279651348243469 0.047597522566214349 -0.093188789986912712 -0.084066650456158895 0.090099860910991897 -0.089735069852806132 0.12938796484015685 -0.051880293373579703 0.14031418358186443 0.070376124800787088 -0.11920467336037924 0.087219581274868396 -0.01702769271307988 -0.11242985935384667 0.036334300032826207 -0.026997038090402423 0.026838231341178721 -0.11618127515993995 0.01397908284263024 -0.062258603641059396 0.049530656611724316 0.060332216320536439
leaf_weight=87.841843247413635 49.269308909773827 78.888455390930176 14.086909800767897 31.718992203474045 67.16938728094101 11.402583330869676 40.201875820755959 17.41581903398037 39.259091734886169 24.984863415360451 123.18120777606964 73.299282789230347 42.411145582795143 26.558664619922641 4.5886186063289625 3.711340919137001 11.418352946639059 19.11256730556488 9.5159761160612089 9.7075612097978574 23.137064948678017 5.5239029377698925 4.6862149536609641 8.3784310817718524 22.332351952791214 9.0774925053119642 33.472801387310028 6.3590808063745481 21.78974936902523 7.9707670360803604
leaf_count=488 238 331 64 181 373 61 183 83 213 118 758 444 194 148 25 20 52 90 54 49 125 31 25 44 119 54 167 31 104 39
internal_value=-0.000557982 0.0498196 -0.0415655 0.0116684 -0.00239324 0.0182881 0.103596 0.065886 0.0357408 0.122442 -0.072911 -0.05741 0.0593205 -0.033044 -0.0373648 0.0483336 0.0766793 0.00335438 -0.0172293 0.0190299 -0.0468048 -0.0200778 -0.0708268 0.0406997 -0.0112033 -0.0466936 0.0434523 0.0631022 0.0859376 0.00593074
internal_weight=928.472 416.636 511.836 243.727 227.513 142.966 172.909 57.6177 158.431 115.292 284.322 161.141 91.6805 85.2962 84.5468 8.29996 36.4032 66.7501 59.2871 26.634 32.653 16.9265 31.2449 27.491 54.0513 76.2469 83.6793 50.2065 35.8767 14.3298
internal_count=4906 2019 2887 1252 1197 725 767 266 779 501 1690 932 432 473 472 45 170 347 320 141 179 92 173 134 300 427 405 238 168 70
is_linear=0
shrinkage=0.1


Tree=4
num_leaves=31
num_cat=0
split_feature=8 16 16 13 7 11 13 6 129 7 13 137 7 7 0 13 9 5 0 26 73 11 42 0 9 61 54 52 9 0
split_gain=156.475 66.3858 54.557 21.2193 13.508 11.501 10.2043 9.51973 9.1625 8.40073 8.68978 7.88998 7.1932 7.02142 6.35349 6.07251 8.14937 8.21797 6.06765 6.26403 5.89605 5.74032 5.66435 5.52295 5.5167 5.51367 5.27072 5.18525 7.61414 7.11503
threshold=1.0000000180025095e-35 1.0000000180025095e-35 1.0000000180025095e-35 1.0000000180025095e-35 1.0000000180025095e-35 1.0000000180025095e-35 1.0000000180025095e-35 1.0000000180025095e-35 1.0000000180025095e-35 1.0000000180025095e-35 1.0000000180025095e-35 1.0000000180025095e-35 1.0000000180025095e-35 1.0000000180025095e-35 11.494866847991945 1.0000000180025095e-35 1.0000000180025095e-35 1.0000000180025095e-35 12.262833595275881 1.0000000180025095e-35 1.0000000180025095e-35 1.0000000180025095e-35 1.0000000180025095e-35 14.017796039581301 1.0000000180025095e-35 1.0000000180025095e-35 1.0000000180025095e-35 1.0000000180025095e-35 1.0000000180025095e-35 8.7460646629333514
decision_type=2 2 2 2 2 2 2 2 2 2 2 2 2 2 2 2 2 2 2 2 2 2 2 2 2 2 2 2 2 2
left_child=2 3 9 7 6 12 -4 11 -7 10 -1 21 15 -5 -6 16 -3 -18 -14 -20 -8 22 26 24 -23 -24 -2 28 29 -9
right_child=1 5 4 13 14 8 20 27 -10 -11 -12 -13 18 -15 -16 -17 17 -19 19 -21 -22 23 25 -25 -26 -27 -28 -29 -30 -31
leaf_value=-0.032284737089914584 0.053947463460643753 0.14049595751022576 0.038425060912592908 -0.010134986776863674 -0.013145176019017319 0.10360953920279788 0.0063617225837746434 0.056285632530995368 0.19355594064550322 -0.089017490335941085 -0.079766674452121294 -0.039632467114236354 0.063920384209469924 -0.071793868146839065 -0.070472499589282173 0.051318967914379281 0.11472042104845402 -0.02453394570991415 0.041624733136923331 -0.10324841943677204 -0.061161635309416623 0.031105537642010669 0.14680516706972552 0.14178753664919366 0.12063621068089532 0.013121350043755562 -0.026123293638586443 0.04574264008163377 -0.071223743411538351 -0.045831826926875902
leaf_weight=86.203339695930481 16.375990763306618 33.024318963289261 84.982076406478882 56.258014261722565 52.077504560351372 43.87313149869442 39.393656209111214 16.673860043287281 15.265887677669523 116.4128004014492 69.714605212211609 8.6672878563404065 30.08818881213665 27.494624212384224 30.746414467692375 25.338319271802902 10.029607981443407 7.3387375473976126 7.0607927292585355 5.1697701513767242 19.251106515526772 19.187837466597557 7.5564726889133436 12.763521790504454 10.731552273035051 5.2139941155910492 16.508316993713379 18.715330094099045 16.372857823967934 11.548869743943213
leaf_count=488 80 135 405 306 283 189 208 82 64 758 444 42 134 167 189 115 41 30 34 25 112 91 36 59 50 26 81 92 83 57
internal_value=-0.000632901 0.0442417 -0.0385328 0.0104177 -0.00226416 0.0908327 0.0162826 0.0317295 0.126828 -0.0686912 -0.053515 0.0514159 0.0728003 -0.0303766 -0.0344266 0.0912529 0.111332 0.0558805 0.0397786 -0.0196121 -0.0158039 0.0603492 0.0357013 0.0867132 0.0632186 0.092224 0.013751 0.00156601 -0.0169735 0.0144987
internal_weight=920.039 421.257 498.782 244.069 226.451 177.189 143.627 160.316 59.139 272.331 155.918 97.005 118.05 83.7526 82.8239 75.731 50.3927 17.3683 42.3188 12.2306 58.6448 88.3377 45.6548 42.6829 29.9194 12.7705 32.8843 63.3109 44.5956 28.2227
internal_count=4906 2019 2887 1252 1197 767 725 779 253 1690 932 465 514 473 472 321 206 71 193 59 320 423 223 200 141 62 161 314 222 139
is_linear=0
shrinkage=0.1


Tree=5
num_leaves=31
num_cat=0
split_feature=8 16 16 13 5 6 34 7 0 13 11 7 13 13 7 0 0 6 9 6 61 9 49 140 0 140 94 0 32 67
split_gain=127.79 52.2856 47.3828 17.1328 12.1237 9.99284 9.93089 9.33104 9.04441 8.8953 8.09855 7.88816 7.88638 7.5236 7.11356 6.25413 6.97446 7.0255 8.54802 6.23222 6.14739 6.11849 6.99258 5.77963 5.73582 5.49445 5.49262 5.42431 4.92117 4.91434
threshold=1.0000000180025095e-35 1.0000000180025095e-35 1.0000000180025095e-35 1.0000000180025095e-35 1.0000000180025095e-35 1.0000000180025095e-35 1.0000000180025095e-35 1.0000000180025095e-35 2.6652977466583256 1.0000000180025095e-35 1.0000000180025095e-35 1.0000000180025095e-35 1.0000000180025095e-35 1.0000000180025095e-35 1.0000000180025095e-35 16.425735473632816 14.800821304321291 1.0000000180025095e-35 1.0000000180025095e-35 1.0000000180025095e-35 1.0000000180025095e-35 1.0000000180025095e-35 1.0000000180025095e-35 1.0000000180025095e-35 14.867898464202883 1.0000000180025095e-35 1.0000000180025095e-35 15.464749813079836 1.0000000180025095e-35 1.0000000180025095e-35
decision_type=2 2 2 2 2 2 2 2 2 2 2 2 2 2 2 2 2 2 2 2 2 2 2 2 2 2 2 2 2 2
left_child=2 3 11 7 8 6 -6 15 -4 14 26 12 -1 21 -3 16 17 18 -2 25 -19 -12 29 -9 -21 27 -10 -5 -16 -23
right_child=1 9 4 19 5 -7 -8 23 10 -11 13 -13 -14 -15 28 -17 -18 20 -20 24 -22 22 -24 -25 -26 -27 -28 -29 -30 -31
leaf_value=-0.029603041339176229 0.038237698872153003 0.11241315321743264 0.088360709946874685 0.012987787334400844 0.027772505782042517 -0.020581683015170212 0.12478285906960791 -0.008752794457114332 -0.058343915633791966 0.047574771651151065 -0.0058480083111741377 -0.085029934059667522 -0.075646137694505011 -0.052676763450518083 0.047020426880942427 0.11627447727370284 -0.03946767023971591 -0.01695033075706729 0.13081611928634759 -0.088479679115872442 0.077045849558256663 0.04776222652383566 -0.02837779162420331 0.10016032746218816 0.01675963137129587 -0.1294101237237138 0.040081368216781772 -0.092464106749128847 0.14386709984653709 0.18570637334588752
leaf_weight=84.693422794342041 23.972450911998749 82.041618168354034 7.1293748915195456 43.828342109918594 47.239181369543076 30.647080987691879 13.587674796581267 62.250602871179581 64.955209240317345 56.877338692545891 23.221471577882767 110.02030459046364 66.339115977287292 17.724565640091896 35.080043688416481 11.884167164564131 10.031429395079611 21.144895121455193 17.078983977437019 22.856809273362163 10.370074734091761 4.8402372598648054 4.4582534879446021 5.2861063331365576 6.6961509436368933 3.4430031329393378 6.2120103240013114 5.4888224005699149 6.1696288436651221 5.5369882881641388
leaf_count=488 109 331 37 248 248 163 65 322 356 254 119 758 444 100 156 53 46 100 75 136 49 25 23 25 37 20 33 32 26 28
internal_value=-0.000677924 0.0394193 -0.0356576 0.00928218 -0.00208671 0.0259822 0.049443 0.0281567 -0.0212365 0.0802891 -0.0273914 -0.0646632 -0.0498269 0.00113742 0.095381 0.0484465 0.0386874 0.0494914 0.0767539 -0.027869 0.0139793 0.0262007 0.0763655 -0.000228151 -0.0646344 -0.00727529 -0.0497526 0.00125137 0.0615056 0.121365
internal_weight=911.105 424.5 486.605 244.332 225.552 91.4739 60.8269 162.019 134.078 180.169 126.949 261.053 151.033 55.7815 123.291 94.482 82.5978 72.5664 41.0514 82.3131 31.515 38.057 14.8355 67.5367 29.553 52.7602 71.1672 49.3172 41.2497 10.3772
internal_count=4906 2019 2887 1252 1197 476 313 779 721 767 684 1690 932 295 513 432 379 333 184 473 149 195 76 347 173 300 389 280 182 53
is_linear=0
shrinkage=0.1


Tree=6
num_leaves=31
num_cat=0
split_feature=8 16 16 11 7 13 11 13 7 76 6 73 129 69 13 41 0 42 62 1 7 73 40 0 78 6 50 14 22 26
split_gain=104.634 41.5899 41.0303 14.111 10.7052 8.86785 8.64781 7.45449 7.39002 7.54125 7.29787 7.20701 7.14412 6.55656 6.52042 5.8717 5.80139 6.147 6.32142 5.56123 4.97534 4.82633 4.66216 4.57798 4.5527 4.45372 5.00921 4.37459 4.24984 5.71688
threshold=1.0000000180025095e-35 1.0000000180025095e-35 1.0000000180025095e-35 1.0000000180025095e-35 1.0000000180025095e-35 1.0000000180025095e-35 1.0000000180025095e-35 1.0000000180025095e-35 1.0000000180025095e-35 1.0000000180025095e-35 1.0000000180025095e-35 1.0000000180025095e-35 1.0000000180025095e-35 1.0000000180025095e-35 1.0000000180025095e-35 1.0000000180025095e-35 6.7802875041961679 1.0000000180025095e-35 1.0000000180025095e-35 0.74826982617378246 1.0000000180025095e-35 1.0000000180025095e-35 1.0000000180025095e-35 5.4524297714233407 1.0000000180025095e-35 1.0000000180025095e-35 1.0000000180025095e-35 1.0000000180025095e-35 1.0000000180025095e-35 1.0000000180025095e-35
decision_type=2 2 2 2 2 2 2 2 2 2 2 2 2 2 2 2 2 2 2 2 2 2 2 2 2 2 2 2 2 2
left_child=2 3 8 5 7 -2 20 -4 9 14 16 13 -8 -12 15 -1 23 18 -18 28 -3 25 24 -5 -22 26 -9 -23 -6 -30
right_child=1 6 4 10 19 -7 12 21 -10 -11 11 -13 -14 -15 -16 -17 17 -19 -20 -21 22 27 -24 -25 -26 -27 -28 -29 29 -31
leaf_value=-0.038540985269542943 0.0057449744023802714 0.071121455609085657 0.032959638844687826 0.03509610319204895 -0.031110296202584771 -0.047458349936793182 0.081878197545822595 -0.00037962496616334931 -0.081188744711454347 0.096916176628116801 -0.070177934025672115 0.059702308066482461 0.15994265712331696 0.047348297841373468 -0.074214642239593939 0.06732012091784223 0.17160263983793833 0.019826145467691798 0.072017521499476489 -0.10996172928900556 0.0054334122839249117 -0.092392221532197588 0.12430592199689726 -0.076479777721762413 0.11331970462399035 -0.03883553286067578 0.09380458294747801 0.0092922093890532367 -0.049758015612569678 0.11658440634490759
leaf_weight=74.940962746739388 89.715305298566818 77.531252801418304 86.406480923295021 20.04023398458958 64.335462629795074 48.138558402657509 45.319344907999039 16.727647617459297 104.01833617687225 3.5850893855094901 15.939232200384142 12.367915496230124 15.813751325011252 6.760079324245452 62.324180066585541 5.6333753317594519 8.6959145218133909 14.232758700847624 23.874386638402939 8.0505775362253171 34.536851733922958 11.753717556595804 4.5806040018796912 4.5037635266780844 4.4110010564327231 14.043005153536795 8.5247330516576785 6.6103042662143698 3.6474176645278913 4.7656387537717819
leaf_count=439 439 321 405 98 373 294 189 92 758 22 82 62 64 33 438 33 41 68 113 54 154 72 20 22 19 78 38 40 20 25
internal_value=-0.000708544 0.0352539 -0.0329711 0.00828355 -0.00196251 -0.0128336 0.0714133 0.0143777 -0.0608063 -0.0463326 0.0356397 -0.00171417 0.102072 -0.0351775 -0.0499265 -0.0311397 0.0539992 0.0746489 0.0986057 -0.0310974 0.0559314 -0.0134685 0.0288754 0.0146222 0.017652 0.00630968 0.0314152 -0.0557899 -0.02237 0.0444679
internal_weight=901.828 426.461 475.367 244.268 224.865 137.854 182.193 144.066 250.502 146.484 106.414 35.0672 61.1331 22.6993 142.899 80.5743 71.3471 46.8031 32.5703 80.7991 121.06 57.6594 43.5285 24.544 38.9479 39.2954 25.2524 18.364 72.7485 8.41306
internal_count=4906 2019 2887 1252 1197 733 767 725 1690 932 519 177 253 115 910 472 342 222 154 472 514 320 193 120 173 208 130 112 418 45
is_linear=0
shrinkage=0.1


Tree=7
num_leaves=31
num_cat=0
split_feature=8 16 16 13 5 19 6 13 13 34 7 13 7 11 133 6 137 7 10 0 9 12 0 73 95 9 81 5 81 52
split_gain=85.7605 35.4466 33.2677 12.1446 9.54604 8.78928 7.50432 7.38497 7.15086 6.90914 6.89039 6.41898 6.24874 5.57066 5.50626 5.44574 6.41773 5.24649 4.99362 4.88096 5.51481 4.58111 4.57448 4.32437 4.21721 4.21156 9.03258 6.10201 5.02567 4.19615
threshold=1.0000000180025095e-35 1.0000000180025095e-35 1.0000000180025095e-35 1.0000000180025095e-35 1.0000000180025095e-35 1.0000000180025095e-35 1.0000000180025095e-35 1.0000000180025095e-35 1.0000000180025095e-35 1.0000000180025095e-35 1.0000000180025095e-35 1.0000000180025095e-35 1.0000000180025095e-35 1.0000000180025095e-35 1.0000000180025095e-35 1.0000000180025095e-35 1.0000000180025095e-35 1.0000000180025095e-35 1.0000000180025095e-35 15.924708843231203 1.0000000180025095e-35 1.0000000180025095e-35 5.1238877773284921 1.0000000180025095e-35 1.0000000180025095e-35 1.0000000180025095e-35 1.0000000180025095e-35 1.0000000180025095e-35 1.0000000180025095e-35 1.0000000180025095e-35
decision_type=2 2 2 2 2 2 2 2 2 2 2 2 2 2 2 2 2 2 2 2 2 2 2 2 2 2 2 2 2 2
left_child=1 10 3 5 8 15 9 17 13 18 11 23 -5 -3 -14 16 24 -4 21 20 -15 -6 -10 -1 -2 26 27 -9 -27 -17
right_child=2 4 7 12 6 -7 -8 25 22 -11 -12 -13 14 19 -16 29 -18 -19 -20 -21 -22 -23 -24 -25 -26 28 -28 -29 -30 -31
leaf_value=-0.0062830339320847604 0.051647845159382789 -0.027071872436181085 0.092131575569168733 -0.0053759056184205824 0.084259433733937905 0.14479427490744795 -0.018056199381452229 0.021949019739672393 0.0067871324601462132 0.10391425797381892 -0.077465724439077843 -0.067841224277242429 -0.08304525119485566 0.0066875158984131241 0.055488820879639272 -0.022221576121461188 -0.049898247908463672 0.048814859952687667 -0.012944355617549164 -0.081089795927899194 0.086587210046152274 -0.00026376563640780282 -0.0648013740431235 -0.053239654152835929 -0.0045037684903016951 0.021709050900937509 -0.046275597068349668 0.13101530840161929 0.12601074327967743 0.03444952966835612
leaf_weight=49.601295217871666 72.257891610264778 40.15878501534462 82.652190893888474 54.605853080749512 17.049541592597961 5.717172607779502 30.138522028923035 18.511832565069202 11.554878726601599 14.2386187762022 98.410746783018112 60.22380056977272 22.323460534214977 23.030215620994568 3.2922120988368979 42.394290521740913 8.4611227810382825 42.256841838359833 20.36783155798912 3.8923050463199607 13.823777198791502 10.277932003140451 39.232402548193932 32.438437268137932 16.413395494222641 9.2133116573095322 14.652327194809912 7.0960392057895652 9.2655457705259323 18.886055633425713
leaf_count=295 333 215 331 306 89 26 163 81 64 65 758 444 147 116 20 213 41 182 104 23 67 55 236 193 76 39 65 30 39 90
internal_value=-0.00072521 -0.0304838 0.031567 0.00739704 -0.00183263 0.0229831 0.0228693 0.0637261 -0.0191029 0.0427846 -0.0571219 -0.0430491 -0.0244913 -0.000640534 -0.0652404 0.0185869 0.0333138 0.0774775 0.0245354 0.0254097 0.0366576 0.05247 -0.0485139 -0.0248496 0.041254 0.0344836 0.0163427 0.0521717 0.0740073 -0.00475605
internal_weight=892.439 464.439 428 244.351 223.765 164.13 92.0724 183.648 131.692 61.9339 240.674 142.264 80.2215 80.9051 25.6157 158.413 97.1324 124.909 47.6953 40.7463 36.854 27.3275 50.7873 82.0397 88.6713 58.7391 40.2602 25.6079 18.4789 61.2803
internal_count=4906 2887 2019 1252 1197 779 476 767 721 313 1690 932 473 421 167 753 450 513 248 206 183 144 300 488 409 254 176 111 78 303
is_linear=0
shrinkage=0.1


Tree=8
num_leaves=31
num_cat=0
split_feature=8 16 16 11 7 11 46 13 13 13 129 7 7 6 0 73 1 47 73 5 14 10 0 1 15 9 70 15 61 99
split_gain=70.3615 30.5417 26.8281 11.0217 8.62993 6.72694 6.62448 7.12573 6.5587 6.2098 5.89805 5.55439 5.42043 6.16965 8.15507 5.1177 4.88747 4.48159 4.08834 4.8075 4.6814 5.59992 3.9722 3.88219 4.18926 4.74994 5.63675 3.87022 3.71524 5.72519
threshold=1.0000000180025095e-35 1.0000000180025095e-35 1.0000000180025095e-35 1.0000000180025095e-35 1.0000000180025095e-35 1.0000000180025095e-35 1.0000000180025095e-35 1.0000000180025095e-35 1.0000000180025095e-35 1.0000000180025095e-35 1.0000000180025095e-35 1.0000000180025095e-35 1.0000000180025095e-35 1.0000000180025095e-35 13.474332809448244 1.0000000180025095e-35 0.74826982617378246 1.0000000180025095e-35 1.0000000180025095e-35 1.0000000180025095e-35 1.0000000180025095e-35 1.0000000180025095e-35 11.23477077484131 -0.48695717751979822 1.0000000180025095e-35 1.0000000180025095e-35 1.0000000180025095e-35 1.0000000180025095e-35 1.0000000180025095e-35 1.0000000180025095e-35
decision_type=2 2 2 2 2 2 2 2 2 2 2 2 2 2 2 2 2 2 2 2 2 2 2 2 2 2 2 2 2 2
left_child=1 8 3 9 6 18 -3 -8 11 -2 -7 -1 23 14 27 17 28 -9 -4 -20 21 -21 -19 -5 -25 26 -26 -14 29 -6
right_child=2 4 5 12 16 10 7 15 -10 -11 -12 -13 13 -15 -16 -17 -18 22 19 20 -22 -23 -24 24 25 -27 -28 -29 -30 -31
leaf_value=-0.022720386912142895 0.0029573996740527913 0.11332767844403935 0.029215684152524818 -0.0011119568800866751 -0.015384038296016323 0.065921947726844898 0.026323593117544175 -0.024726837183017165 -0.073339176762731995 -0.042148404819917912 0.1367045625230516 -0.064286629349050606 0.019842258176192781 -0.068194922420226137 0.11999925440518866 -0.065749425589102226 -0.10596232226744727 0.10340948889677729 0.040660212580840301 0.01967140595272408 0.18522211535209016 0.15080824977095333 -0.0094653643951829528 0.038583230288961663 0.11786621826030291 0.16402286783924486 -0.01493260956118686 -0.074194584652926721 -0.053621045835513949 0.10545569123289252
leaf_weight=80.873548433184624 90.584109425544739 6.2768802046775809 75.642289280891418 13.313832774758337 44.509316831827164 45.900901541113853 84.495327278971672 23.688700243830681 97.322601467370987 46.03240130841732 15.832728579640387 53.358749002218246 16.278101384639747 9.7474795281887037 6.7551334947347632 16.95465224981308 7.3454687744379035 6.5032493621110898 28.107984721660614 7.7909189611673373 5.3404321223497382 5.5948156267404556 5.988802894949913 35.758485898375511 7.4216566085815447 6.7498746812343589 5.6139941662549973 5.986071288585662 22.817701280117035 4.2994962483644477
leaf_count=488 439 31 316 62 256 189 391 135 768 294 64 434 84 57 33 109 54 29 121 32 22 23 30 163 34 30 25 31 136 26
internal_value=-0.000728234 -0.0281396 0.0283455 0.00661388 -0.00171531 0.057159 0.0128615 0.0082796 -0.0535739 -0.0122408 0.0840755 -0.0392434 0.0305477 0.000638242 0.0237591 -0.0204138 -0.0282781 0.000830963 0.0435919 0.0668112 0.106064 0.0744825 0.0492963 0.0473866 0.0590116 0.095932 0.0606745 -0.00544102 -0.0203114 -0.00473945
internal_weight=882.886 454.434 428.451 244.241 222.88 184.21 143.908 137.631 231.555 136.617 61.7336 134.232 107.625 38.7668 29.0193 53.1354 78.972 36.1808 122.476 46.8342 18.7262 13.3857 12.4921 68.8578 55.544 19.7855 13.0357 22.2642 71.6265 48.8088
internal_count=4906 2887 2019 1252 1197 767 725 694 1690 733 253 922 519 205 148 303 472 194 514 198 77 55 59 314 252 89 59 115 418 282
is_linear=0
shrinkage=0.1


Tree=9
num_leaves=31
num_cat=0
split_feature=8 16 16 7 5 44 0 7 76 6 41 11 13 13 11 133 13 41 95 7 140 13 0 0 0 0 81 9 12 10
split_gain=57.7341 26.2193 21.6391 9.22952 7.57106 6.36251 6.16837 6.13857 6.23371 5.89305 5.94424 5.65384 5.63561 5.50195 5.44265 4.90062 4.62803 4.90568 4.57832 4.54082 4.36517 4.34822 4.31821 7.67896 4.54758 6.11129 4.18163 3.7924 5.24376 4.50715
threshold=1.0000000180025095e-35 1.0000000180025095e-35 1.0000000180025095e-35 1.0000000180025095e-35 1.0000000180025095e-35 1.0000000180025095e-35 2.6652977466583256 1.0000000180025095e-35 1.0000000180025095e-35 1.0000000180025095e-35 1.0000000180025095e-35 1.0000000180025095e-35 1.0000000180025095e-35 1.0000000180025095e-35 1.0000000180025095e-35 1.0000000180025095e-35 1.0000000180025095e-35 1.0000000180025095e-35 1.0000000180025095e-35 1.0000000180025095e-35 1.0000000180025095e-35 1.0000000180025095e-35 9.8631072044372576 4.4558520317077646 13.938398361206056 15.260780334472658 1.0000000180025095e-35 1.0000000180025095e-35 1.0000000180025095e-35 1.0000000180025095e-35
decision_type=2 2 2 2 2 2 2 2 2 2 2 2 2 2 2 2 2 2 2 2 2 2 2 2 2 2 2 2 2 2
left_child=1 7 3 11 6 -4 -3 8 16 10 22 -2 19 20 18 -15 17 -1 -8 -7 26 27 23 -6 -24 -26 -5 29 -29 -16
right_child=2 4 5 13 9 12 14 -9 -10 -11 -12 -13 -14 15 21 -17 -18 -19 -20 -21 -22 -23 24 -25 25 -27 -28 28 -30 -31
leaf_value=-0.031687580099726879 0.003257578504509224 0.070580626155908766 -0.04442083339887018 0.0098860175959065068 -0.027827730940128782 0.081471478499956965 -0.051416295234976074 -0.070574019141588465 0.092358481696354827 -0.016376862437996367 0.13346788711106622 0.042026221433195836 0.029396848332577077 -0.077992209646737198 0.030613955171225306 0.052651228274394272 -0.062789893828992957 0.064785597926911812 0.029861911456008406 0.040537469515689664 0.080611105142572734 -0.04270104235659259 -0.061911897125572962 0.076470710354573534 0.13065238402627832 -0.020890962510666952 -0.042404625843920386 0.10001321376260629 -0.020894863801931132 -0.058824357998681714
leaf_weight=71.303136587142944 81.629933550953865 7.5351715981960288 6.6951208263635626 36.585932523012161 9.628172427415846 78.270443961024284 58.898253500461578 88.723959922790527 3.6421361565589896 29.768879726529121 5.8694862127304068 69.767030864953995 58.349715024232864 20.829895541071895 13.445389077067375 3.3303509652614585 53.767789095640182 5.6916592866182318 7.8546349853277198 41.451742500066757 5.5415213555097571 16.313821330666542 9.0349348336458224 26.454949751496315 4.1138033568859083 7.5356874465942383 26.277242481708527 10.056603804230688 5.5757861435413352 9.6989935860037804
leaf_count=439 424 37 28 185 48 316 345 758 22 163 28 314 248 147 70 20 438 33 44 175 25 100 47 127 22 41 137 48 28 49
internal_value=-0.000721823 -0.0259568 0.0254658 0.00591428 -0.00160761 0.0512811 -0.0172222 -0.0501593 -0.0366831 0.0202546 0.0376641 0.021123 0.0548793 -0.0189608 -0.0226522 -0.0599838 -0.0402773 -0.024556 -0.0418525 0.0672988 -0.00447161 0.000612632 0.0277584 0.0486404 -0.0086693 0.0326238 -0.0119718 0.0188352 0.0568875 -0.00686648
internal_weight=873.642 444.913 428.729 243.962 221.785 184.767 129.379 223.129 134.405 92.4059 62.637 151.397 178.072 92.5649 121.843 24.1602 130.763 76.9948 66.7529 119.722 68.4047 55.0906 56.7675 36.0831 20.6844 11.6495 62.8632 38.7768 15.6324 23.1444
internal_count=4906 2887 2019 1252 1197 767 721 1690 932 476 313 738 739 514 684 167 910 472 389 491 347 295 285 175 110 63 322 195 76 119
is_linear=0
shrinkage=0.1


Tree=10
num_leaves=31
num_cat=0
split_feature=8 16 16 13 7 19 13 87 11 129 6 0 83 0 7 46 13 55 42 0 67 73 6 137 9 5 9 67 7 0
split_gain=47.4357 22.4539 17.5552 8.17606 6.9838 6.47636 5.72198 5.58504 5.47292 5.10099 4.98515 5.33508 5.27609 7.06624 4.97655 4.77116 5.4916 4.61424 5.87116 4.37949 4.53108 4.29523 4.06209 4.71422 4.03159 3.70594 7.32459 7.32034 5.35547 7.20369
threshold=1.0000000180025095e-35 1.0000000180025095e-35 1.0000000180025095e-35 1.0000000180025095e-35 1.0000000180025095e-35 1.0000000180025095e-35 1.0000000180025095e-35 1.0000000180025095e-35 1.0000000180025095e-35 1.0000000180025095e-35 1.0000000180025095e-35 16.119096755981449 1.0000000180025095e-35 11.296372413635256 1.0000000180025095e-35 1.0000000180025095e-35 1.0000000180025095e-35 1.0000000180025095e-35 1.0000000180025095e-35 11.494866847991945 1.0000000180025095e-35 1.0000000180025095e-35 1.0000000180025095e-35 1.0000000180025095e-35 1.0000000180025095e-35 1.0000000180025095e-35 1.0000000180025095e-35 1.0000000180025095e-35 1.0000000180025095e-35 12.803559303283693
decision_type=2 2 2 2 2 2 2 2 2 2 2 2 2 2 2 2 2 2 2 2 2 2 2 2 2 2 2 2 2 2
left_child=1 6 3 5 15 22 7 14 -4 -10 12 -12 17 -14 -1 -3 -17 -5 -19 24 -21 -18 23 25 -6 28 -27 -28 -2 -30
right_child=2 4 8 10 19 -7 -8 -9 9 -11 11 -13 13 -15 -16 16 21 18 -20 20 -22 -23 -24 -25 -26 26 27 -29 29 -31
leaf_value=-0.02161435942579552 0.046236470067480828 0.09449432276328848 0.034000382159842774 0.025914091924511603 -0.029385301951411792 0.1199875629248153 -0.066491775369750358 0.075220394789679651 0.053790985081533488 0.12006030622348392 -0.073559287598162451 0.05750699558514092 0.13512849373449953 -0.045330258513794852 -0.063122544849798498 0.023160484270797352 0.0011972184267239002 -0.067718430294782084 0.047093913581879698 -0.099265915246380565 -0.01717420367715634 -0.060993018876044275 -0.0061814820666508744 -0.045820062686467308 0.029677369534875011 0.017180533706688067 0.16445035403412267 0.041618125664021718 -0.058264945498320078 0.06508849854426306
leaf_weight=76.03139454126358 24.385363921523094 6.6121716648340216 123.17294928431511 15.159965611994265 32.482335954904556 5.9836241304874411 88.130849540233612 4.5688841491937628 46.023969486355782 15.536200568079947 23.411382377147678 3.5807030051946631 5.6391074359416944 3.527018666267395 46.579871982336044 85.043866097927094 35.735080689191818 20.887309797108177 5.6611313447356215 13.486762687563896 13.407919451594353 16.113192662596703 61.334363117814064 8.2375665456056577 17.940223067998886 23.879306599497795 9.2227529883384705 10.237537086009979 15.820944637060167 6.7558985650539389
leaf_count=471 104 31 514 87 183 26 768 33 189 64 154 19 33 21 418 391 194 125 34 95 94 109 303 41 100 104 40 44 84 33
internal_value=-0.000713603 -0.0239298 0.0229185 0.00529585 -0.00152463 0.0178455 -0.0469085 -0.033338 0.0461687 0.0705157 -0.0214351 -0.0561724 -0.00300486 0.0656901 -0.0373833 0.011529 0.0075216 -0.0181017 -0.0432361 -0.0257527 -0.0583404 -0.01813 0.0140226 0.0265983 -0.00837095 0.0332045 0.0542924 0.0998316 0.0137433 -0.0213526
internal_weight=864.59 436.133 428.457 243.724 220.822 165.857 215.311 127.18 184.733 61.5602 77.8666 26.9921 50.8745 9.16613 122.611 143.504 136.892 41.7084 26.5484 77.3172 26.8947 51.8483 159.874 98.5394 50.4226 90.3018 43.3396 19.4603 46.9622 22.5768
internal_count=4906 2887 2019 1252 1197 779 1690 922 767 253 473 173 300 54 889 725 694 246 159 472 189 303 753 450 283 409 188 84 221 117
is_linear=0
shrinkage=0.1


Tree=11
num_leaves=31
num_cat=0
split_feature=8 16 16 11 5 138 11 22 21 44 41 10 0 11 13 65 9 33 95 12 13 6 34 0 67 7 99 6 139 12
split_gain=38.9029 19.185 14.2428 7.48911 6.09139 5.73771 5.38332 6.00285 7.21765 5.14497 4.83962 5.45958 4.75509 4.83979 4.74125 4.54589 4.27835 6.22367 4.2219 4.17663 4.05112 4.01653 5.01183 4.47941 3.99714 3.9781 3.86764 3.83631 4.57662 4.10388
threshold=1.0000000180025095e-35 1.0000000180025095e-35 1.0000000180025095e-35 1.0000000180025095e-35 1.0000000180025095e-35 1.0000000180025095e-35 1.0000000180025095e-35 1.0000000180025095e-35 1.0000000180025095e-35 1.0000000180025095e-35 1.0000000180025095e-35 1.0000000180025095e-35 3.0691307783126835 1.0000000180025095e-35 1.0000000180025095e-35 1.0000000180025095e-35 1.0000000180025095e-35 1.0000000180025095e-35 1.0000000180025095e-35 1.0000000180025095e-35 1.0000000180025095e-35 1.0000000180025095e-35 1.0000000180025095e-35 5.4948666095733651 1.0000000180025095e-35 1.0000000180025095e-35 1.0000000180025095e-35 1.0000000180025095e-35 1.0000000180025095e-35 1.0000000180025095e-35
decision_type=2 2 2 2 2 2 2 2 2 2 2 2 2 2 2 2 2 2 2 2 2 2 2 2 2 2 2 2 2 2
left_child=1 6 3 20 12 21 10 -8 -9 -4 -1 -12 19 18 25 27 26 24 -14 -3 -2 22 -6 -23 -18 -11 -15 29 -29 -5
right_child=2 4 9 15 5 -7 7 8 -10 14 11 -13 13 16 -16 -17 17 -19 -20 -21 -22 23 -24 -25 -26 -27 -28 28 -30 -31
leaf_value=-0.065546316634173082 0.00096961761199094738 0.092691844350938191 -0.044585120881815488 0.050982504267553443 0.022687726305309835 -0.082372643587815056 -0.033075307165287421 -0.048334804882963725 0.1633708474449809 0.069770554060141307 -0.057100126064963522 0.082270958060385549 -0.050659697582949026 -0.039428277038138206 0.021633714031894492 0.10997905606316252 0.008939332410509598 -0.073427014402824883 0.027564349207835022 -0.025668674645838493 -0.036098812654636485 0.070798573195546735 0.090825696855366567 -0.028006365762507701 0.10917538396891689 0.031494165657700919 0.046904068404635381 -0.023431561616695282 0.087688233182539418 0.00069288372904892457
leaf_weight=101.26222486048937 90.904513239860535 7.1790273487567884 6.6843684613704673 44.357460364699364 45.427495315670967 5.3555221408605567 88.946974642574787 2.9674740135669699 3.5213610380887985 77.044046342372894 6.5156798586249334 4.9429697021842003 54.520925559103489 25.880487665534019 59.124766677618027 5.8532555252313605 7.1729774773120925 4.102972835302352 7.8993179947137824 5.0988126993179321 43.634367801249027 5.809329271316531 14.159633576869963 21.832780569791794 8.9325969442725182 41.930310323834419 6.490575671195983 28.393820732831955 4.2629594132304183 25.587464526295662
leaf_count=830 439 35 28 206 233 28 714 26 27 316 54 39 333 145 248 26 37 21 44 25 294 31 62 122 45 175 36 146 21 120
internal_value=-0.000705354 -0.0220202 0.0206216 0.00470964 -0.00142016 0.0180958 -0.0437788 -0.0263014 0.0665536 0.0415461 -0.0585761 0.00302101 -0.0156165 -0.0219321 0.0447787 0.0242628 0.000420004 0.0365228 -0.0407604 0.0435384 -0.0110526 0.0242641 0.0388793 -0.00724129 0.064533 0.0562807 -0.0221182 0.0193728 -0.00892618 0.0325854
internal_weight=855.796 428.019 427.777 242.994 219.862 92.5848 208.157 95.4358 6.48884 184.783 112.721 11.4586 127.278 115 178.099 108.455 52.5796 20.2085 62.4202 12.2778 134.539 87.2292 59.5871 27.6421 16.1056 118.974 32.3711 102.602 32.6568 69.9449
internal_count=4906 2887 2019 1252 1197 476 1690 767 53 767 923 93 721 661 739 519 284 103 377 60 733 448 295 153 82 491 181 493 167 326
is_linear=0
shrinkage=0.1


Tree=12
num_leaves=31
num_cat=0
split_feature=8 16 7 13 0 88 7 7 6 98 16 76 22 69 13 133 140 24 40 0 11 83 15 0 94 83 0 129 68 16
split_gain=31.9606 16.3082 11.7279 7.64532 6.46614 6.19779 5.57813 5.42447 5.32435 5.09777 4.95625 4.90358 4.32736 4.23969 4.00492 3.9741 3.94728 4.53046 3.88699 3.85181 3.85139 6.23067 3.97358 8.42431 3.90231 3.6999 3.77296 5.53955 3.65552 3.65241
threshold=1.0000000180025095e-35 1.0000000180025095e-35 1.0000000180025095e-35 1.0000000180025095e-35 16.56947231292725 1.0000000180025095e-35 1.0000000180025095e-35 1.0000000180025095e-35 1.0000000180025095e-35 1.0000000180025095e-35 1.0000000180025095e-35 1.0000000180025095e-35 1.0000000180025095e-35 1.0000000180025095e-35 1.0000000180025095e-35 1.0000000180025095e-35 1.0000000180025095e-35 1.0000000180025095e-35 1.0000000180025095e-35 11.690622806549074 1.0000000180025095e-35 1.0000000180025095e-35 1.0000000180025095e-35 4.850102663040162 1.0000000180025095e-35 1.0000000180025095e-35 10.513347148895265 1.0000000180025095e-35 1.0000000180025095e-35 1.0000000180025095e-35
decision_type=2 2 2 2 2 2 2 2 2 2 2 2 2 2 2 2 2 2 2 2 2 2 2 2 2 2 2 2 2 2
left_child=1 6 3 5 10 8 11 20 29 16 14 18 -9 -12 -4 -16 17 -5 25 -20 24 22 23 -22 -3 -1 27 -27 -21 -2
right_child=2 7 4 9 -6 -7 -8 12 -10 -11 13 -13 -14 -15 15 -17 -18 -19 19 28 21 -23 -24 -25 -26 26 -28 -29 -30 -31
leaf_value=-0.047726669580087103 0.042727211666300537 -0.011270888784641227 -0.0016814185515326289 0.12503004400202947 -0.092778758799903605 -0.070072092129763897 -0.061743546596646527 -0.031432251435067803 0.024592268397952918 -0.065860224295122824 0.034770948973022194 0.085321901021338006 0.045085054572438298 -0.036543368582372303 -0.06986078890802723 0.048177611851132528 -0.064020975448844844 0.015704074301502346 -0.074976396596933156 0.072545891341165528 0.14005614988700818 0.10628749265696168 -0.01538731391021237 0.011881013004103526 0.063905247158608014 0.098703368823641974 -0.058168931462638865 -0.041596231938764147 -0.030155244299487755 0.08005554804052481
leaf_weight=83.404437594115734 55.204810619354248 73.692145988345146 64.209776774048805 3.9891006946563712 7.6965065449476233 4.6984625160694113 77.786233648657799 67.252818912267685 68.31841354072094 8.4904636740684492 50.880102291703224 3.7308037877082816 8.3035502284765226 9.9699546545743924 18.261092789471153 3.3802552223205558 5.838351070880889 76.132683113217354 4.1256297603249577 9.2991316765546781 6.5562321990728405 8.9012057036161405 23.021917439997196 23.534562706947327 7.6188524067401877 6.3985669240355509 6.5579152405261985 5.023851178586483 5.5248609259724608 49.910258620977402
leaf_count=635 235 386 327 20 39 20 758 427 301 44 210 22 45 44 140 20 29 383 29 69 31 43 112 114 39 48 51 36 42 207
internal_value=-0.000686937 -0.0202476 0.0185875 0.0310607 -0.00343337 0.0432557 -0.0407492 -0.00134108 0.0463258 0.00806125 0.00125404 -0.0275862 -0.0230231 0.0230865 -0.0142205 -0.0514239 0.0153626 0.0211472 -0.0310868 0.0104849 0.010089 0.0288596 0.0158834 0.039808 -0.00422687 -0.0388569 0.00228694 0.0369963 0.0342695 0.0604513
internal_weight=847.713 420.733 426.98 272.583 154.398 178.132 201.851 218.881 173.433 94.4506 146.701 124.065 75.5564 60.8501 85.8511 21.6413 85.9601 80.1218 120.334 18.9496 143.325 62.0139 53.1127 30.0908 81.311 101.385 17.9803 11.4224 14.824 105.115
internal_count=4906 2887 2019 1239 780 763 1690 1197 743 476 741 932 472 254 487 160 432 403 910 140 725 300 257 145 425 770 135 84 111 442
is_linear=0
shrinkage=0.1


Tree=13
num_leaves=31
num_cat=0
split_feature=8 16 16 11 13 13 65 46 87 11 129 11 22 93 0 102 81 5 7 15 74 128 1 33 5 5 96 0 7 62
split_gain=26.2262 13.8789 10.0433 5.93778 5.46775 5.03996 6.07885 5.07521 4.70255 4.36858 4.54861 4.22869 4.82459 4.07168 4.20154 4.24962 4.1198 3.92468 3.77695 6.46764 3.71791 4.66511 7.68859 5.15576 10.6157 5.67055 3.64709 3.60788 5.39604 3.58881
threshold=1.0000000180025095e-35 1.0000000180025095e-35 1.0000000180025095e-35 1.0000000180025095e-35 1.0000000180025095e-35 1.0000000180025095e-35 1.0000000180025095e-35 1.0000000180025095e-35 1.0000000180025095e-35 1.0000000180025095e-35 1.0000000180025095e-35 1.0000000180025095e-35 1.0000000180025095e-35 1.0000000180025095e-35 8.4175219535827654 1.0000000180025095e-35 1.0000000180025095e-35 1.0000000180025095e-35 1.0000000180025095e-35 1.0000000180025095e-35 1.0000000180025095e-35 1.0000000180025095e-35 -0.39508707821369166 1.0000000180025095e-35 1.0000000180025095e-35 1.0000000180025095e-35 1.0000000180025095e-35 12.510609149932863 1.0000000180025095e-35 1.0000000180025095e-35
decision_type=2 2 2 2 2 2 2 2 2 2 2 2 2 2 2 2 2 2 2 2 2 2 2 2 2 2 2 2 2 2
left_child=1 4 3 -2 8 6 -3 -7 11 29 27 -1 20 14 17 16 -16 18 19 -9 21 22 -13 25 -25 -24 -22 -11 -29 -4
right_child=2 5 9 -5 -6 7 -8 13 -10 10 -12 12 -14 -15 15 -17 -18 -19 -20 -21 26 -23 23 24 -26 -27 -28 28 -30 -31
leaf_value=-0.046982122239773383 -0.010730014181658795 0.014678605339881729 0.0024258383761486813 0.020720835632280461 -0.058350144470598969 0.083038626336756835 -0.086087279676524742 0.07590394414672573 0.075327386578846592 0.016160750401151742 0.10434018928679012 0.13515282257525968 0.096411122226928436 0.083047283360011825 -0.042198773225739103 0.05119643490287891 -0.11714613276891668 0.026798334714316557 -0.097345663498851362 -0.078190342008016778 -0.076500793148231674 -0.083344221159807663 0.0064852624151269141 -0.047049742753427957 0.18957983266085077 -0.11910978783372239 0.04480216186252909 0.10560673681631985 -0.010893466699469532 0.037379021555810729
leaf_weight=58.369090892374516 133.61009702831507 133.39109283685684 48.528604045510292 109.00110089033842 78.452981077134609 4.3848149776458731 6.2681205421686164 5.2877159044146556 4.5580158084630957 25.866180673241615 14.916448339819906 4.7261548638343838 4.0750379711389533 3.1787189021706572 21.809400156140327 3.3271342590451232 11.050675146281717 16.86703896522522 7.0614297389984122 5.6173965185880661 13.918343082070352 5.3159681409597388 10.35334098339081 4.0781444758176795 3.5429307073354721 5.5069412887096396 3.0156023055315009 14.184749215841295 5.5240928530693045 74.425832405686378
leaf_count=470 733 683 202 519 768 21 37 31 33 107 64 38 29 19 147 21 74 87 44 33 107 39 82 31 27 44 22 59 23 312
internal_value=-0.000667947 -0.0185874 0.016751 0.00340032 -0.0379086 -0.00124316 0.0101561 -0.0215018 -0.0242555 0.0344075 0.0564085 -0.0282758 -0.00825335 -0.0276796 -0.0326354 -0.0564989 -0.0674032 -0.00784469 -0.0403677 -0.00347247 -0.0167063 0.00258637 0.0187808 -0.00464172 0.062956 -0.0371233 -0.0548991 0.0407207 0.0729535 0.0235834
internal_weight=840.213 414.156 426.057 242.611 195.913 218.244 139.659 78.5843 117.46 183.446 60.4915 112.902 54.5325 74.1995 71.0208 36.1872 32.8601 34.8336 17.9665 10.9051 50.4574 33.5235 28.2075 23.4814 7.62108 15.8603 16.9339 45.575 19.7088 122.954
internal_count=4906 2887 2019 1252 1690 1197 720 477 922 767 253 889 419 456 437 242 221 195 108 64 390 261 222 184 58 126 129 189 82 514
is_linear=0
shrinkage=0.1


Tree=14
num_leaves=31
num_cat=0
split_feature=6 13 13 7 11 8 22 108 0 7 0 45 12 71 0 12 69 82 24 5 10 0 0 1 0 0 0 99 0 57
split_gain=21.9161 12.5919 9.86867 8.89648 7.28667 8.38429 6.77648 5.94847 5.75172 5.66883 5.57375 5.39444 5.14506 5.14549 7.83104 4.93342 8.53766 6.67866 5.76614 4.29624 4.23887 4.35627 7.3405 4.14803 5.5216 4.10898 4.98771 4.07572 4.00389 6.42175
threshold=1.0000000180025095e-35 1.0000000180025095e-35 1.0000000180025095e-35 1.0000000180025095e-35 1.0000000180025095e-35 1.0000000180025095e-35 1.0000000180025095e-35 1.0000000180025095e-35 16.425735473632816 1.0000000180025095e-35 15.683778285980226 1.0000000180025095e-35 1.0000000180025095e-35 1.0000000180025095e-35 11.934291839599611 1.0000000180025095e-35 1.0000000180025095e-35 1.0000000180025095e-35 1.0000000180025095e-35 1.0000000180025095e-35 1.0000000180025095e-35 9.6605067253112811 13.419575691223146 0.66050651669502269 13.474332809448244 6.7802875041961679 16.880219459533695 1.0000000180025095e-35 4.0835044384002694 1.0000000180025095e-35
decision_type=2 2 2 2 2 2 2 2 2 2 2 2 2 2 2 2 2 2 2 2 2 2 2 2 2 2 2 2 2 2
left_child=1 3 4 -1 5 25 -7 20 12 11 15 28 13 14 -5 17 -17 18 -3 -20 -6 -22 -23 24 -15 -2 -27 -18 29 -4
right_child=2 10 9 8 7 6 -8 -9 -10 -11 -12 -13 -14 23 -16 16 27 -19 19 -21 21 22 -24 -25 -26 26 -28 -29 -30 -31
leaf_value=0.037250661348980453 -0.014746940585580638 -0.10141499939133335 -0.048043822128356783 0.018421580454713603 0.020921494791302869 -0.0089154661872906799 0.11545983588049367 0.10372087069979181 -0.085008105262420586 -0.083992132232548533 -0.056781741618607266 0.011192913356847564 -0.016411551299193822 0.033525472833552887 -0.14056541357736313 -0.044079969421174439 0.015457553220955151 -0.054221169648757554 0.0066268695378503342 0.050821907438964808 -0.072790242534086808 0.10240587656812586 -0.062500901054178229 -0.0023735179247170368 0.15443532879906685 -0.080556906642648751 0.044108406375161092 0.15026685700192272 -0.065735943815465006 0.11088793754531356
leaf_weight=197.45011961460114 20.47485039383173 3.7722542732954016 8.2933169081807119 50.214810267090797 54.40533609688282 66.723941087722778 4.6884358525276175 6.7480212971568099 6.929987631738185 29.733221791684628 21.269365459680557 20.549852505326271 49.492790393531322 7.4344726502895373 3.3018195778131476 47.849222622811794 8.0251966416835767 14.019748546183108 53.611764661967754 37.298890165984631 11.749466225504877 5.0997554659843427 5.7345762699842453 6.1660062223672858 7.6772236451506615 36.936971187591553 3.5146704018115988 3.1124531701207152 37.672345168888569 3.6662170290946952
leaf_count=930 139 30 50 287 298 310 21 34 53 259 153 137 314 42 19 326 54 87 330 233 72 26 34 37 44 250 24 19 269 25
internal_value=-0.000656167 0.0120124 -0.0214086 0.0238385 -0.00939141 -0.0239989 -0.000749856 0.0136944 0.00365653 -0.0473971 -0.00855745 -0.0318932 0.00860029 0.0251511 0.00861255 -0.00244079 -0.0257251 0.0101943 0.0197323 0.0247592 0.00580372 -0.0306157 0.0151213 0.066748 0.0949515 -0.0512493 -0.0697253 0.0531305 -0.0497328 0.000677
internal_weight=833.617 517.626 315.991 328.667 216.076 132.339 71.4124 83.7372 131.217 99.915 188.959 70.1817 124.287 74.7943 53.5166 167.69 58.9869 108.703 94.6829 90.9107 76.9891 22.5838 10.8343 21.2777 15.1117 60.9265 40.4516 11.1376 49.6319 11.9595
internal_count=4906 2958 1948 1726 1208 744 331 464 796 740 1232 481 743 429 306 1079 399 680 593 563 430 132 60 123 86 413 274 73 344 75
is_linear=0
shrinkage=0.1


Tree=15
num_leaves=31
num_cat=0
split_feature=8 16 16 7 7 44 5 137 15 0 5 128 76 0 17 1 6 61 1 9 39 65 46 13 15 0 0 41 0 32
split_gain=19.8814 11.2835 8.27312 4.97369 4.8165 4.359 4.16549 4.44194 4.23781 4.22926 4.16265 5.15432 3.98019 3.91952 3.78635 3.48868 5.00188 5.13141 4.24178 5.42357 5.41137 3.42589 3.47268 4.17557 3.41475 3.39032 3.36115 3.35639 5.54346 3.54835
threshold=1.0000000180025095e-35 1.0000000180025095e-35 1.0000000180025095e-35 1.0000000180025095e-35 1.0000000180025095e-35 1.0000000180025095e-35 1.0000000180025095e-35 1.0000000180025095e-35 1.0000000180025095e-35 13.726214885711672 1.0000000180025095e-35 1.0000000180025095e-35 1.0000000180025095e-35 6.2258727550506601 1.0000000180025095e-35 0.81200090050697338 1.0000000180025095e-35 1.0000000180025095e-35 0.66050651669502269 1.0000000180025095e-35 1.0000000180025095e-35 1.0000000180025095e-35 1.0000000180025095e-35 1.0000000180025095e-35 1.0000000180025095e-35 4.5790553092956552 13.661875724792482 1.0000000180025095e-35 11.690622806549074 1.0000000180025095e-35
decision_type=2 2 2 2 2 2 2 2 2 2 2 2 2 2 2 2 2 2 2 2 2 2 2 2 2 2 2 2 2 2
left_child=1 4 3 15 12 -4 8 -8 -5 -10 14 13 27 24 -3 16 18 -18 19 20 -2 22 -16 -24 -12 -21 -27 -1 -29 -30
right_child=2 10 5 6 -6 -7 7 -9 9 -11 11 -13 -14 -15 21 -17 17 -19 -20 25 -22 -23 23 -25 -26 26 -28 28 29 -31
leaf_value=-0.030866749093259538 0.026293063007160573 -0.11272230484942243 -0.049225096234125618 -0.013257753557890217 -0.05505132601159364 0.033574043571630727 0.023176738765655246 -0.086003678018048993 -0.099641427108710948 0.0088726602839835928 0.088412236184533283 -0.063115978364182729 0.078489609439406305 0.0098166900257119216 0.064480098009529224 0.054121091744454133 -0.04004934108999568 0.025910069983890612 -0.04802104608593924 -0.0054883530438825275 -0.058650200182407942 -0.089742293042401472 0.0041590249124760295 -0.036754202724855717 0.0039639118179221567 0.10023222185588575 0.0041749149264394643 -0.068495955732282982 0.015105634601416168 0.15991878580513086
leaf_weight=103.56268092989922 37.01729641854763 3.6881308034062377 6.5971354395151129 34.947486855089664 70.557928770780563 175.56668868660927 31.343058176338673 4.2291418984532347 14.105709351599218 4.8185389414429656 13.948709636926653 7.7208364456892005 3.8123912066221228 63.686265148222446 6.5405966863036147 18.438244432210922 33.326384261250496 18.255398869514465 7.6385025680065146 5.5853996127843883 9.4053274095058423 5.1381265744566909 69.369879543781281 38.952463619410992 7.2911086529493323 18.526816904544834 4.5342509150505057 3.803408704698084 3.6496979743242264 3.1544941663742065
leaf_count=831 178 21 28 214 758 739 161 24 87 28 69 39 22 332 31 83 172 94 37 25 45 34 366 269 36 84 20 29 28 22
internal_value=-0.000649049 -0.016501 0.014476 0.00236586 -0.0343833 0.0305754 -0.0163608 0.0101964 -0.0338969 -0.0720113 -0.000916357 0.0151113 -0.022023 0.0222232 -0.0129216 0.013333 0.00773273 -0.0167055 0.022974 0.030198 0.00908337 -0.00985428 -0.00628068 -0.0105533 0.0594232 0.0644149 0.0813455 -0.0253793 0.0281945 0.0822425
internal_weight=829.212 404.877 424.335 242.172 188.541 182.164 89.4439 35.5722 53.8717 18.9242 216.336 92.6469 117.983 84.9261 123.689 152.728 134.289 51.5818 82.7076 75.0691 46.4226 120.001 114.863 108.322 21.2398 28.6465 23.0611 114.17 10.6076 6.80419
internal_count=4906 2887 2019 1252 1690 767 514 185 329 115 1197 476 932 437 721 738 655 266 389 352 223 700 666 635 105 129 104 910 79 50
is_linear=0
shrinkage=0.1


Tree=16
num_leaves=31
num_cat=0
split_feature=6 13 7 0 7 22 138 0 13 10 1 83 11 9 12 220 5 67 168 13 5 67 69 129 73 108 95 70 99 0
split_gain=16.9156 9.89588 8.6129 7.04935 6.22544 6.04521 6.72138 4.89885 4.80062 5.01477 6.77906 8.98495 6.28288 6.0701 6.0514 4.78751 5.14907 5.78066 4.97616 4.424 4.31195 4.05225 6.27479 4.47525 3.90142 4.98344 5.20546 3.74118 3.46117 4.76671
threshold=1.0000000180025095e-35 1.0000000180025095e-35 1.0000000180025095e-35 16.425735473632816 1.0000000180025095e-35 1.0000000180025095e-35 1.0000000180025095e-35 16.425735473632816 1.0000000180025095e-35 1.0000000180025095e-35 -0.16723705083131787 1.0000000180025095e-35 1.0000000180025095e-35 1.0000000180025095e-35 1.0000000180025095e-35 1.0000000180025095e-35 1.0000000180025095e-35 1.0000000180025095e-35 1.0000000180025095e-35 1.0000000180025095e-35 1.0000000180025095e-35 1.0000000180025095e-35 1.0000000180025095e-35 1.0000000180025095e-35 1.0000000180025095e-35 1.0000000180025095e-35 1.0000000180025095e-35 1.0000000180025095e-35 1.0000000180025095e-35 10.788501262664797
decision_type=2 2 2 2 2 2 2 2 2 2 2 2 2 2 2 2 2 2 2 2 2 2 2 2 2 2 2 2 2 2
left_child=1 4 3 8 -1 19 -7 20 9 10 11 13 28 14 -2 16 17 -3 21 -4 24 22 23 -18 -6 26 -26 -23 29 -12
right_child=2 15 5 -5 7 6 -8 -9 -10 -11 12 -13 -14 -15 -16 -17 18 -19 -20 -21 -22 27 -24 -25 25 -27 -28 -29 -30 -31
leaf_value=0.032102431167581318 0.11871062415300115 -0.051239127807260754 -0.037739871111464762 0.04682959561074302 -0.026488426058628663 0.088125387450648601 -0.092956472677935206 -0.08068945236131865 -0.036750672151971628 -0.027445043513307288 0.00026257759830035067 0.17245526072728828 0.026542270824388033 -0.032268107620408604 -0.0028580270789105881 0.11200279272046106 -0.0088028734095999938 -0.0046604507959363403 -0.10923087428972199 -0.087399008318274407 0.029863483890131128 0.010510961120174545 0.12109284023214451 0.10036983133226383 0.063050831648336511 -0.087487375324466085 -0.053546076822498401 -0.066833418704100936 0.0076837727978889027 -0.11664675454516558
leaf_weight=197.91669638454914 9.0918543636798876 45.049978651106358 65.090855814516544 21.349357806146145 43.263018324971199 6.6239531189203245 2.9683407321572304 6.4998363703489295 61.389691539108753 49.559918001294136 5.3595355600118664 4.93117631971836 21.618276283144951 10.858059152960779 7.4496267884969702 3.2714230716228476 16.246187970042236 65.214623712003231 3.3125295788049689 24.76541543751955 53.172474972903728 33.14219718426466 7.858382247388362 4.8834941983222953 18.490736328065402 3.6011794582009307 4.8289593607187262 7.7084932029247275 7.3392702490091315 9.9848969727754575
leaf_count=930 41 304 439 118 276 44 23 53 433 267 28 27 106 57 38 21 108 431 22 235 315 210 49 31 102 21 29 56 40 52
internal_value=-0.000628555 0.0104722 -0.0191476 -0.00761763 0.0209392 -0.043371 0.0320895 0.00392515 -0.0138145 -0.00265653 0.0133747 0.0481909 -0.0120335 0.0258267 0.0639609 -0.00790501 -0.0100437 -0.0236908 0.0105272 -0.0514265 0.00838362 0.0162074 0.0448024 0.0164291 -0.00788988 0.0219988 0.0389064 -0.00408386 -0.0487974 -0.0758124
internal_weight=822.84 514.46 308.38 208.932 327.773 99.4486 9.59229 129.856 187.582 126.193 76.6327 32.3307 44.302 27.3995 16.5415 186.687 183.416 110.265 73.1513 89.8563 123.356 69.8388 28.9881 21.1297 70.1839 26.9209 23.3197 40.8507 22.6837 15.3444
internal_count=4906 2958 1948 1207 1726 741 67 796 1089 656 389 163 226 136 79 1232 1211 735 476 674 743 454 188 139 428 152 131 266 120 80
is_linear=0
shrinkage=0.1


Tree=17
num_leaves=31
num_cat=0
split_feature=8 16 16 11 87 11 22 21 65 65 11 94 104 44 0 61 151 0 83 10 67 135 12 62 9 1 0 0 26 12
split_gain=15.8861 9.29192 6.70738 4.13939 4.30117 3.96689 3.84212 4.32434 3.51385 3.44282 3.84767 7.22447 5.95043 3.4321 3.17219 3.14073 3.10796 3.06525 3.89494 4.25655 3.063 3.68473 4.38653 7.05237 5.97889 3.43503 4.00266 3.10154 3.34113 3.03202
threshold=1.0000000180025095e-35 1.0000000180025095e-35 1.0000000180025095e-35 1.0000000180025095e-35 1.0000000180025095e-35 1.0000000180025095e-35 1.0000000180025095e-35 1.0000000180025095e-35 1.0000000180025095e-35 1.0000000180025095e-35 1.0000000180025095e-35 1.0000000180025095e-35 1.0000000180025095e-35 1.0000000180025095e-35 2.2505134344100957 1.0000000180025095e-35 1.0000000180025095e-35 17.698836326599125 1.0000000180025095e-35 1.0000000180025095e-35 1.0000000180025095e-35 1.0000000180025095e-35 1.0000000180025095e-35 1.0000000180025095e-35 1.0000000180025095e-35 0.603315830230713 8.7460646629333514 12.921286582946779 1.0000000180025095e-35 1.0000000180025095e-35
decision_type=2 2 2 2 2 2 2 2 2 2 2 2 2 2 2 2 2 2 2 2 2 2 2 2 2 2 2 2 2 2
left_child=1 3 5 4 16 -2 17 -8 14 10 11 -3 -12 -4 -7 -13 -1 18 20 -20 -5 22 23 24 -22 26 -25 28 -24 -6
right_child=2 9 13 6 29 8 7 -9 -10 -11 12 15 -14 -15 -16 -17 -18 -19 19 -21 21 -23 27 25 -26 -27 -28 -29 -30 -31
leaf_value=-0.054989399339231387 -0.0097389715501915441 -0.017835850269502119 -0.043694463656482503 -0.06181675208651613 0.12448483004913904 -0.088201777976072232 -0.040653998223673292 0.12369365730565417 0.090745980813559168 -0.065250831169969548 0.011748360932040966 0.13509082013161985 0.13470272239287137 0.030113691931145575 0.014831331826302417 0.024658638100429495 0.027593683639188911 0.089130476774201994 0.07544474424077624 -0.042901326362383342 0.21941957244769755 -0.085986411675798513 0.072334874452466474 0.034129054023649907 0.019057994104732658 0.092616860840635362 -0.097710372001010612 -0.118685632167011 -0.051096505936445484 -0.034532500744315478
leaf_weight=86.629139177501202 131.35508801043034 108.37064877152443 6.5361147522926322 25.771018147468567 2.4446217492222777 3.0802774131298056 2.6842826455831519 3.9671647697687149 5.9565110653638831 7.9933042824268332 83.45165791362524 4.2323436737060529 4.1308832019567481 174.52091655135155 99.935268610715866 6.5781307891011238 4.8101956397294989 2.4180662855505934 7.2640018090605718 5.2253295630216599 2.9578232690691957 6.525713972747325 3.0697419419884664 3.9897019863128644 2.9998001083731651 2.3734840899705896 5.4464138969779015 4.0328232795000067 7.6786195412278175 2.3533705100417137
leaf_count=840 733 630 28 237 20 15 26 27 26 54 435 23 20 739 478 35 43 21 64 43 27 58 23 36 30 21 50 34 70 20
internal_value=-0.000613213 -0.0149566 0.0129137 -0.0315377 -0.0458024 0.00196296 -0.0156495 0.0573689 0.0160685 -0.000855071 0.00163441 -0.0100597 0.0175476 0.0274492 0.0117505 0.0678933 -0.0506451 -0.0217394 -0.025206 0.0259307 -0.0350551 -0.0174046 -0.00365445 0.0298298 0.118533 -0.0149185 -0.0419671 -0.0439031 -0.0158444 0.0464883
internal_weight=818.782 397.398 421.384 182.641 96.2373 240.327 86.404 6.65145 108.972 214.757 206.764 119.181 87.5825 181.057 103.016 10.8105 91.4393 79.7525 77.3345 12.4893 64.8451 39.0741 32.5484 17.7672 5.95762 11.8096 9.43612 14.7812 10.7484 4.79799
internal_count=4906 2887 2019 1690 923 1252 767 53 519 1197 1143 688 455 767 493 58 883 714 693 107 586 349 291 164 57 107 86 127 93 40
is_linear=0
shrinkage=0.1


Tree=18
num_leaves=31
num_cat=0
split_feature=6 7 7 0 12 0 16 8 22 13 105 108 13 10 0 67 174 0 139 12 0 9 0 0 8 0 39 0 88 0
split_gain=13.4331 7.82514 7.26241 6.58505 5.76897 5.68116 5.20726 6.42932 4.99169 4.83984 4.32883 4.17088 4.0881 4.04771 3.96326 5.27035 3.88714 3.82863 3.85706 4.23596 3.7649 6.40381 3.6497 6.01201 4.93785 4.66932 5.67256 7.40287 3.35815 3.19597
threshold=1.0000000180025095e-35 1.0000000180025095e-35 1.0000000180025095e-35 15.464749813079836 1.0000000180025095e-35 16.735113143920902 1.0000000180025095e-35 1.0000000180025095e-35 1.0000000180025095e-35 1.0000000180025095e-35 1.0000000180025095e-35 1.0000000180025095e-35 1.0000000180025095e-35 1.0000000180025095e-35 14.205338954925539 1.0000000180025095e-35 1.0000000180025095e-35 15.260780334472658 1.0000000180025095e-35 1.0000000180025095e-35 10.709103107452394 1.0000000180025095e-35 3.2950034141540532 3.7193702459335332 1.0000000180025095e-35 6.9705681800842294 1.0000000180025095e-35 14.29021215438843 1.0000000180025095e-35 8.8049278259277362
decision_type=2 2 2 2 2 2 2 2 2 2 2 2 2 2 2 2 2 2 2 2 2 2 2 2 2 2 2 2 2 2
left_child=1 9 5 4 11 10 -6 -8 12 28 13 14 -4 -2 -3 -16 17 18 19 29 -21 -22 -15 -24 -25 -26 27 -27 -1 -11
right_child=2 3 8 -5 6 -7 7 -9 -10 16 -12 -13 -14 22 15 -17 -18 -19 -20 20 21 -23 23 24 25 26 -28 -29 -30 -31
leaf_value=0.03090680334045795 0.0030528148541685688 0.012984943145954456 -0.034542527802037683 -0.059566058269010042 -0.050201098048278686 0.048241450607807733 -0.034906804796496875 0.060017302973088417 0.028309716170077732 0.047327508234041561 -0.084854510773526154 -0.061661625951049785 -0.083754600459028078 -0.095166277306613728 -0.0088260632927334836 0.14984191768237884 0.091881551483791971 -0.047866146468590838 -0.050669591919771821 -0.040311596959034884 -0.029734743776977979 0.12289305715493533 0.11227135822724202 -0.054452614636703339 -0.060781280628180737 0.045085680838752723 0.11007029180756706 -0.11694488184390445 -0.042538080427341786 -0.00077408185774561339
leaf_weight=191.28831206262112 112.47987417131662 92.01012859493494 63.397014118731022 20.977280274033546 34.68220204859972 17.222627907991409 16.057631000876427 12.841474339365961 9.615070737898348 36.585357956588268 7.767789050936698 6.8359866589307776 23.005787558853626 7.1935777068138114 3.5822167545557004 5.0371370017528534 4.748766064643859 14.845446079969404 10.589450165629385 21.496226571500301 6.957077428698538 4.5447726175189018 3.2597520053386679 31.092436984181404 7.8716331571340588 8.819997578859331 6.1236092299222937 4.1447998583316794 6.4349705725908271 22.191175915300846
leaf_count=900 650 562 439 171 283 95 100 53 67 202 47 49 235 43 21 30 31 101 72 140 41 31 19 225 38 40 29 21 30 141
internal_value=-0.000601779 0.00926886 -0.0173268 -0.00668689 -0.000201751 -0.00673893 -0.0240777 0.00727324 -0.0400398 0.018853 -0.0117556 0.0139243 -0.0476458 -0.0086182 0.0190591 0.0838993 0.00318625 -0.000407258 0.00647551 0.0130692 -0.0156037 0.0305737 -0.0277809 -0.0198748 -0.027295 0.00402529 0.0307501 -0.00671492 0.0285165 0.0291667
internal_weight=813.7 511.706 301.994 192.024 171.047 205.976 63.5813 28.8991 96.0179 319.682 188.753 107.465 86.4028 180.986 100.629 8.61935 121.958 117.21 102.364 91.7746 32.9981 11.5019 68.5058 61.3122 58.0525 26.96 19.0884 12.9648 197.723 58.7765
internal_count=4906 2958 1948 1269 1098 1207 436 153 741 1689 1112 662 674 1065 613 51 759 728 627 555 212 72 415 372 353 128 90 61 930 343
is_linear=0
shrinkage=0.1


Tree=19
num_leaves=31
num_cat=0
split_feature=13 6 7 53 11 8 22 41 94 108 44 220 8 95 79 42 69 35 11 1 134 61 5 12 8 0 59 6 51 0
split_gain=12.1493 6.67596 6.16939 6.20225 4.78604 5.52432 4.85493 4.46733 6.62879 4.44031 4.42664 5.24497 4.36704 5.20235 4.04468 3.99382 3.91618 4.58205 6.74138 5.72205 4.6025 4.43753 3.9915 4.88594 3.91929 7.56469 4.46105 3.70173 3.58875 3.4931
threshold=1.0000000180025095e-35 1.0000000180025095e-35 1.0000000180025095e-35 1.0000000180025095e-35 1.0000000180025095e-35 1.0000000180025095e-35 1.0000000180025095e-35 1.0000000180025095e-35 1.0000000180025095e-35 1.0000000180025095e-35 1.0000000180025095e-35 1.0000000180025095e-35 1.0000000180025095e-35 1.0000000180025095e-35 1.0000000180025095e-35 1.0000000180025095e-35 1.0000000180025095e-35 1.0000000180025095e-35 1.0000000180025095e-35 -0.37987679243087763 1.0000000180025095e-35 1.0000000180025095e-35 1.0000000180025095e-35 1.0000000180025095e-35 1.0000000180025095e-35 4.5790553092956552 1.0000000180025095e-35 1.0000000180025095e-35 1.0000000180025095e-35 11.494866847991945
decision_type=2 2 2 2 2 2 2 2 2 2 2 2 2 2 2 2 2 2 2 2 2 2 2 2 2 2 2 2 2 2
left_child=1 7 10 27 5 15 -7 12 28 -6 -2 16 14 -14 -1 -3 17 19 20 24 -19 -18 -21 -24 -12 -26 -27 -4 29 -9
right_child=2 4 3 -5 9 6 -8 8 -10 -11 11 -13 13 -15 -16 -17 21 18 -20 22 -22 -23 23 -25 25 26 -28 -29 -30 -31
leaf_value=-0.0053469479298733306 -0.10655524578061387 -0.029579152729162769 -0.011226297546533088 -0.090073185157246091 0.005933656541848898 -0.0064559997934282359 0.098895955338796124 0.069013235133473877 0.14963358600729629 0.089974081424735425 -0.028882373545456332 0.1184157630372915 0.03175281493725763 -0.019203816782521775 0.058088405400965763 -0.10126147644835629 -0.0065768863889389857 0.0070370378035648669 0.076694279794475961 -0.0679557319083956 -0.1070507127412953 0.062911905281875222 0.02115129364665528 -0.070623048349438583 -0.011491390702519229 0.035859089325925249 0.18079319791976636 -0.063840768776965484 0.10249378963267748 -0.017129093180286457
leaf_weight=122.40896777063608 4.4063612744212142 46.235136285424232 49.211703255772591 19.090410053730011 75.254962496459484 65.229551777243614 4.6885997205972663 7.1496784240007463 5.7633540406823149 6.8599990010261527 24.124210201203823 3.3731456547975531 137.54810313880444 23.451374351978302 10.950433686375616 9.343267470598219 23.263727225363255 17.23303829878569 12.14180528372526 34.652338981628418 4.448887735605239 15.190768480300902 14.694189786911011 9.5850633382797241 16.797467947006229 4.5053476542234403 4.0174406170845032 18.361032173037529 5.5892275348305693 13.780451878905295
leaf_count=778 33 342 372 167 430 310 21 37 29 34 191 19 607 106 66 71 159 106 73 238 25 98 102 68 86 23 19 193 30 73
internal_value=-0.000585936 0.00820585 -0.0176601 -0.0397422 -0.00581561 -0.0180973 0.000608734 0.0171178 0.0524314 0.0129545 -0.00750421 -0.00513253 0.0132449 0.0243304 -0.000138132 -0.0416296 -0.0074394 -0.0150959 0.017036 -0.0251242 -0.0163725 0.0208734 -0.0461713 -0.0150798 -3.85709e-05 0.0274427 0.104178 -0.0255228 0.0313068 0.0122969
internal_weight=809.35 534.253 275.097 86.6631 207.612 125.497 69.9182 326.642 32.2827 82.115 188.434 184.027 294.359 160.999 133.359 55.5784 180.654 142.2 33.8237 108.376 21.6819 38.4545 58.9316 24.2793 49.4445 25.3203 8.52279 67.5727 26.5194 20.9301
internal_count=4906 2934 1972 732 1208 744 331 1726 169 464 1240 1207 1557 713 844 413 1188 931 204 727 131 257 408 170 319 128 42 565 140 110
is_linear=0
shrinkage=0.1


Tree=20
num_leaves=31
num_cat=0
split_feature=8 16 16 13 73 87 70 0 51 84 11 14 15 174 70 65 64 6 9 68 1 73 13 99 40 0 0 0 95 1
split_gain=10.2153 7.4455 5.12806 3.41202 4.39122 7.54761 4.00345 10.4541 5.18365 4.05175 4.32739 6.36204 6.67997 3.15727 4.99574 3.10862 4.23437 4.12395 3.66688 5.60196 5.03807 11.5111 4.06447 3.59756 4.50663 3.53716 3.10928 4.86049 4.35668 4.28241
threshold=1.0000000180025095e-35 1.0000000180025095e-35 1.0000000180025095e-35 1.0000000180025095e-35 1.0000000180025095e-35 1.0000000180025095e-35 1.0000000180025095e-35 11.741273403167726 1.0000000180025095e-35 1.0000000180025095e-35 1.0000000180025095e-35 1.0000000180025095e-35 1.0000000180025095e-35 1.0000000180025095e-35 1.0000000180025095e-35 1.0000000180025095e-35 1.0000000180025095e-35 1.0000000180025095e-35 1.0000000180025095e-35 1.0000000180025095e-35 -0.030344513244926926 1.0000000180025095e-35 1.0000000180025095e-35 1.0000000180025095e-35 1.0000000180025095e-35 11.880903720855715 9.8631072044372576 8.6036963462829608 1.0000000180025095e-35 0.6562476158142091
decision_type=2 2 2 2 2 2 2 2 2 2 2 2 2 2 2 2 2 2 2 2 2 2 2 2 2 2 2 2 2 2
left_child=1 3 13 4 5 6 7 9 -8 10 -1 -12 -13 15 -15 16 17 26 20 -20 21 22 -19 24 -22 -25 27 28 -2 -28
right_child=2 -3 -4 -5 -6 -7 8 -9 -10 -11 11 12 -14 14 -16 -17 -18 18 19 -21 23 -23 -24 25 -26 -27 29 -29 -30 -31
leaf_value=-0.045405337378406796 0.01511879314519511 0.00032410423694985034 0.023045391810817557 -0.045551802793190682 -0.043854271163717068 0.15995296844361889 0.042663103041644897 0.17491482559684601 -0.085761219894583685 0.10378253918995761 -0.031545132102730924 0.15669112088241918 -0.0051861386388390406 0.14194623869588299 -0.0024133442495593172 0.046162321762794223 -0.058608550776532875 0.017204293198369972 -0.072309775171359572 0.051337935611127775 -0.11310142830364669 0.15345394606629897 -0.095467857914440069 -0.048008265733591071 -0.0033226876067189702 0.078627235472119694 0.044212663896631907 -0.068122025191212437 -0.070712187101737864 -0.019362175148409252
leaf_weight=22.552327826619148 58.634286656975746 211.8534437417984 179.31204795837402 65.737044807523489 38.562559075653553 2.768378108739852 4.268647864460946 3.3874355629086486 11.918429411947727 3.0996117070317259 12.426017992198467 5.0534115880727768 5.1441705897450447 4.0163306817412359 5.9465268105268478 12.799641013145445 13.583073064684866 12.908683836460119 20.960739135742191 4.4403028264641753 8.5338887721300107 5.6832905635237685 4.2576033845543853 4.4127499312162399 6.6562585458159456 4.4100009128451347 40.844136878848076 10.089402966201304 6.5771818011999121 14.306705787777899
leaf_count=209 294 1197 767 768 324 18 36 29 101 25 101 40 39 20 31 62 76 64 125 23 50 30 34 25 37 25 198 55 34 69
internal_value=-0.000568087 -0.0122831 0.0102621 -0.0275525 -0.0167152 -0.00189535 -0.00849899 0.00509781 -0.0518948 -0.00681804 -0.0144066 0.0164945 0.0750321 0.000673677 0.0557824 -0.00172285 -0.0045565 -0.000934706 -0.0200984 -0.0506952 -0.0035139 0.0300988 -0.0107408 -0.0354982 -0.0649968 0.0152898 0.00968099 -0.0035314 0.00646194 0.0277207
internal_weight=805.144 386.771 418.373 174.918 109.181 70.6184 67.8501 51.663 16.1871 48.2755 45.1759 22.6236 10.1976 239.061 9.96286 229.098 216.298 202.715 72.2635 25.401 46.8625 22.8496 17.1663 24.0129 15.1901 8.82275 130.452 75.3009 65.2115 55.1508
internal_count=4906 2887 2019 1690 922 598 580 443 137 414 389 180 79 1252 51 1201 1139 1063 413 148 265 128 98 137 87 50 650 383 328 267
is_linear=0
shrinkage=0.1


Tree=21
num_leaves=31
num_cat=0
split_feature=7 1 13 13 53 73 44 220 8 77 140 11 63 14 8 98 0 0 67 88 26 8 139 83 0 26 40 67 67 19
split_gain=10.1196 7.19263 5.76742 4.86039 4.01327 3.92688 3.88586 3.96559 3.81939 3.57234 3.55832 3.33037 3.23673 5.12976 3.76041 3.41407 3.20032 3.12929 5.20713 2.9781 4.1258 3.51951 4.86818 3.67204 6.49447 6.44788 5.50256 3.66581 3.31731 3.2736
threshold=1.0000000180025095e-35 0.82082289457321178 1.0000000180025095e-35 1.0000000180025095e-35 1.0000000180025095e-35 1.0000000180025095e-35 1.0000000180025095e-35 1.0000000180025095e-35 1.0000000180025095e-35 1.0000000180025095e-35 1.0000000180025095e-35 1.0000000180025095e-35 1.0000000180025095e-35 1.0000000180025095e-35 1.0000000180025095e-35 1.0000000180025095e-35 2.7748117446899419 12.803559303283693 1.0000000180025095e-35 1.0000000180025095e-35 1.0000000180025095e-35 1.0000000180025095e-35 1.0000000180025095e-35 1.0000000180025095e-35 10.788501262664797 1.0000000180025095e-35 1.0000000180025095e-35 1.0000000180025095e-35 1.0000000180025095e-35 1.0000000180025095e-35
decision_type=2 2 2 2 2 2 2 2 2 2 2 2 2 2 2 2 2 2 2 2 2 2 2 2 2 2 2 2 2 2
left_child=2 3 19 5 -5 -2 -4 9 -7 10 12 -10 14 -14 -8 16 -16 18 -13 21 -21 22 23 26 25 -25 -1 -28 -24 -23
right_child=1 -3 6 4 -6 8 7 -9 11 -11 -12 17 13 -15 15 -17 -18 -19 -20 20 -22 29 28 24 -26 -27 27 -29 -30 -31
leaf_value=-0.0050680963617301183 -0.014097724329815268 -0.080331043006136194 -0.10271937889347071 -0.022451406320862611 -0.082326682621329653 -0.014900571125232132 -0.023538752815892582 0.10084081166036796 0.012557917909230581 0.083539525798576028 -0.062793826846820375 -0.033212135896537584 -0.029815372232772253 0.14626480576298903 -0.062431714019946329 -0.06118251174704873 0.019578383879855575 0.14041350112015238 0.10209786190490129 0.043170807911496252 -0.082654880091877381 0.02455198083801903 -0.10202084769098461 0.17198986637279481 -0.024247746705103494 0.036818966217816267 0.0041067164079630599 0.091037624949747792 -0.0043892647265460728 0.099123266939248389
leaf_weight=96.768328309059143 118.63254722207785 16.302070710808039 4.0988966450095168 64.363736763596535 13.551391024142502 25.089936882257462 76.427110247313976 3.5204081088304511 26.640826463699341 4.3151248171925536 11.314245045185087 5.0837640613317507 3.1196970716118804 3.5229214727878571 5.1187487244606009 6.6247767359018317 67.586973242461681 4.5496966987848273 6.4555461555719376 4.1754062324762327 6.9330704510211945 163.3022505491972 6.5205947682261449 5.608809895813466 8.0481596589088422 9.5169070735573769 8.6403152793645859 11.060588106513023 7.4638738334178925 6.106992006301879
leaf_count=550 777 149 33 549 124 210 635 19 127 24 79 24 24 25 27 35 339 20 30 20 34 717 34 30 47 52 47 56 43 26
internal_value=-0.000564021 -0.0158653 0.00769812 -0.0118901 -0.0328652 -0.00312496 -0.00643365 -0.00425978 0.016069 -0.00633807 -0.00857066 0.0342535 -0.00479299 0.063569 -0.00770844 0.00754251 0.0138046 0.070178 0.0424856 0.0155496 -0.0353601 0.0173003 0.00633933 0.0119726 0.0483265 0.0869421 0.00473929 0.0529119 -0.0499123 0.0272402
internal_weight=800.464 280.67 519.794 264.367 77.9151 186.452 185.649 181.55 67.8198 178.03 173.714 42.7298 162.4 6.64262 155.758 79.3305 72.7057 16.089 11.5393 334.145 11.1085 323.037 153.628 139.643 23.1739 15.1257 116.469 19.7009 13.9845 169.409
internal_count=4906 2010 2896 1861 673 1188 1240 1207 411 1188 1164 201 1085 49 1036 401 366 74 54 1656 54 1602 859 782 129 82 653 103 77 743
is_linear=0
shrinkage=0.1


end of trees

feature_importances:
Column_0=88
Column_13=60
Column_7=57
Column_11=37
Column_16=36
Column_6=32
Column_8=26
Column_5=23
Column_9=21
Column_1=17
Column_12=13
Column_73=13
Column_67=11
Column_22=10
Column_10=8
Column_26=8
Column_15=7
Column_129=7
Column_41=6
Column_44=6
Column_61=6
Column_65=6
Column_83=6
Column_95=6
Column_140=6
Column_69=5
Column_81=5
Column_99=5
Column_14=4
Column_32=4
Column_40=4
Column_42=4
Column_46=4
Column_68=4
Column_70=4
Column_76=4
Column_87=4
Column_94=4
Column_108=4
Column_133=4
Column_137=4
Column_19=3
Column_34=3
Column_50=3
Column_62=3
Column_88=3
Column_138=3
Column_139=3
Column_220=3
Column_21=2
Column_24=2
Column_33=2
Column_35=2
Column_39=2
Column_45=2
Column_47=2
Column_51=2
Column_52=2
Column_53=2
Column_84=2
Column_98=2
Column_128=2
Column_174=2
Column_17=1
Column_23=1
Column_31=1
Column_49=1
Column_54=1
Column_55=1
Column_57=1
Column_59=1
Column_63=1
Column_64=1
Column_71=1
Column_74=1
Column_77=1
Column_78=1
Column_79=1
Column_82=1
Column_93=1
Column_96=1
Column_102=1
Column_104=1
Column_105=1
Column_134=1
Column_135=1
Column_151=1
Column_168=1

parameters:
[boosting: gbdt]
[objective: binary]
[metric: binary_logloss]
[tree_learner: serial]
[device_type: cpu]
[data_sample_strategy: bagging]
[data: ]
[valid: ]
[num_iterations: 300]
[learning_rate: 0.1]
[num_leaves: 31]
[num_threads: 0]
[seed: 0]
[deterministic: 0]
[force_col_wise: 0]
[force_row_wise: 0]
[histogram_pool_size: -1]
[max_depth: -1]
[min_data_in_leaf: 20]
[min_sum_hessian_in_leaf: 0.001]
[bagging_fraction: 1]
[pos_bagging_fraction: 1]
[neg_bagging_fraction: 1]
[bagging_freq: 0]
[bagging_seed: 7719]
[bagging_by_query: 0]
[feature_fraction: 1]
[feature_fraction_bynode: 1]
[feature_fraction_seed: 2437]
[extra_trees: 0]
[extra_seed: 11797]
[early_stopping_round: 0]
[early_stopping_min_delta: 0]
[first_metric_only: 0]
[max_delta_step: 0]
[lambda_l1: 0]
[lambda_l2: 0]
[linear_lambda: 0]
[min_gain_to_split: 0]
[drop_rate: 0.1]
[max_drop: 50]
[skip_drop: 0.5]
[xgboost_dart_mode: 0]
[uniform_drop: 0]
[drop_seed: 21238]
[top_rate: 0.2]
[other_rate: 0.1]
[min_data_per_group: 100]
[max_cat_threshold: 32]
[cat_l2: 10]
[cat_smooth: 10]
[max_cat_to_onehot: 4]
[top_k: 20]
[monotone_constraints: ]
[monotone_constraints_method: basic]
[monotone_penalty: 0]
[feature_contri: ]
[forcedsplits_filename: ]
[refit_decay_rate: 0.9]
[cegb_tradeoff: 1]
[cegb_penalty_split: 0]
[cegb_penalty_feature_lazy: ]
[cegb_penalty_feature_coupled: ]
[path_smooth: 0]
[interaction_constraints: ]
[verbosity: -1]
[saved_feature_importance_type: 0]
[use_quantized_grad: 0]
[num_grad_quant_bins: 4]
[quant_train_renew_leaf: 0]
[stochastic_rounding: 1]
[linear_tree: 0]
[max_bin: 255]
[max_bin_by_feature: ]
[min_data_in_bin: 3]
[bin_construct_sample_cnt: 200000]
[data_random_seed: 38]
[is_enable_sparse: 1]
[enable_bundle: 1]
[use_missing: 1]
[zero_as_missing: 0]
[feature_pre_filter: 1]
[pre_partition: 0]
[two_round: 0]
[header: 0]
[label_column: ]
[weight_column: ]
[group_column: ]
[ignore_column: ]
[categorical_feature: ]
[forcedbins_filename: ]
[precise_float_parser: 0]
[parser_config_file: ]
[objective_seed: 8855]
[num_class: 1]
[is_unbalance: 0]
[scale_pos_weight: 1]
[sigmoid: 1]
[boost_from_average: 1]
[reg_sqrt: 0]
[alpha: 0.9]
[fair_c: 1]
[poisson_max_delta_step: 0.7]
[tweedie_variance_power: 1.5]
[lambdarank_truncation_level: 30]
[lambdarank_norm: 1]
[label_gain: ]
[lambdarank_position_bias_regularization: 0]
[eval_at: ]
[multi_error_top_k: 1]
[auc_mu_weights: ]
[num_machines: 1]
[local_listen_port: 12400]
[time_out: 120]
[machine_list_filename: ]
[machines: ]
[gpu_platform_id: -1]
[gpu_device_id: -1]
[gpu_device_id_list: ]
[gpu_use_dp: 0]
[num_gpu: 1]

end of parameters

pandas_categorical:null
