tree
version=v4
num_class=1
num_tree_per_iteration=1
label_index=0
max_feature_idx=567
objective=binary sigmoid:1
feature_names=Column_0 Column_1 Column_2 Column_3 Column_4 Column_5 Column_6 Column_7 Column_8 Column_9 Column_10 Column_11 Column_12 Column_13 Column_14 Column_15 Column_16 Column_17 Column_18 Column_19 Column_20 Column_21 Column_22 Column_23 Column_24 Column_25 Column_26 Column_27 Column_28 Column_29 Column_30 Column_31 Column_32 Column_33 Column_34 Column_35 Column_36 Column_37 Column_38 Column_39 Column_40 Column_41 Column_42 Column_43 Column_44 Column_45 Column_46 Column_47 Column_48 Column_49 Column_50 Column_51 Column_52 Column_53 Column_54 Column_55 Column_56 Column_57 Column_58 Column_59 Column_60 Column_61 Column_62 Column_63 Column_64 Column_65 Column_66 Column_67 Column_68 Column_69 Column_70 Column_71 Column_72 Column_73 Column_74 Column_75 Column_76 Column_77 Column_78 Column_79 Column_80 Column_81 Column_82 Column_83 Column_84 Column_85 Column_86 Column_87 Column_88 Column_89 Column_90 Column_91 Column_92 Column_93 Column_94 Column_95 Column_96 Column_97 Column_98 Column_99 Column_100 Column_101 Column_102 Column_103 Column_104 Column_105 Column_106 Column_107 Column_108 Column_109 Column_110 Column_111 Column_112 Column_113 Column_114 Column_115 Column_116 Column_117 Column_118 Column_119 Column_120 Column_121 Column_122 Column_123 Column_124 Column_125 Column_126 Column_127 Column_128 Column_129 Column_130 Column_131 Column_132 Column_133 Column_134 Column_135 Column_136 Column_137 Column_138 Column_139 Column_140 Column_141 Column_142 Column_143 Column_144 Column_145 Column_146 Column_147 Column_148 Column_149 Column_150 Column_151 Column_152 Column_153 Column_154 Column_155 Column_156 Column_157 Column_158 Column_159 Column_160 Column_161 Column_162 Column_163 Column_164 Column_165 Column_166 Column_167 Column_168 Column_169 Column_170 Column_171 Column_172 Column_173 Column_174 Column_175 Column_176 Column_177 Column_178 Column_179 Column_180 Column_181 Column_182 Column_183 Column_184 Column_185 Column_186 Column_187 Column_188 Column_189 Column_190 Column_191 Column_192 Column_193 Column_194 Column_195 Column_196 Column_197 Column_198 Column_199 Column_200 Column_201 Column_202 Column_203 Column_204 Column_205 Column_206 Column_207 Column_208 Column_209 Column_210 Column_211 Column_212 Column_213 Column_214 Column_215 Column_216 Column_217 Column_218 Column_219 Column_220 Column_221 Column_222 Column_223 Column_224 Column_225 Column_226 Column_227 Column_228 Column_229 Column_230 Column_231 Column_232 Column_233 Column_234 Column_235 Column_236 Column_237 Column_238 Column_239 Column_240 Column_241 Column_242 Column_243 Column_244 Column_245 Column_246 Column_247 Column_248 Column_249 Column_250 Column_251 Column_252 Column_253 Column_254 Column_255 Column_256 Column_257 Column_258 Column_259 Column_260 Column_261 Column_262 Column_263 Column_264 Column_265 Column_266 Column_267 Column_268 Column_269 Column_270 Column_271 Column_272 Column_273 Column_274 Column_275 Column_276 Column_277 Column_278 Column_279 Column_280 Column_281 Column_282 Column_283 Column_284 Column_285 Column_286 Column_287 Column_288 Column_289 Column_290 Column_291 Column_292 Column_293 Column_294 Column_295 Column_296 Column_297 Column_298 Column_299 Column_300 Column_301 Column_302 Column_303 Column_304 Column_305 Column_306 Column_307 Column_308 Column_309 Column_310 Column_311 Column_312 Column_313 Column_314 Column_315 Column_316 Column_317 Column_318 Column_319 Column_320 Column_321 Column_322 Column_323 Column_324 Column_325 Column_326 Column_327 Column_328 Column_329 Column_330 Column_331 Column_332 Column_333 Column_334 Column_335 Column_336 Column_337 Column_338 Column_339 Column_340 Column_341 Column_342 Column_343 Column_344 Column_345 Column_346 Column_347 Column_348 Column_349 Column_350 Column_351 Column_352 Column_353 Column_354 Column_355 Column_356 Column_357 Column_358 Column_359 Column_360 Column_361 Column_362 Column_363 Column_364 Column_365 Column_366 Column_367 Column_368 Column_369 Column_370 Column_371 Column_372 Column_373 Column_374 Column_375 Column_376 Column_377 Column_378 Column_379 Column_380 Column_381 Column_382 Column_383 Column_384 Column_385 Column_386 Column_387 Column_388 Column_389 Column_390 Column_391 Column_392 Column_393 Column_394 Column_395 Column_396 Column_397 Column_398 Column_399 Column_400 Column_401 Column_402 Column_403 Column_404 Column_405 Column_406 Column_407 Column_408 Column_409 Column_410 Column_411 Column_412 Column_413 Column_414 Column_415 Column_416 Column_417 Column_418 Column_419 Column_420 Column_421 Column_422 Column_423 Column_424 Column_425 Column_426 Column_427 Column_428 Column_429 Column_430 Column_431 Column_432 Column_433 Column_434 Column_435 Column_436 Column_437 Column_438 Column_439 Column_440 Column_441 Column_442 Column_443 Column_444 Column_445 Column_446 Column_447 Column_448 Column_449 Column_450 Column_451 Column_452 Column_453 Column_454 Column_455 Column_456 Column_457 Column_458 Column_459 Column_460 Column_461 Column_462 Column_463 Column_464 Column_465 Column_466 Column_467 Column_468 Column_469 Column_470 Column_471 Column_472 Column_473 Column_474 Column_475 Column_476 Column_477 Column_478 Column_479 Column_480 Column_481 Column_482 Column_483 Column_484 Column_485 Column_486 Column_487 Column_488 Column_489 Column_490 Column_491 Column_492 Column_493 Column_494 Column_495 Column_496 Column_497 Column_498 Column_499 Column_500 Column_501 Column_502 Column_503 Column_504 Column_505 Column_506 Column_507 Column_508 Column_509 Column_510 Column_511 Column_512 Column_513 Column_514 Column_515 Column_516 Column_517 Column_518 Column_519 Column_520 Column_521 Column_522 Column_523 Column_524 Column_525 Column_526 Column_527 Column_528 Column_529 Column_530 Column_531 Column_532 Column_533 Column_534 Column_535 Column_536 Column_537 Column_538 Column_539 Column_540 Column_541 Column_542 Column_543 Column_544 Column_545 Column_546 Column_547 Column_548 Column_549 Column_550 Column_551 Column_552 Column_553 Column_554 Column_555 Column_556 Column_557 Column_558 Column_559 Column_560 Column_561 Column_562 Column_563 Column_564 Column_565 Column_566 Column_567
feature_infos=[2.0013689994812012:17.993154525756836] [-0.7776256799697876:0.99923950433731079] none none none [0:1] [0:1] [0:1] [0:1] [0:1] [0:1] [0:1] [0:1] [0:1] [0:1] [0:1] [0:1] [0:1] [0:1] [0:1] [0:1] [0:1] [0:1] [0:1] [0:1] [0:1] [0:1] [0:1] [0:1] [0:1] [0:1] [0:1] [0:1] [0:1] [0:1] [0:1] [0:1] [0:1] [0:1] [0:1] [0:1] [0:1] [0:1] [0:1] [0:1] [0:1] [0:1] [0:1] [0:1] [0:1] [0:1] [0:1] [0:1] [0:1] [0:1] [0:1] [0:1] [0:1] [0:1] [0:1] [0:1] [0:1] [0:1] [0:1] [0:1] [0:1] [0:1] [0:1] [0:1] [0:1] [0:1] [0:1] [0:1] [0:1] [0:1] [0:1] [0:1] [0:1] [0:1] [0:1] [0:1] [0:1] [0:1] [0:1] [0:1] [0:1] [0:1] [0:1] [0:1] [0:1] [0:1] [0:1] [0:1] [0:1] [0:1] [0:1] [0:1] [0:1] [0:1] [0:1] [0:1] [0:1] [0:1] [0:1] [0:1] [0:1] [0:1] [0:1] [0:1] none none none none [0:1] [0:1] none [0:1] none [0:1] none none [0:1] none none none none [0:1] [0:1] [0:1] [0:1] [0:1] none [0:1] [0:1] [0:1] [0:1] none [0:1] [0:1] [0:1] [0:1] [0:1] [0:1] [0:1] [0:1] [0:1] [0:1] [0:1] [0:1] [0:1] [0:1] [0:1] [0:1] [0:1] [0:1] [0:1] [0:1] none none none none none none none none none none [0:1] [0:1] none none none none none [0:1] [0:1] [0:1] [0:1] [0:1] [0:1] [0:1] [0:1] [0:1] [0:1] [0:1] [0:1] [0:1] [0:1] [0:1] [0:1] [0:1] [0:1] [0:1] [0:1] [0:1] [0:1] [0:1] [0:1] [0:1] [0:1] [0:1] [0:1] none none [0:1] [0:1] [0:1] none [0:1] [0:1] [0:1] [0:1] [0:1] none [0:1] none none [0:1] none [0:1] [0:1] [0:1] [0:1] [0:1] [0:1] [0:1] [0:1] [0:1] [0:1] [0:1] [0:1] [0:1] [0:1] [0:1] [0:1] [0:1] [0:1] [0:1] [0:1] [0:1] [0:1] [0:1] [0:1] [0:1] none none none none none none none none none none none none none none none none none [0:1] [0:1] [0:1] [0:1] [0:1] [0:1] [0:1] [0:1] [0:1] [0:1] none [0:1] [0:1] [0:1] [0:1] none [0:1] [0:1] none none none [0:1] [0:1] none none none none none [0:1] [0:1] [0:1] [0:1] [0:1] [0:1] [0:1] none none none [0:1] none [0:1] [0:1] [0:1] none [0:1] [0:1] [0:1] [0:1] none none [0:1] [0:1] none none none none [0:1] [0:1] none none none [0:1] none none [0:1] [0:1] none none [0:1] [0:1] none none none none none none none none none none none none none none none none none none none none none none none none none none none none none none none none none none none none none none none none none none none none none none none none none none none none none none none none none none none none none none none none none none none none none none none none none none none none none none none none none none none none none none none none none none none none none none none none none none none none none none none none none none none none none none none none none none none none none none none none none none none none none none none none none none none none none none none none none none none none none none none none none none none none none none none none none none none none none none none none none none none none none none none none none none none none none none none none none none none none none none none none none none none none none none none none none none none none none none none none none none none none none none none none none none none none none none none none none none none none none none none none none none none none none none none none none none none none none
tree_sizes=3418 3433 3455 3476 3466 3488 3474 3453 3470 3487 3502 3465 3446 3447 3428

Tree=0
num_leaves=31
num_cat=0
split_feature=16 5 5 12 104 51 0 50 12 138 9 56 0 42 0 0 8 7 0 140 83 13 7 13 42 6 80 6 135 26
split_gain=148.978 73.3571 12.4733 11.6607 9.15379 9.11257 8.19 7.67462 7.18185 7.85176 8.31545 6.99646 7.53306 5.96829 5.92564 6.66518 6.03007 5.42672 5.22388 5.20324 5.10794 5.91994 5.90989 7.23221 5.88065 6.35262 4.87579 5.10694 5.26493 5.0668
threshold=1.0000000180025095e-35 1.0000000180025095e-35 1.0000000180025095e-35 1.0000000180025095e-35 1.0000000180025095e-35 1.0000000180025095e-35 17.166323661804203 1.0000000180025095e-35 1.0000000180025095e-35 1.0000000180025095e-35 1.0000000180025095e-35 1.0000000180025095e-35 7.3634495735168466 1.0000000180025095e-35 3.1252566576004033 4.1437373161315927 1.0000000180025095e-35 1.0000000180025095e-35 11.108829498291017 1.0000000180025095e-35 1.0000000180025095e-35 1.0000000180025095e-35 1.0000000180025095e-35 1.0000000180025095e-35 1.0000000180025095e-35 1.0000000180025095e-35 1.0000000180025095e-35 1.0000000180025095e-35 1.0000000180025095e-35 1.0000000180025095e-35
decision_type=2 2 2 2 2 2 2 2 2 2 2 2 2 2 2 2 2 2 2 2 2 2 2 2 2 2 2 2 2 2
left_child=1 5 6 11 14 8 -2 20 9 10 26 -3 -13 -12 -5 17 -17 -16 -14 -10 22 -22 24 -24 -7 -26 27 28 -1 -29
right_child=2 3 -4 4 -6 7 -8 -9 19 -11 13 12 18 -15 15 16 -18 -19 -20 -21 21 -23 23 -25 25 -27 -28 29 -30 -31
leaf_value=-1.0338388630726525 -1.0871803414123598 -1.0481765917723922 -1.1204926837158942 -1.1333582726260905 -0.88956695954411913 -0.8673832953855507 -0.99785493158673133 -1.0102460925667318 -0.96899259320648645 -0.92350796570672888 -1.0576184541595024 -1.1410642511096867 -1.0356693366463876 -0.96586844626626522 -1.0275937179387322 -1.0176711462278993 -1.0748745008153613 -0.86155216080672692 -1.0950903738621056 -1.0612685201314391 -0.92350796570672888 -1.0932129965197779 -1.0125286748525213 -0.90556214635638355 -0.88834386022294398 -1.0260166610867323 -1.0932129965197779 -0.88633448276672777 -0.93139324996672923 -0.98075512943433074
leaf_weight=24.018656462430958 222.70098271965981 59.758417278528214 143.91978952288628 5.9566268026828757 4.4194327890872946 19.599223673343658 10.760358095169066 20.752119183540344 94.537431836128235 9.6074625849723798 49.958805441856384 23.442208707332611 22.289313197135925 8.2624178230762464 3.8429850339889517 49.382357686758041 29.398835510015488 4.0351342856884003 44.002178639173508 6.5330745577812186 3.8429850339889509 4.4194327890872955 14.60334312915802 11.144656598567963 7.1095223128795606 6.3409253060817719 4.4194327890872946 8.0702685713768023 6.340925306081771 19.214925169944763
leaf_count=125 1159 311 749 31 23 102 56 108 492 50 260 122 116 43 20 257 153 21 229 34 20 23 76 58 37 33 23 42 33 100
internal_value=-1.04868 -1.0162 -1.09734 -1.05716 -1.03017 -0.984523 -1.08306 -0.957102 -0.994948 -1.0105 -1.01745 -1.07469 -1.09234 -1.0446 -1.03688 -1.03025 -1.03902 -0.942548 -1.07511 -0.974957 -0.940657 -1.01428 -0.930311 -0.96623 -0.902328 -0.953247 -0.991985 -0.984225 -1.01244 -0.952828
internal_weight=942.684 565.303 377.381 246.527 97.0354 318.776 233.461 87.8122 230.963 129.893 120.285 149.492 89.7337 58.2212 92.6159 86.6593 78.7812 7.87812 66.2915 101.071 67.0601 8.26242 58.7977 25.748 33.0497 13.4504 62.0642 57.6448 30.3596 27.2852
internal_count=4906 2942 1964 1283 505 1659 1215 457 1202 676 626 778 467 303 482 451 410 41 345 526 349 43 306 134 172 70 323 300 158 142
is_linear=0
shrinkage=1


Tree=1
num_leaves=31
num_cat=0
split_feature=16 5 5 12 126 50 0 0 104 56 0 0 83 9 0 0 0 0 8 1 0 0 40 0 54 0 80 99 78 1
split_gain=121.522 56.8392 10.9623 9.50225 8.4814 8.13113 9.14475 6.96137 6.75161 5.88657 6.69397 5.7137 5.67165 5.24841 5.31775 4.97042 4.94649 5.03129 4.85063 4.51462 7.46504 4.37623 5.50231 4.33195 5.71665 6.26333 4.22372 3.90289 3.99563 3.63417
threshold=1.0000000180025095e-35 1.0000000180025095e-35 1.0000000180025095e-35 1.0000000180025095e-35 1.0000000180025095e-35 1.0000000180025095e-35 12.262833595275881 17.698836326599125 1.0000000180025095e-35 1.0000000180025095e-35 8.0082135200500506 9.5071868896484393 1.0000000180025095e-35 1.0000000180025095e-35 9.5838465690612811 2.6105407476425175 3.1252566576004033 4.1437373161315927 1.0000000180025095e-35 -0.16723705083131787 11.690622806549074 6.2258727550506601 1.0000000180025095e-35 15.727583885192873 1.0000000180025095e-35 10.965092182159426 1.0000000180025095e-35 1.0000000180025095e-35 1.0000000180025095e-35 -0.41120998561382288
decision_type=2 2 2 2 2 2 2 2 2 2 2 2 2 2 2 2 2 2 2 2 2 2 2 2 2 2 2 2 2 2
left_child=1 4 7 9 5 6 13 29 16 -3 -11 -12 -7 14 27 -4 -5 -18 21 -14 -21 -19 23 24 -23 -26 -8 28 -1 -2
right_child=2 3 15 8 -6 12 26 -9 -10 10 11 -13 19 -15 -16 -17 17 18 -20 20 -22 22 -24 -25 25 -27 -28 -29 -30 -31
leaf_value=0.063752170638349412 -0.010746951682236126 0.00045513755798633009 0.023944069905722933 -0.079665801883086723 -0.052355182398278369 0.042728730679416183 0.1023201866720255 0.094093354709746474 0.13275931544254246 -0.084114729194758778 0.047041599171845416 -0.03585007246298335 -0.11298289962650228 0.031836225805606772 0.018371735819375259 -0.071026439371471975 0.090625961586021916 -0.035809625472003136 -0.023891640460484038 0.11312680223022892 -0.072888946159218732 0.10575168591124331 -0.027033370164787227 0.1568952545748574 0.059659644177057575 -0.062883864817429816 0.025341281746667332 0.16330504366263196 0.13010925652971914 -0.04088158528640521
leaf_weight=56.653265759348869 52.045371472835541 59.772959589958191 5.7487426698207846 5.7111059725284568 7.0837905108928672 72.313626319169998 73.795650258660316 4.3297483623027793 4.7472512274980536 24.900605037808418 9.8608273118734342 53.067253947257996 4.2910459488630286 64.815715745091438 16.735519200563431 133.14829796552658 8.2665765285491926 8.9700449109077436 29.026939585804939 3.9834533631801587 4.7063148468732834 10.335051745176321 9.165045887231825 4.095020502805709 10.72505369782448 6.8250341713428488 7.8897932916879645 5.3252843618392935 10.804868847131727 173.19890396296978
leaf_count=286 276 311 31 31 36 367 367 22 23 135 51 281 22 332 85 718 41 46 153 20 24 53 47 21 55 35 39 27 54 917
internal_value=-0.000105206 0.0286701 -0.0449207 -0.00773149 0.0558793 0.0582655 0.0678285 -0.0315043 0.016431 -0.0237524 -0.0402272 -0.022861 0.0318034 0.0535082 0.0691998 -0.0670958 0.0105006 0.0163919 0.00863799 -0.0290596 0.012382 0.0274793 0.0412769 0.0608536 0.0467495 0.0120038 0.094885 0.0808869 0.0743807 -0.0339186
internal_weight=942.338 573.867 368.471 245.469 328.398 321.315 236.02 229.574 97.8671 147.602 87.8287 62.9281 85.2944 154.335 89.5189 138.897 93.1199 87.4088 79.1422 12.9808 8.68977 50.1153 41.1452 31.9802 27.8851 17.5501 81.6854 72.7834 67.4581 225.244
internal_count=4906 2942 1964 1283 1659 1623 1190 1215 505 778 467 332 433 784 452 749 482 451 410 66 44 257 211 164 143 90 406 367 340 1193
is_linear=0
shrinkage=0.1


Tree=2
num_leaves=31
num_cat=0
split_feature=16 5 5 12 126 0 50 0 104 56 0 25 83 0 11 128 14 60 1 0 0 61 0 1 0 68 12 13 134 138
split_gain=99.3068 44.4479 9.62599 7.73084 6.68506 6.54529 6.13115 6.74064 5.11395 4.94751 5.9317 4.58248 4.52864 4.28544 4.13097 6.59914 5.74724 4.24211 5.40124 4.23461 7.91229 4.02832 3.96038 3.90324 5.91389 3.86023 3.80693 5.4421 5.5577 4.83798
threshold=1.0000000180025095e-35 1.0000000180025095e-35 1.0000000180025095e-35 1.0000000180025095e-35 1.0000000180025095e-35 17.746748924255375 1.0000000180025095e-35 12.262833595275881 1.0000000180025095e-35 1.0000000180025095e-35 7.3634495735168466 1.0000000180025095e-35 1.0000000180025095e-35 2.6105407476425175 1.0000000180025095e-35 1.0000000180025095e-35 1.0000000180025095e-35 1.0000000180025095e-35 -0.10076811909675597 11.824777603149416 14.97056818008423 1.0000000180025095e-35 11.108829498291017 -0.16723705083131787 11.690622806549074 1.0000000180025095e-35 1.0000000180025095e-35 1.0000000180025095e-35 1.0000000180025095e-35 1.0000000180025095e-35
decision_type=2 2 2 2 2 2 2 2 2 2 2 2 2 2 2 2 2 2 2 2 2 2 2 2 2 2 2 2 2 2
left_child=1 4 5 9 6 -2 7 11 14 -3 -11 -1 -8 -4 15 16 17 18 -5 21 -21 -18 -12 -14 -25 -16 29 -28 -29 -13
right_child=2 3 13 8 -6 -7 12 -9 -10 10 22 26 23 -15 25 -17 19 -19 -20 20 -22 -23 -24 24 -26 -27 27 28 -30 -31
leaf_value=-0.051399882588552381 -0.031037275752846611 0.0004095297607763968 0.021276957444896809 -0.019925862711253396 -0.04835848829813056 0.10319147027779757 0.037680773902342875 0.081858719926323487 0.11311902366346607 -0.082661656894116378 0.012090668299735458 0.027854623272778906 -0.10778547944684935 -0.066468050650924357 -0.00063080285918487794 -0.091412619010310753 0.070360697424712251 -0.01352202453426956 0.12888585643071021 -0.082287800456607135 0.12029559777994668 0.1887594080751426 -0.0399451636796921 0.096738082331459349 -0.068054777123450566 -0.081752402230602428 0.04449096523081713 0.12427880598759651 0.010316770165943057 0.10788402465558072
leaf_weight=4.6007101088762274 222.26878270506859 59.786042109131813 5.8184959292411795 4.2901437133550644 6.9116131067275992 3.6931290328502646 73.721056580543518 85.01006942987442 4.9993232935667029 21.409215450286865 22.373027890920639 76.591304957866669 4.0601980835199347 128.30964925885201 28.812927603721619 4.4169553965330115 7.6960296183824557 22.947700098156929 5.6527625471353513 3.8173398673534384 3.8952230364084244 4.5859885662794113 42.24080066382885 4.1808181554079038 4.5451548546552658 7.365513175725936 41.191839084029198 21.965112775564197 5.3147630542516699 8.3803002834320051
leaf_count=23 1197 311 31 22 36 18 367 406 23 122 116 385 22 718 149 23 39 119 29 20 20 23 229 20 24 38 202 108 26 40
internal_value=-0.000180864 0.0254012 -0.0414402 -0.00706637 0.0489736 -0.0288434 0.0510148 0.0591521 0.0145797 -0.0216862 -0.0370428 0.0469384 0.0281521 -0.0626617 0.00930987 0.0260133 0.0358206 0.0101177 0.0646769 0.0781014 0.0200268 0.11457 -0.0219274 -0.0267872 0.0109013 -0.0171462 0.0498869 0.0674336 0.102076 0.0357475
internal_weight=940.852 580.762 360.09 244.289 336.473 225.962 329.561 243.054 98.4799 145.809 86.023 158.044 86.5072 134.128 93.4806 57.3021 52.8852 32.8906 9.94291 19.9946 7.71256 12.282 64.6138 12.7862 8.72597 36.1784 153.443 68.4717 27.2799 84.9716
internal_count=4906 2942 1964 1283 1659 1215 1623 1190 505 778 467 784 433 749 482 295 272 170 51 102 40 62 345 66 44 187 761 336 134 425
is_linear=0
shrinkage=0.1


Tree=3
num_leaves=31
num_cat=0
split_feature=16 5 5 100 12 0 126 56 12 83 6 50 1 0 14 15 76 102 9 14 86 8 0 65 15 26 55 0 55 42
split_gain=81.2233 35.0035 8.43943 6.38374 6.59091 5.39384 5.30263 4.93587 4.89055 5.92076 7.97864 6.02912 5.64175 7.79368 6.89253 11.7398 5.40006 5.61875 6.44365 9.40289 10.222 10.4869 5.93173 5.80389 5.74903 5.57952 4.91745 4.79941 4.70065 4.69334
threshold=1.0000000180025095e-35 1.0000000180025095e-35 1.0000000180025095e-35 1.0000000180025095e-35 1.0000000180025095e-35 17.100615501403812 1.0000000180025095e-35 1.0000000180025095e-35 1.0000000180025095e-35 1.0000000180025095e-35 1.0000000180025095e-35 1.0000000180025095e-35 -0.19324663281440732 6.4298424720764169 1.0000000180025095e-35 1.0000000180025095e-35 1.0000000180025095e-35 1.0000000180025095e-35 1.0000000180025095e-35 1.0000000180025095e-35 1.0000000180025095e-35 1.0000000180025095e-35 16.223134994506839 1.0000000180025095e-35 1.0000000180025095e-35 1.0000000180025095e-35 1.0000000180025095e-35 7.3634495735168466 1.0000000180025095e-35 1.0000000180025095e-35
decision_type=2 2 2 2 2 2 2 2 2 2 2 2 2 2 2 2 2 2 2 2 2 2 2 2 2 2 2 2 2 2
left_child=1 6 5 4 7 -2 8 -3 16 10 12 28 13 14 -10 -16 17 18 19 20 21 -1 24 -20 -21 -26 -12 -9 -11 -29
right_child=2 3 -4 -5 -6 -7 -8 27 9 11 26 -13 -14 -15 15 -17 -18 -19 23 22 -22 -23 -24 -25 25 -27 -28 29 -30 -31
leaf_value=0.018775111841618602 -0.03006970068272366 0.0054758112215756386 -0.058475097201989727 -0.085951766394226858 0.017083218444458034 0.03925923104408699 -0.044622542316019233 -0.076026807435371449 0.024948156915584774 0.1218283462942186 -0.005686309071638424 -0.07275726848426968 0.10928471075435338 -0.071440041675758417 0.23989018436264231 0.017870628419879315 0.14678990809321918 -0.032448541565664138 0.0085460359963542131 -0.0028178175101233245 0.22528812231475537 0.11500704123386946 -0.094507263257995244 0.12639901745351725 0.15670616096391832 0.032126444684911069 0.058980030779769002 0.00031154585028009865 0.01067971201415446 -0.058181071259580344
leaf_weight=21.681272134184837 210.75587828457355 56.91366982460022 129.61865778267384 9.7001426815986616 95.225456744432449 11.853099584579466 6.7499859631061545 19.602643623948097 11.932169541716579 5.27536161243916 17.546924084424973 6.0864589363336554 46.894394755363464 4.3223200291395178 5.2288626283407211 4.3738793432712555 4.1509821116924277 12.796327874064444 73.622523427009583 20.777202248573303 4.6123771071434012 23.705920934677124 4.1597053706645957 4.4301172047853461 5.6652761697769138 9.8378525674343109 35.652268797159195 41.073489844799042 13.651032775640488 20.59643018245697
leaf_count=104 1155 296 749 50 487 60 36 117 57 25 84 31 221 21 25 21 20 62 365 100 22 114 20 21 27 48 170 219 65 114
internal_value=-0.000235528 0.0225673 -0.0381898 -0.00646283 -0.00315942 -0.0263782 0.0431342 -0.0171088 0.044895 0.0582583 0.0670837 0.0138186 0.0886064 0.0511043 0.0757004 0.138764 0.0340162 0.031434 0.0362856 0.0544529 0.0834513 0.0690375 0.0185996 0.0152351 0.0315679 0.0776514 0.0376508 -0.0329244 0.0416602 -0.0192237
internal_weight=938.493 586.265 352.228 243.112 233.412 222.609 343.153 138.186 336.403 150.964 125.951 25.0129 72.7516 25.8572 21.5349 9.60274 185.44 181.289 168.492 90.4396 49.9996 45.3872 40.44 78.0526 36.2803 15.5031 53.1992 81.2726 18.9264 61.6699
internal_count=4906 2942 1964 1283 1233 1215 1659 746 1623 720 599 121 345 124 103 46 903 883 821 435 240 218 195 386 175 75 254 450 90 333
is_linear=0
shrinkage=0.1


Tree=4
num_leaves=31
num_cat=0
split_feature=16 5 5 100 104 0 126 50 10 12 8 81 13 68 128 11 67 86 0 0 14 59 61 1 8 0 34 78 0 55
split_gain=66.4164 27.618 7.37215 5.43172 6.19851 4.62156 4.22147 3.87012 4.9482 8.73833 6.39077 6.27457 6.25586 6.08601 5.67516 4.94647 4.68524 4.3564 4.96539 5.33971 4.72652 4.26498 7.63365 7.33752 4.3298 3.82181 3.70182 4.68362 4.38171 4.9831
threshold=1.0000000180025095e-35 1.0000000180025095e-35 1.0000000180025095e-35 1.0000000180025095e-35 1.0000000180025095e-35 17.746748924255375 1.0000000180025095e-35 1.0000000180025095e-35 1.0000000180025095e-35 1.0000000180025095e-35 1.0000000180025095e-35 1.0000000180025095e-35 1.0000000180025095e-35 1.0000000180025095e-35 1.0000000180025095e-35 1.0000000180025095e-35 1.0000000180025095e-35 1.0000000180025095e-35 9.0704994201660174 14.405201911926271 1.0000000180025095e-35 1.0000000180025095e-35 1.0000000180025095e-35 -0.48695717751979822 1.0000000180025095e-35 2.6105407476425175 1.0000000180025095e-35 1.0000000180025095e-35 8.1492128372192401 1.0000000180025095e-35
decision_type=2 2 2 2 2 2 2 2 2 2 2 2 2 2 2 2 2 2 2 2 2 2 2 2 2 2 2 2 2 2
left_child=1 6 5 4 -3 -2 7 8 11 17 13 12 -1 -11 -14 16 -12 18 21 20 -20 23 -23 -10 -24 -4 28 -28 -9 -30
right_child=2 3 25 -5 -6 -7 -8 26 9 10 15 -13 14 -15 -16 -17 -18 -19 19 -21 -22 22 24 -25 -26 -27 27 -29 29 -31
leaf_value=0.02720868583059359 -0.02605236213482397 -0.0054705235545840988 0.025436575071328744 -0.080764349485480308 0.099716264594678736 0.083701373516639185 -0.041129696202138744 -0.098383990150137046 0.05020074277556822 0.098458784624800774 0.018841112150752844 0.0095402451637680175 0.098924364302899664 0.20706810392104319 -0.01791019344616062 -0.028057729313933168 0.14863613218377814 0.10851878103507434 -0.093907341413631537 0.045855895691324859 0.031607721342831706 -0.066199689588795199 0.14368074829867461 0.19911804010350537 0.0024570388705588172 -0.058304130011211423 0.040565046794501639 -0.060717678101668365 -0.061054060450552387 0.05244795255835201
leaf_weight=45.281528532505035 215.60966494679451 227.07936759293079 5.7099682241678229 9.3114456683397275 5.7439880669116965 3.9061355888843527 6.5990649312734595 4.8352202922105816 13.504523217678068 22.444405525922779 5.4212733805179614 61.628299549221992 30.882504433393478 6.6994214057922354 4.8043021261692038 5.8642674535512915 5.7106286734342575 7.7284584194421759 8.4250723570585269 10.772542387247084 4.6594373583793631 6.6129004657268498 4.5523341149091721 4.382441550493243 4.1501157581806183 119.70090714097023 62.292373329401016 4.9268491864204398 6.1907041817903528 10.30973769724369
leaf_count=213 1197 1205 31 50 28 18 36 24 65 104 25 291 143 30 23 27 26 35 41 49 23 32 22 21 20 718 305 24 30 50
internal_value=-0.000281939 0.0200743 -0.0351495 -0.00587073 -0.00287546 -0.0240994 0.0380915 0.0396198 0.0459061 0.0617458 0.0950043 0.0335841 0.0518849 0.123425 0.0831956 0.0462699 0.0854255 0.0380601 0.0285168 -0.00628399 -0.049211 0.0535224 0.0147896 0.0866866 0.0763325 -0.0544914 0.0216227 0.0331415 -0.014668 0.0098638
internal_weight=935.74 590.813 344.927 242.135 232.823 219.516 348.678 342.079 253.524 110.928 46.14 142.597 80.9683 29.1438 35.6868 16.9962 11.1319 64.7878 57.0594 23.8571 13.0845 33.2023 15.3154 17.887 8.70245 125.411 88.5549 67.2192 21.3357 16.5004
internal_count=4906 2942 1964 1283 1233 1215 1659 1623 1190 520 212 670 379 134 166 78 51 308 273 113 64 160 74 86 42 749 433 329 104 80
is_linear=0
shrinkage=0.1


Tree=5
num_leaves=31
num_cat=0
split_feature=16 5 5 12 0 76 126 0 11 138 78 101 54 83 13 39 95 9 81 71 99 226 7 12 10 39 44 21 55 8
split_gain=54.3479 21.8778 6.42832 5.08567 4.1844 3.98456 4.44657 3.95975 4.64259 3.84632 6.41528 4.05686 3.80646 4.75633 4.5027 3.98162 4.69282 4.96147 4.36629 4.93162 4.57144 3.7914 3.70666 3.645 5.49619 6.67266 5.80711 5.0248 10.5876 4.39604
threshold=1.0000000180025095e-35 1.0000000180025095e-35 1.0000000180025095e-35 1.0000000180025095e-35 3.1252566576004033 1.0000000180025095e-35 1.0000000180025095e-35 17.100615501403812 1.0000000180025095e-35 1.0000000180025095e-35 1.0000000180025095e-35 1.0000000180025095e-35 1.0000000180025095e-35 1.0000000180025095e-35 1.0000000180025095e-35 1.0000000180025095e-35 1.0000000180025095e-35 1.0000000180025095e-35 1.0000000180025095e-35 1.0000000180025095e-35 1.0000000180025095e-35 1.0000000180025095e-35 1.0000000180025095e-35 1.0000000180025095e-35 1.0000000180025095e-35 1.0000000180025095e-35 1.0000000180025095e-35 1.0000000180025095e-35 1.0000000180025095e-35 1.0000000180025095e-35
decision_type=2 2 2 2 2 2 2 2 2 2 2 2 2 2 2 2 2 2 2 2 2 2 2 2 2 2 2 2 2 2
left_child=1 5 7 12 -5 6 21 9 -9 11 -11 -2 13 -3 -15 16 17 18 19 -14 -20 23 -19 27 26 29 -25 -1 -29 -26
right_child=2 3 -4 4 -6 -7 -8 8 -10 10 -12 -13 15 14 -16 -17 -18 22 20 -21 -22 -23 -24 24 25 -27 -28 28 -30 -31
leaf_value=0.028796229910212863 -0.025917950127198632 -0.011433212763728776 -0.050735305759055382 -0.073539652308098682 0.016965365697642981 0.10402433965416874 -0.051215185432574417 0.079852848248544842 -0.049562131325215426 -0.055164292990549896 0.08910316525729095 -0.1021843630178903 0.090251004984504266 0.11915725161042215 -0.01614245831321124 -0.080373168741918313 -0.082582742059015959 -0.0086858753488846443 -0.085114543748452273 -0.014165486756024321 0.04557981139278499 0.12628782779840309 -0.096470505203257229 -0.082064295370784898 0.1095832760080102 0.015321009919960424 0.033740045918879788 0.094799651944519836 -0.068472068967408317 0.04440590827981232
leaf_weight=162.81206259131432 184.69944453239441 57.896538123488426 121.45917455852032 5.4021888971328726 93.94310574233532 7.8878097236156455 6.2828178703784934 7.7643290162086469 4.3111336827278137 5.3363511711359006 7.297331690788269 7.248389557003974 10.806577682495119 5.9114945828914625 4.2123928815126419 14.382633939385412 10.458435520529745 10.7150908857584 6.6651542782783526 7.7794898599386206 4.4720213562250137 4.3646477460861197 8.7280145585536957 4.567278876900672 29.592144295573235 18.323424160480499 83.430424228310585 5.449171021580697 14.648067370057106 15.912987336516379
leaf_count=774 1043 307 749 31 474 36 35 39 21 30 41 41 60 31 22 83 59 61 38 44 24 20 49 21 131 88 386 26 70 72
internal_value=-0.000308447 0.0178932 -0.0323197 -0.00531183 0.0120439 0.0337481 0.0321432 -0.0219957 0.0336496 -0.0252802 0.0281659 -0.0287979 -0.0174518 -0.00037554 0.0628611 -0.0331466 -0.0217546 -0.00881557 0.0168769 0.0465458 -0.0326355 0.0336876 -0.0480924 0.0324802 0.0439338 0.0662739 0.0277295 0.022973 -0.0242025 0.086791
internal_weight=932.76 594.644 338.116 241.373 99.3453 353.271 345.383 216.657 12.0755 204.582 12.6337 191.948 142.028 68.0204 10.1239 74.0074 59.6248 49.1663 29.7232 18.5861 11.1372 339.1 19.4431 334.736 151.826 63.8286 87.9977 182.909 20.0972 45.5051
internal_count=4906 2942 1964 1283 505 1659 1623 1215 60 1155 71 1084 778 360 53 418 335 276 166 104 62 1588 110 1568 698 291 407 870 96 203
is_linear=0
shrinkage=0.1


Tree=6
num_leaves=31
num_cat=0
split_feature=16 5 5 100 104 99 61 12 1 9 10 8 8 0 0 55 98 63 0 83 10 56 26 0 0 0 19 13 76 126
split_gain=44.4896 17.4536 5.56926 4.61918 4.93019 3.51502 4.96897 6.87672 4.61061 5.75926 4.93435 5.0939 4.43745 4.12046 3.62493 4.66165 3.48051 3.46928 3.67995 3.27775 8.67543 5.76956 6.63909 4.92244 3.93848 3.96118 3.12604 3.05484 3.04514 3.5963
threshold=1.0000000180025095e-35 1.0000000180025095e-35 1.0000000180025095e-35 1.0000000180025095e-35 1.0000000180025095e-35 1.0000000180025095e-35 1.0000000180025095e-35 1.0000000180025095e-35 -0.41120998561382288 1.0000000180025095e-35 1.0000000180025095e-35 1.0000000180025095e-35 1.0000000180025095e-35 2.7748117446899419 7.8836412429809579 1.0000000180025095e-35 1.0000000180025095e-35 1.0000000180025095e-35 2.6105407476425175 1.0000000180025095e-35 1.0000000180025095e-35 1.0000000180025095e-35 1.0000000180025095e-35 8.8720054626464862 2.3121149539947514 2.6105407476425175 1.0000000180025095e-35 1.0000000180025095e-35 1.0000000180025095e-35 1.0000000180025095e-35
decision_type=2 2 2 2 2 2 2 2 2 2 2 2 2 2 2 2 2 2 2 2 2 2 2 2 2 2 2 2 2 2
left_child=1 28 5 4 19 8 27 12 9 13 11 -11 -8 -2 15 -10 -16 18 -4 24 21 23 -23 -21 -3 -26 -20 -7 29 -1
right_child=2 3 17 -5 -6 6 7 -9 14 10 -12 -13 -14 -15 16 -17 -18 -19 26 20 -22 22 -24 -25 25 -27 -28 -29 -30 -31
leaf_value=0.029934007211041055 -0.084045349273587672 -0.10765005915146658 0.028318474353210846 -0.075580858941108608 0.087955332511664097 -0.07797365070994261 0.041742836549345956 0.1114329434815004 -0.023419678831829337 -0.04007092930703296 0.11926048686848441 0.093954337715173739 -0.085175213373176517 -0.0027414413793301041 -0.019407469832734 -0.096816602483501782 -0.085540475913469249 0.041895759599887013 -0.058195725129574043 0.058743523714120942 -0.041049847468704756 -0.065485390437431346 0.073926577042279451 0.19754169237356159 0.097916964189892292 -0.0098818053105023465 0.025302305646350061 0.020607988167770111 0.090402721033531003 -0.047454397337572875
leaf_weight=342.98999999463558 8.6976845711469668 4.0403062254190436 5.6356713622808448 8.8934589624404889 5.9183841496706 7.7345862686634046 7.0038711875677109 8.2357084006071091 16.073789522051811 7.7927510887384432 6.0207428336143485 4.4581384211778641 4.5407656878232956 22.000439912080765 88.692704394459724 18.74444854259491 8.7424614131450635 4.2185311317443839 103.27589178085327 6.5898431241512299 13.969302356243132 5.9018468707799903 8.1097908169031143 4.1732590049505234 3.4747880399227133 179.40587942302227 4.6872568130493155 5.2954816520214081 8.1531402468681318 6.1118764430284491
leaf_count=1588 49 22 31 50 28 44 40 46 92 44 34 25 26 124 504 108 49 27 661 33 75 32 43 21 19 960 30 30 36 35
internal_value=-0.000330167 0.0159704 -0.0296909 -0.00485728 -0.0021413 -0.0200794 0.0100384 0.0416236 -0.0255322 0.000680472 0.045132 0.0087013 -0.00817689 -0.0257772 -0.0352381 -0.062933 -0.0253413 -0.0471517 -0.0504585 -0.00450421 0.0219675 0.0575 0.0152048 0.112561 -0.00999113 -0.0078336 -0.0545706 -0.0379096 0.02999 0.0285791
internal_weight=929.583 597.732 331.851 240.477 231.583 214.034 32.8104 19.7803 181.223 48.9698 18.2716 12.2509 11.5446 30.6981 132.253 34.8182 97.4352 117.817 113.599 225.665 38.744 24.7747 14.0116 10.7631 186.921 182.881 107.963 13.0301 357.255 349.102
internal_count=4906 2942 1964 1283 1233 1215 186 112 1029 276 103 69 66 173 753 200 553 749 722 1205 204 129 75 54 1001 979 691 74 1659 1623
is_linear=0
shrinkage=0.1


Tree=7
num_leaves=31
num_cat=0
split_feature=16 5 5 12 64 0 0 0 55 104 0 31 9 94 39 0 133 0 9 11 128 0 1 0 13 0 8 68 138 78
split_gain=36.5039 13.9585 4.80481 4.0604 3.71844 5.66355 3.63013 4.48203 8.14513 3.60167 3.4075 3.26701 5.01357 4.76458 4.65537 3.70332 5.44267 5.40347 3.16183 3.12744 5.10536 4.90029 5.4538 4.76468 4.9358 4.52643 3.79092 3.331 3.04194 4.96606
threshold=1.0000000180025095e-35 1.0000000180025095e-35 1.0000000180025095e-35 1.0000000180025095e-35 1.0000000180025095e-35 16.041068077087406 11.690622806549074 6.9705681800842294 1.0000000180025095e-35 1.0000000180025095e-35 17.746748924255375 1.0000000180025095e-35 1.0000000180025095e-35 1.0000000180025095e-35 1.0000000180025095e-35 10.709103107452394 1.0000000180025095e-35 14.205338954925539 1.0000000180025095e-35 1.0000000180025095e-35 1.0000000180025095e-35 4.5790553092956552 -0.29652445018291468 10.035592079162599 1.0000000180025095e-35 16.56947231292725 1.0000000180025095e-35 1.0000000180025095e-35 1.0000000180025095e-35 1.0000000180025095e-35
decision_type=2 2 2 2 2 2 2 2 2 2 2 2 2 2 2 2 2 2 2 2 2 2 2 2 2 2 2 2 2 2
left_child=1 -1 10 4 6 18 7 8 -3 19 28 12 14 15 -4 16 -14 -17 -6 20 21 -5 -23 24 -24 26 -25 -21 -2 -30
right_child=2 3 11 9 5 -7 -8 -9 -10 -11 -12 -13 13 -15 -16 17 -18 -19 -20 27 -22 22 23 25 -26 -27 -28 -29 29 -31
leaf_value=0.026698758460095114 -0.023209339889068061 0.0083474557093616304 -0.061139634089814945 0.13060266401895687 -0.056286120456468948 0.14090069466322125 -0.044278979542253766 0.016596801567676161 -0.07676343213524961 0.091843654339741454 0.07288409951466425 -0.079597539417389424 -0.053194567665264515 -0.12280631089858395 0.033235456536781165 0.13809835028563883 0.063416618097859798 -0.010026884197203953 0.059859081705200212 -0.0015267331175604143 -0.085644711813106927 -0.053309566058913085 0.040069262569793609 0.027799967111451482 0.170074195533408 0.10467181135869097 -0.052991014552129581 -0.077823269029246939 -0.049062058786879484 0.078692469653842453
leaf_weight=360.9131586253643 194.98171646893024 25.089187607169151 56.181849241256714 4.3677643984556189 5.3582111150026304 3.6583783477544776 43.011029437184334 38.421988412737846 20.376102149486542 5.2221732586622229 4.01515108346939 20.845039308071136 12.892405629158029 3.0234217047691336 5.762996017932891 4.5909376144409162 5.8045493364334098 5.3125098943710327 4.1664476543664932 28.878304168581963 4.1811294704675666 8.4048550575971586 8.3207526952028257 14.393643707036976 4.4996262788772574 4.4779940992593756 9.7367029041051865 7.1362664401531211 5.0854885131120664 7.574772447347641
leaf_count=1659 1126 131 367 21 30 20 243 204 127 23 18 138 85 20 38 30 36 35 23 149 23 43 41 72 22 22 51 38 30 41
internal_value=-0.000348907 0.014275 -0.0272857 -0.00443135 -0.015407 0.0351417 -0.0206584 -0.0085475 -0.0297965 0.0110023 -0.0183607 -0.0437961 -0.0358204 -0.00342347 -0.0523595 0.00919679 -0.0169921 0.0586395 -0.0054798 0.00653003 0.020826 0.0290392 0.0201375 0.0350381 0.0856977 0.0123357 -0.00479956 -0.0166448 -0.0201251 0.0273749
internal_weight=926.685 600.614 326.071 239.701 140.081 13.183 126.898 83.8873 45.4653 99.6192 211.657 114.414 93.5687 31.6238 61.9448 28.6004 18.697 9.90345 9.52466 94.397 58.3825 54.2013 49.8336 41.4287 12.8204 28.6083 24.1303 36.0146 207.642 12.6603
internal_count=4906 2942 1964 1283 778 73 705 462 258 505 1215 749 611 206 405 186 121 65 53 482 295 272 251 208 63 145 123 187 1197 71
is_linear=0
shrinkage=0.1


Tree=8
num_leaves=31
num_cat=0
split_feature=16 5 237 101 0 100 12 0 0 9 5 100 99 139 11 0 11 26 61 14 54 39 0 95 9 15 7 0 0 13
split_gain=29.9091 11.2072 4.73928 4.28084 4.64748 4.05072 3.56005 3.36568 3.20049 11.5579 3.43168 3.17034 3.31454 5.64946 5.45605 4.01646 4.95968 4.57904 3.12797 4.28581 3.03008 4.78314 4.41567 4.31345 3.1709 4.86567 7.2227 3.78944 2.84304 4.96063
threshold=1.0000000180025095e-35 1.0000000180025095e-35 1.0000000180025095e-35 1.0000000180025095e-35 17.746748924255375 1.0000000180025095e-35 1.0000000180025095e-35 3.1252566576004033 2.6105407476425175 1.0000000180025095e-35 1.0000000180025095e-35 1.0000000180025095e-35 1.0000000180025095e-35 1.0000000180025095e-35 1.0000000180025095e-35 9.8631072044372576 1.0000000180025095e-35 1.0000000180025095e-35 1.0000000180025095e-35 1.0000000180025095e-35 1.0000000180025095e-35 1.0000000180025095e-35 4.0835044384002694 1.0000000180025095e-35 1.0000000180025095e-35 1.0000000180025095e-35 1.0000000180025095e-35 9.4346337318420428 4.1437373161315927 1.0000000180025095e-35
decision_type=2 2 2 2 2 2 2 2 2 2 2 2 2 2 2 2 2 2 2 2 2 2 2 2 2 2 2 2 2 2
left_child=1 -1 3 4 8 6 20 -8 9 -2 11 12 13 -10 -15 -14 18 -18 -17 -20 -3 22 -22 24 27 26 -26 -24 29 -9
right_child=2 5 -4 -5 -6 -7 7 28 10 -11 -12 -13 15 14 -16 16 17 -19 19 -21 21 -23 23 -25 25 -27 -28 -29 -30 -31
leaf_value=0.023800066989631358 -0.048891243076856966 0.0034845948462900499 0.078025002541744215 -0.088557649106568104 0.065047547920568299 -0.071729251133664976 -0.066452910413376184 0.1389400213360526 -0.030302520073446942 0.13985988227881965 -0.043299242689398082 -0.10442969318157601 0.10837853537367055 -0.01266321606321999 0.11614226170272302 -0.025762532185328424 0.028029407558257169 -0.1119291035182092 0.13343226417502838 0.0034356264068244415 -0.10281999938027755 -0.08081858906102278 0.080266140111447684 -0.069664413894676244 0.081196443541295515 -0.10903844687923894 -0.084715689821568685 0.00133521921413721 0.011571459051919747 -0.0083105714801846205
leaf_weight=364.1979950517416 8.7841611951589567 64.41429615020752 4.4007404744625083 10.728205308318136 5.7141792774200431 8.5352071076631528 5.041908159852027 4.9019922465085966 138.75942714512348 5.1438236981630316 99.231456384062767 4.3728464543819419 3.7966906428337124 8.6179692447185499 5.3178773373365393 5.8324591517448416 3.8200182914733887 6.0239258259534836 4.8979261815547943 5.2593919932842255 5.0797245353460303 13.193867579102514 9.3630416691303271 8.5937933027744275 6.1478501409292203 5.0029599517583838 4.5775559097528458 17.360028177499771 82.103404641151428 4.2900415658950806
leaf_count=1659 51 340 27 67 29 50 31 23 810 28 675 26 22 50 31 34 22 35 27 30 34 81 52 51 35 29 27 97 413 20
internal_value=-0.000362811 0.0127635 -0.0250357 -0.0264696 -0.0242898 -0.00408216 -0.00157257 0.0130836 -0.0259922 0.0208175 -0.0282723 -0.0202855 -0.0182674 -0.0242068 0.0364886 0.0123404 -0.00177396 -0.0576171 0.0326053 0.0661209 -0.0121304 -0.0266406 -0.0139044 -0.00505609 0.00802311 -0.0276012 0.0103859 0.0289905 0.0174761 0.0702163
internal_weight=923.505 602.804 320.701 316.3 305.572 238.606 230.07 96.3373 299.858 13.928 285.93 186.699 182.326 152.695 13.9358 29.6304 25.8337 9.84394 15.9898 10.1573 133.733 69.3188 56.125 51.0452 42.4514 15.7284 10.7254 26.7231 91.2954 9.19203
internal_count=4906 2942 1964 1937 1870 1283 1233 487 1841 79 1762 1087 1061 891 81 170 148 57 91 57 746 406 325 291 240 91 62 149 456 43
is_linear=0
shrinkage=0.1


Tree=9
num_leaves=31
num_cat=0
split_feature=16 5 84 237 0 100 104 226 0 7 51 14 15 70 1 65 61 13 11 68 42 12 61 26 86 237 42 14 83 6
split_gain=24.5321 9.01111 4.00025 4.38724 4.39455 3.43321 3.51555 2.81315 3.11404 4.40909 3.49819 6.84559 6.87667 5.90818 4.86699 4.58565 4.39828 7.36221 4.36644 3.75969 8.22816 5.94317 2.90688 2.73271 2.69713 2.69273 2.87355 4.32518 6.17386 6.12856
threshold=1.0000000180025095e-35 1.0000000180025095e-35 1.0000000180025095e-35 1.0000000180025095e-35 17.746748924255375 1.0000000180025095e-35 1.0000000180025095e-35 1.0000000180025095e-35 17.433264732360843 1.0000000180025095e-35 1.0000000180025095e-35 1.0000000180025095e-35 1.0000000180025095e-35 1.0000000180025095e-35 0.77275836467742931 1.0000000180025095e-35 1.0000000180025095e-35 1.0000000180025095e-35 1.0000000180025095e-35 1.0000000180025095e-35 1.0000000180025095e-35 1.0000000180025095e-35 1.0000000180025095e-35 1.0000000180025095e-35 1.0000000180025095e-35 1.0000000180025095e-35 1.0000000180025095e-35 1.0000000180025095e-35 1.0000000180025095e-35 1.0000000180025095e-35
decision_type=2 2 2 2 2 2 2 2 2 2 2 2 2 2 2 2 2 2 2 2 2 2 2 2 2 2 2 2 2 2
left_child=1 7 3 4 -2 6 25 8 10 -10 -1 13 15 -12 19 16 17 -13 -14 21 22 24 -21 -22 -15 26 27 -3 29 -29
right_child=2 5 -4 -5 -6 -7 -8 -9 9 -11 11 12 18 14 -16 -17 -18 -19 -20 20 23 -23 -24 -25 -26 -27 -28 28 -30 -31
leaf_value=0.016011399928086863 -0.023067637033427721 -0.0094960866534500171 -0.063406220836461497 0.080473425051201739 0.066212842440749084 -0.067316978496910304 0.073488996640951709 0.098561243951111488 0.016684528918453817 -0.10844589392144427 0.13392538742802743 0.070722588561287339 0.012913377375118777 0.060983743362111743 0.11170224229168134 0.059713251765741285 -0.11258240574811487 -0.09647238086250827 0.1200735559618388 0.013002301029435365 -0.014813538786961282 -0.014484107401309641 0.12343616399192872 -0.11609041341592237 0.16785510338709894 -0.084261913764627994 -0.024360873145304524 -0.01437905383199916 0.085451657199536693 0.053060576340149129
leaf_weight=258.36063954234123 283.08039727807045 101.33185605704784 22.705099284648895 4.2962709814310065 5.6226804852485648 8.2028762325644475 6.08963419497013 4.6463090777397147 7.599607437849043 4.473565086722374 9.3468868136405927 5.371949523687368 9.2542248964309675 4.5887588411569578 9.1047748476266843 4.5885507464408866 7.2157591879367819 5.1667384058237076 6.4544693976640692 4.6377959549427032 6.3505449295043945 5.5363726317882529 4.903791531920433 4.5897903442382812 4.8651155829429626 4.0554366409778586 45.625018164515495 38.941242083907127 12.82330386340618 20.604994803667068
leaf_count=1181 1766 544 145 25 28 50 28 20 34 20 42 24 40 20 41 20 32 23 28 20 28 24 21 20 21 22 255 209 65 110
internal_value=-0.000374657 0.0114212 -0.0229696 -0.0198361 -0.0213288 -0.00374868 -0.00147631 0.021244 0.0202527 -0.029681 0.0219735 0.0387213 0.00624453 0.0616387 0.0464817 -0.0294007 -0.0524318 -0.0112471 0.0569439 0.0297413 0.00188959 0.0677964 0.0697585 -0.0573021 0.115981 -0.00351995 -0.002027 0.0038393 0.0225115 0.00895732
internal_weight=920.434 604.73 315.704 292.999 288.703 237.674 229.471 367.056 362.409 12.0732 350.336 91.9755 38.0517 53.9238 44.5769 22.343 17.7544 10.5387 15.7087 35.4722 20.4819 14.9902 9.54159 10.9403 9.45387 223.382 219.326 173.701 72.3695 59.5462
internal_count=4906 2942 1964 1819 1794 1283 1233 1659 1639 54 1585 404 167 237 195 99 79 47 68 154 89 65 41 48 41 1205 1183 928 384 319
is_linear=0
shrinkage=0.1


Tree=10
num_leaves=31
num_cat=0
split_feature=16 5 5 214 84 99 61 139 11 14 15 0 138 135 65 31 9 39 100 77 12 64 61 7 65 26 10 67 1 137
split_gain=20.0359 7.22884 3.77867 3.11094 4.8527 3.28645 4.55924 4.44114 5.35003 3.98645 4.83308 3.43878 3.38643 3.77684 3.21173 2.9861 4.23013 4.02379 2.90949 2.85574 2.98504 3.12527 4.38675 4.8325 2.96065 2.73274 2.7273 2.70206 3.76186 3.28664
threshold=1.0000000180025095e-35 1.0000000180025095e-35 1.0000000180025095e-35 1.0000000180025095e-35 1.0000000180025095e-35 1.0000000180025095e-35 1.0000000180025095e-35 1.0000000180025095e-35 1.0000000180025095e-35 1.0000000180025095e-35 1.0000000180025095e-35 9.8631072044372576 1.0000000180025095e-35 1.0000000180025095e-35 1.0000000180025095e-35 1.0000000180025095e-35 1.0000000180025095e-35 1.0000000180025095e-35 1.0000000180025095e-35 1.0000000180025095e-35 1.0000000180025095e-35 1.0000000180025095e-35 1.0000000180025095e-35 1.0000000180025095e-35 1.0000000180025095e-35 1.0000000180025095e-35 1.0000000180025095e-35 1.0000000180025095e-35 0.039622785523533828 1.0000000180025095e-35
decision_type=2 2 2 2 2 2 2 2 2 2 2 2 2 2 2 2 2 2 2 2 2 2 2 2 2 2 2 2 2 2
left_child=1 -1 3 4 5 7 25 12 11 10 -8 -9 14 -14 -2 16 17 27 19 20 21 24 23 -23 -3 -7 -6 -4 29 -29
right_child=2 18 15 -5 26 6 9 8 -10 -11 -12 -13 13 -15 -16 -17 -18 -19 -20 -21 -22 22 -24 -25 -26 -27 -28 28 -30 -31
leaf_value=0.018966571566503637 -0.029586567759595912 -0.011842904234530237 -0.081419156820604924 0.082238660207171244 -0.11150098318241666 0.013369832734662416 0.17544037195631978 -0.078902749044847884 0.11092732435569586 0.0024476331392146314 0.032445711035136889 0.046698464326924878 0.073165603216580888 -0.049820437607724817 0.04376079100724517 -0.072220244974560671 0.0016287836209449649 0.035349346602473596 -0.06311530294436668 -0.075664629214381746 0.013819720560470801 0.15505992813446767 -0.051449608506087333 0.0081667930993857118 -0.10284816283365689 -0.085614440159023086 -0.013117185964592099 0.01233085548561523 -0.078648970168467558 -0.09361568108597873
leaf_weight=369.27023415267467 126.86621843278408 112.77253606915474 20.502113416790962 3.3719148188829413 7.7607308328151685 6.3081909418106097 4.198633998632431 4.158251613378523 5.7827969044446936 9.0491153597831726 5.4083113223314285 4.5814319998025894 7.33604748547077 3.7854594439268112 6.2647389173507682 18.953287914395332 30.52173475921154 5.696602761745452 7.8907093778252593 5.0575688928365699 94.631077826023102 4.1308868676424009 3.9048671871423712 4.8916157335042953 3.6918514072895041 4.9996873885393143 4.4237443059682846 15.722364753484731 12.021303594112394 3.5981493443250647
leaf_count=1659 761 637 146 21 50 37 23 25 32 52 29 27 41 22 36 138 206 38 50 27 477 22 23 26 21 31 28 110 86 25
internal_value=-0.000370202 0.010219 -0.0209915 -0.0130176 -0.0146162 -0.0106676 0.019708 -0.0164 0.0363105 0.0500768 0.0949403 -0.0130613 -0.0217066 0.0313045 -0.0261351 -0.0362137 -0.0284641 -0.0444266 -0.00341224 -0.00135576 0.000321845 -0.00954987 0.037098 0.0754207 -0.0147277 -0.0303953 -0.0757814 -0.0531924 -0.0347279 -0.00740006
internal_weight=917.552 606.241 311.311 204.295 200.923 188.739 29.9639 158.775 14.5225 18.6561 9.60695 8.73968 144.252 11.1215 133.131 107.016 88.0623 57.5405 236.971 229.08 224.023 129.392 12.9274 9.0225 116.464 11.3079 12.1845 51.8439 31.3418 19.3205
internal_count=4906 2942 1964 1215 1194 1116 172 944 84 104 52 52 860 63 797 749 611 405 1283 1233 1206 729 71 48 658 68 78 367 221 135
is_linear=0
shrinkage=0.1


Tree=11
num_leaves=31
num_cat=0
split_feature=16 206 5 63 39 61 5 12 0 9 8 22 0 7 0 10 83 6 50 137 135 53 0 11 11 0 0 21 6 13
split_gain=16.4571 6.83393 5.72163 3.40673 4.9283 4.83795 3.56902 3.20129 4.45066 5.16639 8.14371 4.1672 5.85616 6.89635 6.48616 4.71421 4.02863 5.59847 4.36732 4.24217 3.97255 5.18755 3.97124 5.09864 3.92814 3.53523 6.23241 5.74384 5.57737 4.26043
threshold=1.0000000180025095e-35 1.0000000180025095e-35 1.0000000180025095e-35 1.0000000180025095e-35 1.0000000180025095e-35 1.0000000180025095e-35 1.0000000180025095e-35 1.0000000180025095e-35 16.223134994506839 1.0000000180025095e-35 1.0000000180025095e-35 1.0000000180025095e-35 9.7960300445556658 1.0000000180025095e-35 11.23477077484131 1.0000000180025095e-35 1.0000000180025095e-35 1.0000000180025095e-35 1.0000000180025095e-35 1.0000000180025095e-35 1.0000000180025095e-35 1.0000000180025095e-35 16.379192352294925 1.0000000180025095e-35 1.0000000180025095e-35 3.9219712018966679 4.9609856605529794 1.0000000180025095e-35 1.0000000180025095e-35 1.0000000180025095e-35
decision_type=2 2 2 2 2 2 2 2 2 2 2 2 2 2 2 2 2 2 2 2 2 2 2 2 2 2 2 2 2 2
left_child=1 2 7 6 5 -5 -2 8 9 10 25 12 -11 14 -14 -16 17 22 -18 -19 21 -12 23 -9 -10 -1 -27 28 -28 -30
right_child=3 -3 -4 4 -6 -7 -8 16 24 11 20 -13 13 -15 15 -17 18 19 -20 -21 -22 -23 -24 -25 -26 26 27 -29 29 -31
leaf_value=-0.062807656861168321 -0.013547410553804965 0.12635566211336483 -0.0039902753074364736 0.0096591620772854513 -0.070261942841015543 0.15331161608304969 -0.036790365678814226 0.066469827599807449 -0.089739790374198727 -0.037482699181442709 0.022826939437964735 0.069024661875535451 0.16095211617848357 -0.032739834991061798 0.072525334954683288 -0.041155681427458402 0.013613154772331749 0.018686267378488938 -0.080266719142734366 -0.070655937565295687 0.11759565687919896 0.10455688346675585 0.11428439835607916 0.012726464951173095 1.3661101310028831e-05 0.11829817050480447 -0.03440720434730031 -0.097309997791565739 0.0014788843683170548 0.101832613941162
leaf_weight=7.811435028910636 193.33244833350182 4.9352223575115195 234.94908528029919 5.8860623091459257 3.5793026983737937 3.8963328003883362 100.35776223242283 39.754312366247177 8.3138245344161987 42.169335290789604 30.924543991684914 6.8386753797531119 4.6020527034997967 15.144512131810187 8.7730177342891675 6.2441265583038321 20.689049154520038 52.168456420302391 6.5159603953361502 5.9174981117248526 8.7305598855018598 10.370334461331366 8.6661712229251844 31.751155391335487 11.793220102787018 4.7496865391731253 13.530953988432886 5.5325201898813239 8.4500835090875626 8.4717530757188797
leaf_count=35 1160 22 1276 37 22 23 722 172 38 200 139 31 22 69 39 28 91 229 32 26 38 44 37 139 53 21 61 25 38 37
internal_value=-0.000372933 0.00916005 0.00820065 -0.0192431 0.0301398 0.066876 -0.0214898 0.0159858 0.0075528 0.0124764 0.0279938 -0.00578259 -0.0124323 0.0179545 0.0570867 0.0252568 0.0263039 0.0332255 -0.00887232 0.00958454 0.0563089 0.0433517 0.0503538 0.0426057 -0.0370974 -0.00118388 0.0106332 -0.00357741 0.0134515 0.05172
internal_weight=914.849 607.798 602.862 307.052 13.3617 9.7824 293.69 367.913 202.451 182.344 98.5719 83.7717 76.933 34.7637 19.6192 15.0171 165.463 138.258 27.205 58.086 50.0254 41.2949 80.1716 71.5055 20.107 48.5464 40.735 35.9853 30.4528 16.9218
internal_count=4906 2942 2920 1964 82 60 1882 1644 918 827 438 389 358 158 89 67 726 603 123 255 221 183 348 311 91 217 182 161 136 75
is_linear=0
shrinkage=0.1


Tree=12
num_leaves=31
num_cat=0
split_feature=16 206 12 0 1 8 11 86 69 0 13 0 0 1 138 62 15 101 36 0 237 63 61 0 1 0 0 0 0 54
split_gain=13.4343 5.31635 4.60743 4.60993 4.12271 3.89623 4.65986 4.26691 6.73133 4.36164 3.54297 5.23336 9.11463 5.64885 4.15547 3.52497 4.12995 3.36825 3.54328 4.75395 4.68518 4.10858 7.07204 3.38033 4.67921 3.33331 5.84204 5.04993 5.86587 5.00336
threshold=1.0000000180025095e-35 1.0000000180025095e-35 1.0000000180025095e-35 16.379192352294925 0.90873831510543834 1.0000000180025095e-35 1.0000000180025095e-35 1.0000000180025095e-35 1.0000000180025095e-35 15.305954456329347 1.0000000180025095e-35 6.8391511440277108 13.882272243499758 -0.50079855322837818 1.0000000180025095e-35 1.0000000180025095e-35 1.0000000180025095e-35 1.0000000180025095e-35 1.0000000180025095e-35 16.880219459533695 1.0000000180025095e-35 1.0000000180025095e-35 1.0000000180025095e-35 11.43189573287964 0.28450833261013037 11.824777603149416 10.925393581390383 9.5838465690612811 8.1492128372192401 1.0000000180025095e-35
decision_type=2 2 2 2 2 2 2 2 2 2 2 2 2 2 2 2 2 2 2 2 2 2 2 2 2 2 2 2 2 2
left_child=1 2 3 -1 -5 6 7 8 25 -10 14 13 15 -12 -7 -13 -17 18 19 20 21 -2 -23 -20 -25 26 27 28 -4 -27
right_child=17 -3 5 4 -6 10 -8 -9 9 -11 11 12 -14 -15 -16 16 -18 -19 23 -21 -22 22 -24 24 -26 29 -28 -29 -30 -31
leaf_value=0.0032191479868865567 -0.018782769250626882 0.10990275026162513 0.031859563464888899 -0.077324130076811715 -0.0026731196015007137 -0.01755539483320534 0.0071894273559436825 -0.034014952395504193 0.18175642774504336 0.065480764247840148 0.038790217134226701 0.16977122292469676 -0.019368878749611903 -0.1091926358150228 0.084317011138450637 0.11769099484360701 0.00021270202755713417 -0.077065899362068535 -0.056695636303483732 0.043491826056136898 0.093095940716617684 -0.026849468248904385 0.15194608067740359 0.10721492084231961 -0.024724475510063244 -0.091200488837171467 0.14815061224621612 -0.038250448086503713 0.12499197738330098 0.045348951794752457
leaf_weight=308.04575103521347 202.49877293407917 5.0970489829778662 38.969768583774567 14.0622735619545 15.610324382781981 64.200929701328278 67.230903118848801 6.8490490764379492 5.477294594049452 7.8490480333566666 5.2143983393907547 4.6485612690448805 11.643630295991896 5.1047991514205915 4.2704588174819937 6.9998389780521393 5.2270771563053131 9.222584702074526 36.123346835374832 15.522149816155432 4.0230678915977469 5.1342528164386732 3.8870996385812759 3.02844010293484 23.908879652619362 4.8167572021484357 5.034003570675849 7.9252721369266501 8.1829355955123884 6.0585426986217499
leaf_count=1544 1315 22 181 71 78 303 310 32 24 34 24 21 53 24 20 32 24 67 242 87 23 33 22 20 155 22 23 36 36 28
internal_value=-0.000367129 0.00820278 0.00734373 -0.000406956 -0.0380513 0.0171951 0.0271623 0.041892 0.0480582 0.113272 0.00248308 0.0266093 0.0486901 -0.0344154 -0.0112018 0.095649 0.0674683 -0.0175584 -0.0156925 -0.00995862 -0.0138078 -0.0158411 0.0501895 -0.0367024 -0.00989113 0.0358158 0.0450327 0.035608 0.0480219 -0.0151299
internal_weight=911.867 608.519 603.422 337.718 29.6726 265.703 158.394 91.1627 84.3136 13.3263 107.31 38.8383 28.5191 10.3192 68.4714 16.8755 12.2269 303.349 294.126 231.065 215.543 211.52 9.02135 63.0607 26.9373 70.9873 60.112 55.078 47.1527 10.8753
internal_count=4906 2942 2920 1693 149 1227 726 416 384 58 501 178 130 48 323 77 56 1964 1897 1480 1393 1370 55 417 175 326 276 253 217 50
is_linear=0
shrinkage=0.1


Tree=13
num_leaves=31
num_cat=0
split_feature=16 5 176 0 1 0 1 11 62 0 1 0 9 0 5 7 0 0 57 14 101 13 5 0 83 10 56 26 0 11
split_gain=10.9802 4.66246 2.97517 4.29838 3.5637 5.84764 5.01996 4.9225 7.16477 4.6876 4.40607 4.14935 5.58339 5.81608 7.05187 5.44223 4.56508 7.13165 4.03616 3.28713 3.25446 2.98076 2.64302 3.59216 2.59028 5.58293 3.57024 5.83723 3.2772 2.89646
threshold=1.0000000180025095e-35 1.0000000180025095e-35 1.0000000180025095e-35 10.186173915863039 -0.38535249233245844 4.5790553092956552 -0.12221461907029151 1.0000000180025095e-35 1.0000000180025095e-35 4.3846678733825692 -0.10076811909675597 4.2108144760131845 1.0000000180025095e-35 2.7310061454772954 1.0000000180025095e-35 1.0000000180025095e-35 3.7193702459335332 3.1252566576004033 1.0000000180025095e-35 1.0000000180025095e-35 1.0000000180025095e-35 1.0000000180025095e-35 1.0000000180025095e-35 9.2908968925476092 1.0000000180025095e-35 1.0000000180025095e-35 1.0000000180025095e-35 1.0000000180025095e-35 2.3121149539947514 1.0000000180025095e-35
decision_type=2 2 2 2 2 2 2 2 2 2 2 2 2 2 2 2 2 2 2 2 2 2 2 2 2 2 2 2 2 2
left_child=1 -1 4 -4 5 9 19 18 -9 11 -8 12 15 -14 -15 16 17 -2 -7 -6 22 -20 -12 -24 28 26 29 -28 -3 -26
right_child=2 24 3 -5 6 7 10 8 -10 -11 20 -13 13 14 -16 -17 -18 -19 21 -21 -22 -23 23 -25 25 -27 27 -29 -30 -31
leaf_value=0.014307951967242757 -0.038941694073878631 -0.10128023569499155 -0.0286542237137647 0.1383846973926226 -0.036450718488551352 0.070806596593400536 0.090081597674450814 -0.0030417267544592536 0.19201868850954246 -0.12503947443987162 -0.0084050623957283594 0.093970041100061019 0.1047703355531374 0.04036172118480983 -0.11995259526555563 -0.098115853126487615 -0.12360698965179616 0.098891695496183221 -0.083045475844277211 -0.09804482373749196 -0.098591954206241186 0.041868516143230117 -0.10405047423383205 -0.025452499732999262 0.12903309477816302 -0.030876621887240885 -0.06389946935301126 0.063884327855482967 -0.0066265382837932991 0.027033675646143087
leaf_weight=373.02449461817741 10.501675277948385 3.7289680689573279 3.1624839454889289 3.0037164837121964 27.008303865790367 6.1749501526355752 3.7700300067663184 3.280337080359458 4.4207943677902222 3.7030901908874503 115.18501473963261 3.6665394753217688 6.3242730051279095 8.2163123786449415 4.119583547115325 11.196872815489771 3.0141771137714377 5.842222347855567 5.1100197285413742 12.756869249045847 5.0132463797926894 3.0508296489715576 6.6848778128623954 44.674618154764175 6.9324138015508652 14.439251735806463 5.8480306118726721 9.196587085723877 191.84191200882196 4.6524054855108261
leaf_count=1659 67 22 21 19 189 41 26 21 29 24 693 24 35 47 30 72 20 39 35 89 39 21 50 333 33 79 33 47 1047 22
internal_value=-0.000363177 0.00734269 -0.0160294 0.0527148 -0.0174726 0.000746648 -0.0241321 0.0444478 0.108932 -0.0162728 -0.0168566 -0.00865629 -0.016302 0.0267986 -0.0131754 -0.0426239 -0.0105268 0.0103277 0.0098074 -0.0562104 -0.0192066 -0.036348 -0.016817 -0.0356827 -0.00363692 0.0191942 0.046344 0.0142132 -0.00843131 0.0880706
internal_weight=909.545 609.664 299.881 6.1662 293.715 78.6217 215.093 22.0369 7.70113 56.5847 175.328 52.8817 49.2151 18.6602 12.3359 30.5549 19.3581 16.3439 14.3358 39.7652 171.558 8.16085 166.545 51.3595 236.64 41.0687 26.6294 15.0446 195.571 11.5848
internal_count=4906 2942 1964 40 1924 505 1419 147 50 358 1141 334 310 112 77 198 126 106 97 278 1115 56 1076 383 1283 214 135 80 1069 55
is_linear=0
shrinkage=0.1


Tree=14
num_leaves=31
num_cat=0
split_feature=16 206 92 12 8 11 7 11 0 82 0 0 0 0 11 73 0 51 0 0 69 10 0 0 0 9 69 0 14 15
split_gain=9.04586 4.20802 3.88577 3.59402 2.74677 3.83005 3.11526 4.87186 4.31151 3.73615 7.10852 3.55557 3.83175 3.47975 3.44632 4.03158 3.43652 3.09616 8.12756 4.06658 5.05295 3.08231 4.84497 4.43645 3.25025 2.803 3.33926 4.11503 2.79138 3.7388
threshold=1.0000000180025095e-35 1.0000000180025095e-35 1.0000000180025095e-35 1.0000000180025095e-35 1.0000000180025095e-35 1.0000000180025095e-35 1.0000000180025095e-35 1.0000000180025095e-35 14.176591396331789 1.0000000180025095e-35 11.23477077484131 9.6605067253112811 6.8391511440277108 5.4948666095733651 1.0000000180025095e-35 1.0000000180025095e-35 9.2908968925476092 1.0000000180025095e-35 12.412046909332277 13.474332809448244 1.0000000180025095e-35 1.0000000180025095e-35 4.507871389389039 8.7460646629333514 13.813826084136965 1.0000000180025095e-35 1.0000000180025095e-35 9.5071868896484393 1.0000000180025095e-35 1.0000000180025095e-35
decision_type=2 2 2 2 2 2 2 2 2 2 2 2 2 2 2 2 2 2 2 2 2 2 2 2 2 2 2 2 2 2
left_child=1 2 3 -1 5 17 9 8 11 14 -11 12 -8 -9 25 16 -16 18 28 -19 -21 -7 -23 -24 -25 26 27 -6 29 -5
right_child=-2 -3 -4 4 6 21 7 13 -10 10 -12 -13 -14 -15 15 -17 -18 19 -20 20 -22 22 23 24 -26 -27 -28 -29 -30 -31
leaf_value=-0.00034279313559120957 -0.014696764425219716 0.09607994704128682 -0.082621131630619071 -0.015003829854339557 -0.037652197365622912 -0.011401719031354542 0.021720324343227557 0.05145868850067245 0.13744545040018413 -0.048213650053339434 0.11181427453674311 -0.022968910684576106 0.13468814590654285 -0.055825698094279785 0.09617890406762164 -0.044527801019609611 -0.0073025620439625795 -0.006311055073492439 -0.07924457476131648 0.03178543919546685 0.14187317375734618 0.11641276982695703 -0.053713398429990358 0.088677873882000532 -0.012568463763052413 -0.080316229070556869 -0.092503468181950044 0.059459929130045698 0.060276180291023045 0.051146556407952341
leaf_weight=335.00068673491478 296.68542916327715 5.2094329744577399 4.9276266843080512 17.080239936709404 11.41474404931069 41.590519934892654 8.1189157068729454 4.412598878145217 4.7399562001228324 4.9139027744531614 6.3794648051261902 7.5381918102502814 4.7645628452301017 9.6019266396760923 6.6192934662103671 7.9689390510320655 6.22925665974617 5.4035757333040264 6.5917749404907218 7.4568806290626535 9.4569870680570602 5.4453926384449032 7.0636367350816753 7.3253535926341993 5.5905475467443466 11.564941912889479 5.019941270351409 7.0635081976652137 28.980796411633492 17.096270322799683
leaf_count=1677 1964 22 25 80 53 193 38 20 21 23 29 34 21 45 32 39 29 25 30 34 40 24 32 33 26 54 24 33 128 78
internal_value=-0.000372259 0.00658824 0.00581812 0.00654392 0.0152356 0.0235531 0.00279403 0.0252054 0.0515236 -0.0102763 0.0421839 0.0315807 0.063498 -0.0220462 -0.0208785 0.0113514 0.0460088 0.0367913 0.0264181 0.0692109 0.0933384 0.00536638 0.0327959 0.0100063 0.0448542 -0.0400138 -0.0201784 -0.000530055 0.0374462 0.0180869
internal_weight=907.255 610.57 605.36 600.433 265.432 159.082 106.35 39.1762 25.1616 67.174 11.2934 20.4217 12.8835 14.0145 55.8806 20.8175 12.8486 92.0665 69.7491 22.3174 16.9139 67.0155 25.4249 19.9795 12.9159 35.0631 23.4982 18.4783 63.1573 34.1765
internal_count=4906 2942 2920 2895 1218 723 495 179 114 316 52 93 59 65 264 100 61 415 316 99 74 308 115 91 59 164 110 86 286 158
is_linear=0
shrinkage=0.1


end of trees

feature_importances:
Column_0=98
Column_5=26
Column_12=18
Column_1=16
Column_11=16
Column_16=15
Column_9=13
Column_8=12
Column_13=12
Column_14=10
Column_61=10
Column_7=9
Column_83=9
Column_10=8
Column_15=7
Column_26=7
Column_100=7
Column_104=7
Column_6=6
Column_39=6
Column_50=6
Column_55=6
Column_56=6
Column_126=6
Column_138=6
Column_42=5
Column_99=5
Column_54=4
Column_65=4
Column_68=4
Column_78=4
Column_86=4
Column_101=4
Column_237=4
Column_51=3
Column_63=3
Column_69=3
Column_76=3
Column_128=3
Column_135=3
Column_206=3
Column_21=2
Column_31=2
Column_62=2
Column_64=2
Column_67=2
Column_80=2
Column_81=2
Column_84=2
Column_95=2
Column_137=2
Column_139=2
Column_226=2
Column_19=1
Column_22=1
Column_25=1
Column_34=1
Column_36=1
Column_40=1
Column_44=1
Column_53=1
Column_57=1
Column_59=1
Column_60=1
Column_70=1
Column_71=1
Column_73=1
Column_77=1
Column_82=1
Column_92=1
Column_94=1
Column_98=1
Column_102=1
Column_133=1
Column_134=1
Column_140=1
Column_176=1
Column_214=1

parameters:
[boosting: gbdt]
[objective: binary]
[metric: binary_logloss]
[tree_learner: serial]
[device_type: cpu]
[data_sample_strategy: bagging]
[data: ]
[valid: ]
[num_iterations: 300]
[learning_rate: 0.1]
[num_leaves: 31]
[num_threads: 0]
[seed: 0]
[deterministic: 0]
[force_col_wise: 0]
[force_row_wise: 0]
[histogram_pool_size: -1]
[max_depth: -1]
[min_data_in_leaf: 20]
[min_sum_hessian_in_leaf: 0.001]
[bagging_fraction: 1]
[pos_bagging_fraction: 1]
[neg_bagging_fraction: 1]
[bagging_freq: 0]
[bagging_seed: 7719]
[bagging_by_query: 0]
[feature_fraction: 1]
[feature_fraction_bynode: 1]
[feature_fraction_seed: 2437]
[extra_trees: 0]
[extra_seed: 11797]
[early_stopping_round: 0]
[early_stopping_min_delta: 0]
[first_metric_only: 0]
[max_delta_step: 0]
[lambda_l1: 0]
[lambda_l2: 0]
[linear_lambda: 0]
[min_gain_to_split: 0]
[drop_rate: 0.1]
[max_drop: 50]
[skip_drop: 0.5]
[xgboost_dart_mode: 0]
[uniform_drop: 0]
[drop_seed: 21238]
[top_rate: 0.2]
[other_rate: 0.1]
[min_data_per_group: 100]
[max_cat_threshold: 32]
[cat_l2: 10]
[cat_smooth: 10]
[max_cat_to_onehot: 4]
[top_k: 20]
[monotone_constraints: ]
[monotone_constraints_method: basic]
[monotone_penalty: 0]
[feature_contri: ]
[forcedsplits_filename: ]
[refit_decay_rate: 0.9]
[cegb_tradeoff: 1]
[cegb_penalty_split: 0]
[cegb_penalty_feature_lazy: ]
[cegb_penalty_feature_coupled: ]
[path_smooth: 0]
[interaction_constraints: ]
[verbosity: -1]
[saved_feature_importance_type: 0]
[use_quantized_grad: 0]
[num_grad_quant_bins: 4]
[quant_train_renew_leaf: 0]
[stochastic_rounding: 1]
[linear_tree: 0]
[max_bin: 255]
[max_bin_by_feature: ]
[min_data_in_bin: 3]
[bin_construct_sample_cnt: 200000]
[data_random_seed: 38]
[is_enable_sparse: 1]
[enable_bundle: 1]
[use_missing: 1]
[zero_as_missing: 0]
[feature_pre_filter: 1]
[pre_partition: 0]
[two_round: 0]
[header: 0]
[label_column: ]
[weight_column: ]
[group_column: ]
[ignore_column: ]
[categorical_feature: ]
[forcedbins_filename: ]
[precise_float_parser: 0]
[parser_config_file: ]
[objective_seed: 8855]
[num_class: 1]
[is_unbalance: 0]
[scale_pos_weight: 1]
[sigmoid: 1]
[boost_from_average: 1]
[reg_sqrt: 0]
[alpha: 0.9]
[fair_c: 1]
[poisson_max_delta_step: 0.7]
[tweedie_variance_power: 1.5]
[lambdarank_truncation_level: 30]
[lambdarank_norm: 1]
[label_gain: ]
[lambdarank_position_bias_regularization: 0]
[eval_at: ]
[multi_error_top_k: 1]
[auc_mu_weights: ]
[num_machines: 1]
[local_listen_port: 12400]
[time_out: 120]
[machine_list_filename: ]
[machines: ]
[gpu_platform_id: -1]
[gpu_device_id: -1]
[gpu_device_id_list: ]
[gpu_use_dp: 0]
[num_gpu: 1]

end of parameters

pandas_categorical:null
