tree
version=v4
num_class=1
num_tree_per_iteration=1
label_index=0
max_feature_idx=567
objective=binary sigmoid:1
feature_names=Column_0 Column_1 Column_2 Column_3 Column_4 Column_5 Column_6 Column_7 Column_8 Column_9 Column_10 Column_11 Column_12 Column_13 Column_14 Column_15 Column_16 Column_17 Column_18 Column_19 Column_20 Column_21 Column_22 Column_23 Column_24 Column_25 Column_26 Column_27 Column_28 Column_29 Column_30 Column_31 Column_32 Column_33 Column_34 Column_35 Column_36 Column_37 Column_38 Column_39 Column_40 Column_41 Column_42 Column_43 Column_44 Column_45 Column_46 Column_47 Column_48 Column_49 Column_50 Column_51 Column_52 Column_53 Column_54 Column_55 Column_56 Column_57 Column_58 Column_59 Column_60 Column_61 Column_62 Column_63 Column_64 Column_65 Column_66 Column_67 Column_68 Column_69 Column_70 Column_71 Column_72 Column_73 Column_74 Column_75 Column_76 Column_77 Column_78 Column_79 Column_80 Column_81 Column_82 Column_83 Column_84 Column_85 Column_86 Column_87 Column_88 Column_89 Column_90 Column_91 Column_92 Column_93 Column_94 Column_95 Column_96 Column_97 Column_98 Column_99 Column_100 Column_101 Column_102 Column_103 Column_104 Column_105 Column_106 Column_107 Column_108 Column_109 Column_110 Column_111 Column_112 Column_113 Column_114 Column_115 Column_116 Column_117 Column_118 Column_119 Column_120 Column_121 Column_122 Column_123 Column_124 Column_125 Column_126 Column_127 Column_128 Column_129 Column_130 Column_131 Column_132 Column_133 Column_134 Column_135 Column_136 Column_137 Column_138 Column_139 Column_140 Column_141 Column_142 Column_143 Column_144 Column_145 Column_146 Column_147 Column_148 Column_149 Column_150 Column_151 Column_152 Column_153 Column_154 Column_155 Column_156 Column_157 Column_158 Column_159 Column_160 Column_161 Column_162 Column_163 Column_164 Column_165 Column_166 Column_167 Column_168 Column_169 Column_170 Column_171 Column_172 Column_173 Column_174 Column_175 Column_176 Column_177 Column_178 Column_179 Column_180 Column_181 Column_182 Column_183 Column_184 Column_185 Column_186 Column_187 Column_188 Column_189 Column_190 Column_191 Column_192 Column_193 Column_194 Column_195 Column_196 Column_197 Column_198 Column_199 Column_200 Column_201 Column_202 Column_203 Column_204 Column_205 Column_206 Column_207 Column_208 Column_209 Column_210 Column_211 Column_212 Column_213 Column_214 Column_215 Column_216 Column_217 Column_218 Column_219 Column_220 Column_221 Column_222 Column_223 Column_224 Column_225 Column_226 Column_227 Column_228 Column_229 Column_230 Column_231 Column_232 Column_233 Column_234 Column_235 Column_236 Column_237 Column_238 Column_239 Column_240 Column_241 Column_242 Column_243 Column_244 Column_245 Column_246 Column_247 Column_248 Column_249 Column_250 Column_251 Column_252 Column_253 Column_254 Column_255 Column_256 Column_257 Column_258 Column_259 Column_260 Column_261 Column_262 Column_263 Column_264 Column_265 Column_266 Column_267 Column_268 Column_269 Column_270 Column_271 Column_272 Column_273 Column_274 Column_275 Column_276 Column_277 Column_278 Column_279 Column_280 Column_281 Column_282 Column_283 Column_284 Column_285 Column_286 Column_287 Column_288 Column_289 Column_290 Column_291 Column_292 Column_293 Column_294 Column_295 Column_296 Column_297 Column_298 Column_299 Column_300 Column_301 Column_302 Column_303 Column_304 Column_305 Column_306 Column_307 Column_308 Column_309 Column_310 Column_311 Column_312 Column_313 Column_314 Column_315 Column_316 Column_317 Column_318 Column_319 Column_320 Column_321 Column_322 Column_323 Column_324 Column_325 Column_326 Column_327 Column_328 Column_329 Column_330 Column_331 Column_332 Column_333 Column_334 Column_335 Column_336 Column_337 Column_338 Column_339 Column_340 Column_341 Column_342 Column_343 Column_344 Column_345 Column_346 Column_347 Column_348 Column_349 Column_350 Column_351 Column_352 Column_353 Column_354 Column_355 Column_356 Column_357 Column_358 Column_359 Column_360 Column_361 Column_362 Column_363 Column_364 Column_365 Column_366 Column_367 Column_368 Column_369 Column_370 Column_371 Column_372 Column_373 Column_374 Column_375 Column_376 Column_377 Column_378 Column_379 Column_380 Column_381 Column_382 Column_383 Column_384 Column_385 Column_386 Column_387 Column_388 Column_389 Column_390 Column_391 Column_392 Column_393 Column_394 Column_395 Column_396 Column_397 Column_398 Column_399 Column_400 Column_401 Column_402 Column_403 Column_404 Column_405 Column_406 Column_407 Column_408 Column_409 Column_410 Column_411 Column_412 Column_413 Column_414 Column_415 Column_416 Column_417 Column_418 Column_419 Column_420 Column_421 Column_422 Column_423 Column_424 Column_425 Column_426 Column_427 Column_428 Column_429 Column_430 Column_431 Column_432 Column_433 Column_434 Column_435 Column_436 Column_437 Column_438 Column_439 Column_440 Column_441 Column_442 Column_443 Column_444 Column_445 Column_446 Column_447 Column_448 Column_449 Column_450 Column_451 Column_452 Column_453 Column_454 Column_455 Column_456 Column_457 Column_458 Column_459 Column_460 Column_461 Column_462 Column_463 Column_464 Column_465 Column_466 Column_467 Column_468 Column_469 Column_470 Column_471 Column_472 Column_473 Column_474 Column_475 Column_476 Column_477 Column_478 Column_479 Column_480 Column_481 Column_482 Column_483 Column_484 Column_485 Column_486 Column_487 Column_488 Column_489 Column_490 Column_491 Column_492 Column_493 Column_494 Column_495 Column_496 Column_497 Column_498 Column_499 Column_500 Column_501 Column_502 Column_503 Column_504 Column_505 Column_506 Column_507 Column_508 Column_509 Column_510 Column_511 Column_512 Column_513 Column_514 Column_515 Column_516 Column_517 Column_518 Column_519 Column_520 Column_521 Column_522 Column_523 Column_524 Column_525 Column_526 Column_527 Column_528 Column_529 Column_530 Column_531 Column_532 Column_533 Column_534 Column_535 Column_536 Column_537 Column_538 Column_539 Column_540 Column_541 Column_542 Column_543 Column_544 Column_545 Column_546 Column_547 Column_548 Column_549 Column_550 Column_551 Column_552 Column_553 Column_554 Column_555 Column_556 Column_557 Column_558 Column_559 Column_560 Column_561 Column_562 Column_563 Column_564 Column_565 Column_566 Column_567
feature_infos=[2.0013689994812012:17.993154525756836] [-0.7776256799697876:0.99923950433731079] none none none [0:1] [0:1] [0:1] [0:1] [0:1] [0:1] [0:1] [0:1] [0:1] [0:1] [0:1] [0:1] [0:1] [0:1] [0:1] [0:1] [0:1] [0:1] [0:1] [0:1] [0:1] [0:1] [0:1] [0:1] [0:1] [0:1] [0:1] [0:1] [0:1] [0:1] [0:1] [0:1] [0:1] [0:1] [0:1] [0:1] [0:1] [0:1] [0:1] [0:1] [0:1] [0:1] [0:1] [0:1] [0:1] [0:1] [0:1] [0:1] [0:1] [0:1] [0:1] [0:1] [0:1] [0:1] [0:1] [0:1] [0:1] [0:1] [0:1] [0:1] [0:1] [0:1] [0:1] [0:1] [0:1] [0:1] [0:1] [0:1] [0:1] [0:1] [0:1] [0:1] [0:1] [0:1] [0:1] [0:1] [0:1] [0:1] [0:1] [0:1] [0:1] [0:1] [0:1] [0:1] [0:1] [0:1] [0:1] [0:1] [0:1] [0:1] [0:1] [0:1] [0:1] [0:1] [0:1] [0:1] [0:1] [0:1] [0:1] [0:1] [0:1] [0:1] [0:1] [0:1] none none none none [0:1] [0:1] none [0:1] none [0:1] none none [0:1] none none none none [0:1] [0:1] [0:1] [0:1] [0:1] none [0:1] [0:1] [0:1] [0:1] none [0:1] [0:1] [0:1] [0:1] [0:1] [0:1] [0:1] [0:1] [0:1] [0:1] [0:1] [0:1] [0:1] [0:1] [0:1] [0:1] [0:1] [0:1] [0:1] [0:1] none none none none none none none none none none [0:1] [0:1] none none none none none [0:1] [0:1] [0:1] [0:1] [0:1] [0:1] [0:1] [0:1] [0:1] [0:1] [0:1] [0:1] [0:1] [0:1] [0:1] [0:1] [0:1] [0:1] [0:1] [0:1] [0:1] [0:1] [0:1] [0:1] [0:1] [0:1] [0:1] [0:1] none none [0:1] [0:1] [0:1] none [0:1] [0:1] [0:1] [0:1] [0:1] none [0:1] none none [0:1] none [0:1] [0:1] [0:1] [0:1] [0:1] [0:1] [0:1] [0:1] [0:1] [0:1] [0:1] [0:1] [0:1] [0:1] [0:1] [0:1] [0:1] [0:1] [0:1] [0:1] [0:1] [0:1] [0:1] [0:1] [0:1] none none none none none none none none none none none none none none none none none [0:1] [0:1] [0:1] [0:1] [0:1] [0:1] [0:1] [0:1] [0:1] [0:1] none [0:1] [0:1] [0:1] [0:1] none [0:1] [0:1] none none none [0:1] [0:1] none none none none none [0:1] [0:1] [0:1] [0:1] [0:1] [0:1] [0:1] none none none [0:1] none [0:1] [0:1] [0:1] none [0:1] [0:1] [0:1] [0:1] none none [0:1] [0:1] none none none none [0:1] [0:1] none none none [0:1] none none [0:1] [0:1] none none [0:1] [0:1] none none none none none none none none none none none none none none none none none none none none none none none none none none none none none none none none none none none none none none none none none none none none none none none none none none none none none none none none none none none none none none none none none none none none none none none none none none none none none none none none none none none none none none none none none none none none none none none none none none none none none none none none none none none none none none none none none none none none none none none none none none none none none none none none none none none none none none none none none none none none none none none none none none none none none none none none none none none none none none none none none none none none none none none none none none none none none none none none none none none none none none none none none none none none none none none none none none none none none none none none none none none none none none none none none none none none none none none none none none none none none none none none none none none none none none none none none none none none none
tree_sizes=3392 3457 3472 3501 3467 3474 3482 3452 3498 3495 3478 3493 3490 3489 3496 3464 3464 3474 3510

Tree=0
num_leaves=31
num_cat=0
split_feature=14 15 8 8 9 9 15 10 5 47 10 7 12 5 5 67 10 21 0 0 34 0 11 54 26 8 134 42 8 5
split_gain=110.568 39.3565 34.3591 27.9882 21.135 16.5668 14.9826 22.4662 16.25 14.6246 10.377 9.96307 14.1395 9.64604 8.75292 8.17109 6.80674 6.76771 6.71895 7.00785 6.70973 6.55381 7.76611 5.81207 5.73959 5.64698 5.64326 5.52323 5.48934 5.06221
threshold=1.0000000180025095e-35 1.0000000180025095e-35 1.0000000180025095e-35 1.0000000180025095e-35 1.0000000180025095e-35 1.0000000180025095e-35 1.0000000180025095e-35 1.0000000180025095e-35 1.0000000180025095e-35 1.0000000180025095e-35 1.0000000180025095e-35 1.0000000180025095e-35 1.0000000180025095e-35 1.0000000180025095e-35 1.0000000180025095e-35 1.0000000180025095e-35 1.0000000180025095e-35 1.0000000180025095e-35 9.5071868896484393 6.2258727550506601 1.0000000180025095e-35 15.585215568542482 1.0000000180025095e-35 1.0000000180025095e-35 1.0000000180025095e-35 1.0000000180025095e-35 1.0000000180025095e-35 1.0000000180025095e-35 1.0000000180025095e-35 1.0000000180025095e-35
decision_type=2 2 2 2 2 2 2 2 2 2 2 2 2 2 2 2 2 2 2 2 2 2 2 2 2 2 2 2 2 2
left_child=3 2 5 4 6 9 7 8 -1 -2 -11 -4 27 15 -8 24 21 29 19 -10 -9 -6 -23 -12 28 -17 -16 -13 -3 -7
right_child=1 13 11 -5 16 17 14 20 18 10 23 12 -14 -15 26 25 -18 -19 -20 -21 -22 22 -24 -25 -26 -27 -28 -29 -30 -31
leaf_value=-0.98567903413606928 -1.0452320588614097 -1.0139720258165461 -1.1534227740078824 -1.2021904652900071 -1.1799124526200317 -1.0783982357877524 -1.1363511855536101 -1.1741767957125577 -1.1210465001485888 -0.89509316546691253 -1.1035735904467479 -1.1025873002377906 -0.99764602200474939 -1.18343660002338 -1.2189695448947351 -1.126889490986495 -1.2133374877015175 -0.9989206124286325 -1.1615583505161151 -0.9668737674852862 -1.0530687297467005 -1.1786043203428884 -1.028098398618605 -0.94083570596881727 -1.135795691573378 -1.1973106119060359 -1.0970640750676306 -1.2130518036409921 -1.1302034260885911 -1.1454204750267871
leaf_weight=19.751305460929871 58.52238655090332 12.436007142066957 55.596267223358154 234.638193577528 70.409746319055557 30.358488023281097 51.755735605955124 33.284607350826263 6.9495334029197711 13.533301889896393 5.1207088232040405 18.105363339185718 12.070242226123808 49.012498736381531 28.163898527622223 30.175605565309525 53.035912811756134 7.1324158608913413 11.887359768152235 5.1207088232040405 5.3035912811756125 6.9495334029197675 6.7666509449481964 3.8405316174030304 14.630596637725828 18.288245797157288 4.3891789913177481 6.035121113061904 6.035121113061904 17.922480881214142
leaf_count=108 320 68 304 1283 385 166 283 182 38 74 28 99 66 268 154 165 290 39 65 28 29 38 37 21 80 100 24 33 33 98
internal_value=-1.14759 -1.10459 -1.07954 -1.17625 -1.15621 -1.04771 -1.13228 -1.10192 -1.05283 -1.01889 -0.950362 -1.12684 -1.08602 -1.14837 -1.16191 -1.12731 -1.18528 -1.08985 -1.10819 -1.05564 -1.15753 -1.16759 -1.10435 -1.03383 -1.08901 -1.15346 -1.20253 -1.1302 -1.05195 -1.10328
internal_weight=897.221 358.815 228.237 538.406 303.768 136.43 166.606 82.2971 43.7089 81.0169 22.4945 91.807 36.2107 130.578 84.3088 81.5656 137.162 55.4134 23.9576 12.0702 38.5882 84.1259 13.7162 8.96124 33.1017 48.4639 32.5531 24.1405 18.4711 48.281
internal_count=4906 1962 1248 2944 1661 746 911 450 239 443 123 502 198 714 461 446 750 303 131 66 211 460 75 49 181 265 178 132 101 264
is_linear=0
shrinkage=1


Tree=1
num_leaves=31
num_cat=0
split_feature=14 15 8 8 9 15 10 9 5 47 174 8 9 7 12 5 0 67 10 10 0 0 5 0 11 34 0 0 21 0
split_gain=88.7249 29.9828 25.1399 23.752 17.3581 11.776 16.9275 11.5163 11.2773 9.45357 8.04033 8.44983 11.8329 7.70601 10.1414 7.34092 6.79406 6.3686 6.32522 5.90103 5.37447 5.70517 5.31612 5.3114 5.86475 5.26247 5.09557 4.84687 4.79232 4.7644
threshold=1.0000000180025095e-35 1.0000000180025095e-35 1.0000000180025095e-35 1.0000000180025095e-35 1.0000000180025095e-35 1.0000000180025095e-35 1.0000000180025095e-35 1.0000000180025095e-35 1.0000000180025095e-35 1.0000000180025095e-35 1.0000000180025095e-35 1.0000000180025095e-35 1.0000000180025095e-35 1.0000000180025095e-35 1.0000000180025095e-35 1.0000000180025095e-35 15.260780334472658 1.0000000180025095e-35 1.0000000180025095e-35 1.0000000180025095e-35 6.8391511440277108 5.3483915328979501 1.0000000180025095e-35 15.585215568542482 1.0000000180025095e-35 1.0000000180025095e-35 9.5071868896484393 6.2258727550506601 1.0000000180025095e-35 5.405886411666871
decision_type=2 2 2 2 2 2 2 2 2 2 2 2 2 2 2 2 2 2 2 2 2 2 2 2 2 2 2 2 2 2
left_child=3 2 7 4 5 6 8 9 -1 -2 11 12 16 -4 -15 -7 -3 -13 -11 23 21 -17 -14 29 -25 -8 27 -10 -9 -6
right_child=1 10 13 -5 19 15 25 28 26 18 -12 17 22 14 -16 20 -18 -19 -20 -21 -22 -23 -24 24 -26 -27 -28 -29 -30 -31
leaf_value=0.13403640194475039 0.087278543738772432 0.052898974378929653 -0.005265905788853208 -0.05065711878761095 0.012130955498562038 0.010053578289625721 -0.024281337373108072 0.038916811304197996 0.023548303145909603 0.20038484081188385 0.12921318113517158 0.0066133405749444277 -0.012124910717910532 0.015444033541061861 0.12485514526355634 -0.053786464423972113 -0.04598307391969423 -0.074332545392186311 0.09634215965285621 -0.061387110945724847 -0.081137149136381467 0.09305321591383299 -0.10691266087138336 -0.028394994382278972 0.1010106023663209 0.080918945994541552 -0.012667981373273199 0.14825760653640907 0.12387109192497336 -0.046100641734730621
leaf_weight=21.374216794967651 61.589760780334473 48.652924835681915 55.428165197372437 227.97003662586212 19.599399089813232 52.056810364127159 32.825016349554062 49.381389230489731 7.0448623001575488 15.238461226224899 4.5910973399877539 15.902668699622152 19.817700877785683 24.354923665523529 12.990497052669523 6.5612235516309756 8.1062918305397016 24.999434888362885 9.4773171097040176 51.219559907913208 20.624500915408134 4.4340927600860596 8.4353317469358462 6.837553530931471 7.1796829104423523 5.5605625957250586 11.801217570900915 5.5888441205024719 7.6716896295547476 49.627836227416992
leaf_count=108 320 265 304 1283 109 283 182 264 38 74 25 87 106 132 66 37 44 140 49 290 117 24 47 38 37 29 65 28 39 276
internal_value=-0.000133586 0.0376919 0.0589515 -0.026285 -0.00790774 0.013537 0.0399411 0.0852 0.0809862 0.108244 -0.000774417 -0.00551403 0.0124547 0.0183909 0.0535024 -0.0130306 0.0387767 -0.0428609 0.160489 -0.0346804 -0.0510348 0.00542973 -0.0404251 -0.018248 0.0378871 -0.00904195 0.0345811 0.0787167 0.0503403 -0.0296143
internal_weight=896.943 366.638 236.132 530.305 302.335 167.871 84.1947 143.359 45.8091 86.3055 130.505 125.914 85.0122 92.7736 37.3454 83.6766 56.7592 40.9021 24.7158 134.464 31.6198 10.9953 28.253 83.2445 14.0172 38.3856 24.4349 12.6337 57.0531 69.2272
internal_count=4906 1962 1248 2944 1661 911 450 746 239 443 714 689 462 502 198 461 309 227 123 750 178 61 153 460 75 211 131 66 303 385
is_linear=0
shrinkage=0.1


Tree=2
num_leaves=31
num_cat=0
split_feature=14 15 8 8 5 9 9 5 79 26 15 10 47 26 55 15 0 1 0 0 5 0 15 26 7 74 0 36 59 63
split_gain=71.5153 23.212 20.1019 18.8348 14.8606 9.09764 8.35275 7.68238 7.50877 6.79407 6.67174 12.6759 6.66147 6.66088 7.38115 6.62731 5.12025 6.11077 5.05444 7.13424 4.87145 7.3928 6.31396 8.67148 4.75067 4.68545 7.56523 4.67182 5.0749 4.65263
threshold=1.0000000180025095e-35 1.0000000180025095e-35 1.0000000180025095e-35 1.0000000180025095e-35 1.0000000180025095e-35 1.0000000180025095e-35 1.0000000180025095e-35 1.0000000180025095e-35 1.0000000180025095e-35 1.0000000180025095e-35 1.0000000180025095e-35 1.0000000180025095e-35 1.0000000180025095e-35 1.0000000180025095e-35 1.0000000180025095e-35 1.0000000180025095e-35 6.9705681800842294 -0.36938171088695521 12.881587982177736 11.934291839599611 1.0000000180025095e-35 15.181382656097414 1.0000000180025095e-35 1.0000000180025095e-35 1.0000000180025095e-35 1.0000000180025095e-35 9.7960300445556658 1.0000000180025095e-35 1.0000000180025095e-35 1.0000000180025095e-35
decision_type=2 2 2 2 2 2 2 2 2 2 2 2 2 2 2 2 2 2 2 2 2 2 2 2 2 2 2 2 2 2
left_child=2 3 4 6 5 10 12 13 15 -5 11 -1 -2 14 -3 18 17 -9 19 -6 21 -4 23 -23 -11 -15 -27 28 -13 -7
right_child=1 7 20 9 8 29 -8 16 -10 24 -12 27 -14 25 -16 -17 -18 -19 -20 -21 -22 22 -24 -25 -26 26 -28 -29 -30 -31
leaf_value=0.11350641285843284 0.075268123488083538 0.12522392265236054 -0.045525210274867278 -0.0149186923430844 -0.016102580999915173 -0.01958485111298075 0.044154521865217622 -0.021926009214372204 0.048224144244724432 0.013511215587337606 0.0089991580734330116 -0.095061773226009783 0.13500128747848503 -0.027081323931955188 0.022547731909826837 -0.068389948362616679 -0.055664513158055567 0.12132833261406278 -0.062595408256833504 0.10935479691623883 -0.065160937412818781 -0.012849282985981481 -0.059688217433099149 0.13847650522778329 0.073519897323470529 -0.053976638715890972 0.099364353666630809 0.10519705198824021 0.022150327091499441 0.099260112848116103
leaf_weight=22.640528976917267 64.127812385559082 9.634138420224188 110.7849186360836 39.848008796572685 48.260196626186371 69.879877477884293 58.438456013798714 11.971908852457998 10.643232643604277 30.365565851330757 52.325548946857452 5.6973352432251021 26.337533637881279 33.407624945044518 25.620576336979866 47.782504022121429 32.022288605570793 3.9635162055492392 20.654581949114799 5.0025293976068488 88.316838413476944 8.6415693163871783 7.2589182257652274 6.7404240667819968 23.327032506465912 5.1272166520357123 8.6376667916774732 3.7201763093471518 10.504461854696274 3.4570690095424643
leaf_count=108 320 51 641 215 265 397 303 67 60 167 283 32 123 183 137 275 179 22 116 28 511 50 42 39 120 28 47 19 59 19
internal_value=-0.00022202 0.0332332 -0.0241026 0.0515314 -0.00725228 0.0124697 0.0736227 -0.000791506 -0.0323215 0.016365 0.0329142 0.0623148 0.0926585 0.0177237 0.0506063 -0.0393656 -0.0326145 0.0137047 -0.0206034 -0.0043194 -0.0469429 -0.034884 0.0171848 0.053462 0.0395823 -0.00685137 0.0422471 0.00413765 -0.0190671 -0.0139826
internal_weight=895.14 372.829 522.311 242.444 300.568 168.225 148.904 130.385 132.343 93.5406 94.8881 42.5625 90.4653 82.4272 35.2547 121.7 47.9577 15.9354 73.9173 53.2627 221.743 133.426 22.6409 15.382 53.6926 47.1725 13.7649 19.922 16.2018 73.3369
internal_count=4906 1962 2944 1248 1661 917 746 714 744 502 501 218 443 446 188 684 268 89 409 293 1283 772 131 89 287 258 75 110 91 416
is_linear=0
shrinkage=0.1


Tree=3
num_leaves=31
num_cat=0
split_feature=14 15 8 8 9 15 10 5 9 12 61 5 26 55 5 10 10 47 5 7 82 15 5 0 26 138 11 73 26 81
split_gain=57.8111 18.1408 17.0223 14.3497 12.6537 7.74531 11.1754 6.28054 6.23538 5.57814 7.25288 10.1226 5.2292 5.40457 5.1299 5.09561 5.04507 5.52021 5.0066 4.99714 4.8483 4.65274 5.03161 7.71764 6.33547 4.64017 4.61723 5.96997 4.44438 4.42359
threshold=1.0000000180025095e-35 1.0000000180025095e-35 1.0000000180025095e-35 1.0000000180025095e-35 1.0000000180025095e-35 1.0000000180025095e-35 1.0000000180025095e-35 1.0000000180025095e-35 1.0000000180025095e-35 1.0000000180025095e-35 1.0000000180025095e-35 1.0000000180025095e-35 1.0000000180025095e-35 1.0000000180025095e-35 1.0000000180025095e-35 1.0000000180025095e-35 1.0000000180025095e-35 1.0000000180025095e-35 1.0000000180025095e-35 1.0000000180025095e-35 1.0000000180025095e-35 1.0000000180025095e-35 1.0000000180025095e-35 15.181382656097414 1.0000000180025095e-35 1.0000000180025095e-35 1.0000000180025095e-35 1.0000000180025095e-35 1.0000000180025095e-35 1.0000000180025095e-35
decision_type=2 2 2 2 2 2 2 2 2 2 2 2 2 2 2 2 2 2 2 2 2 2 2 2 2 2 2 2 2 2
left_child=2 3 4 8 5 6 14 12 16 28 19 -12 13 -3 -1 -6 17 -2 -7 -11 -20 22 23 -4 -25 -24 27 -16 -5 -18
right_child=1 7 21 9 15 18 -8 -9 -10 10 11 -13 -14 -15 26 -17 29 -19 20 -21 -22 -23 25 24 -26 -27 -28 -29 -30 -31
leaf_value=0.097627507316244477 0.078458641833960188 0.10594853113350666 -0.031500023840095127 -0.036039023758986918 -0.014731858599443671 0.0080602059119097673 -0.008106275098007756 -0.02996837600398233 0.038881457425707817 -0.027353360649684549 0.16154821713257861 -0.022275317275580148 -0.006257455736663072 0.020055643733758736 0.023058757525503865 -0.055591710987229898 0.024215654936925221 0.14653786477917133 -0.059979812063390939 0.073102690693364364 0.054221630228739152 -0.062277060006819346 -0.063570553983606587 -0.011652164126768328 0.11530041059240866 0.048339435484106651 -0.015763313678756323 0.16228312176408166 0.019402134604349863 0.094442052351583511
leaf_weight=23.632195293903351 39.121904879808426 10.213692158460615 63.675957977771759 25.131953313946724 81.442427113652229 52.565611734986305 38.096369341015816 47.117228835821152 59.658009588718414 13.455731198191645 9.3652174621820432 4.4044938683509818 46.995227634906769 25.90758852660656 8.8754135668277723 48.81521275639534 22.785008206963539 17.123540312051773 25.405880540609363 7.8353768438100806 4.3546438068151465 81.803012847900391 50.635932445526123 8.5798531770706159 7.2547713518142691 3.9975736141204825 11.004887789487839 4.7167268693447122 34.048644155263901 14.793161213397978
leaf_count=108 189 51 378 138 460 283 211 268 303 74 48 23 258 137 47 290 109 74 153 37 25 488 304 50 39 24 59 25 182 71
internal_value=-0.000285448 0.0294139 -0.0220878 0.0452989 -0.00663276 0.0114492 0.032377 -0.000801469 0.0641584 0.0145842 0.0461926 0.102749 0.0157327 0.0443428 0.0643548 -0.0300445 0.0802309 0.0991849 -0.0104953 0.00961564 -0.0432695 -0.0434803 -0.0320178 -0.0159638 0.0465123 -0.055382 0.0323872 0.0713722 -0.00414181 0.0518612
internal_weight=892.813 377.957 514.856 247.723 298.909 168.652 86.3256 130.234 153.482 94.2414 35.0608 13.7697 83.1165 36.1213 48.2292 130.258 93.8236 56.2454 82.3261 21.2911 29.7605 215.947 134.144 79.5106 15.8346 54.6335 24.597 13.5921 59.1806 37.5782
internal_count=4906 1962 2944 1248 1661 911 450 714 746 502 182 71 446 188 239 750 443 263 461 111 178 1283 795 467 89 328 131 72 320 180
is_linear=0
shrinkage=0.1


Tree=4
num_leaves=31
num_cat=0
split_feature=14 8 8 5 15 9 10 22 15 0 9 0 0 79 15 15 1 9 55 81 6 13 0 0 168 7 12 42 83 73
split_gain=46.8377 14.8402 14.3988 11.1896 10.4741 7.94448 5.73515 8.11983 6.91363 5.8007 7.17557 6.21909 6.13874 5.71107 5.55531 5.13231 5.01963 4.76578 4.61398 4.57023 8.72939 9.08503 7.1324 4.67206 4.51836 4.76906 5.98961 4.51743 4.51028 6.34653
threshold=1.0000000180025095e-35 1.0000000180025095e-35 1.0000000180025095e-35 1.0000000180025095e-35 1.0000000180025095e-35 1.0000000180025095e-35 1.0000000180025095e-35 1.0000000180025095e-35 1.0000000180025095e-35 15.585215568542482 1.0000000180025095e-35 16.880219459533695 6.1615331172943124 1.0000000180025095e-35 1.0000000180025095e-35 1.0000000180025095e-35 -0.53988897800445546 1.0000000180025095e-35 1.0000000180025095e-35 1.0000000180025095e-35 1.0000000180025095e-35 1.0000000180025095e-35 6.8391511440277108 9.5071868896484393 1.0000000180025095e-35 1.0000000180025095e-35 1.0000000180025095e-35 1.0000000180025095e-35 1.0000000180025095e-35 1.0000000180025095e-35
decision_type=2 2 2 2 2 2 2 2 2 2 2 2 2 2 2 2 2 2 2 2 2 2 2 2 2 2 2 2 2 2
left_child=2 4 3 6 17 19 7 8 9 10 28 -11 -12 15 24 -5 -10 -2 -9 20 21 22 -6 -22 25 -3 27 -27 29 -1
right_child=1 14 -4 13 5 -7 -8 18 16 11 12 -13 -14 -15 -16 -17 -18 -19 -20 -21 23 -23 -24 -25 -26 26 -28 -29 -30 -31
leaf_value=-0.013647650560152755 0.070114826301978656 -0.0016126212090137636 -0.040239282317219432 -0.018320136875573254 0.033637606129716668 -0.030233005475690113 -0.0099355513345873725 0.038831038952242068 0.085689932477711894 0.18227283922763093 0.058162038932925944 0.021709680276968506 -0.065057206890026961 0.040689991472318686 -0.030966704541816593 -0.061333041236843945 -0.025368966445105126 0.034350503270659243 0.17559840065896426 0.069472578191423551 0.0084619323319804624 0.053231294986389691 -0.11349808694813773 0.13500510240702107 -0.088343931475009504 0.039513425949620644 0.098693104467833859 -0.061887465543139321 0.15701048038982413 0.13488813008149378
leaf_weight=7.9105516523122805 96.446500614285469 53.048776015639305 210.49191778898239 72.79727877676487 4.7463845759630212 28.450435668230057 74.088697284460068 4.5632162243127805 4.5920944809913626 5.5377329438924772 6.3802390247583416 4.2742465436458588 11.037911742925642 10.98341193795204 41.320071205496788 44.819857820868492 35.77617920935154 60.71444371342659 5.3687973022460938 22.568012356758118 4.9653311371803266 10.137325078248978 10.770930185914038 7.0748001635074615 4.2061496675014487 18.350805029273037 13.362177684903143 5.7764504700899115 4.5203152298927298 4.5203152298927307
leaf_count=35 443 291 1283 409 25 157 421 24 25 27 36 21 64 60 234 275 197 303 27 120 27 54 59 38 22 96 61 32 20 20
internal_value=-0.000326064 0.0261279 -0.0202286 -0.00605469 0.0407915 0.0133201 0.010894 0.0272277 0.0171801 0.0445138 0.0251534 0.112329 -0.0199222 -0.0282711 -0.000369779 -0.0347109 -0.0127355 0.0562983 0.112761 0.0338817 0.0125734 -0.020394 -0.0684927 0.0828189 0.0129742 0.0176812 0.0449825 0.0152364 0.0714707 0.0403654
internal_weight=889.601 381.939 507.663 297.171 245.874 88.7132 168.57 94.4816 84.5496 44.1813 34.3693 9.81198 17.4182 128.601 136.064 117.617 40.3683 157.161 9.93201 60.2628 37.6948 25.6546 15.5173 12.0401 94.7444 90.5382 37.4894 24.1273 16.9512 12.4309
internal_count=4906 1962 2944 1661 1226 480 917 496 445 223 175 48 100 744 736 684 222 746 51 323 203 138 84 65 502 480 189 128 75 55
is_linear=0
shrinkage=0.1


Tree=5
num_leaves=31
num_cat=0
split_feature=14 8 8 9 15 9 15 10 76 24 15 99 0 69 11 78 0 73 7 26 0 132 56 10 6 26 26 15 5 0
split_gain=37.9616 12.0947 11.686 9.89862 8.1907 6.35651 5.06365 7.32832 4.95634 4.59055 4.54487 4.4264 4.41377 6.88564 5.42969 6.02714 7.03239 4.79098 6.29393 6.29125 5.72795 4.72845 4.6075 4.53056 7.95863 4.93278 4.20507 4.19454 4.45239 6.38731
threshold=1.0000000180025095e-35 1.0000000180025095e-35 1.0000000180025095e-35 1.0000000180025095e-35 1.0000000180025095e-35 1.0000000180025095e-35 1.0000000180025095e-35 1.0000000180025095e-35 1.0000000180025095e-35 1.0000000180025095e-35 1.0000000180025095e-35 1.0000000180025095e-35 15.727583885192873 1.0000000180025095e-35 1.0000000180025095e-35 1.0000000180025095e-35 5.542778968811036 1.0000000180025095e-35 1.0000000180025095e-35 1.0000000180025095e-35 5.2279260158538827 1.0000000180025095e-35 1.0000000180025095e-35 1.0000000180025095e-35 1.0000000180025095e-35 1.0000000180025095e-35 1.0000000180025095e-35 1.0000000180025095e-35 1.0000000180025095e-35 15.181382656097414
decision_type=2 2 2 2 2 2 2 2 2 2 2 2 2 2 2 2 2 2 2 2 2 2 2 2 2 2 2 2 2 2
left_child=1 3 4 6 9 -6 7 -1 -5 -2 26 -8 14 -14 17 16 22 18 21 -20 -19 -11 -16 24 -18 -25 -4 28 29 -3
right_child=2 27 10 8 5 -7 11 -9 -10 12 -12 -13 13 -15 15 -17 23 20 19 -21 -22 -23 -24 25 -26 -27 -28 -29 -30 -31
leaf_value=0.052196612315817376 -0.01452070595156206 -0.025518401758158463 -0.013426088167680256 -0.030016878141339239 0.029849910948093746 -0.027665945694396284 0.0026145064184603974 -0.0062376518100883153 0.087989532085025204 -0.039101388716966876 -0.028368808667159018 -0.060834243824685399 0.18626808607574616 0.049231742601893641 0.05507467066610814 0.17768655942604214 0.15248183751581598 0.16889943185741232 0.11721842613989504 0.010871762910226547 0.04508866001486185 0.06252915819079892 -0.062964688473990102 -0.036094749609850381 0.038311971419314965 0.093250875633279662 0.029260609908988235 -0.055594257250000334 -0.048799087510480871 0.045712143394269295
leaf_weight=49.817868426442146 10.439823940396307 61.067516684532166 39.385312274098396 123.42919215559959 61.21807299554348 28.005546480417252 67.688757225871086 37.706029817461967 3.6648556292057028 22.415932312607769 40.631167992949486 13.127684921026228 6.1969901323318455 8.9800583124160767 7.0110315829515439 4.9382147639989844 15.586041569709778 4.4643532931804684 9.0341193675994873 14.47686205804348 22.923837661743164 5.7528196424245825 6.2589050829410553 5.5211786478757841 10.038003280758858 6.3273114413022995 55.734739705920219 76.99530965089798 51.62097179889679 15.857856750488279
leaf_count=239 48 378 215 729 323 157 385 211 21 105 234 76 28 41 33 23 72 21 42 67 107 27 30 26 46 30 287 488 328 89
internal_value=-0.000357259 -0.0185079 0.0232401 -0.00554777 0.0360832 0.0117968 0.0103569 0.0270226 -0.0266141 0.0495956 -0.000372859 -0.007692 0.0540602 0.105185 0.0483019 0.0722225 0.0619589 0.0314566 0.0135368 0.0517356 0.0652702 -0.0183457 -0.000599834 0.0841124 0.107757 0.0329782 0.0115858 -0.037136 -0.0260801 -0.0108345
internal_weight=886.316 500.976 385.34 295.434 249.589 89.2236 168.34 87.5239 127.094 160.365 135.751 80.8164 149.926 15.177 134.749 55.6807 50.7425 79.0679 51.6797 23.511 27.3882 28.1688 13.2699 37.4725 25.624 11.8485 95.1201 205.542 128.546 76.9254
internal_count=4906 2944 1962 1661 1226 480 911 450 750 746 736 461 698 69 629 260 237 369 241 109 128 132 63 174 118 56 502 1283 795 467
is_linear=0
shrinkage=0.1


Tree=6
num_leaves=31
num_cat=0
split_feature=14 5 8 8 9 24 84 156 0 15 151 22 15 0 68 102 16 5 10 0 0 71 9 51 6 15 0 61 7 50
split_gain=30.7567 11.7931 9.22989 8.22946 7.10422 5.59624 4.8809 4.82338 7.01429 4.81653 4.74436 5.06661 5.60985 4.53432 4.76516 4.52101 9.28181 4.30582 4.26104 6.10101 7.97037 8.83742 7.38249 6.2323 4.08911 5.95657 4.41344 4.92106 7.05881 4.14173
threshold=1.0000000180025095e-35 1.0000000180025095e-35 1.0000000180025095e-35 1.0000000180025095e-35 1.0000000180025095e-35 1.0000000180025095e-35 1.0000000180025095e-35 1.0000000180025095e-35 3.0266940593719487 1.0000000180025095e-35 1.0000000180025095e-35 1.0000000180025095e-35 1.0000000180025095e-35 11.23477077484131 1.0000000180025095e-35 1.0000000180025095e-35 1.0000000180025095e-35 1.0000000180025095e-35 1.0000000180025095e-35 5.7535934448242196 11.02532482147217 1.0000000180025095e-35 1.0000000180025095e-35 1.0000000180025095e-35 1.0000000180025095e-35 1.0000000180025095e-35 9.4346337318420428 1.0000000180025095e-35 1.0000000180025095e-35 1.0000000180025095e-35
decision_type=2 2 2 2 2 2 2 2 2 2 2 2 2 2 2 2 2 2 2 2 2 2 2 2 2 2 2 2 2 2
left_child=1 3 4 18 5 -2 7 8 -7 -6 11 12 -10 -5 -15 24 -17 -4 19 -1 -21 22 -22 -23 -3 26 -26 28 -28 -27
right_child=2 15 17 13 9 6 -8 -9 10 -11 -12 -13 -14 14 -16 16 -18 -19 -20 20 21 23 -24 -25 25 29 27 -29 -30 -31
leaf_value=0.064263086656194915 -0.021167750540559051 -0.050930173866263022 0.012723489028405741 -0.039728507437368062 0.024825462697419462 -0.070534447758498375 0.1281039413768498 0.1436521336064594 0.054887275963796167 -0.025288751633043328 0.13111122500013156 0.11482951041507324 0.010279163902140441 0.028806304875482892 -0.032461177050450395 -0.050027537992568809 0.11714591620983135 -0.024638370555840249 -0.0077224227205818195 -0.03200712229484292 0.18446105742922472 -0.084721255692366604 0.018315541634936899 0.031855912397674678 0.0273666908370865 -0.088398050978852907 -0.045818209300574751 -0.09240738666040399 0.10232171415944789 0.0029397881253871707
leaf_weight=27.331391274929047 12.011229217052458 117.01584203541279 88.139635667204857 72.235058546066284 62.870634645223618 5.309375286102294 7.5536968111991873 4.8482184261083594 69.892370849847794 27.596665441989899 6.3378563225269309 8.9811013489961606 47.251064717769623 26.317459344863892 24.524011418223381 7.8956479132175428 5.7325731217861176 47.453086122870445 73.126446902751923 28.438147038221359 6.2910749614238721 5.7723621129989651 4.6520099937915802 22.310389786958694 26.036424174904823 16.965781092643741 9.7940430194139463 8.6388675719499588 4.7894685566425332 7.0182385593652716
leaf_count=139 57 726 473 461 303 25 35 23 309 157 29 41 247 160 151 49 35 263 421 153 30 31 26 117 151 110 59 52 29 44
internal_value=-0.000374672 -0.0169041 0.020695 -0.0039827 0.0319904 0.0445142 0.0497676 0.0456186 0.0421688 0.00953833 0.0466862 0.0424438 0.0368941 -0.0236256 -0.000746822 -0.0353463 0.0202923 -0.000351959 0.0104144 0.0244054 0.00825797 0.0375992 0.113831 0.00789367 -0.0393317 -0.0208014 -0.00090224 -0.0325967 0.00283341 -0.0616706
internal_weight=883.13 494.885 388.245 290.998 252.652 162.185 150.174 142.62 137.772 90.4673 132.462 126.125 117.143 123.077 50.8415 203.887 13.6282 135.593 167.922 94.7954 67.464 39.0258 10.9431 28.0828 190.259 73.2428 49.2588 23.2224 14.5835 23.984
internal_count=4906 2944 1962 1689 1226 766 709 674 651 460 626 597 556 772 311 1255 84 736 917 496 357 204 56 148 1171 445 291 140 88 154
is_linear=0
shrinkage=0.1


Tree=7
num_leaves=31
num_cat=0
split_feature=14 5 15 10 15 0 0 22 174 48 0 32 9 69 0 0 1 5 57 74 0 0 0 7 99 10 73 83 10 32
split_gain=25.0111 9.90751 7.69706 6.84989 7.71378 7.12126 9.79163 5.88561 5.84792 5.39318 5.24522 4.96991 4.85446 5.96481 9.98063 4.56011 8.53766 7.85843 7.29137 6.26072 7.717 4.81403 4.48221 4.40108 6.00741 7.27609 4.59145 7.00363 7.76331 6.32698
threshold=1.0000000180025095e-35 1.0000000180025095e-35 1.0000000180025095e-35 1.0000000180025095e-35 1.0000000180025095e-35 15.181382656097414 15.979465961456301 1.0000000180025095e-35 1.0000000180025095e-35 1.0000000180025095e-35 15.260780334472658 1.0000000180025095e-35 1.0000000180025095e-35 1.0000000180025095e-35 14.47091054916382 5.5947980880737314 -0.22138565033674237 1.0000000180025095e-35 1.0000000180025095e-35 1.0000000180025095e-35 11.741273403167726 10.310746192932131 14.176591396331789 1.0000000180025095e-35 1.0000000180025095e-35 1.0000000180025095e-35 1.0000000180025095e-35 1.0000000180025095e-35 1.0000000180025095e-35 1.0000000180025095e-35
decision_type=2 2 2 2 2 2 2 2 2 2 2 2 2 2 2 2 2 2 2 2 2 2 2 2 2 2 2 2 2 2
left_child=1 3 12 4 5 -1 -7 -6 9 -4 15 -8 23 14 -14 -11 18 19 -17 21 -21 -18 -15 26 -25 -26 27 -2 -29 -28
right_child=2 -3 8 -5 7 6 11 -9 -10 10 -12 -13 13 22 -16 16 17 -19 -20 20 -22 -23 -24 24 25 -27 29 28 -30 -31
leaf_value=0.013603033131542028 -0.0088382680818118436 -0.032599811677568896 0.094438837948037549 -0.021345771884926274 -0.024399524009461403 0.18670302989140669 -0.0092954470361708407 0.07310669771278161 0.10555600184972094 -0.033792121488424628 -0.061329364427751443 0.10746353024543723 0.011780965398523423 0.020705632634073302 0.14291714750090043 0.16883331269959892 0.043550209245685478 -0.050805349857065765 0.0094394690055732283 0.017533984445482372 0.15458125759541275 -0.052393522715322154 -0.082649014089599612 0.04332859265275716 0.17336834626989001 0.023148900648817642 0.035294335774734599 0.17410485765740571 -0.0046365756997101054 0.15617423949521803
leaf_weight=72.369689613580704 47.664104878902435 199.5866719186306 5.1659518182277671 124.60967022180557 64.561403125524521 6.0756159126758602 9.2704129815101606 6.8470532596111289 4.9187051206827155 30.564170628786087 17.024932235479355 6.0083953738212577 72.159966364502907 6.9062395542860058 6.3114305287599555 5.9031764417886716 9.01919834315777 21.765950635075569 5.5852046608924866 11.07716839015484 6.5313248187303534 12.446883141994475 10.692079469561575 59.036819249391556 8.556910037994383 5.17403720319271 29.338426619768143 4.8363991379737836 4.883610412478447 5.0797063112258902
leaf_count=405 233 1255 27 751 385 31 48 39 25 170 95 30 356 35 31 31 49 127 30 58 34 68 54 266 39 24 142 22 23 23
internal_value=-0.000392075 -0.0154554 0.0184767 -0.00364565 0.00971094 0.0285764 0.0793206 -0.0150501 -0.00139877 -0.00560458 -0.00991436 0.0366201 0.0283902 0.0105281 0.0223282 -0.00140711 0.0122779 -0.00265165 0.0913422 0.0241717 0.0683674 -0.0120818 -0.0420888 0.0388174 0.0571854 0.116763 0.0242579 0.00693797 0.0843001 0.0531348
internal_weight=879.971 489.329 390.642 289.742 165.133 93.7241 21.3544 71.4085 130.003 125.084 119.918 15.2788 260.64 96.0697 78.4714 102.893 72.3289 60.8405 11.4884 39.0746 17.6085 21.4661 17.5983 164.57 72.7678 13.7309 91.8022 57.3841 9.72001 34.4181
internal_count=4906 2944 1962 1689 938 514 109 424 714 689 662 78 1248 476 387 567 397 336 61 209 92 117 89 772 329 63 443 278 45 165
is_linear=0
shrinkage=0.1


Tree=8
num_leaves=31
num_cat=0
split_feature=14 8 9 8 24 9 5 53 6 10 5 6 134 83 132 76 61 12 6 138 0 67 15 10 105 99 68 21 67 33
split_gain=20.2459 9.39636 7.95391 7.24494 5.34281 5.30104 4.79389 6.6773 4.56618 4.13136 5.77794 4.69423 5.53102 4.52893 3.99297 3.99256 3.93545 6.13276 3.90325 5.55042 5.36146 4.10888 3.65897 4.82746 4.47396 6.73301 4.54588 4.14712 5.27143 4.59861
threshold=1.0000000180025095e-35 1.0000000180025095e-35 1.0000000180025095e-35 1.0000000180025095e-35 1.0000000180025095e-35 1.0000000180025095e-35 1.0000000180025095e-35 1.0000000180025095e-35 1.0000000180025095e-35 1.0000000180025095e-35 1.0000000180025095e-35 1.0000000180025095e-35 1.0000000180025095e-35 1.0000000180025095e-35 1.0000000180025095e-35 1.0000000180025095e-35 1.0000000180025095e-35 1.0000000180025095e-35 1.0000000180025095e-35 1.0000000180025095e-35 4.2108144760131845 1.0000000180025095e-35 1.0000000180025095e-35 1.0000000180025095e-35 1.0000000180025095e-35 1.0000000180025095e-35 1.0000000180025095e-35 1.0000000180025095e-35 1.0000000180025095e-35 1.0000000180025095e-35
decision_type=2 2 2 2 2 2 2 2 2 2 2 2 2 2 2 2 2 2 2 2 2 2 2 2 2 2 2 2 2 2
left_child=1 2 22 4 -2 9 7 8 -7 10 -6 12 -11 -12 -8 -4 -13 -18 -3 20 -20 -22 23 -1 25 27 -27 29 -29 -24
right_child=3 18 15 -5 5 6 14 -9 -10 11 13 16 -14 -15 -16 -17 17 -19 19 -21 21 -23 24 -25 -26 26 -28 28 -30 -31
leaf_value=0.045875350571667417 -0.030091605042892294 -0.042133278127970325 -0.025123955374511866 -0.002136275256486075 0.079183367972212731 0.036253391451250186 -0.036336039489328301 0.100276014609866 -0.027323849817548141 -0.018577732601475296 0.01430219970989024 0.022122101781479494 0.095764815141136467 0.095028493877054185 0.074179690136879889 0.079367961991314198 0.18452528793172451 0.026339427722473437 -0.085273211582893166 0.093201372663021573 -0.038456350471790801 0.014572571978882896 -0.022666197354449767 -0.0017756030235616576 0.092965722249118213 -0.12659514128540816 0.0091266226659878838 0.12828874399229276 -0.024800779423660022 0.049442220751174132
leaf_weight=50.385924190282822 15.71861359477043 120.72100655734539 119.07991279661655 136.4616751074791 46.966740265488625 28.843108132481575 25.810998052358631 10.274352073669432 18.569573521614075 30.3122239112854 37.399680316448212 15.158699601888657 4.9166629612445822 8.5358308106660825 3.7433844506740561 3.7725226730108252 4.7795901149511337 5.0303041189908981 10.684282839298247 4.612078681588172 25.729387700557709 33.814985871315002 42.872612029314041 36.780133828520775 4.4915442317724219 7.433849170804022 3.6942501813173294 5.4100107401609403 3.8498506844043732 11.14274178445339
leaf_count=239 76 797 729 736 212 144 136 50 92 144 177 70 23 38 19 21 22 23 71 30 167 218 248 211 26 46 23 31 23 64
internal_value=-0.000406141 -0.0140824 -0.00262453 0.0164739 0.0263918 0.0300859 0.0104119 0.0271905 0.0113528 0.0412968 0.05452 0.0208896 -0.0026197 0.0293029 -0.022338 -0.0219152 0.0540596 0.103411 -0.0310096 -0.0130667 -0.0200455 -0.00834146 0.0116468 0.0257688 -0.00395573 -0.00980664 -0.0815389 0.00280879 0.0646407 -0.00779107
internal_weight=876.997 484.475 288.913 392.521 256.06 240.341 87.2414 57.687 47.4127 153.1 92.9023 60.1975 35.2289 45.9355 29.5544 122.852 24.9686 9.80989 195.562 74.8407 70.2287 59.5444 166.061 87.1661 78.8949 74.4033 11.1281 63.2752 9.25986 54.0154
internal_count=4906 2944 1661 1962 1226 1150 441 286 236 709 427 282 167 215 155 750 115 45 1283 486 456 385 911 450 461 435 69 366 54 312
is_linear=0
shrinkage=0.1


Tree=9
num_leaves=31
num_cat=0
split_feature=14 5 236 8 8 30 9 0 0 9 104 80 35 1 7 15 21 77 10 70 68 11 138 12 16 113 71 0 26 15
split_gain=16.4591 8.53008 6.98241 6.57619 5.90548 5.73142 5.54047 4.41849 6.58918 5.39224 3.91805 3.911 4.59922 6.60382 5.26595 4.7389 5.19016 3.82946 4.71931 6.71967 4.6825 6.75236 3.5469 4.22849 3.74625 6.32421 3.66703 6.56638 4.01904 3.4951
threshold=1.0000000180025095e-35 1.0000000180025095e-35 1.0000000180025095e-35 1.0000000180025095e-35 1.0000000180025095e-35 1.0000000180025095e-35 1.0000000180025095e-35 17.746748924255375 12.746064186096193 1.0000000180025095e-35 1.0000000180025095e-35 1.0000000180025095e-35 1.0000000180025095e-35 -0.25576089322566981 1.0000000180025095e-35 1.0000000180025095e-35 1.0000000180025095e-35 1.0000000180025095e-35 1.0000000180025095e-35 1.0000000180025095e-35 1.0000000180025095e-35 1.0000000180025095e-35 1.0000000180025095e-35 1.0000000180025095e-35 1.0000000180025095e-35 1.0000000180025095e-35 1.0000000180025095e-35 11.880903720855715 1.0000000180025095e-35 1.0000000180025095e-35
decision_type=2 2 2 2 2 2 2 2 2 2 2 2 2 2 2 2 2 2 2 2 2 2 2 2 2 2 2 2 2 2
left_child=1 4 3 5 22 -2 -7 8 9 11 17 12 15 -14 -15 -3 -17 18 19 -6 -21 -22 24 -24 -1 26 27 28 -26 -8
right_child=2 7 -4 -5 10 6 29 -9 -10 -11 -12 -13 13 14 -16 16 -18 -19 -20 20 21 -23 23 -25 25 -27 -28 -29 -30 -31
leaf_value=-0.00014946898010283877 -0.085020716202710025 -0.00067497382799405802 0.14361803930679523 -0.0046085350595103927 -0.02913047287727177 0.035863087955478316 0.017716797094051991 0.084827792203717528 -0.060504969018415233 -0.043851936674025517 0.079471395225933578 0.064361147555569848 0.13507303179047642 -0.072437526723999904 0.068160493605696357 -0.082234150109739668 0.039850220421666069 0.082410619555417786 -0.04935695456441605 0.10174562482492173 0.066620439551319285 -0.086665035219579245 -0.10153834695396223 0.014912291708436151 -0.0062388257043517253 -0.090202448646266295 0.0049879549492586597 0.16495284401721894 0.06208414523165328 -0.02548510843563297
leaf_weight=82.312973022460938 4.8425494730472556 36.473291024565697 4.1586136370897284 133.8929085880518 44.650391891598701 161.76737125217915 62.959629744291306 3.3492460548877707 54.273024678230286 54.039493456482887 3.9157141000032416 7.761071413755416 4.842443421483039 5.6126787364482862 5.070446789264679 18.274207860231403 4.3020304739475241 3.3929102569818488 47.40558910369873 7.7234379053115854 6.7673802673816681 4.994859516620636 5.9956827461719495 6.4971899837255478 12.318544641137121 4.0569814294576636 22.209768638014793 4.8167698830366126 28.596506759524345 26.654327243566513
leaf_count=458 23 216 20 724 294 743 299 22 362 355 25 47 27 36 31 130 29 22 313 44 43 31 33 34 68 22 123 24 155 153
internal_value=-0.000410564 -0.0128529 0.014726 0.0133521 -0.00186305 0.0227376 0.0248134 -0.029035 -0.0310353 -0.0193073 -0.0188968 -0.00319805 -0.010229 0.0382027 -0.00570661 -0.0229629 -0.0589703 -0.0222481 -0.0254317 -0.00774751 0.0412504 0.00152744 0.0102737 -0.0409757 0.0144228 0.0310827 0.0383249 0.0545151 0.0415137 0.00486704
internal_weight=873.928 479.653 394.275 390.117 285.655 256.224 251.381 193.998 190.649 136.376 118.85 82.3362 74.5751 15.5256 10.6831 59.0495 22.5762 114.935 111.542 64.1361 19.4857 11.7622 166.804 12.4929 154.312 71.9986 67.9416 45.7318 40.9151 89.614
internal_count=4906 2944 1962 1942 1689 1218 1195 1255 1233 871 772 516 469 94 67 375 159 747 725 412 118 74 917 67 850 392 370 247 223 452
is_linear=0
shrinkage=0.1


Tree=10
num_leaves=31
num_cat=0
split_feature=5 10 15 15 0 9 13 9 83 0 7 9 8 0 21 133 0 0 8 21 74 0 1 8 151 6 12 0 9 36
split_gain=13.7876 12.0083 9.26185 7.22996 5.27783 5.20131 4.83679 6.84996 4.83825 4.69976 7.66625 6.26798 4.61889 6.3166 5.92027 5.22263 4.4279 6.68607 4.48567 3.95208 4.58253 3.92213 5.6273 3.87441 3.87359 3.90346 5.6411 6.75751 4.60209 3.90674
threshold=1.0000000180025095e-35 1.0000000180025095e-35 1.0000000180025095e-35 1.0000000180025095e-35 12.746064186096193 1.0000000180025095e-35 1.0000000180025095e-35 1.0000000180025095e-35 1.0000000180025095e-35 8.6036963462829608 1.0000000180025095e-35 1.0000000180025095e-35 1.0000000180025095e-35 3.9917863607406621 1.0000000180025095e-35 1.0000000180025095e-35 4.6392881870269784 3.4811772108078007 1.0000000180025095e-35 1.0000000180025095e-35 1.0000000180025095e-35 5.9260780811309823 -0.22746976464986798 1.0000000180025095e-35 1.0000000180025095e-35 1.0000000180025095e-35 1.0000000180025095e-35 9.8631072044372576 1.0000000180025095e-35 1.0000000180025095e-35
decision_type=2 2 2 2 2 2 2 2 2 2 2 2 2 2 2 2 2 2 2 2 2 2 2 2 2 2 2 2 2 2
left_child=1 2 6 4 5 23 16 8 -8 10 21 -12 13 15 -15 -4 17 -1 -18 -7 -21 -5 -23 -2 25 -3 27 28 -27 -28
right_child=3 24 12 9 -6 19 7 -9 -10 -11 11 -13 -14 14 -16 -17 18 -19 -20 20 -22 22 -24 -25 -26 26 29 -29 -30 -31
leaf_value=0.056917628961042604 0.033084322494259737 -0.016648622668758547 0.14986247054625257 -0.069299264859979101 -0.028499522516089306 -0.029450943357790433 0.028963577512483088 -0.012387233340587521 0.10942025242788961 -0.055367902189197453 0.070679359819831811 -0.060244426092974791 -0.024721261333995968 -0.0075458977335220462 0.078657503222594946 0.0083467661502794419 0.082825631635703556 -0.063084988618686735 0.035492100386938417 -0.019954022117373373 0.12370413399124661 0.073111712803443515 -0.057648982501615625 -0.008828261323371691 -0.070037312277315439 -0.014780428798560561 0.02835992306307826 0.027183877234165228 -0.10458118755467086 0.11946188269327447
leaf_weight=11.412773355841638 64.133381918072701 124.41832402348518 5.9093799889087659 21.380236715078354 70.364593058824539 51.198194742202759 41.525756508111954 38.819527149200439 9.1147498637437803 61.354748837649822 13.959028363227846 4.9546204954385749 44.824564889073372 58.067102074623108 9.2338816076517087 4.6677185893058777 44.385939747095108 7.8270970433950415 36.473149925470352 5.1277198642492277 3.9163993149995804 5.867147296667099 7.4958986192941648 33.616005659103394 9.7448604702949506 17.284112274646759 22.626949280500416 26.923818320035934 8.5199198126792925 5.9436452686786643
leaf_count=58 306 708 30 139 410 307 200 210 41 410 84 35 286 313 48 23 203 42 202 28 23 34 49 207 57 95 125 147 52 34
internal_value=-0.000420294 0.00972792 0.0222583 -0.0160171 -0.00571912 0.00442656 0.0361145 0.0192176 0.0434449 -0.0364638 -0.0148477 0.0363826 0.000852309 0.0155718 0.00428145 0.087411 0.0512155 0.00809858 0.0614749 -0.0186859 0.0422547 -0.0427366 -0.000237501 0.0186706 -0.00843192 -0.00551366 0.0115272 -0.00786294 -0.0444307 0.0473122
internal_weight=871.091 527.723 312.262 343.368 228.356 157.992 189.559 89.46 50.6405 115.012 53.6569 18.9136 122.703 77.8781 67.301 10.5771 100.099 19.2399 80.8591 60.2423 9.04412 34.7433 13.363 97.7494 215.462 205.717 81.2984 52.7279 25.804 28.5706
internal_count=4906 2874 1656 2032 1281 871 956 451 241 751 341 119 700 414 361 53 505 100 405 358 51 222 83 513 1218 1161 453 294 147 159
is_linear=0
shrinkage=0.1


Tree=11
num_leaves=31
num_cat=0
split_feature=14 8 9 236 8 156 0 30 5 151 87 10 84 80 11 81 42 67 61 26 53 10 54 10 65 167 186 7 137 95
split_gain=12.9212 6.24523 5.11128 5.06276 4.77107 4.90266 6.53268 4.7095 4.2109 10.6868 7.67506 5.001 8.7818 4.93937 4.33955 6.27792 4.75451 4.75332 4.72193 4.33338 3.88419 5.03667 4.82722 3.50521 3.52737 3.43397 3.53011 3.36738 10.3263 3.76399
threshold=1.0000000180025095e-35 1.0000000180025095e-35 1.0000000180025095e-35 1.0000000180025095e-35 1.0000000180025095e-35 1.0000000180025095e-35 3.0266940593719487 1.0000000180025095e-35 1.0000000180025095e-35 1.0000000180025095e-35 1.0000000180025095e-35 1.0000000180025095e-35 1.0000000180025095e-35 1.0000000180025095e-35 1.0000000180025095e-35 1.0000000180025095e-35 1.0000000180025095e-35 1.0000000180025095e-35 1.0000000180025095e-35 1.0000000180025095e-35 1.0000000180025095e-35 1.0000000180025095e-35 1.0000000180025095e-35 1.0000000180025095e-35 1.0000000180025095e-35 1.0000000180025095e-35 1.0000000180025095e-35 1.0000000180025095e-35 1.0000000180025095e-35 1.0000000180025095e-35
decision_type=2 2 2 2 2 2 2 2 2 2 2 2 2 2 2 2 2 2 2 2 2 2 2 2 2 2 2 2 2 2
left_child=1 2 -1 4 5 6 -2 -8 10 20 11 12 13 14 17 16 -16 19 -19 -9 -10 22 -22 24 -4 26 -3 28 -6 -29
right_child=3 25 23 -5 27 -7 7 8 9 -11 -12 -13 -14 -15 15 -17 -18 18 -20 -21 21 -23 -24 -25 -26 -27 -28 29 -30 -31
leaf_value=0.009047203054579676 -0.070555551400339145 -0.020785934976249774 -0.010740542459237189 0.11958363708054981 -0.025888662399531956 0.096817864187640504 -0.079306005127689039 0.10366459025796003 0.010237578264219158 0.15389881711463407 0.15737868998147808 0.0047427847641189538 0.15861698114573958 -0.057890319121134737 0.0038551748026916413 0.12594068422331814 0.11085597462938686 -0.046421377388184512 0.050110175543164541 -0.0011567718699556197 0.077348491810584202 -0.10325259949949628 -0.04450834543401791 -0.040923360154185962 0.078387593344929826 -0.08702745565407341 -0.12224503049973896 0.026606284512826789 0.12013268666741715 -0.051763096209531956
leaf_weight=166.50617959350348 8.2042767703533155 175.0961793884635 71.623234942555428 4.4007477313280097 75.34786120057106 7.9811596125364295 4.6662236005067816 9.4896641969680804 70.740705668926239 4.6653380542993537 4.8134167343378058 52.424367189407349 6.2098763287067404 5.3307743370532981 14.352104768157007 12.08393159508705 5.8435056656599036 13.9284003674984 7.9652146548032752 6.7486717551946631 4.9279381036758432 7.6723468452692023 9.5522840768098831 42.953998491168022 4.7338799387216559 8.7237259745597822 3.4978161454200736 45.45723757147789 5.1756247878074637 7.0835253149271002
leaf_count=911 40 1198 433 20 425 36 23 42 344 21 22 247 28 25 66 54 26 64 37 32 25 40 46 290 27 61 24 232 29 38
internal_value=-0.000426084 -0.0115737 -0.00227279 0.0129245 0.011723 0.0196656 0.0171988 0.020181 0.0221419 0.00621192 0.0333072 0.028863 0.0442925 0.0349194 0.0419459 0.0689284 0.0348154 0.0191047 -0.0113018 0.0601007 -0.0012053 -0.0377463 -0.00303778 -0.0180705 -0.0052149 -0.0257655 -0.022773 -0.0036532 -0.0165032 0.0160406
internal_weight=868.2 473.135 285.817 395.065 390.664 257.6 249.619 241.415 236.749 97.5586 139.19 134.377 81.9521 75.7423 70.4115 32.2795 20.1956 38.132 21.8936 16.2383 92.8933 22.1526 14.4802 119.311 76.3571 187.318 178.594 133.064 80.5235 52.5408
internal_count=4906 2944 1661 1962 1942 1218 1182 1142 1119 476 643 621 374 346 321 146 92 175 101 74 455 111 71 750 460 1283 1222 724 454 270
is_linear=0
shrinkage=0.1


Tree=12
num_leaves=31
num_cat=0
split_feature=15 5 10 5 151 7 1 9 12 69 49 97 8 1 14 6 102 11 128 65 0 0 6 69 1 12 135 0 13 14
split_gain=11.5086 6.71412 8.65715 5.61304 5.19668 4.09374 6.52684 6.45966 5.27957 4.04458 4.391 4.71952 4.00563 4.23883 3.95204 4.08982 4.47598 3.85299 3.95414 3.92526 3.94094 8.71752 8.03287 5.66075 4.5204 4.29787 3.97057 3.69259 4.43125 9.30154
threshold=1.0000000180025095e-35 1.0000000180025095e-35 1.0000000180025095e-35 1.0000000180025095e-35 1.0000000180025095e-35 1.0000000180025095e-35 -0.12905924022197721 1.0000000180025095e-35 1.0000000180025095e-35 1.0000000180025095e-35 1.0000000180025095e-35 1.0000000180025095e-35 1.0000000180025095e-35 -0.73564529418945301 1.0000000180025095e-35 1.0000000180025095e-35 1.0000000180025095e-35 1.0000000180025095e-35 1.0000000180025095e-35 1.0000000180025095e-35 12.746064186096193 9.3497605323791522 1.0000000180025095e-35 1.0000000180025095e-35 0.70765838027000438 1.0000000180025095e-35 1.0000000180025095e-35 3.5961669683456425 1.0000000180025095e-35 1.0000000180025095e-35
decision_type=2 2 2 2 2 2 2 2 2 2 2 2 2 2 2 2 2 2 2 2 2 2 2 2 2 2 2 2 2 2
left_child=1 2 -1 12 17 -5 7 8 -7 14 11 -11 13 -2 15 16 -3 18 19 20 21 25 23 -22 -24 26 -4 -19 -29 -30
right_child=3 9 4 5 -6 6 -8 -9 -10 10 -12 -13 -14 -15 -16 -17 -18 27 -20 -21 22 -23 24 -25 -26 -27 -28 28 29 -31
leaf_value=0.031239218997672204 0.10455081065974854 -0.037013610635167865 0.050156786629640737 -0.048255476282919874 -0.096164812583896211 0.027325182621286543 -0.041951248761329683 -0.070708336118731993 0.16127027172989952 -0.030255056698539125 -0.083822998642557392 0.067519444479580526 -0.025120434130134473 0.0010766664243700851 0.018041578860305239 0.012294355840449571 0.072825834821283256 0.050991401350912874 -0.057589047365524317 -0.069257787672227497 0.097779368028240929 -0.041170195068326955 0.19352026520767035 -0.061209583177741535 0.049820678852858083 0.09675012662643645 -0.064700828536191232 -0.057443295458237204 -0.061218594452963397 0.082688809620760015
leaf_weight=191.26225757598877 4.0790539830923072 52.182829864323139 9.5442188084125501 70.180446028709412 5.6552485674619666 8.7046989798545855 24.454656682908535 4.1336779519915572 4.4455478191375724 28.017792515456676 11.800560995936392 5.9927472323179236 70.761511787772179 134.47683089971542 82.999677181243896 41.139895580708981 3.9939310401678076 6.4481891542673102 6.5068719685077658 4.2061914503574362 3.7864019423723221 17.148303613066673 5.4644865840673447 5.4813661277294159 3.6521904170513153 11.384916976094246 4.3960695862770089 24.95336677134037 9.3846861869096756 8.6141869276762009
leaf_count=956 21 342 52 479 34 50 165 31 26 164 70 36 467 723 393 251 25 36 37 22 20 98 30 31 19 61 25 142 60 40
internal_value=-0.000420408 0.0084419 0.0178116 -0.0154288 -0.00246993 -0.0335063 -0.00870649 0.0383308 0.0726064 -0.00473004 -0.0312634 -0.0130269 -0.00576304 0.00412292 0.00201102 -0.0116612 -0.0292045 0.00191017 0.0167372 0.0241703 0.0306276 0.0138856 0.0693066 0.0037463 0.135953 0.0511652 0.0139364 -0.0195711 -0.0301643 0.0076549
internal_weight=865.253 544.016 317.889 321.236 126.627 111.919 41.7386 17.2839 13.1502 226.127 45.8111 34.0105 209.317 138.556 180.316 97.3167 56.1768 120.971 71.571 65.0641 60.858 42.4735 18.3844 9.26777 9.11668 25.3252 13.9403 49.4004 42.9522 17.9989
internal_count=4906 2944 1663 1962 707 751 272 107 76 1281 270 200 1211 744 1011 618 367 673 395 358 336 236 100 51 49 138 77 278 242 100
is_linear=0
shrinkage=0.1


Tree=13
num_leaves=31
num_cat=0
split_feature=15 8 10 73 34 139 5 167 1 12 5 10 26 139 14 0 0 140 71 64 21 56 32 80 1 102 49 26 0 0
split_gain=9.37213 5.64557 5.65743 5.14114 8.5012 5.12798 4.74177 4.70286 4.05303 3.99673 4.73585 4.38532 4.04728 3.94487 3.7801 3.74963 5.44442 5.91648 4.16196 3.65607 4.05179 3.63973 8.32862 6.07268 5.31954 4.96741 3.59046 3.56623 3.3644 5.31677
threshold=1.0000000180025095e-35 1.0000000180025095e-35 1.0000000180025095e-35 1.0000000180025095e-35 1.0000000180025095e-35 1.0000000180025095e-35 1.0000000180025095e-35 1.0000000180025095e-35 -0.73564529418945301 1.0000000180025095e-35 1.0000000180025095e-35 1.0000000180025095e-35 1.0000000180025095e-35 1.0000000180025095e-35 1.0000000180025095e-35 15.585215568542482 14.591375827789308 1.0000000180025095e-35 1.0000000180025095e-35 1.0000000180025095e-35 1.0000000180025095e-35 1.0000000180025095e-35 1.0000000180025095e-35 1.0000000180025095e-35 -0.60042589902877797 1.0000000180025095e-35 1.0000000180025095e-35 1.0000000180025095e-35 14.109513759613039 8.3682408332824725
decision_type=2 2 2 2 2 2 2 2 2 2 2 2 2 2 2 2 2 2 2 2 2 2 2 2 2 2 2 2 2 2
left_child=1 2 15 5 19 8 -2 9 -4 12 11 -11 26 -14 27 16 17 -1 -17 20 -5 23 24 25 -23 -8 28 -13 29 -3
right_child=6 7 3 4 -6 -7 21 -9 -10 10 -12 14 13 -15 -16 18 -18 -19 -20 -21 -22 22 -24 -25 -26 -27 -28 -29 -30 -31
leaf_value=0.029311261641983829 -0.0052188648345762806 -0.042912844922315813 0.067342329068484155 0.0032759535179772746 0.11916245149219498 0.088872432847943064 -0.030966375881861741 -0.078876540431261202 -0.02843677501790114 0.052993814482432601 -0.017634170019362259 0.018055158613111962 -0.004667355989382573 0.082750002593698926 0.044930012149659526 0.15168856089114871 -0.055572704089289299 -0.050840821853071178 0.0437817382288236 -0.075706302551156818 0.10034511072128093 0.05869078937886401 0.02488076967373087 0.10435787054290457 -0.072430540559970391 0.10227904445751189 -0.072077796282304485 -0.10442888767051253 -0.059938846388314253 0.05074795337009206
leaf_weight=154.49021278321743 208.47619620710611 11.856722772121431 4.7131273597478858 29.257115751504898 8.015676870942114 4.3791923075914374 37.155068658292294 8.3051580712199193 70.587798416614532 35.500834658741951 28.528482921421528 4.2754764854908007 66.225296705961227 5.5986380875110617 7.4199682623147956 4.1408330649137524 8.9464527964591962 9.7932368069887143 26.128905981779099 4.7920409590005866 5.0410841181874266 3.3048393800854674 13.210820265114306 4.2806353047490111 48.509934194386005 3.0256972759962073 17.045952513813972 5.3537105172872543 11.908104881644247 12.39870837330818
leaf_count=734 1211 73 24 156 38 23 251 53 382 192 187 29 396 33 37 20 45 47 123 26 29 23 86 27 345 19 110 36 74 77
internal_value=-0.000426336 0.00753721 0.01574 -0.000841053 0.0253487 -0.0163241 -0.0140687 -0.0050982 -0.0224419 -0.00212535 0.0151673 0.0329746 -0.0133388 0.00214678 -0.0087106 0.0260704 0.0203962 0.0245332 0.0585432 0.00611164 0.017543 -0.0309198 -0.0459964 -0.00887004 -0.0640674 -0.0209327 -0.0342418 -0.0500445 -0.0164075 0.00496398
internal_weight=862.666 544.703 330.286 126.786 47.1059 79.6801 317.963 214.417 75.3009 206.112 81.0785 52.55 125.033 71.8239 17.0492 203.5 173.23 164.283 30.2697 39.0902 34.2982 109.487 65.0256 44.4614 51.8148 40.1808 53.2095 9.62919 36.1635 24.2554
internal_count=4906 2944 1647 678 249 429 1962 1297 406 1244 481 294 763 429 102 969 826 781 143 211 185 751 454 297 368 270 334 65 224 150
is_linear=0
shrinkage=0.1


Tree=14
num_leaves=31
num_cat=0
split_feature=14 116 5 153 103 102 16 156 0 5 16 63 151 71 0 67 1 13 0 12 174 54 77 8 9 12 23 68 0 137
split_gain=9.05768 4.57224 4.77606 4.01234 3.96548 3.62257 6.30293 3.36048 5.65668 3.47001 4.73575 5.15546 4.29183 4.15403 3.89109 4.24819 5.83313 4.88738 4.88208 4.05398 3.45473 3.42969 3.2946 3.38183 3.43253 3.24114 3.11871 4.03413 3.76594 2.93062
threshold=1.0000000180025095e-35 1.0000000180025095e-35 1.0000000180025095e-35 1.0000000180025095e-35 1.0000000180025095e-35 1.0000000180025095e-35 1.0000000180025095e-35 1.0000000180025095e-35 3.0266940593719487 1.0000000180025095e-35 1.0000000180025095e-35 1.0000000180025095e-35 1.0000000180025095e-35 1.0000000180025095e-35 5.4948666095733651 1.0000000180025095e-35 0.11171952262520791 1.0000000180025095e-35 11.43189573287964 1.0000000180025095e-35 1.0000000180025095e-35 1.0000000180025095e-35 1.0000000180025095e-35 1.0000000180025095e-35 1.0000000180025095e-35 1.0000000180025095e-35 1.0000000180025095e-35 1.0000000180025095e-35 2.960985660552979 1.0000000180025095e-35
decision_type=2 2 2 2 2 2 2 2 2 2 2 2 2 2 2 2 2 2 2 2 2 2 2 2 2 2 2 2 2 2
left_child=1 2 3 22 7 -4 25 8 -2 10 29 14 13 -11 -12 17 -17 19 -19 21 -15 -16 23 24 -1 -7 -26 28 -28 -10
right_child=4 -3 5 -5 -6 6 -8 -9 9 12 11 -13 -14 20 15 16 -18 18 -20 -21 -22 -23 -24 -25 26 -27 27 -29 -30 -31
leaf_value=0.015620208310871412 -0.049172655904957174 0.098119375368285772 -0.027376010433956179 0.092897657470091322 0.10213415348229014 -0.095900892134790638 0.10292704823341353 0.061549236312141223 0.026144073639881978 0.006412537296913521 -0.051920509885971793 0.099055237327303786 0.076470424830806294 -0.041707900818296437 0.097567981656768318 0.030667023271175597 -0.04762984543423724 0.05401669370566551 -0.072612857454332241 0.12748095111603042 0.048935887551977419 -0.01928840463676533 0.05909975460259418 -0.019573897527581225 -0.10291715344855823 0.041481005286269211 0.072160241480353618 0.042931581499901637 -0.029515698036108359 0.084468660489395136
leaf_weight=93.358958870172501 16.572920143604279 3.8872397914528838 168.13904531300068 4.3305834680795661 4.6882021576166144 3.9972363635897619 5.9732318520545959 12.07315683364868 124.74063862860203 89.295159302651882 14.829915031790732 5.0032562315464011 6.6570066809654227 37.684928737580776 4.2384758889675158 15.700984254479406 24.151139914989471 5.5906957685947436 6.6854529231786728 6.8300501257181159 4.7327948510646811 6.1645094156265259 8.0065198391675931 108.91912598162889 3.7384515553712836 3.0107198730111122 3.9570534676313391 12.098949447274206 45.872063666582108 9.2541478872299177
leaf_count=476 85 23 1162 24 22 29 35 56 609 455 73 23 33 207 19 75 119 26 31 31 24 30 44 736 22 20 23 71 279 44
internal_value=-0.000426691 -0.00988017 -0.01079 -0.0026114 0.010712 -0.0234464 0.0274517 0.0096136 0.00795538 0.010574 0.0182876 0.000433746 -0.00186806 -0.00582743 -0.00542706 0.00451355 -0.0167824 0.0332737 -0.0149443 0.0676223 -0.0315942 0.0283223 -0.00411026 -0.00599905 0.00329858 -0.0368796 -0.0142192 -0.00886475 -0.0214414 0.0301722
internal_weight=860.183 465.289 461.402 280.282 394.893 181.12 12.9812 390.205 378.132 361.559 223.189 89.1945 138.37 131.713 84.1912 69.3613 39.8521 29.5092 12.2761 17.233 42.4177 10.403 275.951 267.945 159.025 7.00796 65.6665 61.9281 49.8291 133.995
internal_count=4906 2944 2921 1675 1962 1246 84 1940 1884 1799 1080 427 719 686 404 331 194 137 57 80 231 49 1651 1607 871 49 395 373 302 653
is_linear=0
shrinkage=0.1


Tree=15
num_leaves=31
num_cat=0
split_feature=15 30 1 5 10 20 151 8 9 13 83 14 0 0 0 68 7 0 62 0 70 73 13 0 6 22 0 9 5 57
split_gain=7.73969 5.32361 5.31686 5.08167 5.2966 4.80616 4.45906 4.44898 4.78663 5.16573 7.51861 4.6743 4.545 4.29631 5.46595 4.50599 7.61935 4.10658 3.96525 6.84143 5.34761 4.55372 3.64032 4.49368 4.63422 4.25826 3.56064 3.52823 3.48832 3.88389
threshold=1.0000000180025095e-35 1.0000000180025095e-35 0.9887443780899049 1.0000000180025095e-35 1.0000000180025095e-35 1.0000000180025095e-35 1.0000000180025095e-35 1.0000000180025095e-35 1.0000000180025095e-35 1.0000000180025095e-35 1.0000000180025095e-35 1.0000000180025095e-35 3.2950034141540532 14.917180061340334 14.528405189514162 1.0000000180025095e-35 1.0000000180025095e-35 12.746064186096193 1.0000000180025095e-35 12.462697029113771 1.0000000180025095e-35 1.0000000180025095e-35 1.0000000180025095e-35 12.992471218109133 1.0000000180025095e-35 1.0000000180025095e-35 4.0561258792877206 1.0000000180025095e-35 1.0000000180025095e-35 1.0000000180025095e-35
decision_type=2 2 2 2 2 2 2 2 2 2 2 2 2 2 2 2 2 2 2 2 2 2 2 2 2 2 2 2 2 2
left_child=1 -1 3 4 13 7 -6 8 9 10 28 -12 -11 14 22 16 -15 27 19 -14 -20 -22 23 25 -25 -3 -9 -5 29 -2
right_child=5 2 -4 17 6 -7 -8 26 -10 12 11 -13 18 15 -16 -17 -18 -19 20 -21 21 -23 -24 24 -26 -27 -28 -29 -30 -31
leaf_value=-0.066871519905024393 0.03094218478817197 0.018703222900312139 0.12303490921275935 0.015948204761660464 0.0033145206150510774 -0.12942728035553727 -0.090638784054952737 -0.071732844505542001 -0.024508604523402637 0.10248185581867859 -0.009193338364971812 0.11886706065667658 0.029663060327566326 0.044978105372504802 -0.091270840871895825 0.022429297460730493 0.18689774473561777 -0.026131643783066656 0.012437324195486108 -0.10281791270785451 0.16613249180557507 0.036851897670362919 0.0053560790461111138 0.038159114552497791 0.17519855285935357 0.093694196999204449 -0.020618990021527894 -0.015155237385633409 -0.050760182566163041 -0.031002367401326003
leaf_weight=9.631295904517172 17.899432703852654 63.007255420088768 3.997707173228263 96.972666300833225 117.2622392848134 3.5000034719705573 5.2788935452699652 16.24394353479147 70.662018619477749 7.4657467454671851 4.9405992329120618 6.7367866039276123 10.058092802762987 10.576080873608591 4.3722031712532035 17.080510154366493 5.8896426856517783 62.328142628073692 25.619589157402515 6.3645465523004523 5.0112784802913648 5.9708845764398575 69.674277499318123 5.5288898050785047 4.4568408578634262 8.606343060731886 84.647383742034435 58.454482577741146 26.19596104323864 23.294705241918564
leaf_count=55 89 313 20 511 656 21 34 117 454 39 29 32 52 50 24 82 26 380 142 36 29 36 349 26 21 40 596 357 170 120
internal_value=-0.000416918 0.00681289 0.00814315 0.00727571 0.0154635 -0.0128978 -0.000732851 -0.0115869 -0.00330245 0.00743484 -0.00939316 0.0646858 0.0294309 0.025954 0.018958 0.0584136 0.0957415 -0.00444576 0.0191455 -0.0216796 0.0374631 0.095844 0.0221439 0.0364784 0.0993227 0.0277155 -0.0288485 0.00425053 -0.0222296 -0.00408659
internal_weight=857.728 543.117 533.486 529.488 311.733 314.611 122.541 311.111 210.22 139.558 79.0675 11.6774 60.4901 189.192 155.646 33.5462 16.4657 217.755 53.0244 16.4226 36.6018 10.9822 151.274 81.5993 9.98573 71.6136 100.891 155.427 67.3901 41.1941
internal_count=4906 2944 2889 2869 1621 1962 690 1941 1228 774 440 61 334 931 773 158 76 1248 295 88 207 65 749 400 47 353 713 868 379 209
is_linear=0
shrinkage=0.1


Tree=16
num_leaves=31
num_cat=0
split_feature=14 8 138 1 76 139 0 33 108 6 5 26 0 13 12 135 6 16 0 81 45 61 0 65 15 0 0 0 54 236
split_gain=7.0951 3.54374 3.35961 3.33448 4.85632 4.84062 4.12934 4.86068 3.84829 3.63146 4.90312 3.55888 4.41977 5.78947 3.53214 6.06481 3.49857 5.35241 4.5153 5.6687 4.93488 4.68515 9.14442 4.39288 5.18447 3.93916 3.74743 3.46961 3.28805 3.19604
threshold=1.0000000180025095e-35 1.0000000180025095e-35 1.0000000180025095e-35 -0.25576089322566981 1.0000000180025095e-35 1.0000000180025095e-35 7.7577002048492441 1.0000000180025095e-35 1.0000000180025095e-35 1.0000000180025095e-35 1.0000000180025095e-35 1.0000000180025095e-35 6.2258727550506601 1.0000000180025095e-35 1.0000000180025095e-35 1.0000000180025095e-35 1.0000000180025095e-35 1.0000000180025095e-35 9.4346337318420428 1.0000000180025095e-35 1.0000000180025095e-35 1.0000000180025095e-35 14.109513759613039 1.0000000180025095e-35 1.0000000180025095e-35 11.23477077484131 11.560575008392336 16.119096755981449 1.0000000180025095e-35 1.0000000180025095e-35
decision_type=2 2 2 2 2 2 2 2 2 2 2 2 2 2 2 2 2 2 2 2 2 2 2 2 2 2 2 2 2 2
left_child=1 2 3 8 5 6 7 -5 11 10 -7 -1 13 -13 -15 -16 17 -8 19 20 -18 23 -23 24 25 -20 -26 -27 -28 -2
right_child=29 -3 -4 4 -6 9 16 -9 -10 -11 -12 12 -14 14 15 -17 18 -19 21 -21 -22 22 -24 -25 26 27 28 -29 -30 -31
leaf_value=-0.01733255542026553 0.0084406577525407527 -0.019888143245719456 -0.042435409850748451 -0.12948336223182241 0.086952179416736566 0.045391193772038319 -0.03599336192449084 -0.0094370468339300233 0.10543586833268059 -0.10368845648517902 -0.097700770551040705 -0.017239105213179281 0.12765151332845709 0.020770206380788206 0.037068981967289652 0.20113846873873895 0.10258790555569211 0.01516327542362615 -0.016815646811913252 0.16721642603427725 -0.069604872931135917 -0.088210328430151752 0.056727036415059377 -0.079175087581611778 0.081235405982600331 0.12521761954298657 -0.091406329419144533 0.015893839392884062 0.02973771474924668 0.091974727208605056
leaf_weight=25.584372960031033 390.27739855647087 178.21997122466564 19.041555307805538 5.4092582315206501 5.4273165613412848 5.6419320851564407 43.849393829703331 8.9593394175171852 4.7709428444504729 8.8563883528113365 4.1605366617441177 21.571653328835964 4.1394924074411383 12.420171864330769 5.696268804371357 3.7271844446659088 3.4621085748076421 38.330948747694492 3.8477925360202816 4.2857602387666702 3.2052242159843445 11.556897088885309 6.9835042506456366 3.4133503288030616 3.35681273788214 11.08532966673374 5.5001774951815587 3.9329992011189452 3.7803272679448128 4.6345971375703803
leaf_count=147 1942 1283 107 33 27 32 278 53 25 52 30 127 23 72 32 19 22 229 20 24 19 71 39 20 21 60 34 22 23 20
internal_value=-0.000412201 -0.00885006 -0.00187408 0.00106311 -0.00624374 -0.00905974 -0.0034704 -0.0546302 0.0184177 -0.0572757 -0.0153424 0.0127414 0.0289212 0.0195076 0.0557968 0.101962 0.0015442 -0.0121326 0.0189943 0.0774869 0.0198087 0.00700951 -0.0336176 0.028582 0.0402574 0.073459 -0.00930899 0.0965879 -0.0420594 0.00942099
internal_weight=855.129 460.217 281.997 262.955 185.045 179.618 160.959 14.3686 77.9101 18.6589 9.80247 73.1391 47.5548 43.4153 21.8436 9.42345 146.591 82.1803 64.4103 10.9531 6.66733 53.4572 18.5404 34.9168 31.5034 18.8661 12.6373 15.0183 9.2805 394.912
internal_count=4906 2944 1661 1554 1109 1082 968 86 445 114 62 420 273 250 123 51 882 507 375 65 41 310 110 200 180 102 78 82 57 1962
is_linear=0
shrinkage=0.1


Tree=17
num_leaves=31
num_cat=0
split_feature=15 30 153 16 20 1 9 63 0 0 11 16 81 16 8 6 78 5 13 12 61 0 21 178 12 6 1 11 50 16
split_gain=6.00947 4.62301 4.42659 5.56317 4.30702 4.30112 4.25428 5.76522 4.42335 5.49492 5.26732 5.81968 5.80691 4.30558 4.14768 4.14907 4.77845 5.4474 4.00338 4.40412 3.99344 3.91145 4.55059 6.61588 6.4266 4.29182 4.24958 3.66368 3.52533 4.45911
threshold=1.0000000180025095e-35 1.0000000180025095e-35 1.0000000180025095e-35 1.0000000180025095e-35 1.0000000180025095e-35 0.9887443780899049 1.0000000180025095e-35 1.0000000180025095e-35 3.7193702459335332 3.9917863607406621 1.0000000180025095e-35 1.0000000180025095e-35 1.0000000180025095e-35 1.0000000180025095e-35 1.0000000180025095e-35 1.0000000180025095e-35 1.0000000180025095e-35 1.0000000180025095e-35 1.0000000180025095e-35 1.0000000180025095e-35 1.0000000180025095e-35 16.735113143920902 1.0000000180025095e-35 1.0000000180025095e-35 1.0000000180025095e-35 1.0000000180025095e-35 0.7774735987186433 1.0000000180025095e-35 1.0000000180025095e-35 1.0000000180025095e-35
decision_type=2 2 2 2 2 2 2 2 2 2 2 2 2 2 2 2 2 2 2 2 2 2 2 2 2 2 2 2 2 2
left_child=1 -1 5 -4 -2 6 14 8 10 -10 11 12 -8 -9 28 -16 17 18 19 -17 -20 22 23 26 25 -24 -11 -26 29 -3
right_child=4 2 3 -5 -6 -7 7 13 9 21 -12 -13 -14 -15 15 16 -18 -19 20 -21 -22 -23 24 -25 27 -27 -28 -29 -30 -31
leaf_value=-0.063865332489839832 -0.010290744671477385 0.031266165469830721 0.005143500135397841 0.14938970051949693 -0.12610700622455837 0.10722325322085985 0.19254355652078894 0.13288647370390691 -0.132583700002181 -0.023922093769903761 -0.027450912908340189 -0.0020766315546765584 0.031993770813424839 -0.00032260717762331225 -0.016259767735897063 -0.03188225770670524 0.11958487607909603 -0.039147018277965011 0.041819185606943476 0.059523460738679437 0.16870607193112622 -0.073516789038766336 0.036356685177771374 0.10878254057964197 0.043058806627272503 -0.083351884160297013 0.059867652588017788 0.17341719321669699 0.045414152315470219 -0.0050724005787820999
leaf_weight=9.324200399219988 307.44072920829058 70.382572948932648 5.89502204954624 4.8928973749279976 3.2448724806308737 4.1522729098796836 4.7849099412560481 5.0661411285400373 3.9346857815980902 124.1720744818449 10.574892997741701 7.5266884714364997 4.2571598365902901 4.6567355990409851 76.118638291954994 12.051158234477043 4.4378585815429679 14.868774458765982 8.0340152829885465 9.3695187792181969 3.5881198197603217 10.039167985320089 7.3557863533496857 4.1255567222833625 4.9886901378631592 5.051857516169548 6.363085761666297 3.7968149930238724 47.839889496564865 64.912742733955383
leaf_count=55 1941 331 30 25 21 20 25 27 23 731 63 42 25 24 465 70 27 95 46 50 20 59 41 24 28 27 34 21 213 303
internal_value=-0.000410022 0.0059406 0.00716123 0.0705669 -0.0115004 0.00585199 0.00503986 -0.00608412 -0.00979468 -0.0157857 0.0276892 0.062882 0.116954 0.0690865 0.0124187 -0.00135627 0.0203141 0.0111191 0.0337381 0.00809909 0.0809932 -0.0130155 -0.00911838 -0.0158972 0.0339539 -0.0123835 -0.0198377 0.0993955 0.0220817 0.0138314
internal_weight=853.248 542.562 533.238 10.7879 310.686 522.45 518.298 206.694 196.971 169.828 27.1437 16.5688 9.04207 9.72288 311.603 128.468 52.3494 47.9116 33.0428 21.4207 11.6221 165.893 155.854 134.661 21.1931 12.4076 130.535 8.78551 183.135 135.295
internal_count=4906 2944 2889 55 1962 2834 2814 1194 1143 988 155 92 50 51 1620 773 308 281 186 120 66 965 906 789 117 68 765 49 847 634
is_linear=0
shrinkage=0.1


Tree=18
num_leaves=31
num_cat=0
split_feature=14 116 206 8 126 9 167 186 103 78 45 88 6 0 55 76 12 68 31 0 7 26 6 61 5 16 16 8 113 24
split_gain=5.62852 3.3963 3.13114 3.36935 5.25097 3.98806 3.64545 3.05327 2.84962 2.76747 4.30571 3.28608 3.09015 2.67245 3.67609 3.48852 3.19953 2.85778 7.17007 3.64281 4.44598 3.52377 5.91161 3.44444 3.08739 2.73723 2.69124 2.60118 3.30183 3.02249
threshold=1.0000000180025095e-35 1.0000000180025095e-35 1.0000000180025095e-35 1.0000000180025095e-35 1.0000000180025095e-35 1.0000000180025095e-35 1.0000000180025095e-35 1.0000000180025095e-35 1.0000000180025095e-35 1.0000000180025095e-35 1.0000000180025095e-35 1.0000000180025095e-35 1.0000000180025095e-35 5.405886411666871 1.0000000180025095e-35 1.0000000180025095e-35 1.0000000180025095e-35 1.0000000180025095e-35 1.0000000180025095e-35 13.211498737335207 1.0000000180025095e-35 1.0000000180025095e-35 1.0000000180025095e-35 1.0000000180025095e-35 1.0000000180025095e-35 1.0000000180025095e-35 1.0000000180025095e-35 1.0000000180025095e-35 1.0000000180025095e-35 1.0000000180025095e-35
decision_type=2 2 2 2 2 2 2 2 2 2 2 2 2 2 2 2 2 2 2 2 2 2 2 2 2 2 2 2 2 2
left_child=1 2 3 4 5 -1 7 9 27 11 12 -5 -11 14 16 17 -7 21 19 -19 -21 -15 26 24 -24 -16 -23 29 -29 -2
right_child=8 -3 -4 6 -6 13 -8 -9 -10 10 -12 -13 -14 15 25 -17 -18 18 -20 20 -22 22 23 -25 -26 -27 -28 28 -30 -31
leaf_value=0.009457895043871933 -0.030798391321975913 0.083262681622642692 0.084062804244263267 -0.021760415124576361 -0.093273835607619926 -0.06450933863476592 -0.089593273567523668 -0.11793457490569981 0.084428038723632026 -0.045293999469566741 0.12910638988503059 0.085595264753396363 0.063531466581096527 -0.065524203510329893 0.086629938330607392 0.071821300358777221 0.030580102294842232 -0.12158076790257494 0.12861950211842163 -0.059344918263587926 0.063189457288583523 -0.090430897784670033 0.02399926269197453 -0.045118972528962326 0.14357282653494058 -0.0077121222133500582 -0.014259791787257057 -0.0075556987968321571 0.065428496496215433 0.015914103673963478
leaf_weight=160.2963195964694 14.689983427524565 4.0435548722743979 3.6024496629834166 145.02033570408821 6.2539016082882872 8.1205760538578016 7.3140094950795165 2.9693264812231055 4.8601335585117331 6.7201875969767553 3.1792247220873824 2.90838399529457 4.2654018253087997 27.76971959322691 7.9874478057026863 3.6057617068290702 6.2711734473705301 3.1354617848992374 3.765791453421115 6.1535336226224882 5.7075810953974724 9.4851842522621155 5.9979097768664378 3.8675159290432921 3.37404914945364 5.0008706301450729 9.0775531604886055 126.43096535652876 6.5182256400585166 242.69063077121973
leaf_count=877 73 23 20 1062 41 52 60 24 22 50 22 21 28 190 51 18 38 22 21 41 36 68 38 27 23 31 60 691 36 1140
internal_value=-0.000406107 -0.00797762 -0.00879412 -0.00954039 -0.00268706 -0.000585855 -0.0205084 -0.0174472 0.00832843 -0.0156064 0.0266196 -0.0196497 -0.00304007 -0.015313 0.011735 -0.0243511 -0.0230743 -0.0287779 0.00525629 -0.0257215 -0.000381246 -0.0394971 -0.0167702 0.0342815 0.0670476 0.0503056 -0.0531817 0.00738089 -0.00397743 0.013248
internal_weight=851.083 455.893 451.85 448.247 275.87 269.616 172.377 165.063 395.19 162.094 14.1648 147.929 10.9856 109.32 27.3801 81.9401 14.3917 78.3343 18.7624 14.9966 11.8611 59.5719 31.8022 13.2395 9.37196 12.9883 18.5627 390.33 132.949 257.381
internal_count=4906 2944 2921 2901 1634 1593 1267 1207 1962 1183 100 1083 78 716 172 544 90 526 120 99 77 406 216 88 61 82 128 1940 727 1213
is_linear=0
shrinkage=0.1


end of trees

feature_importances:
Column_0=80
Column_5=37
Column_8=34
Column_15=34
Column_9=32
Column_10=28
Column_14=18
Column_6=16
Column_12=16
Column_26=16
Column_1=15
Column_7=14
Column_16=11
Column_11=9
Column_13=8
Column_21=8
Column_61=7
Column_67=6
Column_68=6
Column_73=6
Column_151=6
Column_81=5
Column_83=5
Column_22=4
Column_24=4
Column_30=4
Column_47=4
Column_54=4
Column_55=4
Column_69=4
Column_71=4
Column_76=4
Column_102=4
Column_138=4
Column_32=3
Column_34=3
Column_42=3
Column_63=3
Column_65=3
Column_74=3
Column_78=3
Column_80=3
Column_99=3
Column_139=3
Column_156=3
Column_167=3
Column_174=3
Column_236=3
Column_20=2
Column_33=2
Column_36=2
Column_45=2
Column_49=2
Column_50=2
Column_53=2
Column_56=2
Column_57=2
Column_70=2
Column_77=2
Column_79=2
Column_84=2
Column_103=2
Column_113=2
Column_116=2
Column_132=2
Column_134=2
Column_135=2
Column_137=2
Column_153=2
Column_186=2
Column_23=1
Column_31=1
Column_35=1
Column_48=1
Column_51=1
Column_59=1
Column_62=1
Column_64=1
Column_82=1
Column_87=1
Column_88=1
Column_95=1
Column_97=1
Column_104=1
Column_105=1
Column_108=1
Column_126=1
Column_128=1
Column_133=1
Column_140=1
Column_168=1
Column_178=1
Column_206=1

parameters:
[boosting: gbdt]
[objective: binary]
[metric: binary_logloss]
[tree_learner: serial]
[device_type: cpu]
[data_sample_strategy: bagging]
[data: ]
[valid: ]
[num_iterations: 300]
[learning_rate: 0.1]
[num_leaves: 31]
[num_threads: 0]
[seed: 0]
[deterministic: 0]
[force_col_wise: 0]
[force_row_wise: 0]
[histogram_pool_size: -1]
[max_depth: -1]
[min_data_in_leaf: 20]
[min_sum_hessian_in_leaf: 0.001]
[bagging_fraction: 1]
[pos_bagging_fraction: 1]
[neg_bagging_fraction: 1]
[bagging_freq: 0]
[bagging_seed: 7719]
[bagging_by_query: 0]
[feature_fraction: 1]
[feature_fraction_bynode: 1]
[feature_fraction_seed: 2437]
[extra_trees: 0]
[extra_seed: 11797]
[early_stopping_round: 0]
[early_stopping_min_delta: 0]
[first_metric_only: 0]
[max_delta_step: 0]
[lambda_l1: 0]
[lambda_l2: 0]
[linear_lambda: 0]
[min_gain_to_split: 0]
[drop_rate: 0.1]
[max_drop: 50]
[skip_drop: 0.5]
[xgboost_dart_mode: 0]
[uniform_drop: 0]
[drop_seed: 21238]
[top_rate: 0.2]
[other_rate: 0.1]
[min_data_per_group: 100]
[max_cat_threshold: 32]
[cat_l2: 10]
[cat_smooth: 10]
[max_cat_to_onehot: 4]
[top_k: 20]
[monotone_constraints: ]
[monotone_constraints_method: basic]
[monotone_penalty: 0]
[feature_contri: ]
[forcedsplits_filename: ]
[refit_decay_rate: 0.9]
[cegb_tradeoff: 1]
[cegb_penalty_split: 0]
[cegb_penalty_feature_lazy: ]
[cegb_penalty_feature_coupled: ]
[path_smooth: 0]
[interaction_constraints: ]
[verbosity: -1]
[saved_feature_importance_type: 0]
[use_quantized_grad: 0]
[num_grad_quant_bins: 4]
[quant_train_renew_leaf: 0]
[stochastic_rounding: 1]
[linear_tree: 0]
[max_bin: 255]
[max_bin_by_feature: ]
[min_data_in_bin: 3]
[bin_construct_sample_cnt: 200000]
[data_random_seed: 38]
[is_enable_sparse: 1]
[enable_bundle: 1]
[use_missing: 1]
[zero_as_missing: 0]
[feature_pre_filter: 1]
[pre_partition: 0]
[two_round: 0]
[header: 0]
[label_column: ]
[weight_column: ]
[group_column: ]
[ignore_column: ]
[categorical_feature: ]
[forcedbins_filename: ]
[precise_float_parser: 0]
[parser_config_file: ]
[objective_seed: 8855]
[num_class: 1]
[is_unbalance: 0]
[scale_pos_weight: 1]
[sigmoid: 1]
[boost_from_average: 1]
[reg_sqrt: 0]
[alpha: 0.9]
[fair_c: 1]
[poisson_max_delta_step: 0.7]
[tweedie_variance_power: 1.5]
[lambdarank_truncation_level: 30]
[lambdarank_norm: 1]
[label_gain: ]
[lambdarank_position_bias_regularization: 0]
[eval_at: ]
[multi_error_top_k: 1]
[auc_mu_weights: ]
[num_machines: 1]
[local_listen_port: 12400]
[time_out: 120]
[machine_list_filename: ]
[machines: ]
[gpu_platform_id: -1]
[gpu_device_id: -1]
[gpu_device_id_list: ]
[gpu_use_dp: 0]
[num_gpu: 1]

end of parameters

pandas_categorical:null
