tree
version=v4
num_class=1
num_tree_per_iteration=1
label_index=0
max_feature_idx=567
objective=binary sigmoid:1
feature_names=Column_0 Column_1 Column_2 Column_3 Column_4 Column_5 Column_6 Column_7 Column_8 Column_9 Column_10 Column_11 Column_12 Column_13 Column_14 Column_15 Column_16 Column_17 Column_18 Column_19 Column_20 Column_21 Column_22 Column_23 Column_24 Column_25 Column_26 Column_27 Column_28 Column_29 Column_30 Column_31 Column_32 Column_33 Column_34 Column_35 Column_36 Column_37 Column_38 Column_39 Column_40 Column_41 Column_42 Column_43 Column_44 Column_45 Column_46 Column_47 Column_48 Column_49 Column_50 Column_51 Column_52 Column_53 Column_54 Column_55 Column_56 Column_57 Column_58 Column_59 Column_60 Column_61 Column_62 Column_63 Column_64 Column_65 Column_66 Column_67 Column_68 Column_69 Column_70 Column_71 Column_72 Column_73 Column_74 Column_75 Column_76 Column_77 Column_78 Column_79 Column_80 Column_81 Column_82 Column_83 Column_84 Column_85 Column_86 Column_87 Column_88 Column_89 Column_90 Column_91 Column_92 Column_93 Column_94 Column_95 Column_96 Column_97 Column_98 Column_99 Column_100 Column_101 Column_102 Column_103 Column_104 Column_105 Column_106 Column_107 Column_108 Column_109 Column_110 Column_111 Column_112 Column_113 Column_114 Column_115 Column_116 Column_117 Column_118 Column_119 Column_120 Column_121 Column_122 Column_123 Column_124 Column_125 Column_126 Column_127 Column_128 Column_129 Column_130 Column_131 Column_132 Column_133 Column_134 Column_135 Column_136 Column_137 Column_138 Column_139 Column_140 Column_141 Column_142 Column_143 Column_144 Column_145 Column_146 Column_147 Column_148 Column_149 Column_150 Column_151 Column_152 Column_153 Column_154 Column_155 Column_156 Column_157 Column_158 Column_159 Column_160 Column_161 Column_162 Column_163 Column_164 Column_165 Column_166 Column_167 Column_168 Column_169 Column_170 Column_171 Column_172 Column_173 Column_174 Column_175 Column_176 Column_177 Column_178 Column_179 Column_180 Column_181 Column_182 Column_183 Column_184 Column_185 Column_186 Column_187 Column_188 Column_189 Column_190 Column_191 Column_192 Column_193 Column_194 Column_195 Column_196 Column_197 Column_198 Column_199 Column_200 Column_201 Column_202 Column_203 Column_204 Column_205 Column_206 Column_207 Column_208 Column_209 Column_210 Column_211 Column_212 Column_213 Column_214 Column_215 Column_216 Column_217 Column_218 Column_219 Column_220 Column_221 Column_222 Column_223 Column_224 Column_225 Column_226 Column_227 Column_228 Column_229 Column_230 Column_231 Column_232 Column_233 Column_234 Column_235 Column_236 Column_237 Column_238 Column_239 Column_240 Column_241 Column_242 Column_243 Column_244 Column_245 Column_246 Column_247 Column_248 Column_249 Column_250 Column_251 Column_252 Column_253 Column_254 Column_255 Column_256 Column_257 Column_258 Column_259 Column_260 Column_261 Column_262 Column_263 Column_264 Column_265 Column_266 Column_267 Column_268 Column_269 Column_270 Column_271 Column_272 Column_273 Column_274 Column_275 Column_276 Column_277 Column_278 Column_279 Column_280 Column_281 Column_282 Column_283 Column_284 Column_285 Column_286 Column_287 Column_288 Column_289 Column_290 Column_291 Column_292 Column_293 Column_294 Column_295 Column_296 Column_297 Column_298 Column_299 Column_300 Column_301 Column_302 Column_303 Column_304 Column_305 Column_306 Column_307 Column_308 Column_309 Column_310 Column_311 Column_312 Column_313 Column_314 Column_315 Column_316 Column_317 Column_318 Column_319 Column_320 Column_321 Column_322 Column_323 Column_324 Column_325 Column_326 Column_327 Column_328 Column_329 Column_330 Column_331 Column_332 Column_333 Column_334 Column_335 Column_336 Column_337 Column_338 Column_339 Column_340 Column_341 Column_342 Column_343 Column_344 Column_345 Column_346 Column_347 Column_348 Column_349 Column_350 Column_351 Column_352 Column_353 Column_354 Column_355 Column_356 Column_357 Column_358 Column_359 Column_360 Column_361 Column_362 Column_363 Column_364 Column_365 Column_366 Column_367 Column_368 Column_369 Column_370 Column_371 Column_372 Column_373 Column_374 Column_375 Column_376 Column_377 Column_378 Column_379 Column_380 Column_381 Column_382 Column_383 Column_384 Column_385 Column_386 Column_387 Column_388 Column_389 Column_390 Column_391 Column_392 Column_393 Column_394 Column_395 Column_396 Column_397 Column_398 Column_399 Column_400 Column_401 Column_402 Column_403 Column_404 Column_405 Column_406 Column_407 Column_408 Column_409 Column_410 Column_411 Column_412 Column_413 Column_414 Column_415 Column_416 Column_417 Column_418 Column_419 Column_420 Column_421 Column_422 Column_423 Column_424 Column_425 Column_426 Column_427 Column_428 Column_429 Column_430 Column_431 Column_432 Column_433 Column_434 Column_435 Column_436 Column_437 Column_438 Column_439 Column_440 Column_441 Column_442 Column_443 Column_444 Column_445 Column_446 Column_447 Column_448 Column_449 Column_450 Column_451 Column_452 Column_453 Column_454 Column_455 Column_456 Column_457 Column_458 Column_459 Column_460 Column_461 Column_462 Column_463 Column_464 Column_465 Column_466 Column_467 Column_468 Column_469 Column_470 Column_471 Column_472 Column_473 Column_474 Column_475 Column_476 Column_477 Column_478 Column_479 Column_480 Column_481 Column_482 Column_483 Column_484 Column_485 Column_486 Column_487 Column_488 Column_489 Column_490 Column_491 Column_492 Column_493 Column_494 Column_495 Column_496 Column_497 Column_498 Column_499 Column_500 Column_501 Column_502 Column_503 Column_504 Column_505 Column_506 Column_507 Column_508 Column_509 Column_510 Column_511 Column_512 Column_513 Column_514 Column_515 Column_516 Column_517 Column_518 Column_519 Column_520 Column_521 Column_522 Column_523 Column_524 Column_525 Column_526 Column_527 Column_528 Column_529 Column_530 Column_531 Column_532 Column_533 Column_534 Column_535 Column_536 Column_537 Column_538 Column_539 Column_540 Column_541 Column_542 Column_543 Column_544 Column_545 Column_546 Column_547 Column_548 Column_549 Column_550 Column_551 Column_552 Column_553 Column_554 Column_555 Column_556 Column_557 Column_558 Column_559 Column_560 Column_561 Column_562 Column_563 Column_564 Column_565 Column_566 Column_567
feature_infos=[2.0013689994812012:17.993154525756836] [-0.7776256799697876:0.99923950433731079] none none none [0:1] [0:1] [0:1] [0:1] [0:1] [0:1] [0:1] [0:1] [0:1] [0:1] [0:1] [0:1] [0:1] [0:1] [0:1] [0:1] [0:1] [0:1] [0:1] [0:1] [0:1] [0:1] [0:1] [0:1] [0:1] [0:1] [0:1] [0:1] [0:1] [0:1] [0:1] [0:1] [0:1] [0:1] [0:1] [0:1] [0:1] [0:1] [0:1] [0:1] [0:1] [0:1] [0:1] [0:1] [0:1] [0:1] [0:1] [0:1] [0:1] [0:1] [0:1] [0:1] [0:1] [0:1] [0:1] [0:1] [0:1] [0:1] [0:1] [0:1] [0:1] [0:1] [0:1] [0:1] [0:1] [0:1] [0:1] [0:1] [0:1] [0:1] [0:1] [0:1] [0:1] [0:1] [0:1] [0:1] [0:1] [0:1] [0:1] [0:1] [0:1] [0:1] [0:1] [0:1] [0:1] [0:1] [0:1] [0:1] [0:1] [0:1] [0:1] [0:1] [0:1] [0:1] [0:1] [0:1] [0:1] [0:1] [0:1] [0:1] [0:1] [0:1] [0:1] [0:1] none none none none [0:1] [0:1] none [0:1] none [0:1] none none [0:1] none none none none [0:1] [0:1] [0:1] [0:1] [0:1] none [0:1] [0:1] [0:1] [0:1] none [0:1] [0:1] [0:1] [0:1] [0:1] [0:1] [0:1] [0:1] [0:1] [0:1] [0:1] [0:1] [0:1] [0:1] [0:1] [0:1] [0:1] [0:1] [0:1] [0:1] none none none none none none none none none none [0:1] [0:1] none none none none none [0:1] [0:1] [0:1] [0:1] [0:1] [0:1] [0:1] [0:1] [0:1] [0:1] [0:1] [0:1] [0:1] [0:1] [0:1] [0:1] [0:1] [0:1] [0:1] [0:1] [0:1] [0:1] [0:1] [0:1] [0:1] [0:1] [0:1] [0:1] none none [0:1] [0:1] [0:1] none [0:1] [0:1] [0:1] [0:1] [0:1] none [0:1] none none [0:1] none [0:1] [0:1] [0:1] [0:1] [0:1] [0:1] [0:1] [0:1] [0:1] [0:1] [0:1] [0:1] [0:1] [0:1] [0:1] [0:1] [0:1] [0:1] [0:1] [0:1] [0:1] [0:1] [0:1] [0:1] [0:1] none none none none none none none none none none none none none none none none none [0:1] [0:1] [0:1] [0:1] [0:1] [0:1] [0:1] [0:1] [0:1] [0:1] none [0:1] [0:1] [0:1] [0:1] none [0:1] [0:1] none none none [0:1] [0:1] none none none none none [0:1] [0:1] [0:1] [0:1] [0:1] [0:1] [0:1] none none none [0:1] none [0:1] [0:1] [0:1] none [0:1] [0:1] [0:1] [0:1] none none [0:1] [0:1] none none none none [0:1] [0:1] none none none [0:1] none none [0:1] [0:1] none none [0:1] [0:1] none none none none none none none none none none none none none none none none none none none none none none none none none none none none none none none none none none none none none none none none none none none none none none none none none none none none none none none none none none none none none none none none none none none none none none none none none none none none none none none none none none none none none none none none none none none none none none none none none none none none none none none none none none none none none none none none none none none none none none none none none none none none none none none none none none none none none none none none none none none none none none none none none none none none none none none none none none none none none none none none none none none none none none none none none none none none none none none none none none none none none none none none none none none none none none none none none none none none none none none none none none none none none none none none none none none none none none none none none none none none none none none none none none none none none none none none none none none none none
tree_sizes=3403 3461 3458 3438 3455 3459 3475 3473 3469 3489 3479 3482 3499 3498 3503 3480 3485 3497 3493 3502 3493 3507 3449 3491

Tree=0
num_leaves=31
num_cat=0
split_feature=5 12 12 9 6 9 0 0 9 84 16 13 6 10 0 6 10 74 14 0 0 82 129 0 61 1 7 45 1 70
split_gain=615.088 95.8199 43.4813 21.5049 21.3234 21.8956 16.1598 15.6052 13.15 12.1747 11.3174 10.2266 9.2395 8.89776 10.5298 7.30194 7.20588 10.2382 6.92829 6.79087 7.13319 6.69007 9.45405 6.24674 10.1668 11.1363 9.74772 6.22658 5.69723 5.58951
threshold=1.0000000180025095e-35 1.0000000180025095e-35 1.0000000180025095e-35 1.0000000180025095e-35 1.0000000180025095e-35 1.0000000180025095e-35 17.100615501403812 2.7310061454772954 1.0000000180025095e-35 1.0000000180025095e-35 1.0000000180025095e-35 1.0000000180025095e-35 1.0000000180025095e-35 1.0000000180025095e-35 14.205338954925539 1.0000000180025095e-35 1.0000000180025095e-35 1.0000000180025095e-35 1.0000000180025095e-35 2.8350445032119755 12.123203277587892 1.0000000180025095e-35 1.0000000180025095e-35 15.683778285980226 1.0000000180025095e-35 -0.22138565033674237 1.0000000180025095e-35 1.0000000180025095e-35 -0.6200471520423888 1.0000000180025095e-35
decision_type=2 2 2 2 2 2 2 2 2 2 2 2 2 2 2 2 2 2 2 2 2 2 2 2 2 2 2 2 2 2
left_child=1 -1 3 9 5 7 8 -3 11 15 16 19 23 -9 -15 -2 29 -18 -17 -4 -21 22 27 24 25 28 -26 -13 -5 -10
right_child=2 4 6 12 -6 -7 -8 13 10 -11 -12 21 -14 14 -16 18 17 -19 -20 20 -22 -23 -24 -25 26 -27 -28 -29 -30 -31
leaf_value=-1.1843474513689587 -0.97544058628062214 -0.84465167043407441 -0.76158215494368375 -1.0945467418266546 -1.1370820731275193 -1.1265845714923701 -1.0938602169052465 -1.0819796015289107 -0.9416629227899852 -0.85751009666477374 -1.0424402716680894 -0.90081799056678191 -1.0891038508751587 -0.98501050695232073 -1.1112621312174626 -0.9911763618817373 -0.75501539482586644 -0.9744048805802219 -1.0670548204243178 -0.92159004256693855 -0.84625356191736023 -0.85597933163730955 -1.0865372844102257 -0.93646534544976934 -0.8997635540186083 -1.1098751861925789 -1.0575300602534294 -1.0164545320164733 -0.9553635289864475 -1.0561013462277962
leaf_weight=319.6978086233139 87.775019645690918 3.7834060192108145 3.9725763201713553 4.1617466211318961 88.910041451454163 49.940959453582764 6.6209605336189261 45.211701929569244 17.214497387409214 6.9993011355400077 16.836156785488129 12.106899261474618 34.23982447385788 27.429693639278412 8.7018338441848737 28.186374843120575 4.3509169220924395 4.161746621131897 20.997903406620026 38.212400794029236 18.727859795093536 5.2967684268951407 6.2426199316978446 7.1884714365005484 8.8910041451454145 21.943754911422733 6.9993011355400077 7.56681203842163 10.026025950908656 5.6751090288162223
leaf_count=1690 464 20 21 22 470 264 35 239 91 37 89 64 181 145 46 149 23 22 111 202 99 28 33 38 47 116 37 40 53 30
internal_value=-1.08075 -1.14921 -0.983936 -1.0104 -1.09905 -1.07402 -0.941192 -1.04318 -0.933991 -0.986151 -0.976289 -0.911842 -1.04775 -1.05241 -1.01542 -0.992725 -0.940823 -0.862272 -1.02357 -0.887992 -0.896812 -0.958386 -0.979316 -1.02384 -1.03592 -1.06523 -0.969256 -0.945294 -0.996191 -0.970036
internal_weight=928.069 543.675 384.394 237.409 223.978 135.068 146.985 85.1266 140.364 143.959 48.2384 92.1259 93.4501 81.3432 36.1315 136.959 31.4023 8.51266 49.1843 60.9128 56.9403 31.2131 25.9163 59.2103 52.0218 36.1315 15.8903 19.6737 14.1878 22.8896
internal_count=4906 2874 2032 1255 1184 714 777 450 742 761 255 487 494 430 191 724 166 45 260 322 301 165 137 313 275 191 84 104 75 121
is_linear=0
shrinkage=1


Tree=1
num_leaves=31
num_cat=0
split_feature=5 12 12 6 9 9 0 0 60 84 6 10 0 9 6 56 7 139 14 134 39 26 168 16 26 0 21 15 13 52
split_gain=491.496 85.8997 30.1638 17.8574 17.7249 15.7924 11.4358 10.8815 9.41261 8.0741 7.13946 6.85498 7.98979 6.74255 7.3202 6.33674 7.8515 6.23701 6.71029 5.87477 5.80348 5.7615 5.72901 5.50557 5.18651 7.46356 5.12827 4.82747 7.97531 4.80595
threshold=1.0000000180025095e-35 1.0000000180025095e-35 1.0000000180025095e-35 1.0000000180025095e-35 1.0000000180025095e-35 1.0000000180025095e-35 17.100615501403812 2.7310061454772954 1.0000000180025095e-35 1.0000000180025095e-35 1.0000000180025095e-35 1.0000000180025095e-35 14.205338954925539 1.0000000180025095e-35 1.0000000180025095e-35 1.0000000180025095e-35 1.0000000180025095e-35 1.0000000180025095e-35 1.0000000180025095e-35 1.0000000180025095e-35 1.0000000180025095e-35 1.0000000180025095e-35 1.0000000180025095e-35 1.0000000180025095e-35 1.0000000180025095e-35 13.882272243499758 1.0000000180025095e-35 1.0000000180025095e-35 1.0000000180025095e-35 1.0000000180025095e-35
decision_type=2 2 2 2 2 2 2 2 2 2 2 2 2 2 2 2 2 2 2 2 2 2 2 2 2 2 2 2 2 2
left_child=1 -1 5 4 7 9 8 -3 22 15 -7 29 -13 14 21 19 17 -17 -19 27 -16 -10 -4 -15 26 -26 -6 -2 -29 -9
right_child=2 3 6 -5 24 10 -8 11 13 -11 -12 12 -14 23 20 16 -18 18 -20 -21 -22 -23 -24 -25 25 -27 -28 28 -30 -31
leaf_value=-0.098598929328524348 0.088666222836745107 0.19001047224627912 0.14720622681390969 -0.052234852482768268 0.021257742623640732 0.049616043641926871 -0.011876138356768498 -0.021880748079589757 0.18878684846759222 0.18065268113207911 -0.0075470989412257591 0.082125668384414152 -0.027901273534191341 0.097854372462596706 0.10903101693906124 0.099250556436208767 0.020945529632116638 -0.074403698563508633 0.089124496085442373 0.028306655894185209 -0.00041869899454822547 0.11215846607669644 0.26982055289690038 0.011754485474526299 -0.09665027246378638 0.026681445575808416 -0.10665555652446629 0.19751693543270235 0.062657173564310845 0.050088084439008862
leaf_weight=303.16625148057938 27.021188914775848 4.2044419050216666 48.742070868611336 86.422290951013565 16.268459439277652 60.82054378092289 6.578083634376525 32.139516472816467 19.441596299409866 7.7381558418273917 34.098652333021164 28.705622330307961 8.5703631937503797 20.759697839617729 19.240550979971889 43.167393371462822 33.535181194543839 4.7577758729457837 5.3097714483737946 9.0705450475215894 6.4749562293291083 19.809749409556389 4.1338165849447241 11.563539505004881 22.369131729006771 6.2855411469936362 3.8822460025548926 13.442017376422884 6.5083116590976706 13.044862568378447
leaf_count=1690 137 20 240 470 88 313 35 170 95 37 181 145 46 104 94 219 170 24 27 46 32 97 20 60 121 34 21 68 33 69
internal_value=-0.000274473 -0.0639952 0.082908 -0.016717 0.00594138 0.0610248 0.117178 0.033086 0.122832 0.0811648 0.0290808 0.0250848 0.0568287 0.104375 0.122944 0.0757742 0.0588455 0.0827205 0.0118435 0.101985 0.0814725 0.150113 0.156792 0.0670524 -0.0422598 -0.0695969 -0.0033861 0.116213 0.153522 -0.00110314
internal_weight=927.272 525.059 402.214 221.892 135.47 245.47 156.744 86.6648 150.166 150.55 94.9192 82.4604 37.276 97.2901 64.9669 142.812 86.7701 53.2349 10.0675 56.0421 25.7155 39.2513 52.8759 32.3232 48.8054 28.6547 20.1507 46.9715 19.9503 45.1844
internal_count=4906 2874 2032 1184 714 1255 777 450 742 761 494 430 191 482 318 724 440 270 51 284 126 192 260 164 264 155 109 238 101 239
is_linear=0
shrinkage=0.1


Tree=2
num_leaves=31
num_cat=0
split_feature=5 12 12 6 9 9 0 0 9 16 13 10 84 10 0 6 14 19 26 0 42 73 15 9 41 0 26 0 0 11
split_gain=396.573 77.0063 21.9303 14.9208 14.4287 11.7978 8.39716 7.99781 6.66622 6.22537 6.06372 5.83369 5.76737 5.34031 6.1456 4.9547 5.15617 4.726 4.70037 7.01048 5.10503 5.01433 5.28519 4.6299 4.60245 5.23331 4.48092 6.53514 4.61192 4.47537
threshold=1.0000000180025095e-35 1.0000000180025095e-35 1.0000000180025095e-35 1.0000000180025095e-35 1.0000000180025095e-35 1.0000000180025095e-35 17.100615501403812 2.7310061454772954 1.0000000180025095e-35 1.0000000180025095e-35 1.0000000180025095e-35 1.0000000180025095e-35 1.0000000180025095e-35 1.0000000180025095e-35 14.205338954925539 1.0000000180025095e-35 1.0000000180025095e-35 1.0000000180025095e-35 1.0000000180025095e-35 6.5010266304016122 1.0000000180025095e-35 1.0000000180025095e-35 1.0000000180025095e-35 1.0000000180025095e-35 1.0000000180025095e-35 6.7802875041961679 1.0000000180025095e-35 13.882272243499758 3.4195755720138554 1.0000000180025095e-35
decision_type=2 2 2 2 2 2 2 2 2 2 2 2 2 2 2 2 2 2 2 2 2 2 2 2 2 2 2 2 2 2
left_child=1 23 5 4 7 12 8 -3 10 -10 -4 18 15 24 -15 17 29 -2 21 -20 -21 22 -7 -1 25 -9 -6 28 -28 -17
right_child=2 3 6 -5 26 11 -8 13 9 -11 -12 -13 -14 14 -16 16 -18 -19 19 20 -22 -23 -24 -25 -26 -27 27 -29 -30 -31
leaf_value=-0.082835159708037662 0.074249796606546584 0.15912278816171219 0.13641344145338014 -0.048387734183230377 -0.0031188297342709566 0.051047046506466479 -0.0107557820214587 -0.045366148088903005 0.10019450743395397 0.027341181101755409 0.085380643008264284 0.05767581805844766 0.15160424690441648 0.071144813514813915 -0.025490924983811936 0.097511637454250302 0.0040837021607964498 0.17684385827997307 0.035485596259686426 -0.087178437054167737 0.031912276546055364 0.091701211311660966 -0.063816455364951868 -0.10845490560731925 -0.10694705661720599 0.032027097763783437 0.012883305653864134 0.023673732277757834 -0.11251943368173836 0.018190041880646515
leaf_weight=162.63141994178295 90.655146583914757 4.5003685355186454 70.106296449899673 84.089760035276413 20.113527774810791 9.6465185135602969 6.5391036868095389 12.529514595866202 35.162615433335304 17.599947661161423 34.86074486374855 35.938958659768105 8.2665011882781965 29.761249274015427 8.4492963552474958 18.945033088326454 21.930915877223015 4.7239990383386603 13.982265397906302 14.464808493852617 4.791964963078498 10.519359514117243 6.850747972726821 124.56513147056103 3.7602217197418204 28.866665840148926 3.5134324431419435 6.3708845674991599 17.742833837866783 11.388808727264406
leaf_count=957 441 20 322 470 109 50 35 67 166 89 165 183 37 145 46 93 111 23 72 75 25 54 35 733 20 152 20 34 101 56
internal_value=-0.000457904 -0.0598571 0.0718548 -0.0152934 0.00522821 0.0533294 0.100286 0.0292719 0.104889 0.0758929 0.119465 0.0257889 0.0703215 0.0222622 0.0497763 0.0657705 0.0410235 0.0793311 0.00677025 -0.0184099 -0.0575432 0.0377499 0.00334818 -0.0939472 -0.00101968 0.00860224 -0.0390245 -0.0651651 -0.0917917 0.0677304
internal_weight=923.268 506.894 416.374 219.698 135.608 252.105 164.269 87.8673 157.73 52.7626 104.967 96.1946 155.91 83.3669 38.2105 147.644 52.2648 95.3791 60.2557 33.239 19.2568 27.0166 16.4973 287.197 45.1564 41.3962 47.7407 27.6272 21.2563 30.3338
internal_count=4906 2874 2032 1184 714 1255 777 450 742 255 487 494 761 430 191 724 260 464 311 172 100 139 85 1690 239 219 264 155 121 149
is_linear=0
shrinkage=0.1


Tree=3
num_leaves=31
num_cat=0
split_feature=5 12 12 6 9 9 60 0 0 6 102 226 56 7 68 0 39 0 7 52 0 1 58 68 9 168 61 0 0 7
split_gain=322.111 69.0074 16.4808 12.4477 11.7712 9.01439 7.15135 6.08117 5.46875 5.43887 5.14593 5.1388 5.90894 6.26905 5.53483 7.12087 9.20679 6.31329 4.77016 5.7276 10.2273 8.16966 4.69156 4.68169 4.47871 4.40638 5.92854 11.2953 9.90632 4.96518
threshold=1.0000000180025095e-35 1.0000000180025095e-35 1.0000000180025095e-35 1.0000000180025095e-35 1.0000000180025095e-35 1.0000000180025095e-35 1.0000000180025095e-35 2.7310061454772954 17.100615501403812 1.0000000180025095e-35 1.0000000180025095e-35 1.0000000180025095e-35 1.0000000180025095e-35 1.0000000180025095e-35 1.0000000180025095e-35 9.0704994201660174 1.0000000180025095e-35 10.709103107452394 1.0000000180025095e-35 1.0000000180025095e-35 11.23477077484131 -0.22138565033674237 1.0000000180025095e-35 1.0000000180025095e-35 1.0000000180025095e-35 1.0000000180025095e-35 1.0000000180025095e-35 15.683778285980226 6.9705681800842294 1.0000000180025095e-35
decision_type=2 2 2 2 2 2 2 2 2 2 2 2 2 2 2 2 2 2 2 2 2 2 2 2 2 2 2 2 2 2
left_child=1 24 5 4 7 11 -4 -3 -8 25 18 12 -2 14 15 16 -14 -17 19 20 21 22 -9 -21 -1 26 27 28 -7 -28
right_child=2 3 6 -5 -6 9 8 10 -10 -11 -12 -13 13 -15 -16 17 -18 -19 -20 23 -22 -23 -24 -25 -26 -27 29 -29 -30 -31
leaf_value=-0.078423083507006233 0.088461137024290315 0.13661676487790345 0.11457809154281436 -0.04477000968039542 -0.036025947827834214 0.071643464166973175 0.076239977635460518 0.042604812652826257 -0.039150494814944488 -0.0091497907884098596 0.11706135637495847 -0.047827536927170747 0.011405983059944976 0.01520958319518091 0.004045720944348955 0.19176946581722479 0.1611914963002414 0.084486067777354734 -0.012561947056638529 0.16318474006224129 -0.09312867108376599 0.10520810182182694 -0.094460821724374713 0.04298659356093984 -0.10434592061977535 -0.053431919758985404 0.1372857737893716 0.17031387550752855 -0.036429311655562173 0.030244766718167317
leaf_weight=155.0057220607996 61.622699588537216 4.7052139043807975 60.470953911542892 81.913786381483078 46.716366842389107 14.134192839264868 105.33830088376999 5.530934751033783 4.273863047361373 34.357132762670517 5.1087511181831351 4.1917569190263739 18.714175611734394 35.173377111554146 10.879425957798956 8.3100486099720019 5.2562120258808127 16.135980382561684 37.170361399650574 5.3180480897426579 7.0723519772291175 11.046452015638355 4.5528778433799744 8.2947077006101608 116.92070005834103 4.64359326660633 11.01974204182625 4.7975883781909934 21.208317935466766 7.1420219689607611
leaf_count=957 289 20 272 470 264 69 482 28 23 181 26 20 89 171 52 39 25 76 192 27 37 55 23 42 733 23 52 23 110 36
internal_value=-0.000584466 -0.0559901 0.0628128 -0.0139947 0.00460767 0.0468612 0.0869711 0.0259845 0.0717408 0.0228514 0.0197945 0.0614368 0.064371 0.0486569 0.0684973 0.0829799 0.0442509 0.120955 0.0135033 0.0366731 0.0109604 0.0457993 -0.0192808 0.089944 -0.0895692 0.0403184 0.0477854 0.0263356 0.0067912 0.0951924
internal_weight=917.026 489.356 427.669 217.43 135.516 257.586 170.083 88.7997 109.612 97.3026 84.0945 160.284 156.092 94.4692 59.2958 48.4164 23.9704 24.446 78.9857 41.8154 28.2026 21.1303 10.0838 13.6128 271.926 62.9455 58.3019 40.1401 35.3425 18.1618
internal_count=4906 2874 2032 1184 714 1255 777 450 505 494 430 761 741 452 281 229 114 115 404 212 143 106 51 69 1690 313 290 202 179 88
is_linear=0
shrinkage=0.1


Tree=4
num_leaves=31
num_cat=0
split_feature=5 12 9 9 6 10 12 100 26 1 6 140 0 0 13 13 54 0 67 0 56 0 137 61 190 9 0 39 26 84
split_gain=262.732 61.8121 13.7435 10.4659 9.69857 9.05167 8.44163 7.72245 6.89618 6.70491 6.36345 7.05558 6.36565 7.8054 5.54446 5.47498 5.46659 5.23663 6.07855 5.19606 5.04886 4.73952 4.61441 5.4693 4.5564 4.89551 4.50739 4.50308 4.23569 4.19129
threshold=1.0000000180025095e-35 1.0000000180025095e-35 1.0000000180025095e-35 1.0000000180025095e-35 1.0000000180025095e-35 1.0000000180025095e-35 1.0000000180025095e-35 1.0000000180025095e-35 1.0000000180025095e-35 0.63586583733558666 1.0000000180025095e-35 1.0000000180025095e-35 14.680356025695803 13.419575691223146 1.0000000180025095e-35 1.0000000180025095e-35 1.0000000180025095e-35 12.462697029113771 1.0000000180025095e-35 4.6392881870269784 1.0000000180025095e-35 2.7310061454772954 1.0000000180025095e-35 1.0000000180025095e-35 1.0000000180025095e-35 1.0000000180025095e-35 15.51813840866089 1.0000000180025095e-35 1.0000000180025095e-35 1.0000000180025095e-35
decision_type=2 2 2 2 2 2 2 2 2 2 2 2 2 2 2 2 2 2 2 2 2 2 2 2 2 2 2 2 2 2
left_child=1 24 6 4 21 7 29 10 -5 17 11 12 13 22 19 -8 -11 18 -7 -6 -14 -3 23 -4 25 -1 -10 -21 -29 -2
right_child=2 3 5 8 14 9 15 -9 26 16 -12 -13 20 -15 -16 -17 -18 -19 -20 27 -22 -23 -24 -25 -26 -27 -28 28 -30 -31
leaf_value=-0.074949621211365391 0.050149462103216115 0.11926961756147721 -0.0065481342559062005 -0.0062711401499633765 0.087971371849063756 0.13731556009064361 0.10464278286995002 -0.11621170416237586 -0.079185023046767736 0.22126769322169215 -0.01449860189682328 0.15763597999071455 0.045992366691237914 0.17733880689860998 -0.070803710377740275 0.058476342697762029 0.078726662671868938 -0.023817157028810584 0.039984762373064135 -0.052014501010046212 -0.0942833699768095 0.017550794950343347 0.1307533004325577 0.070957010831646891 0.033184806797995507 -0.10301284661925776 0.027638318446797289 -0.033608591513453079 0.10758104335914716 0.12116574976218152
leaf_weight=145.959178134799 155.11663703620434 4.84238177537918 24.835884913802147 29.908745333552361 5.0995244085788753 8.462687596678732 77.024414643645287 4.3606601804494849 39.561539843678474 4.3124837577342969 34.845270022749901 4.6257805079221717 4.1887923628091794 4.0790898948907843 21.078034222126007 38.541820839047432 7.1535909622907639 8.5408169180154783 26.537859544157982 17.168398842215538 6.6223156303167343 84.765169635415077 4.3206913769245139 14.374475076794623 3.1993949711322776 108.27380502223969 4.3880784660577765 4.249603673815729 4.2496036738157272 8.7810541838407499
leaf_count=945 724 20 120 169 30 40 332 22 236 20 178 22 20 20 124 173 34 42 127 101 33 430 20 68 21 724 24 25 25 37
internal_value=-0.00067957 -0.0523395 0.0552411 -0.0128008 0.00313039 0.0315929 0.0685484 0.0139963 -0.0433121 0.064303 0.0197965 0.038751 0.0293377 0.0450674 -0.031294 0.0892461 0.132338 0.0463869 0.0635181 -0.00422659 -0.0399332 0.0230477 0.0326729 0.0218652 -0.0854089 -0.0869013 -0.0685194 -0.0225441 0.0369862 0.0539543
internal_weight=909.468 472.743 436.724 215.311 141.453 157.26 279.464 102.253 73.8584 55.0074 97.8923 63.047 58.4212 47.6101 51.8452 115.566 11.4661 43.5414 35.0005 30.7671 10.8111 89.6076 43.5311 39.2104 257.432 254.233 43.9496 25.6676 8.49921 163.898
internal_count=4906 2874 2032 1184 755 766 1266 503 429 263 481 303 281 228 305 505 54 209 167 181 53 450 208 188 1690 1669 260 151 50 761
is_linear=0
shrinkage=0.1


Tree=5
num_leaves=31
num_cat=0
split_feature=5 12 9 6 9 6 10 100 14 12 40 6 140 0 0 54 132 13 7 0 52 0 0 55 21 0 0 9 15 8
split_gain=214.98 55.3124 10.6872 8.89838 7.62664 7.23719 7.03838 6.5294 5.58469 5.27456 5.21361 5.04706 5.24517 5.09913 5.67702 5.01743 4.79788 5.17871 4.53833 4.8588 5.60979 7.81607 9.41614 10.6523 4.67895 4.44994 4.28665 4.22922 4.05656 3.95219
threshold=1.0000000180025095e-35 1.0000000180025095e-35 1.0000000180025095e-35 1.0000000180025095e-35 1.0000000180025095e-35 1.0000000180025095e-35 1.0000000180025095e-35 1.0000000180025095e-35 1.0000000180025095e-35 1.0000000180025095e-35 1.0000000180025095e-35 1.0000000180025095e-35 1.0000000180025095e-35 14.680356025695803 13.419575691223146 1.0000000180025095e-35 1.0000000180025095e-35 1.0000000180025095e-35 1.0000000180025095e-35 3.3497605323791508 1.0000000180025095e-35 10.843257904052736 8.8720054626464862 1.0000000180025095e-35 1.0000000180025095e-35 13.882272243499758 3.0691307783126835 1.0000000180025095e-35 1.0000000180025095e-35 1.0000000180025095e-35
decision_type=2 2 2 2 2 2 2 2 2 2 2 2 2 2 2 2 2 2 2 2 2 2 2 2 2 2 2 2 2 2
left_child=1 27 5 4 18 9 7 11 26 -2 -8 12 13 14 -4 -15 17 28 19 -3 21 22 23 -21 25 29 -7 -1 -10 -20
right_child=2 3 6 -5 -6 8 10 -9 16 -11 -12 -13 -14 15 -16 -17 -18 -19 24 20 -22 -23 -24 -25 -26 -27 -28 -29 -30 -31
leaf_value=-0.070195293517222965 0.058512298099426485 0.13839411861769751 0.029004318688980724 -0.038550479132344648 -0.029917974762372474 0.13805308346080633 0.044239601214563246 -0.11070827264763555 0.021009746925725457 0.093379366590501417 0.13231418809035264 -0.013140358873211822 0.13381426859044834 0.050869275773357536 0.14856924885652453 -0.090747997350121956 -0.085828625255653379 -0.030405526980765027 -0.033604449961186042 0.091798987349465122 0.078502521932824532 -0.081991053107305589 0.14867353414205717 -0.079981260220512482 0.06672243199808707 -0.091275379916835236 0.049417039771482346 -0.096873010100470683 0.109695552772551 0.043368540045095938
leaf_weight=141.12305438518524 108.00169506669044 4.6701424568891516 44.041008904576302 78.187651962041855 44.76427198946476 6.0177206397056571 48.437370032072067 4.1316269338130942 15.711890637874605 72.519062742590904 7.8039043545722953 34.615010008215904 4.8885094225406638 4.0425690263509733 4.364677593111991 6.5638981014490128 4.6081296950578681 12.126458898186682 15.891787022352219 6.4032741934061095 15.878390103578566 7.6586258411407462 5.4700335413217536 8.2750604599714279 7.7423406392335883 6.8760791122913352 58.482984587550163 102.64664115011692 7.6780208498239508 11.495909467339516
leaf_count=957 487 21 208 470 264 26 227 22 72 308 36 178 22 19 20 34 21 57 80 31 77 41 26 41 39 36 260 733 35 58
internal_value=-0.000746204 -0.0488876 0.0488099 -0.0117003 0.0038359 0.0603907 0.0280267 0.0124476 0.0394642 0.0725191 0.0564606 0.0176126 0.0342715 0.0260255 0.0397853 -0.0367717 0.0101715 0.0226272 0.0205572 0.0414449 0.0310806 0.00400168 0.0366885 -0.00504387 -0.00348766 -0.0193525 0.0576865 -0.0814288 0.0501219 -0.00129525
internal_weight=901.118 457.083 444.035 213.314 135.126 285.146 158.889 102.647 104.625 180.521 56.2413 98.5157 63.9007 59.0122 48.4057 10.6065 40.1245 35.5164 90.3616 48.3555 43.6854 27.807 20.1484 14.6783 42.0061 34.2638 64.5007 243.77 23.3899 27.3877
internal_count=4906 2874 2032 1184 714 1266 766 503 471 795 263 481 303 281 228 53 185 164 450 237 216 139 98 72 213 174 286 1690 107 138
is_linear=0
shrinkage=0.1


Tree=6
num_leaves=31
num_cat=0
split_feature=5 12 12 9 6 26 6 139 7 60 13 190 9 0 16 0 82 139 102 7 53 13 54 0 14 86 11 8 1 0
split_gain=176.35 49.3524 9.65612 7.61842 6.18096 6.13779 5.61817 6.2732 5.18566 4.99123 4.88997 4.28293 4.71407 4.15017 4.57232 7.2783 4.11208 4.4869 5.10723 5.53239 4.37387 4.40582 9.89555 3.99945 3.98948 6.68422 5.92793 5.51391 4.59418 4.0462
threshold=1.0000000180025095e-35 1.0000000180025095e-35 1.0000000180025095e-35 1.0000000180025095e-35 1.0000000180025095e-35 1.0000000180025095e-35 1.0000000180025095e-35 1.0000000180025095e-35 1.0000000180025095e-35 1.0000000180025095e-35 1.0000000180025095e-35 1.0000000180025095e-35 1.0000000180025095e-35 4.6392881870269784 1.0000000180025095e-35 13.600273609161379 1.0000000180025095e-35 1.0000000180025095e-35 1.0000000180025095e-35 1.0000000180025095e-35 1.0000000180025095e-35 1.0000000180025095e-35 1.0000000180025095e-35 15.51813840866089 1.0000000180025095e-35 1.0000000180025095e-35 1.0000000180025095e-35 1.0000000180025095e-35 -0.22746976464986798 10.513347148895265
decision_type=2 2 2 2 2 2 2 2 2 2 2 2 2 2 2 2 2 2 2 2 2 2 2 2 2 2 2 2 2 2
left_child=1 11 6 4 16 -5 8 24 -2 -4 13 12 -1 -6 15 -15 17 18 19 -3 21 -21 -23 -7 25 26 28 -26 -8 -28
right_child=2 3 9 5 10 23 7 -9 -10 -11 -12 -13 -14 14 -16 -17 -18 -19 -20 20 -22 22 -24 -25 27 -27 29 -29 -30 -31
leaf_value=-0.06702721848821791 0.055957034960762202 0.054982728285178598 0.083553162940290762 -0.0024519590462912769 0.080706665899139829 -0.072973889002131503 0.11817112022885808 -0.066670088377802958 0.020944532816738932 0.04880980724200383 -0.06417666751802828 0.039107303224474012 -0.096206716374883303 -0.023150781238193401 -0.068046506031325837 0.13833303501848349 -0.033662186215194075 -0.04618855564021284 0.13633474967228398 -0.01630693611243535 -0.082314940417842652 -0.023572023670036739 0.18874275474703814 0.02809241062204916 -0.038266135135106412 -0.079128562668909191 -0.029897210962838202 0.05096021060018139 0.039650838891119616 0.067326996913191647
leaf_weight=133.01206469535828 105.12403124570847 34.846430063247681 64.338974565267563 29.274348214268684 5.2419193089008358 37.01043613255024 13.548266544938086 9.2377288937568647 70.785778626799583 115.71717436611652 19.774129331111908 3.10306093096733 94.844116687774658 10.672669529914854 10.327710837125778 3.7794683277606973 13.055051878094671 7.5644879639148703 4.6335027813911429 16.171837255358703 5.6956175714731208 4.9095214605331403 3.9706480354070663 4.3787556737661353 20.680873468518257 4.5631826967000952 12.42515514791012 10.413137570023538 16.558828219771389 6.5302564352750769
leaf_count=945 473 169 272 169 30 236 64 45 327 505 124 21 724 65 63 23 65 38 22 82 30 24 20 24 103 22 61 51 78 31
internal_value=-0.000789484 -0.0456317 0.0432895 -0.0107077 0.00275137 -0.0374955 0.0313232 0.0115807 0.0418681 0.0612246 -0.0255644 -0.0775839 -0.0791731 -0.000131975 -0.0172325 0.0190799 0.018272 0.0269876 0.0348697 0.0277023 -0.00321468 0.0147689 0.0713617 -0.0622816 0.020113 0.0366371 0.0474042 -0.00838494 0.0749852 0.00359713
internal_weight=892.189 442.266 449.923 211.307 140.643 70.6635 269.867 93.9574 175.91 180.056 49.7959 230.959 227.856 30.0218 24.7798 14.4521 90.8471 77.792 70.2276 65.5941 30.7476 25.052 8.88017 41.3892 84.7197 53.6257 49.0625 31.094 30.1071 18.9554
internal_count=4906 2874 2032 1184 755 429 1255 455 800 777 305 1690 1669 181 151 88 450 385 347 325 156 126 44 260 410 256 234 154 142 92
is_linear=0
shrinkage=0.1


Tree=7
num_leaves=31
num_cat=0
split_feature=5 12 9 9 226 6 1 0 26 10 6 49 1 33 16 16 13 14 13 9 61 99 0 6 74 12 54 0 0 21
split_gain=144.926 43.9077 8.33839 6.33419 5.82208 5.53982 5.37722 7.5677 5.3267 5.29657 5.04712 4.97967 5.14057 5.0233 4.83974 4.71324 4.9743 4.51523 4.17958 4.00801 3.8487 6.77725 3.82645 3.6905 3.68365 5.17266 3.57009 3.51656 4.21712 3.4839
threshold=1.0000000180025095e-35 1.0000000180025095e-35 1.0000000180025095e-35 1.0000000180025095e-35 1.0000000180025095e-35 1.0000000180025095e-35 0.082515783607959761 10.965092182159426 1.0000000180025095e-35 1.0000000180025095e-35 1.0000000180025095e-35 1.0000000180025095e-35 -0.51950716972351063 1.0000000180025095e-35 1.0000000180025095e-35 1.0000000180025095e-35 1.0000000180025095e-35 1.0000000180025095e-35 1.0000000180025095e-35 1.0000000180025095e-35 1.0000000180025095e-35 1.0000000180025095e-35 2.2026009559631352 1.0000000180025095e-35 1.0000000180025095e-35 1.0000000180025095e-35 1.0000000180025095e-35 13.882272243499758 3.3497605323791508 1.0000000180025095e-35
decision_type=2 2 2 2 2 2 2 2 2 2 2 2 2 2 2 2 2 2 2 2 2 2 2 2 2 2 2 2 2 2
left_child=1 19 4 10 5 6 11 -8 -5 23 -3 12 -2 -13 24 16 20 26 29 22 -7 -22 -1 -4 25 -11 -14 28 -10 -12
right_child=2 3 9 8 -6 15 7 -9 27 14 18 13 17 -15 -16 -17 -18 -19 -20 -21 21 -23 -24 -25 -26 -27 -28 -29 -30 -31
leaf_value=0.049806138956206579 0.067320858029477765 0.01625599939476775 0.020538588812728895 -0.0022099236094627142 -0.045467585886998563 0.090826229248292437 0.14722606480484848 0.066374395780931364 0.0063670030502843301 0.063027099868021103 0.011868789351167114 0.17933687060093301 0.077443618072783035 0.061639296707632935 0.0064086731465789991 0.00044916011467391179 0.01411348588587359 -0.023651790816558705 -0.060200843050927412 -0.090067221410657469 -0.026351977954767077 0.1077060987842427 -0.06520887764743942 -0.018979506832399049 0.025678023501732899 0.17145284165869967 0.0055805618015189497 -0.0019860107149358361 -0.090891949554747165 -0.095913291786497545
leaf_weight=2.9605233371257773 27.355276018381119 91.38366624712944 68.217572256922722 29.23467493057251 6.4383264183998099 27.172208204865456 13.752184480428694 73.182519599795341 5.3903027921915081 17.1202776581049 26.622672021389011 4.6757123619318035 12.883521035313606 16.155609622597694 21.174902454018593 32.205151289701462 28.403044387698174 19.747107401490211 19.012690663337708 89.97299237549305 9.2154485434293729 6.3831962347030631 126.06326352059841 36.156959280371666 13.877901688218115 5.9219208955764762 14.917319044470787 8.6435902565717679 25.780473008751869 3.3796901106834403
leaf_count=22 117 450 317 169 29 117 58 313 35 80 160 20 55 68 97 142 129 85 124 733 41 28 935 186 62 24 64 50 175 21
internal_value=-0.000821868 -0.0425598 0.0384839 -0.00982544 0.0485739 0.0506905 0.0611597 0.0791643 -0.0346231 0.0203194 0.00237021 0.04481 0.0327826 0.0880572 0.0445207 0.0321917 0.0465547 0.012912 -0.0235185 -0.0738669 0.0680981 0.0285066 -0.0625698 0.00684891 0.0663793 0.0908929 0.0388835 -0.0584232 -0.0740731 -0.000272589
internal_weight=883.401 428.445 454.956 209.448 292.487 286.048 182.669 86.9347 69.049 162.47 140.399 95.7345 74.9032 20.8313 58.095 103.379 71.1739 47.5479 49.0151 218.997 42.7709 15.5986 129.024 104.375 36.9201 23.0422 27.8008 39.8144 31.1708 30.0024
internal_count=4906 2874 2032 1184 1266 1237 780 371 429 766 755 409 321 88 263 457 315 204 305 1690 186 69 957 503 166 104 119 260 210 181
is_linear=0
shrinkage=0.1


Tree=8
num_leaves=31
num_cat=0
split_feature=5 12 12 10 0 134 237 97 8 82 13 41 15 50 21 1 53 140 94 0 174 0 0 0 9 0 190 9 9 61
split_gain=119.169 39.0278 7.37341 5.57625 5.97791 5.4103 5.19251 4.79554 4.67674 5.49194 6.291 4.38863 4.65869 4.70191 6.00654 6.14186 5.50648 4.33376 4.17115 4.70982 9.63319 4.43618 6.0602 4.18546 4.08316 4.02235 3.99466 4.53135 3.93903 4.79951
threshold=1.0000000180025095e-35 1.0000000180025095e-35 1.0000000180025095e-35 1.0000000180025095e-35 2.6652977466583256 1.0000000180025095e-35 1.0000000180025095e-35 1.0000000180025095e-35 1.0000000180025095e-35 1.0000000180025095e-35 1.0000000180025095e-35 1.0000000180025095e-35 1.0000000180025095e-35 1.0000000180025095e-35 1.0000000180025095e-35 0.65001142024993908 1.0000000180025095e-35 1.0000000180025095e-35 1.0000000180025095e-35 15.368925571441652 1.0000000180025095e-35 15.132101058959963 10.186173915863039 7.1540040969848642 1.0000000180025095e-35 17.100615501403812 1.0000000180025095e-35 1.0000000180025095e-35 1.0000000180025095e-35 1.0000000180025095e-35
decision_type=2 2 2 2 2 2 2 2 2 2 2 2 2 2 2 2 2 2 2 2 2 2 2 2 2 2 2 2 2 2
left_child=1 26 6 4 -3 8 18 11 17 10 24 12 13 14 15 -6 -15 -5 19 28 -21 22 23 -20 -10 -4 27 -1 -2 -30
right_child=2 3 25 5 7 -7 -8 -9 9 -11 -12 -13 -14 16 -16 -17 -18 -19 21 20 -22 -23 -24 -25 -26 -27 -28 -29 29 -31
leaf_value=-0.059649537681530675 0.030819449776777239 0.063547547034803295 0.052776344632128262 -0.0079658215377372242 0.020764739772415004 -0.060365745150747809 0.12094420701775457 -0.091816380169616463 0.069409779487351483 -0.038274532584209153 0.15664249101634867 -0.090842768590863668 -0.043642887805644154 0.015756833838800506 -0.10128584591955481 -0.078660510535507419 0.16593554976498417 0.10343913333491916 0.010898809899240088 0.038647880881892208 0.18964844750003162 -0.10524742971521073 0.052177366010612763 -0.12552450706302407 -0.048512460260158138 -0.024809554513189919 0.043725136326451093 -0.089942020071617543 -0.013533509529145907 0.041147100420476521
leaf_weight=121.818409755826 132.83796140551567 7.5526376962661734 176.57337825000286 44.401209741830826 32.52460278570652 9.5257087647914869 5.4119946062564841 10.771283075213431 11.755525499582296 5.3761399537324897 6.5523034930229178 8.4425816535949689 36.647575065493584 8.9441222101449949 6.5811366587877265 7.6801956444978705 3.3581975996494284 3.7898994982242575 4.4557711482048088 29.553180873394012 4.9295912086963645 4.6352926790714255 11.237228736281393 4.5405464023351669 3.913970172405242 6.9449331015348426 3.0306475013494483 83.043579995632172 54.884474188089371 22.68743970990181
leaf_count=945 582 41 742 247 192 54 24 65 59 31 32 52 211 53 38 44 19 21 21 133 22 22 51 21 25 35 21 724 272 107
internal_value=-0.000829761 -0.0396083 0.034315 -0.00896254 -0.0226326 0.0106661 0.023961 -0.028295 0.0195939 0.0524196 0.0743613 -0.0217273 -0.0156323 0.00174038 -0.0127247 0.00177185 0.0567515 0.000795412 0.0220153 0.0259779 0.0602346 -0.0170057 0.00320961 -0.0579556 0.0399548 0.0498402 -0.070243 -0.071929 0.0203638 0.00245892
internal_weight=874.402 415.71 458.692 207.817 122.502 85.3148 275.173 114.95 75.789 27.5979 22.2218 104.178 95.7358 59.0883 46.7859 40.2048 12.3023 48.1911 269.761 244.893 34.4828 24.8688 20.2335 8.99632 15.6695 183.518 207.893 204.862 210.41 77.5719
internal_count=4906 2874 2032 1184 715 469 1255 674 415 147 116 609 557 346 274 236 72 268 1231 1116 155 115 93 42 84 777 1690 1669 961 379
is_linear=0
shrinkage=0.1


Tree=9
num_leaves=31
num_cat=0
split_feature=5 12 235 12 6 0 0 10 0 130 69 128 237 16 86 6 139 94 96 0 78 7 134 82 55 9 67 9 78 16
split_gain=98.0912 34.5481 7.00438 6.0309 5.33342 5.19672 5.46081 4.01925 7.44227 4.89262 4.28552 5.09701 3.88029 3.84479 4.94677 3.79962 4.46969 3.8831 4.72389 3.91777 4.46498 4.04387 4.23704 4.19336 3.84146 4.79888 3.77288 3.76127 3.65748 3.9469
threshold=1.0000000180025095e-35 1.0000000180025095e-35 1.0000000180025095e-35 1.0000000180025095e-35 1.0000000180025095e-35 2.7310061454772954 6.7802875041961679 1.0000000180025095e-35 17.100615501403812 1.0000000180025095e-35 1.0000000180025095e-35 1.0000000180025095e-35 1.0000000180025095e-35 1.0000000180025095e-35 1.0000000180025095e-35 1.0000000180025095e-35 1.0000000180025095e-35 1.0000000180025095e-35 1.0000000180025095e-35 16.56947231292725 1.0000000180025095e-35 1.0000000180025095e-35 1.0000000180025095e-35 1.0000000180025095e-35 1.0000000180025095e-35 1.0000000180025095e-35 1.0000000180025095e-35 1.0000000180025095e-35 1.0000000180025095e-35 1.0000000180025095e-35
decision_type=2 2 2 2 2 2 2 2 2 2 2 2 2 2 2 2 2 2 2 2 2 2 2 2 2 2 2 2 2 2
left_child=1 27 3 12 5 -3 -7 8 10 -9 11 -5 15 -8 -15 17 28 18 19 20 21 -2 23 24 25 -23 -19 -1 29 -17
right_child=2 4 -4 7 -6 6 13 9 -10 -11 -12 -13 -14 14 -16 16 -18 26 -20 -21 -22 22 -24 -25 -26 -27 -28 -29 -30 -31
leaf_value=-0.055462318727306316 0.035719156806016235 0.085005799276846775 -0.067735555476314588 0.022623335636594688 -0.029940791158289251 -0.034711966655615843 0.028855674426882645 0.081241052737584182 -0.091763877238568756 0.013426835764463234 0.082213198175157293 0.092871103718638021 0.10526205388033161 -0.025304336674942314 0.09500952428090649 0.033670437902044541 -0.062929611096604651 0.023942421696763878 0.12357289033820354 0.085826857741968438 0.092629815149733175 0.10704625688794574 -0.075439152431782425 -0.067738995625788931 -0.0016218262822675228 -0.008566967300873472 -0.075970112726143763 -0.083631128551690331 -0.063188441413935315 -0.014667539299101274
leaf_weight=118.6436902359128 80.569398239254951 7.4199435263872138 7.1262093335390082 82.455898642539978 73.021228030323982 34.949255585670471 53.87336340546608 49.547395572066307 4.4272712767124167 13.548049107193945 20.166936591267586 11.807930722832678 5.5861576199531546 33.324744403362274 3.8078431338071814 51.070409908890724 8.8770737498998624 8.9688513875007612 5.7101931273937216 12.003407672047613 9.4868805110454542 9.2447798550128919 6.5086929351091376 5.9352780729532233 25.190656200051308 5.8698244392871848 6.532136157155036 78.942006170749664 6.0346524268388739 25.240346983075142
leaf_count=957 352 35 33 346 470 194 285 205 23 56 84 49 24 180 20 242 44 40 25 51 41 39 29 27 114 28 30 733 29 121
internal_value=-0.000838292 -0.0368282 0.0306382 0.0321797 -0.00821555 0.00367875 -0.00111218 0.0462808 0.0354521 0.0666798 0.040374 0.0314229 0.0227754 0.0117912 -0.0129665 0.0210512 0.00448791 0.0296352 0.0342507 0.030956 0.0263439 0.021627 0.000102704 0.0107358 0.0222918 0.0621473 -0.0181608 -0.0667167 0.0117557 0.0176823
internal_weight=865.891 403.982 461.908 454.782 206.396 133.375 125.955 181.953 118.858 63.0954 114.431 94.2638 272.829 91.006 37.1326 267.243 91.2225 176.02 160.519 154.809 142.806 133.319 52.7492 46.2405 40.3053 15.1146 15.501 197.586 82.3454 76.3108
internal_count=4906 2874 2032 1999 1184 714 679 763 502 261 479 395 1236 485 200 1212 436 776 706 681 630 589 237 208 181 67 70 1690 392 363
is_linear=0
shrinkage=0.1


Tree=10
num_leaves=31
num_cat=0
split_feature=5 12 226 9 7 9 26 65 41 54 61 134 53 190 9 0 15 0 10 10 0 16 0 82 130 0 1 11 14 13
split_gain=80.6872 30.5284 5.72135 5.44337 5.15871 4.92282 4.85174 3.95153 4.50276 3.78413 5.79097 5.45329 4.40221 3.66962 4.31201 3.61048 3.39577 3.18133 3.16781 3.14955 4.22769 3.23386 4.41145 2.96661 4.6395 3.82889 3.77723 5.24039 6.12491 5.31987
threshold=1.0000000180025095e-35 1.0000000180025095e-35 1.0000000180025095e-35 1.0000000180025095e-35 1.0000000180025095e-35 1.0000000180025095e-35 1.0000000180025095e-35 1.0000000180025095e-35 1.0000000180025095e-35 1.0000000180025095e-35 1.0000000180025095e-35 1.0000000180025095e-35 1.0000000180025095e-35 1.0000000180025095e-35 1.0000000180025095e-35 2.2026009559631352 1.0000000180025095e-35 15.51813840866089 1.0000000180025095e-35 1.0000000180025095e-35 15.63039016723633 1.0000000180025095e-35 12.203969955444338 1.0000000180025095e-35 1.0000000180025095e-35 10.310746192932131 -0.33774431049823755 1.0000000180025095e-35 1.0000000180025095e-35 1.0000000180025095e-35
decision_type=2 2 2 2 2 2 2 2 2 2 2 2 2 2 2 2 2 2 2 2 2 2 2 2 2 2 2 2 2 2
left_child=1 13 3 4 23 7 -7 8 -3 11 12 -6 16 14 15 -1 -11 -8 -10 -5 21 -21 -23 26 25 -25 27 28 -2 -29
right_child=2 5 -4 19 9 6 17 -9 18 10 -12 -13 -14 -15 -16 -17 -18 -19 -20 20 -22 22 -24 24 -26 -27 -28 29 -30 -31
leaf_value=0.058775699976315411 0.087213978006142445 0.013030778717507911 -0.054071477357815104 0.0038217388320838184 0.053750344601170619 0.0011648833906547397 -0.063961539288243149 -0.066397136653482416 -0.10652663382122858 -0.026003475457798915 0.030317968519992723 -0.032078764186074159 0.027551726743927474 0.04675113250686036 -0.08397565243447476 -0.055618131369778001 -0.1167627055772444 0.026472814844090066 -0.00044690544297145698 0.041481795207351374 0.097914863314020745 0.018546121291580602 -0.089745501702143016 0.0094752478449342536 0.16208056693731782 0.097177148464897681 0.052392193309515528 0.025521905040699441 -0.0097837059566185536 -0.079018000668048871
leaf_weight=2.8304201960563651 15.77037487924099 119.69831730425358 8.4598595201969129 104.07359205186367 44.056705251336098 28.653096556663513 33.34409024566412 7.6939055919647208 5.5905882567167264 10.350453808903696 32.305747866630554 8.8977513313293439 8.0221963822841662 2.9842601716518393 72.847144186496735 109.4234472438693 6.8512165397405616 4.4036595225334159 5.6703779399394989 31.382759511470795 8.5172927081584913 13.913585126399996 5.1556881219148627 9.165554299950605 5.3287187218666068 10.895633295178412 110.09031011164188 11.010190069675446 11.086328327655792 8.7256421744823456
leaf_count=22 66 646 40 494 184 169 236 44 36 45 140 38 34 21 724 923 30 24 29 139 36 62 24 38 22 45 463 46 48 38
internal_value=-0.000826314 -0.0341594 0.0274126 0.0289256 0.0370856 -0.00747099 -0.0298608 0.00325148 0.00734336 0.020039 0.00228327 0.0393288 -0.0336225 -0.0632555 -0.0650291 -0.0527338 -0.0621518 -0.0534115 -0.053111 0.0142838 0.032748 0.0217465 -0.0107323 0.0474297 0.0791391 0.0571079 0.0422913 0.0184246 0.0471738 -0.0206975
internal_weight=857.199 393.139 464.06 455.6 292.557 205.054 66.4008 138.653 130.959 110.484 57.5296 52.9545 25.2239 188.085 185.101 112.254 17.2017 37.7477 11.261 163.043 58.9693 50.452 19.0693 182.073 25.3899 20.0612 156.683 46.5925 26.8567 19.7358
internal_count=4906 2874 2032 1992 1237 1184 429 755 711 471 249 222 109 1690 1669 945 75 260 65 755 261 225 86 766 105 83 661 198 114 84
is_linear=0
shrinkage=0.1


Tree=11
num_leaves=31
num_cat=0
split_feature=5 12 235 6 16 47 8 58 7 6 0 0 15 23 16 55 61 14 12 14 40 9 108 61 9 51 0 83 26 137
split_gain=66.4053 26.8918 4.7513 5.00969 6.58058 6.09328 7.50883 4.49009 4.72243 4.30259 4.22441 4.5796 3.88789 3.71397 7.79165 3.8053 5.60454 6.15462 3.84128 3.65571 3.50473 3.46592 3.51799 4.83054 3.38987 5.11031 9.62756 3.32151 3.31765 6.32063
threshold=1.0000000180025095e-35 1.0000000180025095e-35 1.0000000180025095e-35 1.0000000180025095e-35 1.0000000180025095e-35 1.0000000180025095e-35 1.0000000180025095e-35 1.0000000180025095e-35 1.0000000180025095e-35 1.0000000180025095e-35 2.7310061454772954 6.7802875041961679 1.0000000180025095e-35 1.0000000180025095e-35 1.0000000180025095e-35 1.0000000180025095e-35 1.0000000180025095e-35 1.0000000180025095e-35 1.0000000180025095e-35 1.0000000180025095e-35 1.0000000180025095e-35 1.0000000180025095e-35 1.0000000180025095e-35 1.0000000180025095e-35 1.0000000180025095e-35 1.0000000180025095e-35 14.917180061340334 1.0000000180025095e-35 1.0000000180025095e-35 1.0000000180025095e-35
decision_type=2 2 2 2 2 2 2 2 2 2 2 2 2 2 2 2 2 2 2 2 2 2 2 2 2 2 2 2 2 2
left_child=1 21 3 13 5 28 12 8 -6 10 -3 -12 19 14 -2 18 24 20 -15 -7 27 -1 -23 -24 25 -17 -27 -18 -5 -30
right_child=2 9 -4 4 7 6 -8 -9 -10 -11 11 -13 -14 15 -16 16 17 -19 -20 -21 -22 22 23 -25 -26 26 -28 -29 29 -31
leaf_value=-0.048840006839369371 0.029882116587505454 0.076892957789966188 -0.058276109787588917 0.03265138479118064 0.048512182093473862 0.045508903435114288 0.13879290696719537 -0.041410529761755979 -0.069881178234659377 -0.026637742240074681 -0.031704343404393043 0.011211249658950736 0.081724645924621503 0.031365567311647774 0.17048404239469367 0.00061785839488670059 0.038453165542652823 0.07036857114571525 0.072762414589823368 -0.064388189758988676 -0.044382049841122595 -0.083859585650018054 0.1136953955334567 -0.079612697129649815 -0.020432137180328293 0.12893962198839432 -0.021908728561781582 -0.040040321003339117 0.0056487457332087517 -0.11445632821188337
leaf_weight=109.82893901318312 11.502221986651422 7.4698882251977912 6.8244647532701483 36.23895201086998 14.216687962412836 6.4413008540868759 9.2058868259191531 31.675687655806541 4.4154511988162986 71.173584595322609 34.21927684545517 90.96661301702261 8.6021103709936142 60.118364930152893 5.9959514439105979 42.61429163813591 41.893944054841995 38.364449083805084 35.741332113742828 5.7103127688169479 7.6834707856178275 64.15415171533823 2.2124551832675925 3.1095311120152473 33.627414092421532 9.9858800321817416 7.3414031714200965 6.1871688663959494 36.52514585852623 4.9789334982633582
leaf_count=957 49 35 33 161 64 29 40 147 20 470 194 485 38 260 25 178 179 162 146 27 34 677 23 33 154 41 31 26 165 23
internal_value=-0.000811441 -0.031651 0.02455 0.0257813 0.0113619 0.0253093 0.0636249 -0.0184977 0.0204553 -0.00680261 0.0038395 -0.00051963 0.030282 0.0333494 0.078061 0.0305903 0.0223116 0.03954 0.0468004 -0.00613418 0.0183308 -0.0598979 -0.0773784 0.000749308 0.00498012 0.0192365 0.0650266 0.0283525 0.0105437 -0.00875936
internal_weight=849.025 383.134 465.891 459.066 158.01 107.703 29.9596 50.3078 18.6321 203.829 132.656 125.186 20.7537 301.056 17.4982 283.558 187.698 94.129 95.8597 12.1516 55.7646 179.305 69.4761 5.32199 93.569 59.9416 17.3273 48.0811 77.743 41.5041
internal_count=4906 2874 2032 1999 714 483 134 231 84 1184 714 679 94 1285 74 1211 805 401 406 56 239 1690 733 56 404 250 72 205 349 188
is_linear=0
shrinkage=0.1


Tree=12
num_leaves=31
num_cat=0
split_feature=5 12 10 97 12 134 41 180 9 65 15 21 1 8 82 13 108 61 0 56 237 16 0 26 140 0 0 26 167 16
split_gain=54.6146 23.6089 4.3027 5.03307 4.27568 4.01241 3.97821 3.79744 3.68535 3.64729 3.61698 5.07087 3.94091 3.57911 4.24514 4.2255 3.47243 3.81363 3.45136 3.45068 3.39937 3.30577 5.28621 10.8324 3.27843 3.1685 3.09827 2.95922 2.91419 2.87819
threshold=1.0000000180025095e-35 1.0000000180025095e-35 1.0000000180025095e-35 1.0000000180025095e-35 1.0000000180025095e-35 1.0000000180025095e-35 1.0000000180025095e-35 1.0000000180025095e-35 1.0000000180025095e-35 1.0000000180025095e-35 1.0000000180025095e-35 1.0000000180025095e-35 -0.13499125093221662 1.0000000180025095e-35 1.0000000180025095e-35 1.0000000180025095e-35 1.0000000180025095e-35 1.0000000180025095e-35 2.6652977466583256 1.0000000180025095e-35 1.0000000180025095e-35 1.0000000180025095e-35 9.7262148857116717 1.0000000180025095e-35 1.0000000180025095e-35 2.2026009559631352 5.5947980880737314 1.0000000180025095e-35 1.0000000180025095e-35 1.0000000180025095e-35
decision_type=2 2 2 2 2 2 2 2 2 2 2 2 2 2 2 2 2 2 2 2 2 2 2 2 2 2 2 2 2 2
left_child=1 7 3 6 20 13 9 8 25 10 11 -3 -13 24 15 19 -10 -18 -12 -15 -2 22 -20 -24 27 -1 -7 -4 -6 -21
right_child=4 2 5 -5 28 26 -8 -9 16 -11 18 12 -14 14 -16 -17 17 -19 21 29 -22 -23 23 -25 -26 -27 -28 -29 -30 -31
leaf_value=0.057380842973031601 0.01262196889884918 0.025157469738753532 0.022077287086435929 -0.086368611251383245 0.030772941715479674 -0.12704776714478164 -0.08234988286548045 0.080975212115249884 -0.083920944369850731 -0.080710990070081923 0.067357987938993766 -0.13093808421355546 0.0073582505210357391 0.095437338454929521 -0.034303930559886939 0.13114456080007061 0.093274308585102786 -0.076605975235559634 -0.058002960096475868 -0.047604059483798672 0.090555528131949045 -0.079058835857725468 0.14089892040355573 -0.079459181060586706 0.089030873930016852 -0.049524596113904057 -0.0059449715428144916 -0.03016202728257535 0.086347438115586636 0.063713462742148924
leaf_weight=2.8500444889068595 274.91070860624313 50.353470087051392 20.203283205628395 9.9952015206217748 176.55869221687317 3.4190677329897863 7.5243412628769866 1.9830467104911793 59.357929542660713 6.2896219342946997 3.4963806569576255 3.9840973988175392 4.2677029967308027 6.1744045317173049 5.2038546949625006 6.8930962532758704 2.4149350225925437 2.918425127863884 11.458085879683496 5.4951311647891998 5.7132321894168845 11.934788674116133 5.0844638198614103 3.9747874289751053 3.9633848369121543 101.75494299829006 5.5285201892256737 23.407407961785793 9.9682531803846341 4.0232609137892723
leaf_count=22 1231 298 112 65 736 22 52 14 672 38 18 25 25 31 31 32 23 33 70 30 24 72 28 24 21 926 32 135 41 23
internal_value=-0.000790278 -0.0292709 -0.00617247 -0.0184697 0.0220084 0.0110913 -0.0122071 -0.0566031 -0.0582147 -0.00697344 -0.00206849 0.0132496 -0.0594134 0.0186081 0.0471215 0.0658821 -0.0769762 0.000315484 -0.027041 0.0372154 0.0142086 -0.0372115 -0.0128692 0.0442158 0.00195237 -0.0466119 -0.052221 -0.00596141 0.0337429 -0.000552054
internal_weight=841.105 373.954 202.674 118.363 467.151 84.3114 108.368 171.279 169.296 100.843 94.5538 58.6053 8.2518 75.3638 27.7897 22.5859 64.6913 5.33336 35.9485 15.6928 280.624 32.4521 20.5173 9.05925 47.5741 104.605 8.94759 43.6107 186.527 9.51839
internal_count=4906 2874 1184 715 2032 469 650 1690 1676 598 560 348 50 415 147 116 728 56 212 84 1255 194 122 52 268 948 54 247 777 53
is_linear=0
shrinkage=0.1


Tree=13
num_leaves=31
num_cat=0
split_feature=5 12 9 9 26 7 0 51 45 180 10 140 15 14 55 134 41 65 6 46 10 1 0 67 54 0 128 26 60 9
split_gain=45.0397 20.5769 3.91966 3.89009 4.04013 3.82512 3.50671 4.4649 4.17552 3.16978 3.55598 3.70233 5.77672 3.65646 3.48294 3.13004 3.0697 3.49658 3.05834 4.07547 2.97575 3.48416 3.286 4.20256 3.14029 2.94316 3.30256 2.86418 7.95102 3.3979
threshold=1.0000000180025095e-35 1.0000000180025095e-35 1.0000000180025095e-35 1.0000000180025095e-35 1.0000000180025095e-35 1.0000000180025095e-35 17.041751861572269 1.0000000180025095e-35 1.0000000180025095e-35 1.0000000180025095e-35 1.0000000180025095e-35 1.0000000180025095e-35 1.0000000180025095e-35 1.0000000180025095e-35 1.0000000180025095e-35 1.0000000180025095e-35 1.0000000180025095e-35 1.0000000180025095e-35 1.0000000180025095e-35 1.0000000180025095e-35 1.0000000180025095e-35 0.63586583733558666 13.661875724792482 1.0000000180025095e-35 1.0000000180025095e-35 13.882272243499758 1.0000000180025095e-35 1.0000000180025095e-35 1.0000000180025095e-35 1.0000000180025095e-35
decision_type=2 2 2 2 2 2 2 2 2 2 2 2 2 2 2 2 2 2 2 2 2 2 2 2 2 2 2 2 2 2
left_child=1 9 5 16 -5 -2 7 -7 -9 10 13 14 -13 -1 15 18 17 -3 19 -12 -4 22 23 -22 -23 26 -6 -15 -29 -30
right_child=2 3 20 4 25 6 -8 8 -10 -11 11 12 -14 27 -16 -17 -18 -19 -20 -21 21 24 -24 -25 -26 -27 -28 28 29 -31
leaf_value=-0.087165042971528703 0.035272935976046013 0.012236799938605283 -0.0025630185484752329 0.0021215783494817858 -0.081373182518447981 0.0053180960840588246 -0.057795973821345263 0.032891546596539444 0.13502599371735366 0.068962819694335181 0.1319022817923933 -0.035797040904985512 0.16901295789109078 -0.077546166022738949 -0.063613341066440066 0.065200351519417263 -0.047831775866218049 -0.059402766960753396 -0.072745569073894623 -0.023708087988570721 0.073020354023038789 0.13500532265095583 -0.065081680144268531 0.0023945827521872072 0.032872148169645059 0.0036966755629486859 0.0058438903902376417 -0.085369080994877986 0.068207337970208545 -0.041092840498922679
leaf_weight=47.946823850274086 188.33158521354198 119.32673043757677 106.95158138871193 28.434896528720856 22.029381386935714 82.269089370965958 6.7639994323253623 19.322461813688282 5.0487017631530753 2.0893929451704016 2.0183807015419033 3.9066201075911513 2.1269108206033707 17.216839917004108 40.818045735359192 3.9494925141334525 10.618090048432348 7.2255231440067282 9.8939626514911652 10.130844742059708 11.582320377230642 4.8443847894668561 4.8694356530904761 30.910842075943947 7.9524323791265488 8.325494669377802 5.4072424843907347 11.177628517150879 8.2477591931819898 4.3413993269205102
leaf_count=507 785 646 503 169 174 349 30 81 21 14 18 40 21 179 418 42 65 44 99 104 50 20 23 136 34 50 36 118 78 52
internal_value=-0.000778469 -0.027107 0.0197314 -0.00569516 -0.0260121 0.0265359 0.0120263 0.016455 0.0540496 -0.0534192 -0.0549998 -0.0386184 0.0364016 -0.0684181 -0.0453933 -0.0167812 0.00381335 0.00814653 -0.0314699 0.00214385 0.00744514 0.0252377 0.0127285 0.021645 0.0715359 -0.0483815 -0.0641843 -0.046486 -0.0239859 0.0305149
internal_weight=834.078 365.231 468.847 201.367 64.197 301.736 113.404 106.64 24.3712 163.864 161.775 72.8443 6.03353 88.9305 66.8107 25.9927 137.17 126.552 22.0432 12.1492 167.111 60.1594 47.3626 42.4932 12.7968 35.7621 27.4366 40.9836 23.7668 12.5892
internal_count=4906 2874 2032 1184 429 1266 481 451 102 1690 1676 742 61 934 681 263 755 690 221 122 766 263 209 186 54 260 210 427 248 130
is_linear=0
shrinkage=0.1


Tree=14
num_leaves=31
num_cat=0
split_feature=5 12 179 6 140 231 16 0 13 8 83 0 26 135 10 97 9 108 67 134 84 31 134 94 47 16 41 67 7 1
split_gain=37.1147 17.97 3.77895 3.76823 4.6687 3.91284 3.68904 5.82411 4.29976 5.6842 5.33469 5.11244 4.77615 3.68189 3.51057 4.38085 3.43971 3.42178 3.97447 3.38881 3.3552 3.25842 3.74308 3.28053 3.59887 4.00537 3.21098 3.05368 3.65947 3.03246
threshold=1.0000000180025095e-35 1.0000000180025095e-35 1.0000000180025095e-35 1.0000000180025095e-35 1.0000000180025095e-35 1.0000000180025095e-35 1.0000000180025095e-35 17.100615501403812 1.0000000180025095e-35 1.0000000180025095e-35 1.0000000180025095e-35 15.305954456329347 1.0000000180025095e-35 1.0000000180025095e-35 1.0000000180025095e-35 1.0000000180025095e-35 1.0000000180025095e-35 1.0000000180025095e-35 1.0000000180025095e-35 1.0000000180025095e-35 1.0000000180025095e-35 1.0000000180025095e-35 1.0000000180025095e-35 1.0000000180025095e-35 1.0000000180025095e-35 1.0000000180025095e-35 1.0000000180025095e-35 1.0000000180025095e-35 1.0000000180025095e-35 -0.38535249233245844
decision_type=2 2 2 2 2 2 2 2 2 2 2 2 2 2 2 2 2 2 2 2 2 2 2 2 2 2 2 2 2 2
left_child=1 2 16 5 6 -2 7 8 9 27 11 13 -11 -10 15 26 20 -18 -19 -16 21 22 23 24 -1 -26 -3 28 -5 -8
right_child=3 14 -4 4 -6 -7 29 -9 10 12 -12 -13 -14 -15 19 -17 17 18 -20 -21 -22 -23 -24 -25 25 -27 -28 -29 -30 -31
leaf_value=-0.047942875287338996 0.025632529967546103 -0.0061155932851163809 0.091406703385164711 0.087628640164128177 -0.056577919282679058 -0.066386007217143259 0.024356393638319089 -0.094978639179177038 -0.053153093901280292 0.12932167535311265 0.098932125120726078 0.077350853382505844 0.04091234939537803 0.041743766584852827 0.01718801572942277 -0.081837864717729386 -0.07897086138441857 0.10297856632462697 -0.075033234743947685 -0.048825850226970113 -0.10115721875351116 -0.073436189634192059 0.044028157183629013 0.037682928340509209 0.13240925126704181 -0.042309146227454242 -0.076504630377334348 -0.0049272785736866366 -0.020111882673078302 -0.029746408275661038
leaf_weight=53.426297597587109 302.56509403884411 99.92614807933569 1.8581869602203358 9.871711313724516 11.308189049363135 4.6927299350500098 15.080606892704962 4.1754644215106955 21.000191181898124 10.574472278356552 4.5381180197000495 4.8276700973510733 14.475245997309685 5.0769575983285895 75.408965192735195 9.4143667668104154 52.592137180268764 2.3320333287119857 2.7138223126530647 8.6705059409141523 8.3705311268568021 17.647349521517754 6.9940493926405898 5.9636267200112334 2.444352261722087 2.8325949236750603 6.9302428588271132 23.935308590531349 4.6316518485546103 33.095363855361938
leaf_count=517 1280 598 12 43 53 22 69 21 95 45 20 21 63 23 415 65 672 26 30 54 82 173 68 58 24 28 52 106 20 151
internal_value=-0.000762958 -0.0250429 -0.0503547 0.0177126 0.00540157 0.0242271 0.0100345 0.0207086 0.0255913 0.0411679 -0.00231086 -0.0171776 0.0782334 -0.0346776 -0.00518577 -0.0164423 -0.0520508 -0.0714238 0.00723813 0.0103805 -0.0406192 -0.0349452 -0.0254663 -0.0329825 -0.0401613 0.0386227 -0.0106807 0.017013 0.0532217 -0.0128105
internal_weight=827.374 357.525 157.175 469.849 162.591 307.258 151.283 103.107 98.9313 63.4884 35.4429 30.9048 25.0497 26.0771 200.35 116.271 155.317 57.638 5.04586 84.0795 97.6788 89.3083 71.6609 64.6669 58.7032 5.27695 106.856 38.4387 14.5034 48.176
internal_count=4906 2874 1690 2032 730 1302 677 457 436 277 159 139 108 118 1184 715 1678 728 56 469 950 868 695 627 569 52 650 169 63 220
is_linear=0
shrinkage=0.1


Tree=15
num_leaves=31
num_cat=0
split_feature=5 12 56 61 113 26 11 105 1 11 81 7 0 8 12 8 9 6 179 10 14 140 15 55 0 0 0 0 1 0
split_gain=30.53 15.6433 3.59664 5.91529 5.32773 4.65251 5.97469 4.53134 4.25676 4.44758 4.2045 4.12494 3.92835 3.55394 6.10743 3.50815 3.35792 3.24957 3.10748 3.36795 3.54162 3.13196 4.10248 3.23164 2.88412 2.98922 2.85051 3.60672 3.44079 4.01624
threshold=1.0000000180025095e-35 1.0000000180025095e-35 1.0000000180025095e-35 1.0000000180025095e-35 1.0000000180025095e-35 1.0000000180025095e-35 1.0000000180025095e-35 1.0000000180025095e-35 0.58901816606521618 1.0000000180025095e-35 1.0000000180025095e-35 1.0000000180025095e-35 11.190965175628664 1.0000000180025095e-35 1.0000000180025095e-35 1.0000000180025095e-35 1.0000000180025095e-35 1.0000000180025095e-35 1.0000000180025095e-35 1.0000000180025095e-35 1.0000000180025095e-35 1.0000000180025095e-35 1.0000000180025095e-35 1.0000000180025095e-35 17.433264732360843 16.954140663146976 2.7310061454772954 6.7802875041961679 0.57973989844322216 13.151266574859621
decision_type=2 2 2 2 2 2 2 2 2 2 2 2 2 2 2 2 2 2 2 2 2 2 2 2 2 2 2 2 2 2
left_child=1 18 4 5 7 8 12 -2 10 -10 11 16 15 14 -8 -7 -4 24 19 20 -1 23 -23 -21 25 26 -3 -28 29 -29
right_child=2 17 3 -5 -6 6 13 -9 9 -11 -12 -13 -14 -15 -16 -17 -18 -19 -20 21 -22 22 -24 -25 -26 -27 27 28 -30 -31
leaf_value=-0.082576049673192028 0.027362104003434692 0.063843332112946613 0.031508067709215423 0.02194234711587166 -0.047082499902157737 0.0027135318266906087 -0.060016961296429805 0.1066438533179644 0.10183463889542788 -0.0080986511839172357 0.033084598407933645 -0.081662617202126753 -0.088030006774062142 0.064703956781027847 0.068561675301052186 -0.077839579389832492 -0.05212335414371471 -0.022330831390097922 0.077626649547242563 -0.011284312020729218 -0.040654892805362462 -0.029990785640021663 0.13899703616854484 -0.05787233402752319 -0.065137511803609952 0.08388337878349722 -0.027206610696129504 0.010647461897820031 -0.024160980586457811 0.074167220713568544
leaf_weight=42.753717370331287 166.08546525239944 7.5986899286508551 12.365349993109705 157.78361171483994 9.2505680322647077 16.180152222514153 10.497311651706697 7.5361940562725058 9.2457868754863721 6.1135626584291449 20.094484642148018 9.2244190126657504 15.986397162079809 8.6226720064878482 5.7002220302820197 8.1195520311594027 7.8481280654668799 68.643530085682869 1.9630735218524922 24.74337200820446 38.122629918158054 3.6697001829743376 2.3607969135046005 37.386895321309566 5.6838434040546408 4.946266070008277 33.049908116459846 47.314732886850834 19.703367292881012 12.606204979121683
leaf_count=507 710 35 52 678 40 71 48 32 40 27 87 42 71 38 24 36 36 470 12 264 428 40 21 418 30 26 194 261 105 63
internal_value=-0.000742933 -0.0230847 0.0158974 0.00892885 0.0268635 -0.00686613 -0.0257529 0.0308034 0.0120831 0.0580773 -0.00217907 -0.0262503 -0.0495307 0.0128412 -0.0147677 -0.0242026 -0.000962846 -0.00470839 -0.0473689 -0.0490153 -0.0628157 -0.0326404 0.0361639 -0.0393187 0.00453255 0.00769495 0.00456168 0.000563752 0.0120905 0.0240108
internal_weight=821.201 350.547 470.654 287.782 182.872 129.998 65.1063 173.622 64.8917 15.3593 49.5324 29.4379 40.2861 24.8202 16.1975 24.2997 20.2135 199.547 151 149.037 80.8763 68.1608 6.0305 62.1303 130.903 125.219 120.273 112.674 79.6243 59.9209
internal_count=4906 2874 2032 1250 782 572 288 742 284 67 217 130 178 110 72 107 88 1184 1690 1678 935 743 61 682 714 684 658 623 429 324
is_linear=0
shrinkage=0.1


Tree=16
num_leaves=31
num_cat=0
split_feature=5 12 12 9 26 9 63 84 31 132 21 39 94 67 74 83 13 65 41 0 128 237 30 94 0 0 0 61 0 61
split_gain=25.0908 13.5298 3.29051 3.09923 3.568 2.94387 3.74051 3.34719 3.31806 3.07671 3.06705 3.20783 3.92419 3.72075 2.76023 3.0892 4.63189 2.66371 2.75133 2.64677 2.83987 2.63355 2.61328 2.6905 3.55046 3.47334 3.57486 2.62198 2.59509 2.63084
threshold=1.0000000180025095e-35 1.0000000180025095e-35 1.0000000180025095e-35 1.0000000180025095e-35 1.0000000180025095e-35 1.0000000180025095e-35 1.0000000180025095e-35 1.0000000180025095e-35 1.0000000180025095e-35 1.0000000180025095e-35 1.0000000180025095e-35 1.0000000180025095e-35 1.0000000180025095e-35 1.0000000180025095e-35 1.0000000180025095e-35 1.0000000180025095e-35 1.0000000180025095e-35 1.0000000180025095e-35 1.0000000180025095e-35 13.882272243499758 1.0000000180025095e-35 1.0000000180025095e-35 1.0000000180025095e-35 1.0000000180025095e-35 14.47091054916382 10.186173915863039 7.1540040969848642 1.0000000180025095e-35 12.746064186096193 1.0000000180025095e-35
decision_type=2 2 2 2 2 2 2 2 2 2 2 2 2 2 2 2 2 2 2 2 2 2 2 2 2 2 2 2 2 2
left_child=1 5 21 17 14 7 -7 8 9 10 11 12 -1 -14 15 16 -5 18 -3 20 -6 22 -2 -24 25 26 -25 -27 29 -16
right_child=2 3 -4 4 19 6 -8 -9 -10 -11 -12 -13 13 -15 28 -17 -18 -19 -20 -21 -22 -23 23 24 -26 27 -28 -29 -30 -31
leaf_value=-0.037762528524206869 0.079961144282645849 0.01168975121458545 0.024558884022495772 -0.090346226042165981 -0.077138626836931998 -0.069031901208683216 0.060299782262655144 -0.097965083886865409 -0.068736705133023698 0.032053324743111289 -0.086202132422698682 0.055087537014148064 -0.017611044582584813 0.15030630669509631 0.14520809529856513 0.058424913092650979 0.031840877574354623 -0.055918737960207944 -0.042605241857339417 0.0048718954152014108 0.0040532345120388429 0.073987843604804177 0.0079096025359904065 0.0060464610342477855 -0.10680202463478457 -0.029623931373236774 -0.1219867324153517 0.06986987813059764 -0.016458827446571036 0.01968140625341866
leaf_weight=40.22672151774168 4.7081507742404929 119.00112696737051 187.25112730264664 8.2635202109813708 20.528541088104252 50.410450831055641 2.3400631174445143 7.4515713155269614 16.238165594637394 10.252427771687506 7.6874324008822432 5.3145385310053816 3.1426413133740416 2.274759940803051 3.3033516556024569 3.7431415021419516 4.9674642235040656 6.9969292134046546 10.127306304872034 8.2643604874610883 5.4521109610795966 5.8325656801462165 249.45769666135311 4.5258411914110237 4.5323952138423911 4.5011402666568738 4.2088247984647751 6.4360994845628738 4.5037095695734024 3.3760005682706833
leaf_count=421 20 646 777 51 174 703 30 82 174 96 80 51 31 22 20 22 29 44 65 50 36 24 1100 21 22 20 20 28 27 20
internal_value=-0.000715405 -0.0212562 0.0142666 -0.00428428 -0.0227381 -0.0444393 -0.0632946 -0.0336969 -0.0280718 -0.0184878 -0.0273233 -0.0184411 -0.0270023 0.0528972 0.0036323 -0.0217812 -0.0444721 0.00417525 0.00743149 -0.0444205 -0.0601003 0.0074853 0.0060919 0.00482104 -0.0270108 -0.00862689 -0.0556467 0.0289239 0.042206 0.0817621
internal_weight=815.32 343.866 471.454 198.528 62.4022 145.339 52.7505 92.5883 85.1367 68.8985 58.6461 50.9587 45.6441 5.4174 28.1572 16.9741 13.231 136.125 129.128 34.245 25.9807 284.203 278.37 273.662 24.2043 19.6719 8.73467 10.9372 11.1831 6.67935
internal_count=4906 2874 2032 1184 429 1690 733 957 875 701 605 525 474 53 169 102 80 755 711 260 210 1255 1231 1211 111 89 41 48 67 40
is_linear=0
shrinkage=0.1


Tree=17
num_leaves=31
num_cat=0
split_feature=5 12 9 113 176 167 16 7 13 80 42 36 0 99 15 0 151 6 1 16 14 60 9 47 0 134 11 21 64 139
split_gain=20.6569 11.6612 3.16721 2.96904 2.85924 3.21399 4.55264 3.23391 3.21093 5.23641 4.81737 10.0665 4.32279 3.67078 4.89629 3.05485 2.81367 2.73661 5.10275 4.31451 3.61067 5.23992 6.59087 3.8581 3.30212 3.1754 4.81109 2.80792 2.84272 2.93648
threshold=1.0000000180025095e-35 1.0000000180025095e-35 1.0000000180025095e-35 1.0000000180025095e-35 1.0000000180025095e-35 1.0000000180025095e-35 1.0000000180025095e-35 1.0000000180025095e-35 1.0000000180025095e-35 1.0000000180025095e-35 1.0000000180025095e-35 1.0000000180025095e-35 4.1437373161315927 1.0000000180025095e-35 1.0000000180025095e-35 5.6454484462738046 1.0000000180025095e-35 1.0000000180025095e-35 -0.75526654720306385 1.0000000180025095e-35 1.0000000180025095e-35 1.0000000180025095e-35 1.0000000180025095e-35 1.0000000180025095e-35 17.041751861572269 1.0000000180025095e-35 1.0000000180025095e-35 1.0000000180025095e-35 1.0000000180025095e-35 1.0000000180025095e-35
decision_type=2 2 2 2 2 2 2 2 2 2 2 2 2 2 2 2 2 2 2 2 2 2 2 2 2 2 2 2 2 2
left_child=1 17 4 -3 5 7 -7 -2 9 10 12 -12 -9 14 15 -10 -4 18 -1 24 -19 -22 23 -23 25 27 -27 28 29 -20
right_child=2 3 16 -5 -6 6 -8 8 13 -11 11 -13 -14 -15 -16 -17 -18 20 19 -21 21 22 -24 -25 -26 26 -28 -29 -30 -31
leaf_value=0.12638804227177225 0.023366219076960629 -0.0012960973811400672 0.0042002213670151488 -0.061052856968002694 0.076793842950570401 0.12202675319654883 -0.00030320219084065635 0.073324279045244148 0.051695150912828683 -0.071489185366231278 0.14422285925758402 -0.034104248683140742 -0.0048478825823016145 0.056551736620672581 -0.09491602035664265 -0.034445412107393762 -0.068635711277295411 -0.077504964649531188 -0.040530361382466712 -0.058342886619829983 -0.082730810841404462 0.023906785574636189 -0.087417256606843421 0.17669308324851818 0.10568815855101812 0.1699042072452259 -0.022131864444878038 -0.1100893487983601 0.099650860801848415 0.057210155805705445
leaf_weight=2.0521341711282721 177.28855080902576 188.94358765333891 163.2500124424696 8.6973476409912092 8.3045128583908063 6.803264454007147 5.5031576156616211 8.4731707572936994 5.9118693470954922 6.604469269514083 8.2106792330741865 5.1516850888729087 42.835841983556747 4.8564679622650138 9.8138367831707018 13.559766575694082 5.4818321317434302 36.481885805726051 22.899176150560386 36.339891090989113 10.434289783239365 8.0764628499746305 4.7617795094847688 2.077971249818801 2.2963723316788665 2.1329428926110259 3.3592845052480698 3.8385048583149901 1.8863729462027539 3.5503963455557814
leaf_count=18 735 1130 741 54 34 28 23 35 25 28 34 22 180 21 42 59 25 452 282 442 122 84 68 22 27 25 39 48 21 40
internal_value=-0.000694462 -0.019573 0.0128162 -0.00392574 0.0189256 0.0172966 0.0673235 0.0151189 0.0012488 0.0133278 0.0219896 0.0754712 0.00806147 -0.0239677 -0.0373205 -0.0082919 0.0018339 -0.0416331 -0.0292215 -0.0334066 -0.0573612 -0.0283724 0.00965283 0.0551725 -0.010731 -0.0178286 0.0524466 -0.0298247 -0.0189517 -0.0274104
internal_weight=809.878 337.828 472.049 197.641 303.317 295.013 12.3064 282.706 105.418 71.2758 64.6714 13.3624 51.309 34.1419 29.2855 19.4716 168.732 140.187 78.3551 76.3029 61.8324 25.3505 14.9162 10.1544 39.9631 37.6667 5.49223 32.1745 28.3359 26.4496
internal_count=4906 2874 2032 1184 1266 1232 51 1181 446 299 271 56 215 147 126 84 766 1690 942 924 748 296 174 106 482 455 64 391 343 322
is_linear=0
shrinkage=0.1


Tree=18
num_leaves=31
num_cat=0
split_feature=5 12 6 140 231 23 10 97 8 82 13 0 67 11 16 70 42 87 65 41 49 51 56 63 0 74 8 13 14 0
split_gain=16.9878 10.0826 3.17988 3.61579 3.11066 3.02278 2.79077 3.86148 3.18736 3.1439 4.39939 3.08699 5.12893 4.65755 4.28004 3.0187 2.97945 2.96527 3.46959 3.1567 4.34311 6.95709 4.75879 4.03622 2.80546 4.57549 2.67233 6.87475 4.8668 4.34587
threshold=1.0000000180025095e-35 1.0000000180025095e-35 1.0000000180025095e-35 1.0000000180025095e-35 1.0000000180025095e-35 1.0000000180025095e-35 1.0000000180025095e-35 1.0000000180025095e-35 1.0000000180025095e-35 1.0000000180025095e-35 1.0000000180025095e-35 8.8720054626464862 1.0000000180025095e-35 1.0000000180025095e-35 1.0000000180025095e-35 1.0000000180025095e-35 1.0000000180025095e-35 1.0000000180025095e-35 1.0000000180025095e-35 1.0000000180025095e-35 1.0000000180025095e-35 1.0000000180025095e-35 1.0000000180025095e-35 1.0000000180025095e-35 6.9705681800842294 1.0000000180025095e-35 1.0000000180025095e-35 1.0000000180025095e-35 1.0000000180025095e-35 6.4298424720764169
decision_type=2 2 2 2 2 2 2 2 2 2 2 2 2 2 2 2 2 2 2 2 2 2 2 2 2 2 2 2 2 2
left_child=1 -1 4 5 -2 -4 7 17 11 10 24 13 15 -8 16 -13 -14 18 19 20 23 22 -22 -3 -10 -26 28 -28 -7 -30
right_child=2 6 3 -5 -6 26 8 -9 9 -11 -12 12 14 -15 -16 -17 -18 -19 -20 -21 21 -23 -24 -25 25 -27 27 -29 29 -31
leaf_value=-0.038971111271634329 0.018725994749674561 -0.0083067359909030202 -0.055253814865722374 -0.054710049310319975 -0.063884999719854882 0.015014291815382065 -0.068944534510180316 -0.07730468404129931 -0.032238918433466428 -0.0348721657457704 0.10922138534663238 0.030531941745405883 0.15774717937716642 0.020918792248365216 -0.0058860238644409197 -0.064912456203407271 0.039976986982312182 0.077187263593145955 -0.088527121759147009 -0.081033372587236654 0.034959980234526143 0.12300720092082414 -0.10001041974803343 -0.11049127079479391 0.1078149938829772 -0.019846184497847353 0.048953084828406886 -0.033886953777203549 -0.087482575315743119 -0.0094351912403145
leaf_weight=135.56239385157824 304.32011300325394 66.471326224505901 8.079571917653082 11.158105060458182 4.6273393481969824 59.267423421144485 13.825459904968739 8.8173977583646757 6.281906723976145 5.2756538093090048 8.4261114299297315 5.547020010650157 4.6719135120511037 9.8958075940608978 6.0817693471908578 8.2306783348321915 3.9766055271029472 3.8974759131669989 5.5555388256907454 5.4634941816329947 9.1159597933292407 6.5544619411230078 3.6615269333124152 4.1041560024023047 6.3116730079054815 5.0568407401442528 36.477434977889061 13.810769587755201 10.07647819817066 24.435477524995804
leaf_count=1690 1280 406 38 53 22 262 84 65 34 33 40 33 25 56 35 45 23 25 37 45 56 35 23 23 33 28 158 61 46 112
internal_value=-0.000671474 -0.0179762 0.0115228 0.000236239 0.0174887 0.00426587 -0.00354525 -0.0137469 0.0103254 0.0355302 0.0497736 -0.00480454 0.0173721 -0.0314562 0.0583937 -0.0264857 0.103596 -0.00840066 -0.0117058 -0.00723082 -0.00274598 0.0392484 -0.00371725 -0.014249 0.0213939 0.0510299 0.00760384 0.0262025 -0.00236951 -0.0322227
internal_weight=805.038 332.785 472.253 163.305 308.947 152.147 197.223 113.641 83.5814 31.3522 26.0765 52.2293 28.508 23.7213 14.7303 13.7777 8.64852 104.824 100.926 95.3709 89.9074 19.3319 12.7775 70.5755 17.6504 11.3685 144.068 50.2882 93.7794 34.512
internal_count=4906 2874 2032 730 1302 677 1184 715 469 168 135 301 161 140 83 78 48 650 625 588 543 114 79 429 95 61 639 219 420 158
is_linear=0
shrinkage=0.1


Tree=19
num_leaves=31
num_cat=0
split_feature=5 12 9 63 84 31 88 134 137 81 6 0 7 11 235 56 113 174 61 26 11 11 73 8 14 104 49 54 104 65
split_gain=13.9714 8.55101 2.77478 3.36391 3.27901 3.12209 2.75672 3.3147 2.6919 3.58901 3.28209 7.42512 5.79911 3.39077 2.66763 2.90746 4.82565 4.52537 4.35802 3.69746 4.63886 3.78093 3.55846 5.66118 3.93536 3.39699 3.38846 4.69038 2.97346 3.09463
threshold=1.0000000180025095e-35 1.0000000180025095e-35 1.0000000180025095e-35 1.0000000180025095e-35 1.0000000180025095e-35 1.0000000180025095e-35 1.0000000180025095e-35 1.0000000180025095e-35 1.0000000180025095e-35 1.0000000180025095e-35 1.0000000180025095e-35 10.709103107452394 1.0000000180025095e-35 1.0000000180025095e-35 1.0000000180025095e-35 1.0000000180025095e-35 1.0000000180025095e-35 1.0000000180025095e-35 1.0000000180025095e-35 1.0000000180025095e-35 1.0000000180025095e-35 1.0000000180025095e-35 1.0000000180025095e-35 1.0000000180025095e-35 1.0000000180025095e-35 1.0000000180025095e-35 1.0000000180025095e-35 1.0000000180025095e-35 1.0000000180025095e-35 1.0000000180025095e-35
decision_type=2 2 2 2 2 2 2 2 2 2 2 2 2 2 2 2 2 2 2 2 2 2 2 2 2 2 2 2 2 2
left_child=1 2 4 -4 5 6 7 8 9 -1 11 12 -11 -13 15 16 17 25 19 21 26 22 24 -24 -17 -2 27 -21 29 -20
right_child=14 -3 3 -5 -6 -7 -8 -9 -10 10 -12 13 -14 -15 -16 18 -18 -19 28 20 -22 -23 23 -25 -26 -27 -28 -29 -30 -31
leaf_value=-0.025452709950195124 0.023730836497114237 -0.0033007042366609016 -0.062114680075259832 0.06143723762196545 -0.094071639476133825 -0.061881420347313955 -0.11017360468350819 0.063013778693635863 -0.089179392476458619 0.2728258103026826 -0.017031766880443885 -0.11315275927735179 0.040174963930793464 0.065269861219345124 -0.05295732984536608 0.10082420004450364 -0.055179479197166009 0.098667702664353485 0.016022819591237424 0.054417770475518115 0.0081322326333440123 -0.021537763561964726 -0.03837490451495898 0.065737987914309168 -0.00093166385390292981 -0.059430133425285241 -0.099774282964058186 -0.049095318465375112 -0.050248118162094735 0.089220327133878868
leaf_weight=34.78985021263361 159.02114278078079 196.24023177474737 44.070989243686199 2.3196541145443907 6.4489283934235564 14.449106581509112 2.6554685011506072 6.2337650805711737 4.375293366611003 2.3408358544111234 7.3966301307082167 2.0322500914335251 1.9756608530879018 2.2381523326039314 6.5624395757913581 10.350799441337587 7.9064907878637305 7.8958495259284964 145.56209172308445 5.322634860873225 24.835230991244316 25.518991082906723 13.505746737122536 8.5158455669879913 6.0061014890670767 5.0685260295867911 9.3116580098867399 24.649660706520081 6.4794376641511908 6.0145088881254187
leaf_count=385 674 1184 703 30 82 174 32 61 48 26 83 21 22 23 33 45 34 33 620 23 110 111 59 36 27 22 41 110 28 26
internal_value=-0.00064661 -0.016518 -0.0362684 -0.0559368 -0.0255258 -0.0198937 -0.0104199 -0.00610443 -0.0139173 -0.00743169 0.031793 0.0738499 0.166342 -0.01964 0.0103558 0.0112474 0.0212087 0.0247204 0.0049835 -0.00873096 -0.0256964 0.00829338 0.028129 0.001886 0.0634604 0.0211621 -0.0470829 -0.0307129 0.0160915 0.0189273
internal_weight=800.094 327.567 131.327 46.3906 84.9359 78.487 64.0379 61.3824 55.1487 50.7734 15.9835 8.5869 4.3165 4.2704 472.527 465.965 179.892 171.986 286.073 128.017 64.1192 63.8975 38.3785 22.0216 16.3569 164.09 39.284 29.9723 158.056 151.577
internal_count=4906 2874 1690 733 957 875 701 669 608 560 175 92 48 44 2032 1999 763 729 1236 562 284 278 167 95 72 696 174 133 674 646
is_linear=0
shrinkage=0.1


Tree=20
num_leaves=31
num_cat=0
split_feature=5 12 179 10 14 26 60 9 132 6 53 0 0 0 16 14 62 65 113 156 0 0 72 67 53 7 13 21 58 0
split_gain=11.471 7.35102 2.77693 3.3073 3.52197 3.31007 7.54306 2.73007 2.65786 2.64659 4.29112 3.38344 3.85897 4.77068 4.79908 6.46967 5.70152 2.70758 2.53507 2.42819 3.74687 5.0896 11.124 5.54382 4.80244 4.476 3.03234 2.77234 3.81482 2.61965
threshold=1.0000000180025095e-35 1.0000000180025095e-35 1.0000000180025095e-35 1.0000000180025095e-35 1.0000000180025095e-35 1.0000000180025095e-35 1.0000000180025095e-35 1.0000000180025095e-35 1.0000000180025095e-35 1.0000000180025095e-35 1.0000000180025095e-35 13.419575691223146 10.380561351776125 9.1197810173034686 1.0000000180025095e-35 1.0000000180025095e-35 1.0000000180025095e-35 1.0000000180025095e-35 1.0000000180025095e-35 1.0000000180025095e-35 6.1615331172943124 10.965092182159426 1.0000000180025095e-35 1.0000000180025095e-35 1.0000000180025095e-35 1.0000000180025095e-35 1.0000000180025095e-35 1.0000000180025095e-35 1.0000000180025095e-35 15.727583885192873
decision_type=2 2 2 2 2 2 2 2 2 2 2 2 2 2 2 2 2 2 2 2 2 2 2 2 2 2 2 2 2 2
left_child=1 2 3 4 -1 8 -7 -2 -6 10 11 12 13 14 15 16 -5 -11 -3 20 27 23 25 -22 26 -23 -24 28 -9 -26
right_child=7 18 -4 9 5 6 -8 19 -10 17 -12 -13 -14 -15 -16 -17 -18 -19 -20 -21 21 22 24 -25 29 -27 -28 -29 -30 -31
leaf_value=-0.073270868876725737 0.014986819762466033 -0.00057547091733130815 0.086360708853416096 0.23561028644363008 -0.08358445108510304 -0.072578743527959677 0.053980899083032732 0.066806840954922272 0.042163154759489986 -0.053871291144003991 -0.069214411242233889 0.12699822433410052 -0.070990164389241356 0.16528136549387482 -0.055206554210575465 -0.024216856585665331 0.029723974016375571 0.082847600675732935 -0.056882340929189992 -0.073530980691877398 0.018293527743835622 0.10993391262815731 -0.024778017215788241 -0.056997747060972118 -0.011007312268970317 -0.0016387329795319436 -0.1100901541710472 -0.041311739309256384 0.0061816506228647636 0.047698651569223101
leaf_weight=34.205836944282055 303.18416084349155 187.55850557982922 1.8937746882438649 2.5829517245292788 11.549165692180392 8.2895697429776192 10.903706274926662 18.979407995939255 1.967166148126126 21.533540654927496 7.3567238673567763 2.5249171182513228 5.2282416559755793 2.1750851683318606 7.1643877141177645 5.7320800572633743 2.8064865209162235 1.5529883056879032 8.3519393503665906 4.4763103425502768 14.015438571572302 12.417388588190081 11.132337793707849 32.358214810490608 25.034618459641933 5.0611579716205588 6.6582530885934821 5.5918979793786994 22.905807450413704 10.915297895669935
leaf_count=507 1266 1130 12 29 154 118 130 82 26 284 94 31 71 27 88 69 31 19 54 20 64 55 52 147 116 23 31 25 102 49
internal_value=-0.000624121 -0.0151375 -0.0338292 -0.0356418 -0.0508363 -0.0273755 -0.00068017 0.00930391 -0.0652832 -0.0183081 -0.00119559 0.01654 0.00568344 0.0252753 0.00862171 0.0497393 0.128397 -0.0446745 -0.00297591 -0.000858339 0.00111237 -0.00846072 0.0083269 -0.0342426 -0.0142121 0.0776265 -0.0567067 0.0248233 0.0336527 0.00681729
internal_weight=796.107 323.377 127.467 125.573 66.9154 32.7096 19.1933 472.73 13.5163 58.6574 35.5709 28.2141 25.6892 20.461 18.2859 11.1215 5.38944 23.0865 195.91 169.546 165.07 117.593 71.2191 46.3737 53.7405 17.4785 17.7906 47.4771 41.8852 35.9499
internal_count=4906 2874 1690 1678 935 428 248 2032 180 743 440 346 315 244 217 129 60 303 1184 766 746 537 326 211 248 78 83 209 184 165
is_linear=0
shrinkage=0.1


Tree=21
num_leaves=31
num_cat=0
split_feature=5 12 6 16 35 8 10 81 56 58 7 47 9 26 74 9 190 39 139 84 15 26 21 83 13 17 31 0 0 73
split_gain=9.43673 6.32558 2.5879 3.43839 4.46901 4.20644 3.72836 3.11112 3.04863 2.85938 4.79392 2.60619 2.51568 3.06636 2.53823 2.48137 3.92648 3.43332 3.09081 3.02041 2.8248 4.02344 2.76406 2.43676 3.91458 2.39796 2.30413 2.50415 5.16599 3.84409
threshold=1.0000000180025095e-35 1.0000000180025095e-35 1.0000000180025095e-35 1.0000000180025095e-35 1.0000000180025095e-35 1.0000000180025095e-35 1.0000000180025095e-35 1.0000000180025095e-35 1.0000000180025095e-35 1.0000000180025095e-35 1.0000000180025095e-35 1.0000000180025095e-35 1.0000000180025095e-35 1.0000000180025095e-35 1.0000000180025095e-35 1.0000000180025095e-35 1.0000000180025095e-35 1.0000000180025095e-35 1.0000000180025095e-35 1.0000000180025095e-35 1.0000000180025095e-35 1.0000000180025095e-35 1.0000000180025095e-35 1.0000000180025095e-35 1.0000000180025095e-35 1.0000000180025095e-35 1.0000000180025095e-35 8.4175219535827654 3.9219712018966679 1.0000000180025095e-35
decision_type=2 2 2 2 2 2 2 2 2 2 2 2 2 2 2 2 2 2 2 2 2 2 2 2 2 2 2 2 2 2
left_child=1 15 -2 4 6 8 -4 -8 -6 10 -5 -11 25 14 23 19 17 -17 20 22 -19 -22 26 24 -14 -3 27 28 -1 -30
right_child=2 12 3 9 5 -7 7 -9 -10 11 -12 -13 13 -15 -16 16 -18 18 -20 -21 21 -23 -24 -25 -26 -27 -28 -29 29 -31
leaf_value=-0.028104293803413935 0.01373389710062021 -0.067747068147484643 -0.019316679141142632 0.03346899786948894 -0.031103010975983975 0.10549175820303092 -0.00026039789124124871 0.062434160669137907 0.054615770546609224 -0.026523749312219454 -0.081854954151184545 -0.095675195710740527 -0.08560359766037208 -0.040365028163604766 0.041611336706233203 -0.075423547973097804 0.12677463542726147 -0.066144864339791845 0.13856220243859466 -0.091077006965552196 0.13639221754598738 -0.059528262708721996 -0.067024454017674581 0.049517095586676121 0.027472394145691709 0.0073591512404900077 -0.04924459596217988 -0.019320115381287695 0.10026843128798131 -0.015594245353168779
leaf_weight=10.695478841662409 309.47684647142887 4.3940389379858962 52.462393745779991 15.442740559577944 7.3535124808549925 7.9491209983825675 21.069817423820496 12.677593305706976 9.521364763379097 25.143279224634171 4.7020943313837043 6.9584108889102927 7.7548307850956935 32.737884394824505 11.190222129225733 28.732316926121712 1.206626534461974 7.4235425889491999 1.2147667855024344 5.76180725544691 2.0562270693480968 2.1381098479032516 9.2936617881059629 3.8772889822721472 5.0587404370307922 130.57208497077227 11.603812374174593 30.314980231225491 9.387383967638014 4.1204842627048484
leaf_count=118 1302 25 238 68 33 33 91 54 42 118 21 32 51 260 67 500 9 131 18 82 36 39 118 22 29 730 151 345 99 44
internal_value=-0.000612615 -0.0138874 0.00835977 -0.0018262 0.00812812 0.0455151 -0.00263741 0.0232915 0.0172624 -0.022981 0.00655073 -0.0415131 -0.00268672 -0.0196094 0.00476188 -0.0315615 -0.0510539 -0.0562162 -0.0132111 -0.0212912 -0.0290805 0.0365196 -0.0159596 -0.0199435 -0.0409617 0.00491395 -0.00878224 -0.000170133 0.0238154 0.0649253
internal_weight=792.291 319.534 472.757 163.28 111.034 24.824 86.2098 33.7474 16.8749 52.2465 20.1448 32.1017 195.585 60.619 27.8811 123.949 42.7716 41.565 12.8326 81.1776 11.6179 4.19434 75.4158 16.6909 12.8136 134.966 66.1221 54.5183 24.2033 13.5079
internal_count=4906 2874 2032 730 491 108 383 145 75 239 89 150 1184 429 169 1690 733 724 224 957 206 75 875 102 80 755 757 606 261 143
is_linear=0
shrinkage=0.1


Tree=22
num_leaves=31
num_cat=0
split_feature=5 6 0 39 35 28 8 102 13 140 51 56 0 73 22 12 0 10 96 13 128 0 55 0 0 15 1 0 16 0
split_gain=7.76352 5.44164 7.22829 3.65599 4.35584 3.51196 3.52318 5.37988 14.2162 3.4086 3.38076 4.592 4.05446 3.30773 3.1531 5.10366 3.05764 3.02268 3.35086 3.85284 3.3039 4.97182 3.30629 5.94332 4.54349 8.90691 3.72408 3.425 3.27935 3.26561
threshold=1.0000000180025095e-35 1.0000000180025095e-35 2.2505134344100957 1.0000000180025095e-35 1.0000000180025095e-35 1.0000000180025095e-35 1.0000000180025095e-35 1.0000000180025095e-35 1.0000000180025095e-35 1.0000000180025095e-35 1.0000000180025095e-35 1.0000000180025095e-35 11.296372413635256 1.0000000180025095e-35 1.0000000180025095e-35 1.0000000180025095e-35 11.02532482147217 1.0000000180025095e-35 1.0000000180025095e-35 1.0000000180025095e-35 1.0000000180025095e-35 4.4558520317077646 1.0000000180025095e-35 15.585215568542482 11.690622806549074 1.0000000180025095e-35 -0.081146854907274232 9.3497605323791522 1.0000000180025095e-35 6.3449692726135263
decision_type=2 2 2 2 2 2 2 2 2 2 2 2 2 2 2 2 2 2 2 2 2 2 2 2 2 2 2 2 2 2
left_child=1 2 -1 -3 -5 -4 7 9 -9 14 12 -12 16 -11 -7 -16 -6 18 19 28 21 -19 27 24 25 26 -24 -23 29 -8
right_child=-2 3 5 4 10 6 17 8 -10 13 11 -13 -14 -15 15 -17 -18 20 -20 -21 -22 22 23 -25 -26 -27 -28 -29 -30 -31
leaf_value=0.12091080063231013 0.0075179949536295226 -0.040824863920428021 0.092725227194944859 0.057186613009418255 -0.03212821017992764 -0.036938287985853781 -0.015107102852798896 -0.068898794064785024 0.2298432962510015 -0.029321327454877338 -0.028867896106928401 0.15997843372840248 -0.11198560876902973 0.095798743943218842 -0.071806177686901271 0.10435586978504457 0.10810529402484848 0.15099646577305081 -0.082893741107126717 -0.033190604052528029 -0.070473863066516026 0.12835624742920704 -0.12362450574796542 0.13591381971355904 -0.073764958908249106 0.15471193672034989 0.018035058837745251 0.010614968720994156 -0.017691256918979086 0.091884103755054763
leaf_weight=4.6264265477657309 472.69628819823265 84.433881215751171 3.5677453838288775 9.1231627166271192 10.904543347656732 81.871104154735804 4.0982091315090665 3.453843791037797 2.956400241702795 4.1130351796746236 3.2536164559423915 2.1309200562536716 5.9777682386338702 4.3448682874441147 2.7457927949726573 4.1006794348359108 1.8133911006152619 3.4405400268733493 5.4971566759049884 18.937796883285046 3.1275177262723437 5.227545849978922 2.977074120193719 2.9433817639946929 8.1145060360431653 3.5851982347667217 4.9271859601140084 4.6846121177077293 9.3517075777053833 9.3873672634363157
leaf_count=33 2032 859 26 90 124 684 34 35 23 32 30 20 72 31 41 24 23 27 50 167 28 39 26 22 67 34 37 40 87 69
internal_value=-0.000591805 -0.0127339 -0.00261653 -0.0297698 -0.0016574 -0.00557069 -0.00741756 -0.0198506 0.0688809 -0.0257038 -0.0239513 0.0458677 -0.0440599 0.0349535 -0.0314866 0.0337057 -0.012133 0.00750581 -0.00949907 0.000158884 0.028103 0.0366908 0.024575 0.00341396 -0.0164799 0.0239781 -0.0353198 0.0727102 0.0278139 0.0593699
internal_weight=788.413 315.717 198.08 117.637 33.2034 193.453 189.886 103.586 6.41024 97.1755 24.0802 5.38454 18.6957 8.4579 88.7176 6.84647 12.7179 86.2998 47.2722 41.7751 39.0276 35.9 32.4595 22.5473 19.604 11.4895 7.90426 9.91216 22.8373 13.4856
internal_count=4906 2874 1656 1218 359 1623 1597 870 58 812 269 50 219 63 749 65 147 727 407 357 320 292 265 186 164 97 63 79 190 103
is_linear=0
shrinkage=0.1


Tree=23
num_leaves=31
num_cat=0
split_feature=5 12 12 1 9 195 39 47 132 84 21 84 13 178 167 10 97 44 86 15 0 6 34 0 0 14 0 8 26 16
split_gain=6.41954 5.39653 2.60827 2.94553 2.27378 4.43745 3.01732 3.36137 2.86359 2.78268 2.43974 2.18328 3.92821 2.08616 2.44549 2.08245 3.2337 3.23285 2.99241 2.94903 4.14562 2.78797 4.56474 2.76921 3.72377 3.73969 2.91041 3.13638 2.73921 2.40944
threshold=1.0000000180025095e-35 1.0000000180025095e-35 1.0000000180025095e-35 -0.76789107918739308 1.0000000180025095e-35 1.0000000180025095e-35 1.0000000180025095e-35 1.0000000180025095e-35 1.0000000180025095e-35 1.0000000180025095e-35 1.0000000180025095e-35 1.0000000180025095e-35 1.0000000180025095e-35 1.0000000180025095e-35 1.0000000180025095e-35 1.0000000180025095e-35 1.0000000180025095e-35 1.0000000180025095e-35 1.0000000180025095e-35 1.0000000180025095e-35 15.798768043518068 1.0000000180025095e-35 1.0000000180025095e-35 14.054756641387941 9.0704994201660174 1.0000000180025095e-35 3.2950034141540532 1.0000000180025095e-35 1.0000000180025095e-35 1.0000000180025095e-35
decision_type=2 2 2 2 2 2 2 2 2 2 2 2 2 2 2 2 2 2 2 2 2 2 2 2 2 2 2 2 2 2
left_child=1 4 3 -2 9 6 11 -8 -9 10 -1 -6 -13 14 -4 16 -3 -17 19 23 21 22 -21 24 26 -26 -19 -28 -25 -18
right_child=2 15 13 -5 5 -7 7 8 -10 -11 -12 12 -14 -15 -16 17 29 18 -20 20 -22 -23 -24 28 25 -27 27 -29 -30 -31
leaf_value=-0.0068570078389979684 -0.11084044024999813 -0.0055435610398055918 0.015072169220915985 0.0016819340447051653 -0.081487534820545715 0.15081600095898506 0.14972608933569417 -0.053522275170434432 0.072701012221645336 -0.088714676560518901 -0.063337463480468342 -0.1061607211352663 0.15003131468362985 -0.043925239450944009 0.067061119508636108 0.10187507000045504 -0.11873896972073371 0.047237175511201747 0.068703790477950846 0.0058064209142300125 0.12121639512963539 -0.038452631730559128 0.12696220766446387 -0.11142443710307728 0.00033261171915021287 0.12096541101400296 -0.086636355439294585 0.0071254867084227435 -0.011504599744471308 -0.0086987604583055149
leaf_weight=64.882162366062403 2.3456272482872 102.4105237275362 171.7033606171608 283.96461065858603 24.160296756774191 1.0954000093042839 1.1503606252372236 9.4266582392156106 2.2207775861024865 5.2735134661197653 8.6699720546603185 1.2290085814893237 1.1666111573576927 5.6438431143760672 9.551107704639433 3.7091010883450499 4.6012207344174367 3.9835008829832139 7.0107155516743651 14.874716721475133 3.8114267736673346 8.2973228394985181 3.9317497536540023 5.3636919036507589 7.0368366315960866 4.0482325702905655 8.8931585997343046 5.9575427249073973 5.6165588423609734 3.5059984624385834
leaf_count=757 11 650 713 1244 456 9 16 170 38 82 118 23 21 24 40 20 37 22 38 76 20 57 20 32 41 22 56 34 31 28
internal_value=-0.000585791 -0.0117131 0.00675846 0.000760082 -0.0284362 -0.0477105 -0.0532364 -0.0133495 -0.0294557 -0.0185456 -0.0135147 -0.0724587 0.0185988 0.0159474 0.0178117 -0.001381 -0.0103564 0.0106374 0.00634429 0.000256618 0.0235646 0.00983252 0.0311357 -0.0173615 -0.00159812 0.0443873 -0.0286633 -0.0490226 -0.060314 -0.0711517
internal_weight=785.536 312.327 473.209 286.31 119.275 40.4491 39.3537 12.7978 11.6474 78.8256 73.5521 26.5559 2.39562 186.898 181.254 193.052 110.518 82.5346 78.8255 71.8147 30.9152 27.1038 18.8065 40.8995 29.9193 11.0851 18.8342 14.8507 10.9803 8.10722
internal_count=4906 2874 2032 1255 1690 733 724 224 208 957 875 500 44 777 753 1184 715 469 449 411 173 153 96 238 175 63 112 90 63 65
is_linear=0
shrinkage=0.1


end of trees

feature_importances:
Column_0=110
Column_9=49
Column_12=39
Column_6=34
Column_5=24
Column_13=23
Column_10=22
Column_16=22
Column_26=22
Column_7=18
Column_1=17
Column_14=17
Column_8=14
Column_15=13
Column_61=13
Column_11=10
Column_21=10
Column_84=10
Column_134=10
Column_56=9
Column_140=9
Column_41=8
Column_67=8
Column_39=7
Column_54=7
Column_65=7
Column_82=7
Column_55=6
Column_60=6
Column_139=6
Column_47=5
Column_53=5
Column_74=5
Column_94=5
Column_97=5
Column_190=5
Column_31=4
Column_51=4
Column_58=4
Column_73=4
Column_83=4
Column_113=4
Column_128=4
Column_132=4
Column_237=4
Column_42=3
Column_49=3
Column_52=3
Column_63=3
Column_81=3
Column_86=3
Column_102=3
Column_108=3
Column_137=3
Column_167=3
Column_179=3
Column_226=3
Column_235=3
Column_23=2
Column_35=2
Column_40=2
Column_45=2
Column_68=2
Column_70=2
Column_78=2
Column_96=2
Column_99=2
Column_100=2
Column_104=2
Column_130=2
Column_168=2
Column_174=2
Column_180=2
Column_231=2
Column_17=1
Column_19=1
Column_22=1
Column_28=1
Column_30=1
Column_33=1
Column_34=1
Column_36=1
Column_44=1
Column_46=1
Column_50=1
Column_62=1
Column_64=1
Column_69=1
Column_72=1
Column_80=1
Column_87=1
Column_88=1
Column_105=1
Column_129=1
Column_135=1
Column_151=1
Column_156=1
Column_176=1
Column_178=1
Column_195=1

parameters:
[boosting: gbdt]
[objective: binary]
[metric: binary_logloss]
[tree_learner: serial]
[device_type: cpu]
[data_sample_strategy: bagging]
[data: ]
[valid: ]
[num_iterations: 300]
[learning_rate: 0.1]
[num_leaves: 31]
[num_threads: 0]
[seed: 0]
[deterministic: 0]
[force_col_wise: 0]
[force_row_wise: 0]
[histogram_pool_size: -1]
[max_depth: -1]
[min_data_in_leaf: 20]
[min_sum_hessian_in_leaf: 0.001]
[bagging_fraction: 1]
[pos_bagging_fraction: 1]
[neg_bagging_fraction: 1]
[bagging_freq: 0]
[bagging_seed: 7719]
[bagging_by_query: 0]
[feature_fraction: 1]
[feature_fraction_bynode: 1]
[feature_fraction_seed: 2437]
[extra_trees: 0]
[extra_seed: 11797]
[early_stopping_round: 0]
[early_stopping_min_delta: 0]
[first_metric_only: 0]
[max_delta_step: 0]
[lambda_l1: 0]
[lambda_l2: 0]
[linear_lambda: 0]
[min_gain_to_split: 0]
[drop_rate: 0.1]
[max_drop: 50]
[skip_drop: 0.5]
[xgboost_dart_mode: 0]
[uniform_drop: 0]
[drop_seed: 21238]
[top_rate: 0.2]
[other_rate: 0.1]
[min_data_per_group: 100]
[max_cat_threshold: 32]
[cat_l2: 10]
[cat_smooth: 10]
[max_cat_to_onehot: 4]
[top_k: 20]
[monotone_constraints: ]
[monotone_constraints_method: basic]
[monotone_penalty: 0]
[feature_contri: ]
[forcedsplits_filename: ]
[refit_decay_rate: 0.9]
[cegb_tradeoff: 1]
[cegb_penalty_split: 0]
[cegb_penalty_feature_lazy: ]
[cegb_penalty_feature_coupled: ]
[path_smooth: 0]
[interaction_constraints: ]
[verbosity: -1]
[saved_feature_importance_type: 0]
[use_quantized_grad: 0]
[num_grad_quant_bins: 4]
[quant_train_renew_leaf: 0]
[stochastic_rounding: 1]
[linear_tree: 0]
[max_bin: 255]
[max_bin_by_feature: ]
[min_data_in_bin: 3]
[bin_construct_sample_cnt: 200000]
[data_random_seed: 38]
[is_enable_sparse: 1]
[enable_bundle: 1]
[use_missing: 1]
[zero_as_missing: 0]
[feature_pre_filter: 1]
[pre_partition: 0]
[two_round: 0]
[header: 0]
[label_column: ]
[weight_column: ]
[group_column: ]
[ignore_column: ]
[categorical_feature: ]
[forcedbins_filename: ]
[precise_float_parser: 0]
[parser_config_file: ]
[objective_seed: 8855]
[num_class: 1]
[is_unbalance: 0]
[scale_pos_weight: 1]
[sigmoid: 1]
[boost_from_average: 1]
[reg_sqrt: 0]
[alpha: 0.9]
[fair_c: 1]
[poisson_max_delta_step: 0.7]
[tweedie_variance_power: 1.5]
[lambdarank_truncation_level: 30]
[lambdarank_norm: 1]
[label_gain: ]
[lambdarank_position_bias_regularization: 0]
[eval_at: ]
[multi_error_top_k: 1]
[auc_mu_weights: ]
[num_machines: 1]
[local_listen_port: 12400]
[time_out: 120]
[machine_list_filename: ]
[machines: ]
[gpu_platform_id: -1]
[gpu_device_id: -1]
[gpu_device_id_list: ]
[gpu_use_dp: 0]
[num_gpu: 1]

end of parameters

pandas_categorical:null
