tree
version=v4
num_class=1
num_tree_per_iteration=1
label_index=0
max_feature_idx=567
objective=binary sigmoid:1
feature_names=Column_0 Column_1 Column_2 Column_3 Column_4 Column_5 Column_6 Column_7 Column_8 Column_9 Column_10 Column_11 Column_12 Column_13 Column_14 Column_15 Column_16 Column_17 Column_18 Column_19 Column_20 Column_21 Column_22 Column_23 Column_24 Column_25 Column_26 Column_27 Column_28 Column_29 Column_30 Column_31 Column_32 Column_33 Column_34 Column_35 Column_36 Column_37 Column_38 Column_39 Column_40 Column_41 Column_42 Column_43 Column_44 Column_45 Column_46 Column_47 Column_48 Column_49 Column_50 Column_51 Column_52 Column_53 Column_54 Column_55 Column_56 Column_57 Column_58 Column_59 Column_60 Column_61 Column_62 Column_63 Column_64 Column_65 Column_66 Column_67 Column_68 Column_69 Column_70 Column_71 Column_72 Column_73 Column_74 Column_75 Column_76 Column_77 Column_78 Column_79 Column_80 Column_81 Column_82 Column_83 Column_84 Column_85 Column_86 Column_87 Column_88 Column_89 Column_90 Column_91 Column_92 Column_93 Column_94 Column_95 Column_96 Column_97 Column_98 Column_99 Column_100 Column_101 Column_102 Column_103 Column_104 Column_105 Column_106 Column_107 Column_108 Column_109 Column_110 Column_111 Column_112 Column_113 Column_114 Column_115 Column_116 Column_117 Column_118 Column_119 Column_120 Column_121 Column_122 Column_123 Column_124 Column_125 Column_126 Column_127 Column_128 Column_129 Column_130 Column_131 Column_132 Column_133 Column_134 Column_135 Column_136 Column_137 Column_138 Column_139 Column_140 Column_141 Column_142 Column_143 Column_144 Column_145 Column_146 Column_147 Column_148 Column_149 Column_150 Column_151 Column_152 Column_153 Column_154 Column_155 Column_156 Column_157 Column_158 Column_159 Column_160 Column_161 Column_162 Column_163 Column_164 Column_165 Column_166 Column_167 Column_168 Column_169 Column_170 Column_171 Column_172 Column_173 Column_174 Column_175 Column_176 Column_177 Column_178 Column_179 Column_180 Column_181 Column_182 Column_183 Column_184 Column_185 Column_186 Column_187 Column_188 Column_189 Column_190 Column_191 Column_192 Column_193 Column_194 Column_195 Column_196 Column_197 Column_198 Column_199 Column_200 Column_201 Column_202 Column_203 Column_204 Column_205 Column_206 Column_207 Column_208 Column_209 Column_210 Column_211 Column_212 Column_213 Column_214 Column_215 Column_216 Column_217 Column_218 Column_219 Column_220 Column_221 Column_222 Column_223 Column_224 Column_225 Column_226 Column_227 Column_228 Column_229 Column_230 Column_231 Column_232 Column_233 Column_234 Column_235 Column_236 Column_237 Column_238 Column_239 Column_240 Column_241 Column_242 Column_243 Column_244 Column_245 Column_246 Column_247 Column_248 Column_249 Column_250 Column_251 Column_252 Column_253 Column_254 Column_255 Column_256 Column_257 Column_258 Column_259 Column_260 Column_261 Column_262 Column_263 Column_264 Column_265 Column_266 Column_267 Column_268 Column_269 Column_270 Column_271 Column_272 Column_273 Column_274 Column_275 Column_276 Column_277 Column_278 Column_279 Column_280 Column_281 Column_282 Column_283 Column_284 Column_285 Column_286 Column_287 Column_288 Column_289 Column_290 Column_291 Column_292 Column_293 Column_294 Column_295 Column_296 Column_297 Column_298 Column_299 Column_300 Column_301 Column_302 Column_303 Column_304 Column_305 Column_306 Column_307 Column_308 Column_309 Column_310 Column_311 Column_312 Column_313 Column_314 Column_315 Column_316 Column_317 Column_318 Column_319 Column_320 Column_321 Column_322 Column_323 Column_324 Column_325 Column_326 Column_327 Column_328 Column_329 Column_330 Column_331 Column_332 Column_333 Column_334 Column_335 Column_336 Column_337 Column_338 Column_339 Column_340 Column_341 Column_342 Column_343 Column_344 Column_345 Column_346 Column_347 Column_348 Column_349 Column_350 Column_351 Column_352 Column_353 Column_354 Column_355 Column_356 Column_357 Column_358 Column_359 Column_360 Column_361 Column_362 Column_363 Column_364 Column_365 Column_366 Column_367 Column_368 Column_369 Column_370 Column_371 Column_372 Column_373 Column_374 Column_375 Column_376 Column_377 Column_378 Column_379 Column_380 Column_381 Column_382 Column_383 Column_384 Column_385 Column_386 Column_387 Column_388 Column_389 Column_390 Column_391 Column_392 Column_393 Column_394 Column_395 Column_396 Column_397 Column_398 Column_399 Column_400 Column_401 Column_402 Column_403 Column_404 Column_405 Column_406 Column_407 Column_408 Column_409 Column_410 Column_411 Column_412 Column_413 Column_414 Column_415 Column_416 Column_417 Column_418 Column_419 Column_420 Column_421 Column_422 Column_423 Column_424 Column_425 Column_426 Column_427 Column_428 Column_429 Column_430 Column_431 Column_432 Column_433 Column_434 Column_435 Column_436 Column_437 Column_438 Column_439 Column_440 Column_441 Column_442 Column_443 Column_444 Column_445 Column_446 Column_447 Column_448 Column_449 Column_450 Column_451 Column_452 Column_453 Column_454 Column_455 Column_456 Column_457 Column_458 Column_459 Column_460 Column_461 Column_462 Column_463 Column_464 Column_465 Column_466 Column_467 Column_468 Column_469 Column_470 Column_471 Column_472 Column_473 Column_474 Column_475 Column_476 Column_477 Column_478 Column_479 Column_480 Column_481 Column_482 Column_483 Column_484 Column_485 Column_486 Column_487 Column_488 Column_489 Column_490 Column_491 Column_492 Column_493 Column_494 Column_495 Column_496 Column_497 Column_498 Column_499 Column_500 Column_501 Column_502 Column_503 Column_504 Column_505 Column_506 Column_507 Column_508 Column_509 Column_510 Column_511 Column_512 Column_513 Column_514 Column_515 Column_516 Column_517 Column_518 Column_519 Column_520 Column_521 Column_522 Column_523 Column_524 Column_525 Column_526 Column_527 Column_528 Column_529 Column_530 Column_531 Column_532 Column_533 Column_534 Column_535 Column_536 Column_537 Column_538 Column_539 Column_540 Column_541 Column_542 Column_543 Column_544 Column_545 Column_546 Column_547 Column_548 Column_549 Column_550 Column_551 Column_552 Column_553 Column_554 Column_555 Column_556 Column_557 Column_558 Column_559 Column_560 Column_561 Column_562 Column_563 Column_564 Column_565 Column_566 Column_567
feature_infos=[2.0013689994812012:17.993154525756836] [-0.7776256799697876:0.99923950433731079] none none none [0:1] [0:1] [0:1] [0:1] [0:1] [0:1] [0:1] [0:1] [0:1] [0:1] [0:1] [0:1] [0:1] [0:1] [0:1] [0:1] [0:1] [0:1] [0:1] [0:1] [0:1] [0:1] [0:1] [0:1] [0:1] [0:1] [0:1] [0:1] [0:1] [0:1] [0:1] [0:1] [0:1] [0:1] [0:1] [0:1] [0:1] [0:1] [0:1] [0:1] [0:1] [0:1] [0:1] [0:1] [0:1] [0:1] [0:1] [0:1] [0:1] [0:1] [0:1] [0:1] [0:1] [0:1] [0:1] [0:1] [0:1] [0:1] [0:1] [0:1] [0:1] [0:1] [0:1] [0:1] [0:1] [0:1] [0:1] [0:1] [0:1] [0:1] [0:1] [0:1] [0:1] [0:1] [0:1] [0:1] [0:1] [0:1] [0:1] [0:1] [0:1] [0:1] [0:1] [0:1] [0:1] [0:1] [0:1] [0:1] [0:1] [0:1] [0:1] [0:1] [0:1] [0:1] [0:1] [0:1] [0:1] [0:1] [0:1] [0:1] [0:1] [0:1] [0:1] [0:1] none none none none [0:1] [0:1] none [0:1] none [0:1] none none [0:1] none none none none [0:1] [0:1] [0:1] [0:1] [0:1] none [0:1] [0:1] [0:1] [0:1] none [0:1] [0:1] [0:1] [0:1] [0:1] [0:1] [0:1] [0:1] [0:1] [0:1] [0:1] [0:1] [0:1] [0:1] [0:1] [0:1] [0:1] [0:1] [0:1] [0:1] none none none none none none none none none none [0:1] [0:1] none none none none none [0:1] [0:1] [0:1] [0:1] [0:1] [0:1] [0:1] [0:1] [0:1] [0:1] [0:1] [0:1] [0:1] [0:1] [0:1] [0:1] [0:1] [0:1] [0:1] [0:1] [0:1] [0:1] [0:1] [0:1] [0:1] [0:1] [0:1] [0:1] none none [0:1] [0:1] [0:1] none [0:1] [0:1] [0:1] [0:1] [0:1] none [0:1] none none [0:1] none [0:1] [0:1] [0:1] [0:1] [0:1] [0:1] [0:1] [0:1] [0:1] [0:1] [0:1] [0:1] [0:1] [0:1] [0:1] [0:1] [0:1] [0:1] [0:1] [0:1] [0:1] [0:1] [0:1] [0:1] [0:1] none none none none none none none none none none none none none none none none none [0:1] [0:1] [0:1] [0:1] [0:1] [0:1] [0:1] [0:1] [0:1] [0:1] none [0:1] [0:1] [0:1] [0:1] none [0:1] [0:1] none none none [0:1] [0:1] none none none none none [0:1] [0:1] [0:1] [0:1] [0:1] [0:1] [0:1] none none none [0:1] none [0:1] [0:1] [0:1] none [0:1] [0:1] [0:1] [0:1] none none [0:1] [0:1] none none none none [0:1] [0:1] none none none [0:1] none none [0:1] [0:1] none none [0:1] [0:1] none none none none none none none none none none none none none none none none none none none none none none none none none none none none none none none none none none none none none none none none none none none none none none none none none none none none none none none none none none none none none none none none none none none none none none none none none none none none none none none none none none none none none none none none none none none none none none none none none none none none none none none none none none none none none none none none none none none none none none none none none none none none none none none none none none none none none none none none none none none none none none none none none none none none none none none none none none none none none none none none none none none none none none none none none none none none none none none none none none none none none none none none none none none none none none none none none none none none none none none none none none none none none none none none none none none none none none none none none none none none none none none none none none none none none none none none none none none none none
tree_sizes=3362 3437 3444 3459 3470 3476 3477 3476 3492 3464 3470 3468 3495 3460 3487 3478 3476

Tree=0
num_leaves=31
num_cat=0
split_feature=1 0 1 168 1 127 78 138 83 0 1 0 135 9 1 129 11 78 0 5 6 0 12 11 133 0 0 7 12 1
split_gain=180.501 36.5246 14.3264 9.03928 8.91752 6.63692 5.99625 5.74109 8.32107 6.48851 6.23927 5.97079 7.26981 5.79639 5.4302 5.13687 4.96262 4.5966 9.38115 6.08215 4.54723 21.0541 8.58664 4.17977 4.16748 5.68461 4.166 4.07643 4.92 4.62701
threshold=-0.27127538621425623 12.412046909332277 -0.46444596350193018 1.0000000180025095e-35 0.75739601254463207 1.0000000180025095e-35 1.0000000180025095e-35 1.0000000180025095e-35 1.0000000180025095e-35 2.7748117446899419 -0.48056885600090021 3.9917863607406621 1.0000000180025095e-35 1.0000000180025095e-35 -0.35675716400146479 1.0000000180025095e-35 1.0000000180025095e-35 1.0000000180025095e-35 3.639972567558289 1.0000000180025095e-35 1.0000000180025095e-35 3.1252566576004033 1.0000000180025095e-35 1.0000000180025095e-35 1.0000000180025095e-35 3.0691307783126835 2.8350445032119755 1.0000000180025095e-35 1.0000000180025095e-35 -0.51387938857078541
decision_type=2 2 2 2 2 2 2 2 2 2 2 2 2 2 2 2 2 2 2 2 2 2 2 2 2 2 2 2 2 2
left_child=2 -2 3 7 -3 6 -4 8 10 -10 11 12 13 20 15 -7 -11 18 -9 -19 22 -22 26 -17 25 -15 -1 28 29 -13
right_child=1 4 5 -5 -6 14 -8 17 9 16 -12 27 -14 24 -16 23 -18 19 -20 -21 21 -23 -24 -25 -26 -27 -28 -29 -30 -31
leaf_value=-1.0957450770388133 -1.1202983315902011 -1.156037810246682 -1.063611545748161 -0.92869434308891319 -1.1919914444760047 -1.1681936032321392 -0.96340017424193958 -0.88382487490571549 -1.2048578371356442 -1.0292028256161248 -0.9391611810556989 -1.0432093036588577 -1.0779908927542829 -1.0957450770388133 -1.0178369131060383 -1.0694932171253395 -1.1502424133858777 -1.0874413855851635 -1.0602007688254518 -0.94768971569530214 -0.85814010197946877 -1.0869891148088207 -1.1387288916224134 -1.1327589173746913 -0.90427172116641319 -0.97216661011096317 -0.98225272449790446 -1.1248631449825424 -0.97753958693391318 -1.1729205623139134
leaf_weight=4.6529140323400506 320.12048542499542 194.11957342922688 38.34001162648201 8.1891286969184858 107.01702274382114 11.539226800203322 7.0724293291568747 8.0030121356248838 4.8390305936336544 9.6780611872673017 6.5140796452760688 8.3752452582120913 21.403404548764229 4.652914032340056 7.4446624517440787 27.731367632746696 5.2112637162208548 8.1891286969184858 4.8390305936336526 5.0251471549272546 6.7001962065696743 10.050294309854506 9.3058280646800995 16.750490516424179 6.1418465226888648 18.611656129360199 10.608643993735312 11.539226800203325 6.3279630839824668 4.0945643484592429
leaf_count=25 1720 1043 206 44 575 62 38 43 26 52 35 45 115 25 40 149 28 44 26 27 36 54 50 90 33 100 57 62 34 22
internal_value=-1.11334 -1.14382 -1.04847 -1.03138 -1.16881 -1.07719 -1.048 -1.03619 -1.04378 -1.10426 -1.03453 -1.0396 -1.02693 -1.01147 -1.09808 -1.10874 -1.07157 -0.992891 -0.950285 -1.0343 -1.03563 -0.99545 -1.06302 -1.09332 -0.97754 -0.996882 -1.01685 -1.07808 -1.04936 -1.0858
internal_weight=913.088 621.257 291.831 182.953 301.137 108.878 45.4124 174.763 148.707 19.7284 128.979 122.465 92.1277 70.7243 63.4657 56.0211 14.8893 26.0563 12.842 13.2143 41.3179 16.7505 24.5674 44.4819 29.4064 23.2646 15.2616 30.337 18.7978 12.4698
internal_count=4906 3338 1568 983 1618 585 244 939 799 106 693 658 495 380 341 301 80 140 69 71 222 90 132 239 158 125 82 163 101 67
is_linear=0
shrinkage=1


Tree=1
num_leaves=31
num_cat=0
split_feature=1 0 1 1 167 130 140 0 83 59 0 9 108 81 13 12 1 15 54 0 13 137 10 15 81 0 26 100 81 45
split_gain=143.142 31.1532 10.49 7.97084 6.44043 5.25024 5.06064 4.53362 6.01301 5.68755 11.2231 8.36301 6.48631 4.51437 5.11207 6.27442 8.01304 4.24916 5.97663 4.2029 3.89639 6.05763 8.56729 5.73954 4.23329 3.86563 4.0856 3.80118 5.90547 5.1024
threshold=-0.27127538621425623 12.412046909332277 -0.46444596350193018 0.75739601254463207 1.0000000180025095e-35 1.0000000180025095e-35 1.0000000180025095e-35 2.6105407476425175 1.0000000180025095e-35 1.0000000180025095e-35 3.5961669683456425 1.0000000180025095e-35 1.0000000180025095e-35 1.0000000180025095e-35 1.0000000180025095e-35 1.0000000180025095e-35 -0.31721043586730951 1.0000000180025095e-35 1.0000000180025095e-35 3.6783025264739995 1.0000000180025095e-35 1.0000000180025095e-35 1.0000000180025095e-35 1.0000000180025095e-35 1.0000000180025095e-35 3.5961669683456425 1.0000000180025095e-35 1.0000000180025095e-35 1.0000000180025095e-35 1.0000000180025095e-35
decision_type=2 2 2 2 2 2 2 2 2 2 2 2 2 2 2 2 2 2 2 2 2 2 2 2 2 2 2 2 2 2
left_child=2 27 4 -3 7 6 13 8 -1 20 11 -11 19 14 15 16 -4 -15 -19 -12 21 25 -23 24 -22 26 -9 29 -29 -2
right_child=1 3 5 -5 -6 -7 -8 9 -10 10 12 -13 -14 17 -16 -17 -18 18 -20 -21 23 22 -24 -25 -26 -27 -28 28 -30 -31
leaf_value=0.049503641307627758 -0.020335964082717626 -0.039324583913235116 -0.034594059582193436 -0.073902387226289279 0.1602686046359893 0.010892809638049767 0.16210488779046606 0.14992671573846592 -0.080784374895799399 0.061747196750358772 -0.050771564388376468 0.18272781618151299 -0.079100309971511865 0.05029163918513934 0.0092644269306227846 0.21312607103527773 0.16098565106637588 -0.080554126707092139 0.073556528174625727 0.050238136337861963 0.087736086983549011 0.095586160632882014 0.26600946755093857 0.11424860641007462 -0.012037078537372729 0.12667272891958767 0.033717517826349096 0.0021805351531670233 0.14981728919061513 0.0055818322754570973
leaf_weight=33.021199494600296 166.54453966021538 189.91087052226067 4.0012021362781525 102.72902324795723 7.68055835366249 57.472443610429764 4.0363616645336142 3.8533975780010232 3.967929318547248 14.679577901959419 4.6783588081598273 9.3553570657968521 5.3628391176462165 18.916206851601601 6.2685968130826941 4.597399413585662 4.3967674076557177 7.3145508319139498 3.8362817913293839 34.470978811383247 7.1578022837638864 6.4557913392782194 5.4314790517091751 13.981172233819963 10.477273434400558 15.675636306405066 14.078680098056793 8.9021580219268781 3.8946941345930091 139.65260396897793
leaf_count=172 898 1043 21 575 38 306 21 20 22 76 24 47 28 99 33 24 23 38 20 179 37 33 27 72 54 82 72 48 21 753
internal_value=-0.00011211 -0.0278999 0.0563213 -0.0514629 0.0705636 0.0318653 0.054451 0.0667914 0.0355273 0.0747307 0.0537723 0.108838 0.024039 0.0456425 0.0834355 0.119214 0.0678019 0.0214286 -0.0275346 0.0381674 0.0933615 0.1121 0.173455 0.0663966 0.0284593 0.0903989 0.0586895 -0.00628357 0.0471135 -0.00851519
internal_weight=912.802 611.634 301.168 292.64 190.328 110.84 53.3674 182.647 36.9891 145.658 68.5471 24.0349 44.5122 49.331 19.264 12.9954 8.39797 30.067 11.1508 39.1493 77.1112 45.495 11.8873 31.6162 17.6351 33.6077 17.9321 318.994 12.7969 306.197
internal_count=4906 3338 1568 1618 983 585 279 945 194 751 354 123 231 258 101 68 44 157 58 203 397 234 60 163 91 174 92 1720 69 1651
is_linear=0
shrinkage=0.1


Tree=2
num_leaves=31
num_cat=0
split_feature=1 0 1 1 167 130 78 21 153 74 14 6 83 11 8 16 86 0 15 138 83 0 0 1 5 22 7 1 1 67
split_gain=114.187 26.5047 7.88791 7.11976 4.59993 4.01707 5.03357 3.96502 3.80857 4.03493 5.67276 8.11465 5.52737 4.5153 6.93767 4.25902 4.2489 3.98133 5.38019 3.7286 4.68193 4.87916 4.63581 4.32217 3.68791 6.25567 4.70722 3.65817 3.95256 4.52471
threshold=-0.27127538621425623 12.412046909332277 -0.46444596350193018 0.75739601254463207 1.0000000180025095e-35 1.0000000180025095e-35 1.0000000180025095e-35 1.0000000180025095e-35 1.0000000180025095e-35 1.0000000180025095e-35 1.0000000180025095e-35 1.0000000180025095e-35 1.0000000180025095e-35 1.0000000180025095e-35 1.0000000180025095e-35 1.0000000180025095e-35 1.0000000180025095e-35 13.474332809448244 1.0000000180025095e-35 1.0000000180025095e-35 1.0000000180025095e-35 2.7748117446899419 3.5414099693298344 -0.48056885600090021 1.0000000180025095e-35 1.0000000180025095e-35 1.0000000180025095e-35 -0.41120998561382288 -0.37987679243087763 1.0000000180025095e-35
decision_type=2 2 2 2 2 2 2 2 2 2 2 2 2 2 2 2 2 2 2 2 2 2 2 2 2 2 2 2 2 2
left_child=2 -2 4 8 19 6 -4 -8 9 13 12 17 -11 -3 -15 -13 -16 -12 -19 20 23 -22 -23 -1 25 -21 -26 -7 -29 -30
right_child=1 3 5 -5 -6 27 7 -9 -10 10 11 15 -14 14 16 -17 -18 18 -20 24 21 22 -24 -25 26 -27 -28 28 29 -31
leaf_value=0.054578063249725299 -0.0056862713984859575 -0.069456842610977884 0.033673116405346745 -0.06940943036229652 0.13468901062380498 0.036625135093197654 0.04976635077281269 0.17913741945495887 0.049976805744901119 -0.055009282822106313 -0.023452770651676325 -0.083531514976148802 0.04597155612326962 0.0014795061094835882 -0.1130060442430267 0.040399034910564909 -0.0075986575660516587 0.042274402626379014 0.18667771674406308 -0.010247950133782177 -0.084461309705249801 0.1050643474117478 -0.0073646596452086868 0.13385098699144254 0.081242575717023632 0.11522169744789507 0.20473746048106586 -0.051454376880030656 -0.049560603233961192 0.060370097630936273
leaf_weight=131.65208216011524 317.96525612473488 59.208010256290436 45.246494561433792 98.657429963350296 8.1942209899425489 26.988164201378822 4.7846693098545057 4.6923602223396301 4.9934466481208792 41.195934846997261 3.745084986090661 8.560194253921507 6.2418083101510993 29.604005128145218 11.591929718852045 4.1017597466707238 5.706796169281005 6.9551578313112241 4.101759746670723 7.1670321822166452 4.5052556991577175 5.7589422613382331 10.098639875650404 7.2569691836833945 7.6251261979341525 8.9185377061367035 5.1854762434959412 14.634564280509951 5.8929371535778055 10.268130987882614
leaf_count=661 1720 332 232 575 38 143 24 23 28 231 21 48 35 166 65 23 32 39 23 37 26 29 52 35 37 43 25 78 31 54
internal_value=-0.000190293 -0.0255295 0.0492485 -0.0476942 0.0613448 0.0281364 0.0475533 0.113822 -0.0361764 -0.038553 -0.0207826 0.015386 -0.0417223 -0.0510968 -0.02792 -0.043385 -0.0782325 0.06566 0.0958434 0.0581509 0.0521551 0.00737455 0.0334658 0.0587195 0.0911992 0.0593179 0.131231 0.00974777 -0.0138066 0.0202852
internal_weight=911.498 602.629 308.87 284.663 196.362 112.507 54.7235 9.47703 186.006 181.012 74.9017 27.464 47.4377 106.111 46.9027 12.662 17.2987 14.802 11.0569 188.168 159.272 20.3628 15.8576 138.909 28.8962 16.0856 12.8106 57.7838 30.7956 16.1611
internal_count=4906 3338 1568 1618 983 585 279 47 1043 1015 420 154 266 595 263 71 97 83 62 945 803 107 81 696 142 80 62 306 163 85
is_linear=0
shrinkage=0.1


Tree=3
num_leaves=31
num_cat=0
split_feature=1 0 1 0 135 9 73 13 7 10 67 6 98 0 0 69 13 0 11 0 9 80 0 11 12 10 8 139 12 10
split_gain=91.6004 22.5797 6.53456 6.07648 4.35996 4.74078 5.67318 4.97605 4.42135 4.34734 4.61721 4.43685 4.05588 6.72331 7.09981 4.00547 4.1662 5.36079 5.00291 3.99467 5.24822 3.65729 6.81086 5.06146 7.46526 5.87603 4.17844 3.85568 6.57474 8.16225
threshold=-0.27127538621425623 12.412046909332277 0.94737243652343761 3.9917863607406621 1.0000000180025095e-35 1.0000000180025095e-35 1.0000000180025095e-35 1.0000000180025095e-35 1.0000000180025095e-35 1.0000000180025095e-35 1.0000000180025095e-35 1.0000000180025095e-35 1.0000000180025095e-35 13.151266574859621 13.882272243499758 1.0000000180025095e-35 1.0000000180025095e-35 12.992471218109133 1.0000000180025095e-35 2.3121149539947514 1.0000000180025095e-35 1.0000000180025095e-35 11.623545169830324 1.0000000180025095e-35 1.0000000180025095e-35 1.0000000180025095e-35 1.0000000180025095e-35 1.0000000180025095e-35 1.0000000180025095e-35 1.0000000180025095e-35
decision_type=2 2 2 2 2 2 2 2 2 2 2 2 2 2 2 2 2 2 2 2 2 2 2 2 2 2 2 2 2 2
left_child=3 21 12 4 5 6 -1 -8 9 10 -7 -12 15 -14 -15 -3 17 18 -17 20 -6 27 23 24 25 -23 -25 -2 -29 -30
right_child=1 2 -4 -5 19 8 7 -9 -10 -11 11 -13 13 14 -16 16 -18 -19 -20 -21 -22 22 -24 26 -26 -27 -28 28 29 -31
leaf_value=0.065820611754751124 -0.0044613015608310855 -0.06206109492714014 -0.095547268812286534 0.030830145096357692 0.091396176913622437 -0.032401490705135656 0.054850028819834085 -0.066532808793306253 0.13138630012672509 0.1184723208801686 0.15077394763619995 0.010264448342146168 -0.084356788082988396 0.10878504720374982 -0.01198254248285931 -0.042158627426716853 -0.013138925651253915 -0.057790854405358298 0.11373504221619127 -0.030010974982521324 -0.010416813365082836 0.068072953966988259 0.15012979066517793 -0.075924254583019865 0.13213240284199057 -0.088634415748808967 0.031647185268628912 -0.07330712198217873 0.072123758360043616 -0.090178058182150314
leaf_weight=54.283583268523216 246.49263025820255 83.086276352405548 22.756404250860214 174.16024419665337 12.200993120670322 6.3004295527935019 6.6718239337205869 6.8394737392663956 18.135629683732986 9.8327197879552841 4.4140427857637405 4.5782119929790497 8.9162039607763273 6.3005738407373455 21.408809944987297 4.6427606791257841 55.517644017934799 70.86794151365757 3.6984351426362991 9.1818725466728193 8.6541349440813065 4.9872975796461123 3.89065958559513 8.8597439527511614 6.434485360980033 4.5995595306158066 6.0951102524995795 22.088219121098518 8.8167202025651914 4.7776643335819236
leaf_count=263 1337 485 138 881 62 30 33 34 86 46 21 22 51 36 124 27 323 413 21 46 44 27 21 48 35 25 33 120 48 26
internal_value=-0.000244991 -0.0233603 -0.0442073 0.0433262 0.058751 0.0678931 0.0513885 -0.00659446 0.0937576 0.066597 0.0332428 0.0792366 -0.0396156 -0.00882624 0.0154777 -0.0447929 -0.0341436 -0.0488657 0.0269637 0.0249499 0.0491474 -0.00513337 0.0254211 0.00975744 0.0488114 -0.00711174 -0.0320816 -0.00890882 -0.0396319 0.0150838
internal_weight=909.49 594.237 277.195 315.253 141.093 111.056 67.7949 13.5113 43.261 25.1254 15.2927 8.99225 254.439 36.6256 27.7094 217.813 134.727 79.2091 8.3412 30.037 20.8551 317.042 34.8669 30.9762 16.0213 9.58686 14.9549 282.175 35.6826 13.5944
internal_count=4906 3338 1618 1568 687 535 330 67 205 119 73 43 1480 211 160 1269 784 461 48 152 106 1720 189 168 87 52 81 1531 194 74
is_linear=0
shrinkage=0.1


Tree=4
num_leaves=31
num_cat=0
split_feature=1 0 1 1 100 8 45 99 108 12 0 0 40 36 0 6 126 5 16 8 7 74 6 5 81 132 21 143 9 5
split_gain=73.8687 18.8443 5.50184 4.65841 4.65799 5.84193 4.59148 7.54417 6.03985 7.20309 5.37064 5.62429 15.9439 8.78703 9.50747 4.88277 4.28974 4.17564 4.07979 3.9544 3.74422 3.74048 6.62579 8.47643 3.7351 3.72409 4.13132 3.60196 3.53576 3.72848
threshold=-0.25576089322566981 13.882272243499758 -0.46444596350193018 0.94737243652343761 1.0000000180025095e-35 1.0000000180025095e-35 1.0000000180025095e-35 1.0000000180025095e-35 1.0000000180025095e-35 1.0000000180025095e-35 6.8391511440277108 11.623545169830324 1.0000000180025095e-35 1.0000000180025095e-35 11.494866847991945 1.0000000180025095e-35 1.0000000180025095e-35 1.0000000180025095e-35 1.0000000180025095e-35 1.0000000180025095e-35 1.0000000180025095e-35 1.0000000180025095e-35 1.0000000180025095e-35 1.0000000180025095e-35 1.0000000180025095e-35 1.0000000180025095e-35 1.0000000180025095e-35 1.0000000180025095e-35 1.0000000180025095e-35 1.0000000180025095e-35
decision_type=2 2 2 2 2 2 2 2 2 2 2 2 2 2 2 2 2 2 2 2 2 2 2 2 2 2 2 2 2 2
left_child=2 4 -1 16 6 -6 8 10 27 20 -8 13 -13 15 25 -12 19 -11 28 24 -10 -21 23 -23 -3 26 -15 -2 29 -14
right_child=1 3 -4 -5 5 -7 7 -9 9 17 11 12 18 14 -16 -17 -18 -19 -20 21 -22 22 -24 -25 -26 -27 -28 -29 -30 -31
leaf_value=0.047650554617652933 -0.028635947153388987 -0.01913430013312574 0.020875873361249561 -0.091338425949346602 -0.00943053894277689 0.11318056603125477 -0.074993485930469589 -0.059035521599111657 0.025160726109899806 0.1384077921074334 0.14944570773735705 0.15421486520829408 -0.084253542633218534 -0.011312945859027319 0.14811124604951295 0.032127831624937257 0.041481701649347197 0.018122331328346248 0.0035185574062950027 -0.083183317215568334 -0.081304927166081634 -0.057550294401689642 -0.093478528933127969 0.08282190331397643 -0.063314348668411638 0.087713459035827834 0.07445715083276451 0.054155073224709249 -0.11016434104307588 0.023645599759637936
leaf_weight=205.30343876779079 191.7836212515831 67.635372042655945 122.56330439448357 21.490774154663086 8.9058888256549817 6.8940632939338675 6.9932800382375708 17.793777570128441 7.0908038318157196 6.3066887706518173 8.5112599134445173 4.9304343461990348 6.3445149511098862 52.847580939531326 4.9898119270801535 6.0831937938928595 5.9510569572448722 5.3209106922149658 14.826227992773054 39.640859365463257 6.1841381788253784 9.9736862629652041 11.98347879946232 7.5644875764846793 26.686225533485413 4.9958417415618888 6.2835961282253256 5.4030502289533606 9.555209681391716 6.4668351858854294
leaf_count=983 1068 405 623 138 48 37 38 97 40 35 46 28 35 286 27 33 36 29 82 242 35 59 72 44 160 27 34 30 53 36
internal_value=-0.000290597 -0.0217541 0.0376416 -0.0474791 -0.009112 0.0440689 -0.0113664 0.0021111 -0.0205069 0.0258982 0.0103024 0.0150427 -0.0147606 0.0300397 0.0151518 0.100546 -0.0419161 0.0833639 -0.0371608 -0.0449519 -0.0244364 -0.0631142 -0.036166 0.00299442 -0.0316341 0.00480608 -0.00219856 -0.0263674 -0.064126 -0.0297889
internal_weight=907.303 579.437 327.867 190.926 388.511 15.8 372.711 150.622 222.089 24.9025 132.828 125.835 42.1232 83.7113 69.1168 14.5945 169.435 11.6276 37.1928 163.484 13.2749 69.1625 29.5217 17.5382 94.3216 64.127 59.1312 197.187 22.3666 12.8114
internal_count=4906 3300 1606 1156 2144 85 2059 822 1237 139 725 687 234 453 374 79 1018 64 206 982 75 417 175 103 565 347 320 1098 124 71
is_linear=0
shrinkage=0.1


Tree=5
num_leaves=31
num_cat=0
split_feature=1 0 1 1 80 0 11 12 10 14 143 13 140 9 94 14 0 69 73 16 11 0 39 61 99 7 26 54 7 168
split_gain=59.6978 16.2541 5.34529 4.27859 3.7289 4.95952 4.34153 5.74022 5.36459 3.85109 3.81857 4.1072 6.06795 7.35394 6.06839 5.68096 4.99235 5.38243 3.7979 3.59421 5.25091 3.9715 12.524 12.5324 6.22268 3.54405 4.80722 3.51111 3.56415 3.48943
threshold=-0.25576089322566981 12.412046909332277 0.75739601254463207 -0.46444596350193018 1.0000000180025095e-35 11.623545169830324 1.0000000180025095e-35 1.0000000180025095e-35 1.0000000180025095e-35 1.0000000180025095e-35 1.0000000180025095e-35 1.0000000180025095e-35 1.0000000180025095e-35 1.0000000180025095e-35 1.0000000180025095e-35 1.0000000180025095e-35 11.623545169830324 1.0000000180025095e-35 1.0000000180025095e-35 1.0000000180025095e-35 1.0000000180025095e-35 8.9486651420593279 1.0000000180025095e-35 1.0000000180025095e-35 1.0000000180025095e-35 1.0000000180025095e-35 1.0000000180025095e-35 1.0000000180025095e-35 1.0000000180025095e-35 1.0000000180025095e-35
decision_type=2 2 2 2 2 2 2 2 2 2 2 2 2 2 2 2 2 2 2 2 2 2 2 2 2 2 2 2 2 2
left_child=3 4 -3 29 10 6 7 8 -6 18 11 12 13 14 -2 25 19 -18 -8 20 21 22 -13 -24 -23 -15 -27 -22 -29 -1
right_child=1 2 -4 -5 5 -7 9 -9 -10 -11 -12 16 -14 15 -16 -17 17 -19 -20 -21 27 24 23 -25 -26 26 -28 28 -30 -31
leaf_value=0.039145509953888338 0.013661960952983011 -0.028012754420544041 -0.058135650152550317 0.018601631652999162 0.069429927115309875 0.12957972982547808 -0.039554704445940246 0.11966654313713987 -0.083052539939795611 -0.10679967199327188 0.076276474398238314 -0.086440125985284083 -0.088714306840586218 0.014039156055921204 -0.066487493855438715 -0.076928793991382499 -0.080096920659670112 0.058655270422906663 0.088284722716426733 -0.011582156497421187 0.042812860876329829 0.051608764502342003 0.00037924964222981773 0.23168546743398274 0.18550613948631944 0.026166689819728712 -0.086684010244105755 -0.0027223076077007692 -0.10963732416727251 0.099266503054169911
leaf_weight=198.95666418969631 78.246616333723068 175.74571123719215 88.609815880656242 123.72771996259689 4.9138998538255674 4.1264654844999304 6.4455611258745176 6.6387000232934961 4.3495299965143204 4.2674051374197015 5.2476110309362403 6.6888717561960229 11.8557071685791 19.193466618657112 10.743576690554617 25.63608281314373 11.749986842274664 3.6686634272336951 3.6341307759284973 33.322213441133499 8.5385997146368027 13.049180969595911 5.983368992805481 3.8493319898843765 4.7285231202840796 5.6864707320928582 11.227871224284172 9.3023705035448057 4.6900641322135934 10.146199226379393
leaf_count=939 427 1043 575 623 26 21 35 34 25 24 28 37 66 105 59 141 65 20 20 183 46 71 32 21 26 31 62 51 26 44
internal_value=-0.000333324 -0.0199228 -0.0381097 0.0333412 -0.00430208 0.0267397 0.0127108 0.0486955 -0.00216635 -0.0271742 -0.00820497 -0.00985818 -0.0198306 -0.0144127 0.00398571 -0.0409299 0.00550033 -0.0470827 0.00653651 0.0144935 0.0297829 0.0544192 0.0191215 0.0909316 0.0872229 -0.0153712 -0.0487445 -0.00772127 -0.0385587 0.0420627
internal_weight=904.97 572.14 264.356 332.831 307.784 34.3757 30.2492 15.9021 9.26343 14.3471 273.409 268.161 162.59 150.734 88.9902 61.7439 105.571 15.4187 10.0797 90.1525 56.8303 34.2993 16.5216 9.8327 17.7777 36.1078 16.9143 22.531 13.9924 209.103
internal_count=4906 3300 1618 1606 1682 185 164 85 51 79 1497 1469 891 825 486 339 578 85 55 493 310 187 90 53 97 198 93 123 77 983
is_linear=0
shrinkage=0.1


Tree=6
num_leaves=31
num_cat=0
split_feature=1 0 1 217 0 100 8 126 8 45 99 0 108 12 0 40 36 16 26 73 15 99 52 6 1 10 15 62 7 14
split_gain=48.3285 13.7217 4.20649 4.15074 3.92213 3.78544 4.42112 3.67001 3.63027 3.57189 6.02709 4.74847 4.74272 5.40972 4.59589 11.3544 7.75655 5.75265 4.25615 3.64913 3.64968 3.45474 4.72453 4.57873 3.39644 4.52283 6.3203 9.11888 3.91839 6.25319
threshold=-0.25576089322566981 13.882272243499758 0.94737243652343761 1.0000000180025095e-35 3.9917863607406621 1.0000000180025095e-35 1.0000000180025095e-35 1.0000000180025095e-35 1.0000000180025095e-35 1.0000000180025095e-35 1.0000000180025095e-35 6.9089665412902841 1.0000000180025095e-35 1.0000000180025095e-35 11.824777603149416 1.0000000180025095e-35 1.0000000180025095e-35 1.0000000180025095e-35 1.0000000180025095e-35 1.0000000180025095e-35 1.0000000180025095e-35 1.0000000180025095e-35 1.0000000180025095e-35 1.0000000180025095e-35 -0.11521788686513899 1.0000000180025095e-35 1.0000000180025095e-35 1.0000000180025095e-35 1.0000000180025095e-35 1.0000000180025095e-35
decision_type=2 2 2 2 2 2 2 2 2 2 2 2 2 2 2 2 2 2 2 2 2 2 2 2 2 2 2 2 2 2
left_child=3 5 7 4 -1 9 -7 8 -3 12 11 18 -2 19 16 -16 -13 -17 -11 -14 -21 22 -10 -23 25 26 -18 -28 29 -26
right_child=1 2 -4 -5 -6 6 -8 -9 21 10 -12 14 13 -15 15 17 24 -19 -20 20 -22 23 -24 -25 28 -27 27 -29 -30 -31
leaf_value=0.0404555606374917 -0.02311076194816997 -0.025626953729988029 -0.08476685539754418 0.12571131527515159 0.018604274651912067 -0.0075432755842494209 0.097990581898435236 0.04142677283444654 0.0021173512314878367 -0.13123364968947929 -0.053697238618046497 0.091581729198410289 -0.088741715086673625 0.071067843247029666 0.12171208294243936 -0.076731992856012177 -0.021350128549104588 0.013812856479709368 -0.0015115884697378917 -0.039793607117162705 0.096018718687895577 0.023791312540727482 -0.081975413946801912 -0.099841131780184 -0.049309380949188159 -0.044987971283267716 0.0054954276791073023 0.20454531661271069 0.075110645874482226 0.069052251422968294
leaf_weight=148.00057843327522 193.00127314031124 90.369518220424652 19.539987444877625 4.4351454079151145 184.59630197286606 8.8081692308187503 7.2263492047786704 5.9513350576162329 7.9167081862688056 4.3265690952539426 17.06526355445385 15.355420991778372 5.0029620826244345 12.140804871916771 5.0851456820964804 17.401398748159409 13.479367852210999 11.758058980107309 6.0884000658988953 4.4890877306461334 3.5382644534111023 10.016373038291929 42.80236741900444 4.2736994177103034 9.5940646082162857 17.146513044834137 5.7755610942840576 3.8262998461723328 14.922365739941595 8.3468048572540283
leaf_count=682 1098 565 138 21 903 48 37 36 51 24 97 79 29 64 27 102 73 66 33 26 20 62 276 28 52 93 31 20 81 44
internal_value=-0.000362658 -0.0182336 -0.0409469 0.0296093 0.0283278 -0.00754578 0.0400181 -0.0356395 -0.0385913 -0.0096163 0.0022531 0.00942638 -0.0177862 0.0230404 0.0149294 -0.016175 0.0269724 -0.0402213 -0.0554005 -0.0217085 0.0200692 -0.0566131 -0.0688494 -0.0131832 0.0133988 -0.00608491 0.0228153 0.0848159 0.0372488 0.00575715
internal_weight=902.28 565.248 180.87 337.032 332.597 384.378 16.0345 161.33 155.379 368.344 150.171 133.106 218.172 25.1711 122.691 34.2446 88.4464 29.1595 10.415 13.0303 8.02735 65.0091 50.7191 14.2901 73.091 40.2277 23.0812 9.60186 32.8632 17.9409
internal_count=4906 3300 1156 1606 1585 2144 85 1018 982 2059 822 725 1237 139 668 195 473 168 57 75 46 417 327 90 394 217 124 51 177 96
is_linear=0
shrinkage=0.1


Tree=7
num_leaves=31
num_cat=0
split_feature=1 0 1 0 101 167 236 272 45 21 0 81 14 33 22 151 132 91 143 11 0 1 5 1 1 15 79 7 16 59
split_gain=39.6558 8.22951 8.09003 7.98084 4.76088 4.3588 3.88724 4.44617 3.40004 5.77959 6.73361 6.79169 7.44671 6.57811 5.5212 5.39717 5.36293 4.57515 4.78097 4.60105 4.21796 3.84081 3.7297 4.79887 4.36745 5.20297 3.66552 3.53885 3.25754 5.89964
threshold=0.059396151453256614 4.8911705017089853 0.75739601254463207 9.4346337318420428 1.0000000180025095e-35 1.0000000180025095e-35 1.0000000180025095e-35 1.0000000180025095e-35 1.0000000180025095e-35 1.0000000180025095e-35 6.0177960395812997 1.0000000180025095e-35 1.0000000180025095e-35 1.0000000180025095e-35 1.0000000180025095e-35 1.0000000180025095e-35 1.0000000180025095e-35 1.0000000180025095e-35 1.0000000180025095e-35 1.0000000180025095e-35 5.4948666095733651 -0.15446041524410245 1.0000000180025095e-35 -0.12905924022197721 -0.22746976464986798 1.0000000180025095e-35 1.0000000180025095e-35 1.0000000180025095e-35 1.0000000180025095e-35 1.0000000180025095e-35
decision_type=2 2 2 2 2 2 2 2 2 2 2 2 2 2 2 2 2 2 2 2 2 2 2 2 2 2 2 2 2 2
left_child=1 5 6 4 8 -1 7 -2 15 10 -10 12 22 27 -11 17 21 18 19 20 28 -14 23 -12 -24 -26 -22 -13 29 -3
right_child=2 3 -4 -5 -6 -7 -8 -9 9 14 11 13 16 -15 -16 -17 -18 -19 -20 -21 26 -23 24 -25 25 -27 -28 -29 -30 -31
leaf_value=0.030041054710618416 -0.016355955298232111 -0.0026500791355087878 -0.051345709314213984 0.14074312065472522 -0.057439157175331268 0.099368215950004182 0.078152153726186835 -0.128578602637967 0.11166842238922654 0.13203195186954877 0.12381444757793059 -0.014543792480739164 -0.097311317047604207 -0.048650990553808081 0.0043500126351053462 0.1039887249305067 0.068165554745113613 0.075744159609051578 0.10154076770479384 -0.035674098532299935 -0.024155945648440539 0.017275249353242206 -0.047668888279475533 -0.0044646803869411436 -0.014394354410295261 0.13848593308520993 0.051397609282086323 0.10559934449790012 -0.0059384169787996526 0.12529384714395592
leaf_weight=212.19866243004799 316.63481891155243 6.6200480312108994 82.878617465496063 4.3900648653507224 11.745904222130774 9.4739106595516187 4.2960199266672126 3.5702160298824301 6.3432594388723365 8.4437528401613218 12.260140836238861 4.8935392349958402 8.0775274932384491 30.110751152038574 5.6547282934188834 4.6277183890342704 4.8157620877027503 6.5674200206995001 3.7539092302322379 52.947353392839432 45.489010125398636 4.5859542489051828 5.4169638752937308 3.8264438956975946 4.2257189899683016 4.7044152319431305 7.4767828285694113 4.9132255911827087 10.580830782651901 7.9106322675943375
leaf_count=977 1853 33 575 24 63 40 24 21 31 42 63 25 43 159 29 25 24 34 19 284 244 24 27 20 23 24 39 25 53 39
internal_value=-0.000384456 0.0187212 -0.0234613 0.00701144 0.00480426 0.033004 -0.0163395 -0.0176072 0.00767985 0.0211073 0.0121678 0.00498175 0.0303635 -0.0254839 0.0808203 -0.00227962 -0.0216567 -0.00575889 -0.00973032 -0.0129183 0.00251335 -0.0558149 0.0602407 0.0933013 0.0231718 0.0661433 -0.0134906 0.0456484 0.0362693 0.0670037
internal_weight=899.434 492.054 407.38 270.382 265.992 221.673 324.501 320.205 254.246 108.272 94.1737 87.8304 47.9129 39.9175 14.0985 145.974 17.4792 141.346 134.779 131.025 78.0773 12.6635 30.4337 16.0866 14.3471 8.93013 52.9658 9.80676 25.1115 14.5307
internal_count=4906 2433 2473 1416 1392 1017 1898 1874 1329 559 488 457 248 209 71 770 91 745 711 692 408 67 157 83 74 47 283 50 125 72
is_linear=0
shrinkage=0.1


Tree=8
num_leaves=31
num_cat=0
split_feature=0 0 1 178 278 153 69 82 99 12 27 61 13 80 0 11 12 98 0 51 102 14 16 13 95 13 140 9 94 74
split_gain=32.5074 9.56804 4.47355 3.60334 3.56536 3.4641 4.00345 4.75903 4.80428 7.31311 5.50471 4.55163 11.6588 3.40074 3.8547 3.39169 4.67194 3.26301 9.79161 4.99721 3.27492 3.16074 3.38648 3.14118 3.41836 2.83011 5.14221 5.69516 4.90241 4.34783
threshold=7.0266940593719491 12.412046909332277 0.94737243652343761 1.0000000180025095e-35 1.0000000180025095e-35 1.0000000180025095e-35 1.0000000180025095e-35 1.0000000180025095e-35 1.0000000180025095e-35 1.0000000180025095e-35 1.0000000180025095e-35 1.0000000180025095e-35 1.0000000180025095e-35 1.0000000180025095e-35 11.623545169830324 1.0000000180025095e-35 1.0000000180025095e-35 1.0000000180025095e-35 13.289527893066408 1.0000000180025095e-35 1.0000000180025095e-35 1.0000000180025095e-35 1.0000000180025095e-35 1.0000000180025095e-35 1.0000000180025095e-35 1.0000000180025095e-35 1.0000000180025095e-35 1.0000000180025095e-35 1.0000000180025095e-35 1.0000000180025095e-35
decision_type=2 2 2 2 2 2 2 2 2 2 2 2 2 2 2 2 2 2 2 2 2 2 2 2 2 2 2 2 2 2
left_child=3 13 4 -1 5 6 17 8 10 23 -8 -11 -13 25 15 16 -15 20 -19 -20 -3 22 -17 24 -10 26 27 28 29 -2
right_child=1 2 -4 -5 -6 -7 7 -9 9 11 -12 12 -14 14 -16 21 -18 18 19 -21 -22 -23 -24 -25 -26 -27 -28 -29 -30 -31
leaf_value=0.021327663874916507 -0.0047826811697524825 -0.046381049692543842 -0.078687477362026262 0.093650536233479381 -0.12316416697075912 0.053118448575488988 0.10144241697753074 -0.067830900759407439 -0.093457599353373569 0.010631009690572735 -0.025593654040406161 0.0013166536546131713 0.2648256337040546 -0.0055193204446612638 0.11500542745951395 0.073869477295590333 0.1074090283627005 -0.12583828960023744 0.15407063669166263 0.005343259826753482 -0.12325614185098693 -0.10010055515685412 -0.043799275077608051 0.033880135426820335 0.033961845950929694 0.0055578412682707615 -0.082079967125530631 -0.035152985652141616 -0.059815010322749246 0.044950896118840483
leaf_weight=355.21855437755585 45.229810640215874 64.676388531923294 17.819391757249832 7.025205969810485 3.7678920775651923 5.5263397842645636 3.5487342327833167 15.845077365636824 6.5237966924905795 4.4222417920827883 87.876829445362091 3.1633154004812241 3.57842618227005 7.9182238578796387 4.2972359210252753 4.3192557096481305 6.8177748471498489 4.5110114514827719 3.2144580036401731 7.6017283797264099 6.0608261972665778 3.7864050120115289 5.6389522701501846 7.5291416794061652 3.1087615936994553 100.07397525012493 10.957133263349531 57.755471631884575 10.072985053062437 28.752610266208649
leaf_count=1677 245 423 138 33 25 33 23 101 42 28 562 20 22 44 21 23 33 28 20 47 40 23 31 47 19 551 65 327 58 157
internal_value=-0.000396385 -0.016073 -0.0304104 0.0227303 -0.0266856 -0.0250855 -0.0270353 -0.0163284 -0.00951381 0.0264709 -0.0206627 0.0894696 0.141184 -0.00358509 0.0267208 0.0134002 0.0467282 -0.0439041 -0.00207385 0.0495435 -0.0529678 -0.0223318 0.00723816 -0.0145108 -0.0523349 -0.00751387 -0.0160768 -0.010977 0.00563462 0.0145458
internal_weight=896.638 534.394 248.774 362.244 230.955 227.187 221.661 135.596 119.751 28.3257 91.4256 11.164 6.74174 285.62 32.7778 28.4806 14.736 86.0644 15.3272 10.8162 70.7372 13.7446 9.95821 17.1617 9.63256 252.842 152.768 141.811 84.0554 73.9824
internal_count=4906 3196 1618 1710 1480 1455 1422 864 763 178 585 70 42 1578 175 154 77 558 95 67 463 77 54 108 61 1403 852 787 460 402
is_linear=0
shrinkage=0.1


Tree=9
num_leaves=31
num_cat=0
split_feature=1 0 1 303 167 267 138 1 83 67 6 14 9 15 10 9 1 0 5 6 14 0 101 14 9 0 1 69 137 21
split_gain=26.9306 6.23118 6.12055 3.44633 3.43766 3.29175 2.91167 4.19581 3.14535 6.76253 3.59659 4.20252 4.76804 3.26946 2.94953 2.77682 6.88115 2.8984 2.65987 4.34785 4.03376 2.61676 2.56018 2.74728 2.54663 2.44081 2.84035 2.95486 2.40606 2.86626
threshold=0.099551297724246993 4.8911705017089853 0.75739601254463207 1.0000000180025095e-35 1.0000000180025095e-35 1.0000000180025095e-35 1.0000000180025095e-35 -0.48056885600090021 1.0000000180025095e-35 1.0000000180025095e-35 1.0000000180025095e-35 1.0000000180025095e-35 1.0000000180025095e-35 1.0000000180025095e-35 1.0000000180025095e-35 1.0000000180025095e-35 -0.63966840505599964 3.1252566576004033 1.0000000180025095e-35 1.0000000180025095e-35 1.0000000180025095e-35 3.0266940593719487 1.0000000180025095e-35 1.0000000180025095e-35 1.0000000180025095e-35 16.041068077087406 0.94737243652343761 1.0000000180025095e-35 1.0000000180025095e-35 1.0000000180025095e-35
decision_type=2 2 2 2 2 2 2 2 2 2 2 2 2 2 2 2 2 2 2 2 2 2 2 2 2 2 2 2 2 2
left_child=1 4 3 -2 6 25 8 18 10 -10 28 13 21 15 -15 16 -12 -17 19 20 -8 -13 -3 -24 -20 -4 27 -27 29 -1
right_child=2 22 5 -5 -6 -7 7 -9 9 -11 11 12 -14 14 -16 17 -18 -19 24 -21 -22 -23 23 -25 -26 26 -28 -29 -30 -31
leaf_value=0.023979106384694818 -0.015386079055689518 0.0067847586885585566 -0.098357264523283514 0.080428327017110071 0.085180708896586507 0.061955578764889087 0.12711060718917108 -0.037721432700526719 0.073805016142345678 -0.046610101482889556 0.11471302828035874 0.092324458951159552 0.13431810377871867 0.095980262175683839 -0.002306036718367118 -0.10056430610496554 -0.037446666086958999 0.0057694341670553031 0.063177017928159288 -0.031658640659443162 0.0033104508058905049 0.0032648045008899507 -0.085507240613804214 0.0069732943871779404 0.15631258130869288 -0.059334864484585442 -0.079400079015780889 -0.010337895102896393 -0.035259965072092198 -0.034075453482725532
leaf_weight=81.394456684589386 296.55894562602043 276.93040212988853 9.0018858015537244 3.802135005593299 9.6932059973478299 2.7468174993991843 6.4369319975376147 4.5462077111005774 6.3594111353158977 17.492714807391167 5.5143271088600141 5.6674989461898804 9.0138116329908371 8.8055911064147931 4.6739481240510932 4.3263916671276093 6.4467170834541339 6.2905979454517365 7.1918093264102954 5.6437927037477484 4.4523350745439529 7.8949043750762939 6.3704596161842328 6.4792640060186386 4.9610819667577744 21.416773691773415 16.124437808990479 28.94062364846468 9.3888228982686979 9.4966130107641202
leaf_count=368 1774 1447 64 22 40 20 29 21 30 84 24 25 40 39 21 20 30 28 31 25 20 36 35 36 21 155 132 204 42 43
internal_value=-0.000410756 0.014463 -0.0206622 -0.0141732 0.0269214 -0.0455762 0.0243069 0.0515348 0.0193561 -0.0145052 0.0244385 0.0441127 0.0779467 0.0229287 0.0619001 -0.000337952 0.0327026 -0.0375612 0.0656804 0.0395732 0.076492 0.0404813 0.00476005 -0.0388754 0.101197 -0.0494892 -0.0428723 -0.0311761 0.0129349 0.0179134
internal_weight=894.063 515.471 378.592 300.361 225.691 78.2305 215.998 33.2322 182.766 23.8521 158.914 58.6338 22.5762 36.0576 13.4795 22.578 11.961 10.617 28.686 16.5331 10.8893 13.5624 289.78 12.8497 12.1529 75.4837 66.4818 50.3574 100.28 90.8911
internal_count=4906 2535 2371 1796 1017 575 977 147 830 114 716 263 101 162 60 102 54 48 126 74 49 61 1518 71 52 555 491 359 453 411
is_linear=0
shrinkage=0.1


Tree=10
num_leaves=31
num_cat=0
split_feature=0 0 205 264 103 1 69 102 0 0 81 0 88 93 8 126 0 8 71 15 0 0 26 61 74 67 114 82 13 0
split_gain=22.3676 7.04182 4.81736 4.54855 4.35178 3.77316 4.01022 3.67734 3.66169 5.76333 4.87809 5.20813 3.38272 4.09557 5.81239 3.85997 3.35862 3.06034 4.9592 3.21148 4.72197 5.19251 4.10928 2.83108 2.8087 7.05254 2.73826 3.21639 6.91738 3.69479
threshold=11.880903720855715 4.8911705017089853 1.0000000180025095e-35 1.0000000180025095e-35 1.0000000180025095e-35 0.94737243652343761 1.0000000180025095e-35 1.0000000180025095e-35 12.992471218109133 12.803559303283693 1.0000000180025095e-35 13.151266574859621 1.0000000180025095e-35 1.0000000180025095e-35 1.0000000180025095e-35 1.0000000180025095e-35 12.412046909332277 1.0000000180025095e-35 1.0000000180025095e-35 1.0000000180025095e-35 15.260780334472658 14.176591396331789 1.0000000180025095e-35 1.0000000180025095e-35 1.0000000180025095e-35 1.0000000180025095e-35 1.0000000180025095e-35 1.0000000180025095e-35 1.0000000180025095e-35 13.211498737335207
decision_type=2 2 2 2 2 2 2 2 2 2 2 2 2 2 2 2 2 2 2 2 2 2 2 2 2 2 2 2 2 2
left_child=1 -1 3 4 -3 6 7 26 9 16 11 -10 13 15 -15 17 -8 18 -13 20 21 -20 -22 -18 -12 -26 27 29 -29 -2
right_child=5 2 -4 -5 -6 -7 8 -9 10 -11 24 12 -14 14 -16 -17 23 -19 19 -21 22 -23 -24 -25 25 -27 -28 28 -30 -31
leaf_value=0.024024742896156855 -0.06386429313247162 0.00095726744524588436 0.11083176353331398 -0.093121723950338464 0.10424737017671465 -0.071673343904815473 0.040331475149659124 -0.10691491821177596 -0.12394563112283652 0.10518532869189934 -0.070273210524697038 0.11858784212598635 0.10182841527681596 -0.032552577321800655 0.14813576594663699 0.096936238436212019 -0.090013203346990339 -0.041825160255324845 -0.019710291270407295 -0.041770109159141311 0.026809523574993489 0.11834978170002404 -0.10106590818333683 0.013151170633729357 -0.07757599506662001 0.082544570099447143 -0.11962629426099723 0.089279379539731238 -0.075999230213207758 -0.019606362204941389
leaf_weight=227.09419679641724 28.910027697682381 383.06970465183258 4.0214529633522025 5.0869853198528281 4.1228645741939536 15.98866358399391 9.2660316675901466 6.9434665217995635 3.5749109089374533 6.4216019660234442 23.039039716124535 3.2874567210674277 3.099177658557891 3.2209226638078681 3.9803977757692337 3.1300180107355109 5.7070748805999738 28.480112627148628 4.6539002954959887 17.028300762176514 5.3582179099321348 6.5700851529836655 4.7325425446033478 4.982328787446022 6.452113561332224 4.7950313538312912 3.4087447822093955 6.3692500963807088 4.2034461796283722 54.2766128256917
leaf_count=1017 179 2044 21 28 21 138 51 49 23 38 156 21 20 20 24 19 36 194 28 110 36 41 32 30 42 30 25 38 28 367
internal_value=-0.00040001 0.00998463 0.00193917 0.000822855 0.00205711 -0.0245666 -0.0215765 -0.0366092 -0.0109859 0.0227843 -0.0183232 -0.00574778 -0.000689833 -0.00463954 0.0673196 -0.0117149 -0.00373211 -0.0165655 0.000715086 -0.00939109 0.0164764 0.0611047 -0.0331637 -0.0419283 -0.0502754 -0.00931128 -0.0315852 -0.0283844 0.0235686 -0.0349874
internal_weight=891.275 623.395 396.301 392.28 387.193 267.879 251.891 104.112 147.779 26.377 121.402 87.116 83.5411 80.442 7.20132 73.2406 19.9554 70.1106 41.6305 38.343 21.3147 11.224 10.0908 10.6894 34.2862 11.2471 97.1681 93.7593 10.5727 83.1866
internal_count=4906 3131 2114 2093 2065 1775 1637 686 951 155 796 568 545 525 44 481 117 462 268 247 137 69 68 66 228 72 637 612 66 546
is_linear=0
shrinkage=0.1


Tree=11
num_leaves=31
num_cat=0
split_feature=1 0 8 99 52 68 81 30 6 0 10 0 63 0 0 217 264 100 12 0 45 36 40 0 6 108 108 0 16 7
split_gain=18.5563 6.81201 3.4389 4.3191 6.60576 4.65806 3.45544 3.46445 3.44303 3.61203 5.33448 3.2675 3.17284 4.09479 3.32599 3.11125 2.69365 2.36344 3.14263 6.70548 2.50399 5.00551 8.41359 4.48995 5.13468 4.47713 3.3775 5.15954 5.26795 8.52179
threshold=-0.27127538621425623 13.882272243499758 1.0000000180025095e-35 1.0000000180025095e-35 1.0000000180025095e-35 1.0000000180025095e-35 1.0000000180025095e-35 1.0000000180025095e-35 1.0000000180025095e-35 14.917180061340334 1.0000000180025095e-35 16.425735473632816 1.0000000180025095e-35 13.726214885711672 12.643394947052004 1.0000000180025095e-35 1.0000000180025095e-35 1.0000000180025095e-35 1.0000000180025095e-35 10.965092182159426 1.0000000180025095e-35 1.0000000180025095e-35 1.0000000180025095e-35 8.5516767501831072 1.0000000180025095e-35 1.0000000180025095e-35 1.0000000180025095e-35 8.8049278259277362 1.0000000180025095e-35 1.0000000180025095e-35
decision_type=2 2 2 2 2 2 2 2 2 2 2 2 2 2 2 2 2 2 2 2 2 2 2 2 2 2 2 2 2 2
left_child=15 12 6 4 5 -4 7 -3 9 -5 -11 -8 13 16 -14 -1 17 20 19 -19 26 22 23 24 -22 -23 -2 -28 29 -29
right_child=1 2 3 8 -6 -7 11 -9 -10 10 -12 -13 14 -15 -16 -17 -18 18 -20 -21 21 25 -24 -25 -26 -27 27 28 -30 -31
leaf_value=0.016726434931132825 -0.017536988955874088 0.080784204941539581 -0.037697547969596235 -0.06183015339016952 -0.076983663546795034 0.10817504803273999 -0.021689843330247302 -0.01093798246639895 -0.07405260176742573 0.1352712332304995 -0.031177167272254749 -0.095615307847724221 0.024307870063607795 0.080587421183104399 -0.097418553185663795 0.098422597480903165 -0.081776234491990923 0.063684238198149931 0.094767428964052713 -0.1048558739996294 0.093062193638087709 -0.0009241804339287943 -0.023079547864375865 0.13123185680341765 -0.027518640320506889 -0.08498501981450747 -0.082244054041810594 0.14732197441906472 -0.024257435394605856 -0.017753986008945767
leaf_weight=337.42679381370544 171.60623559355736 4.395320050418376 6.0049901902675611 3.074450343847273 42.372309096157551 3.4448477029800415 16.955897063016895 65.265961147844791 4.4540198892354956 4.6183190792798996 3.3021878600120544 9.2356464341282827 3.2780625373125059 5.764395371079444 7.1203117221593857 4.7268676906824103 4.4394598156213751 6.379755884408949 5.5831080824136725 3.7470822781324387 7.9895858019590396 106.92237271368504 14.6071590334177 8.5840595662593824 6.3289435505867004 6.7350673824548712 3.9670172333717373 7.7685988843441027 7.5250577926635733 5.2343398183584213
leaf_count=1547 1005 29 44 19 317 23 117 444 34 31 23 75 20 35 45 21 27 32 29 21 38 587 92 45 32 39 22 41 43 29
internal_value=-0.000408919 -0.0118394 -0.0289565 -0.0462881 -0.060123 0.0154789 -0.0167929 -0.00515072 0.000119578 0.0301665 0.0658762 -0.0477574 -0.00456005 -0.00304189 -0.0590446 0.0178551 -0.00435395 -0.00340702 0.0345312 0.00132186 -0.0051233 0.00454824 0.0362236 0.0740469 0.0397642 -0.00590542 -0.0125787 0.0221577 0.0423332 0.0808706
internal_weight=888.858 546.705 163.124 67.2711 51.8221 9.44984 95.8528 69.6613 15.449 10.995 7.92051 26.1915 383.581 373.182 10.3984 342.154 367.418 362.978 15.7099 10.1268 347.268 151.167 37.5097 22.9026 14.3185 113.657 196.101 24.495 20.528 13.0029
internal_count=4906 3338 1156 491 384 67 665 473 107 73 54 192 2182 2117 65 1568 2082 2055 82 53 1973 833 207 115 70 626 1140 135 113 70
is_linear=0
shrinkage=0.1


Tree=12
num_leaves=31
num_cat=0
split_feature=0 0 205 278 264 153 268 26 88 11 0 86 63 56 9 95 68 103 167 151 0 12 67 74 73 15 8 74 61 0
split_gain=15.6266 4.76076 3.69319 3.62616 3.52632 3.15795 3.30212 3.12675 5.30289 4.04304 4.03374 5.61239 4.80787 4.0072 6.07251 3.54871 3.34899 3.06507 2.75261 2.54751 2.66018 2.53422 3.287 7.02236 4.16561 3.53186 2.82759 2.50886 2.78981 3.82942
threshold=11.880903720855715 4.8911705017089853 1.0000000180025095e-35 1.0000000180025095e-35 1.0000000180025095e-35 1.0000000180025095e-35 1.0000000180025095e-35 1.0000000180025095e-35 1.0000000180025095e-35 1.0000000180025095e-35 12.803559303283693 1.0000000180025095e-35 1.0000000180025095e-35 1.0000000180025095e-35 1.0000000180025095e-35 1.0000000180025095e-35 1.0000000180025095e-35 1.0000000180025095e-35 1.0000000180025095e-35 1.0000000180025095e-35 17.498972892761234 1.0000000180025095e-35 1.0000000180025095e-35 1.0000000180025095e-35 1.0000000180025095e-35 1.0000000180025095e-35 1.0000000180025095e-35 1.0000000180025095e-35 1.0000000180025095e-35 12.881587982177736
decision_type=2 2 2 2 2 2 2 2 2 2 2 2 2 2 2 2 2 2 2 2 2 2 2 2 2 2 2 2 2 2
left_child=1 18 4 5 17 6 7 19 9 21 -11 12 13 14 -12 -15 -13 -3 -1 20 27 -9 24 25 26 -24 -23 -2 29 -29
right_child=3 2 -4 -5 -6 -7 -8 8 -10 10 11 16 -14 15 -16 -17 -18 -19 -20 -21 -22 22 23 -25 -26 -27 -28 28 -30 -31
leaf_value=0.017272187908097626 -0.039625907323931744 0.00059290655638180101 0.094575094335463183 -0.11811459824404641 -0.085725385548878319 0.051434744251276379 0.067181518313540758 -0.048749763202881748 0.11303895120865085 -0.055764099012283824 -0.026408554565480875 0.024669157712637568 0.090361141062293635 -0.067659759369591788 0.1459053488689141 0.044954728195963384 0.15863783291407094 0.084872008778908256 0.071296433418516394 -0.10275196609703047 -0.087894575594469171 -0.055427273676846467 -0.085131642526363113 0.10611656112171114 -0.10684012251508219 0.035987114073879604 0.082831983267255771 0.094055381941085245 -0.029725835109527778 -0.0058339484734813134
leaf_weight=220.06131456792355 67.504231430590153 383.1836894005537 4.2178482562303534 3.7909657657146445 4.6863795518875113 6.110599920153617 4.1453227847814551 35.054967820644379 3.3687046542763701 8.1541463136672956 5.2999442443251663 3.3667309135198584 5.1894886568188658 13.202276997268202 3.3302544876933098 3.5508164018392554 4.1860808283090591 4.3643494397401801 9.8535102158784849 5.0621183961629859 7.5793365761637679 3.0568938851356506 5.384813688695429 6.0616917237639436 5.9803148955106735 4.3544967323541641 2.8660750761628151 4.9604743570089367 31.373133845627308 16.959290072321892
leaf_count=977 465 2044 21 30 28 37 27 241 22 49 39 22 37 96 22 24 25 21 40 35 70 22 38 40 41 29 19 30 202 113
internal_value=-0.000413974 0.00813936 0.00150022 -0.0210283 0.000499348 -0.0195912 -0.0213273 -0.0228197 -0.0105324 -0.01435 0.00807364 0.021727 0.00265692 -0.0152738 0.0400846 -0.0437911 0.0989201 0.00154201 0.0195875 -0.0331704 -0.0304267 -0.0308856 -0.00828163 0.0216147 -0.0479675 -0.0309788 0.0114752 -0.0268209 -0.0106013 0.0167712
internal_weight=886.26 626.367 396.452 259.893 392.234 256.102 249.992 245.846 112.408 109.039 46.2797 38.1256 30.5728 25.3833 8.6302 16.7531 7.55281 387.548 229.915 133.439 128.376 62.7593 27.7043 15.801 11.9033 9.73931 5.92297 120.797 53.2929 21.9198
internal_count=4906 3131 2114 1775 2093 1745 1708 1681 766 744 314 265 218 181 61 120 47 2065 1017 915 880 430 189 107 82 67 41 810 345 143
is_linear=0
shrinkage=0.1


Tree=13
num_leaves=31
num_cat=0
split_feature=0 1 69 0 102 13 68 7 0 0 51 73 15 114 0 93 12 86 16 140 13 0 83 0 12 67 49 0 71 39
split_gain=12.9423 4.07538 3.0564 3.48172 3.45243 3.20978 4.16831 6.38642 5.32814 5.24388 3.37247 3.64993 3.22235 2.78675 2.79835 7.75518 4.04573 6.43874 2.96353 2.75211 6.60076 7.79306 2.68006 2.92219 3.44572 3.14175 3.18247 2.85763 2.65644 2.54455
threshold=11.934291839599611 -0.27127538621425623 1.0000000180025095e-35 17.498972892761234 1.0000000180025095e-35 1.0000000180025095e-35 1.0000000180025095e-35 1.0000000180025095e-35 12.992471218109133 12.803559303283693 1.0000000180025095e-35 1.0000000180025095e-35 1.0000000180025095e-35 1.0000000180025095e-35 13.151266574859621 1.0000000180025095e-35 1.0000000180025095e-35 1.0000000180025095e-35 1.0000000180025095e-35 1.0000000180025095e-35 1.0000000180025095e-35 9.7262148857116717 1.0000000180025095e-35 14.017796039581301 1.0000000180025095e-35 1.0000000180025095e-35 1.0000000180025095e-35 16.425735473632816 1.0000000180025095e-35 1.0000000180025095e-35
decision_type=2 2 2 2 2 2 2 2 2 2 2 2 2 2 2 2 2 2 2 2 2 2 2 2 2 2 2 2 2 2
left_child=1 -1 4 5 13 6 7 -4 9 10 -8 -12 -7 14 16 18 -2 -18 22 -3 -21 -22 23 -16 25 26 -25 -27 -10 -14
right_child=2 19 3 -5 -6 12 8 -9 28 -11 11 -13 29 -15 15 -17 17 -19 -20 20 21 -23 -24 24 -26 27 -28 -29 -30 -31
leaf_value=0.01455721240042171 -0.077540916771177415 0.0012688013360676799 -0.012798615559045774 -0.070115803905078641 -0.10266044618906614 0.02928164373910519 -0.078862730775665954 0.15625663115756319 0.0309960395393864 0.13430377734608659 -0.04050958098607383 0.10035455562308562 -0.034997217478245725 -0.11584103146096617 0.079052701737027248 0.11185161729578377 0.10189457897600743 -0.061569019616949529 -0.050693310078481504 -0.081716486867817989 -0.043649056036310238 0.1434164760707822 0.064971621244047997 0.00020096248095894872 -0.06740883178630809 0.0064896158184205039 0.13981457926491575 -0.11741157756893222 -0.048767689379441127 0.043393903960036555
leaf_weight=345.37561783194542 18.985670298337936 263.22436878085136 7.263431712985037 9.221154257655142 6.646685227751731 36.807088807225227 4.1919197440147382 3.2275648787617683 4.5405085459351531 3.3828201591968527 3.502758577466011 3.8736058473587036 18.812682725489143 3.4857768639922133 2.943178370594981 4.6275145560502997 3.8833111822605151 6.3499600365757942 22.793434701859951 12.913050785660744 5.7799084037542343 3.622913271188736 4.8188269808888426 4.1119534373283377 11.420963756740093 5.4166815057396889 2.7079293429851532 2.836099661886692 51.911667592823505 5.3093310594558707
leaf_count=1568 123 1451 50 89 54 238 26 22 31 19 22 22 121 30 19 29 23 42 166 78 33 20 35 30 85 37 21 23 364 35
internal_value=-0.000413944 0.00724942 -0.0195189 -0.0105608 -0.0330007 -0.00671568 -0.0196464 0.0392114 -0.0282942 0.024786 -0.00723941 0.0334635 0.0106644 -0.028095 -0.02473 -0.0126532 -0.0502222 0.000461978 -0.0227523 -0.00158973 -0.0353072 0.0284274 -0.00416063 -0.0154776 -0.025979 0.00541348 0.0556365 -0.0360895 -0.0423522 -0.0177431
internal_weight=883.988 630.916 253.073 152.045 101.028 142.823 81.8943 10.491 71.4033 14.9511 11.5683 7.37636 60.9291 94.3813 90.8955 61.6766 29.2189 10.2333 57.0491 285.54 22.3159 9.40282 34.2556 29.4368 26.4936 15.0727 6.81988 8.25278 56.4522 24.122
internal_count=4906 3150 1756 1039 717 950 556 72 484 89 70 44 394 663 633 445 188 65 416 1582 131 53 250 215 196 111 51 60 395 156
is_linear=0
shrinkage=0.1


Tree=14
num_leaves=31
num_cat=0
split_feature=1 205 303 1 102 99 51 67 1 149 44 27 7 0 13 67 101 8 79 54 14 0 0 135 9 0 73 13 10 108
split_gain=10.7648 6.41272 3.8276 2.8485 2.65768 2.89826 3.57402 6.43882 3.79004 2.64004 2.62437 3.04077 3.33333 2.74579 3.64098 3.25428 2.58157 3.17396 3.03056 4.3883 5.37146 3.03524 2.75192 3.37889 4.39411 3.52065 3.33183 4.43264 2.99619 5.78773
threshold=0.099551297724246993 1.0000000180025095e-35 1.0000000180025095e-35 0.75739601254463207 1.0000000180025095e-35 1.0000000180025095e-35 1.0000000180025095e-35 1.0000000180025095e-35 0.90873831510543834 1.0000000180025095e-35 1.0000000180025095e-35 1.0000000180025095e-35 1.0000000180025095e-35 16.379192352294925 1.0000000180025095e-35 1.0000000180025095e-35 1.0000000180025095e-35 1.0000000180025095e-35 1.0000000180025095e-35 1.0000000180025095e-35 1.0000000180025095e-35 2.0465434789657597 3.9917863607406621 1.0000000180025095e-35 1.0000000180025095e-35 2.3121149539947514 1.0000000180025095e-35 1.0000000180025095e-35 1.0000000180025095e-35 1.0000000180025095e-35
decision_type=2 2 2 2 2 2 2 2 2 2 2 2 2 2 2 2 2 2 2 2 2 2 2 2 2 2 2 2 2 2
left_child=9 2 3 -2 5 10 -7 8 -8 16 -5 -12 -13 -14 15 -15 18 -18 21 -20 -21 -1 23 24 26 -25 -23 -28 -24 -30
right_child=1 -3 -4 4 -6 6 7 -9 -10 -11 11 12 13 14 -16 -17 17 -19 19 20 -22 22 28 25 -26 -27 27 -29 29 -31
leaf_value=-0.074079568377685853 -0.011619966518176532 0.13140385157325907 0.087489587111846553 -0.1166070418521253 -0.11393835954257976 -0.070000749025037237 -0.091329828559209514 0.13350284073644778 0.064006899045750021 -0.06933986459189477 0.071504111442433835 -0.060343250309205398 -0.070250383114171394 0.14891896825681747 -0.046308033897574763 0.0050242275798642426 0.0089558256984468634 -0.079040393330505554 -0.037707312836111395 0.06528504507941206 -0.051969219434608915 0.028069686882412966 0.016480819520542336 0.019730247517658405 0.057716203976886683 -0.055365951093031655 0.027091998345836851 -0.088058475406725928 0.0021258503198267084 -0.086200905314587045
leaf_weight=3.9563672393560401 283.02284009754658 3.0170928984880439 3.606679990887641 4.2044293358921996 3.9511518478393546 4.1106135025620434 3.6331443190574646 4.3501710444688797 2.7669236063957214 4.2966698110103598 2.5755222812294951 28.42776982486248 4.1809026896953574 3.0068392157554609 4.2221755310893059 3.2928843721747398 9.4189474135637301 7.257127806544303 28.81272266805172 11.599244236946108 5.8912493437528601 56.541168183088303 189.1239246353507 18.335476174950603 44.208558186888695 9.4658664762973768 7.0679668188095075 6.3430439531803131 113.23833583295345 7.9387294799089423
leaf_count=18 1762 17 20 36 38 33 28 34 24 22 18 240 33 25 35 28 49 40 140 58 32 244 947 82 187 43 31 29 571 42
internal_value=-0.000417408 -0.0137708 -0.0150034 -0.0160543 -0.0343166 -0.0294596 0.00930646 0.0396315 -0.0241735 0.00872394 -0.0410022 -0.0340474 -0.0403504 -0.00169431 0.0255466 0.0737048 0.00936996 -0.0293385 0.0106545 -0.0137217 0.0257908 0.0131285 0.0138914 0.025424 0.0330374 -0.00583868 0.0174408 -0.027371 0.00861525 -0.00366074
internal_weight=881.865 358.369 355.352 351.745 68.7225 64.7714 14.8609 10.7502 6.40007 523.495 49.9105 45.7061 43.1306 14.7028 10.5219 6.29972 519.199 16.6761 502.523 46.3032 17.4905 456.219 452.263 141.962 114.161 27.8013 69.9522 13.411 310.301 121.177
internal_count=4906 2371 2354 2334 572 534 119 86 52 2535 415 379 361 121 88 53 2513 89 2424 230 90 2194 2176 616 491 125 304 60 1560 613
is_linear=0
shrinkage=0.1


Tree=15
num_leaves=31
num_cat=0
split_feature=0 264 143 217 0 0 83 1 69 82 102 99 12 13 27 139 0 53 7 83 0 8 0 14 26 53 0 10 0 61
split_gain=8.97544 3.56894 3.12364 2.71283 2.70122 5.78862 3.43057 2.60757 2.96777 2.84163 2.81912 2.61565 4.2095 3.81585 3.16086 3.90972 5.65416 3.59771 4.05683 3.06689 3.5978 4.42927 5.05678 3.36549 3.18143 3.22342 3.12156 2.5642 2.55474 2.49575
threshold=11.934291839599611 1.0000000180025095e-35 1.0000000180025095e-35 1.0000000180025095e-35 3.3497605323791508 2.7748117446899419 1.0000000180025095e-35 0.94737243652343761 1.0000000180025095e-35 1.0000000180025095e-35 1.0000000180025095e-35 1.0000000180025095e-35 1.0000000180025095e-35 1.0000000180025095e-35 1.0000000180025095e-35 1.0000000180025095e-35 12.992471218109133 1.0000000180025095e-35 1.0000000180025095e-35 1.0000000180025095e-35 14.054756641387941 1.0000000180025095e-35 14.680356025695803 1.0000000180025095e-35 1.0000000180025095e-35 1.0000000180025095e-35 16.425735473632816 1.0000000180025095e-35 13.351129055023195 1.0000000180025095e-35
decision_type=2 2 2 2 2 2 2 2 2 2 2 2 2 2 2 2 2 2 2 2 2 2 2 2 2 2 2 2 2 2
left_child=1 2 3 4 5 6 -1 8 10 11 -2 14 13 28 -10 16 17 18 -16 20 24 22 -22 26 -18 -26 -23 -19 -13 -14
right_child=7 -3 -4 -5 -6 -7 -8 -9 9 -11 -12 12 29 -15 15 -17 19 27 -20 -21 21 23 -24 -25 25 -27 -28 -29 -30 -31
leaf_value=0.007599108703455499 -0.02366009531866067 -0.075290381549146287 0.06153905457831102 0.075287507137176135 0.002043002559073726 0.046499991563516009 -0.068804399770390726 -0.05968381111368562 0.080710642585136716 -0.045318524408417458 -0.097702094457599906 -0.12359457985473617 0.015304058742434859 0.044989115530681606 0.078183791643193001 -0.076320904476703699 -0.096442645375238195 0.1504225023378345 -0.073655648811792762 -0.073627955813026072 0.10974489133360005 -0.1045774913259824 0.0066073308569431794 0.024018335456910289 -0.092815470314949494 0.031581567114876107 0.016800318359083542 0.035216641143359699 -0.013711640673443812 0.10175701985358712
leaf_weight=52.242185741662979 87.262519866228104 5.3681720271706572 10.179231047630308 5.5500601530075064 507.27054792642593 45.492210745811462 6.6216629743576041 13.279303826391695 3.8297857940196982 15.543649867177008 5.4643063098192206 3.1467659771442431 5.6570824235677728 7.6388842463493338 3.3671510517597181 8.5663418620824796 7.5864800810813913 4.2023070007562637 3.6856961846351624 8.5463543161749822 6.3739452958107021 7.2585184648633021 18.702144853770733 6.2363970652222624 3.107957161962986 6.3165723159909248 2.9922793582081795 3.5760293900966644 6.458498939871788 8.1497078984975815
leaf_count=228 619 32 49 25 2590 193 33 138 23 110 48 21 36 49 20 59 51 23 23 63 40 57 131 47 20 40 25 20 46 47
internal_value=-0.000410237 0.00590026 0.00659499 0.00568879 0.00505723 0.0197093 -0.000995611 -0.0165788 -0.0141292 -0.00498811 -0.0280233 1.09954e-05 0.0251861 -0.00775992 -0.00827442 -0.0120393 -0.00532005 0.0505584 -0.00116488 -0.0176671 -0.0095021 0.00635322 0.0328233 -0.0339062 -0.0482417 -0.00944124 -0.0691465 0.0974575 -0.0497102 0.0663345
internal_weight=879.673 632.724 627.356 617.177 611.627 104.356 58.8638 246.949 233.669 140.943 92.7268 125.399 31.0509 17.2441 94.348 90.5182 81.9518 14.8312 7.05285 67.1206 58.5743 41.5633 25.0761 16.4872 17.011 9.42453 10.2508 7.77834 9.60526 13.8068
internal_count=4906 3150 3118 3069 3044 454 261 1756 1618 951 667 841 199 116 642 619 560 86 43 474 411 300 171 129 111 60 82 43 67 83
is_linear=0
shrinkage=0.1


Tree=16
num_leaves=31
num_cat=0
split_feature=1 205 303 1 64 151 74 45 81 0 17 13 16 0 12 0 93 0 126 10 80 9 0 17 10 81 7 61 0 67
split_gain=7.44215 4.67524 2.87293 2.40163 2.36441 2.30803 2.22777 4.10826 4.24823 3.67845 3.62298 4.21759 3.53508 3.7067 3.30021 3.19987 2.9629 7.74077 3.11021 3.62845 5.16225 5.02071 6.72163 3.11084 2.76225 3.74267 4.96475 2.74672 2.70204 2.99104
threshold=0.099551297724246993 1.0000000180025095e-35 1.0000000180025095e-35 0.94737243652343761 1.0000000180025095e-35 1.0000000180025095e-35 1.0000000180025095e-35 1.0000000180025095e-35 1.0000000180025095e-35 11.560575008392336 1.0000000180025095e-35 1.0000000180025095e-35 1.0000000180025095e-35 13.726214885711672 1.0000000180025095e-35 11.741273403167726 1.0000000180025095e-35 13.211498737335207 1.0000000180025095e-35 1.0000000180025095e-35 1.0000000180025095e-35 1.0000000180025095e-35 14.176591396331789 1.0000000180025095e-35 1.0000000180025095e-35 1.0000000180025095e-35 1.0000000180025095e-35 1.0000000180025095e-35 15.464749813079836 1.0000000180025095e-35
decision_type=2 2 2 2 2 2 2 2 2 2 2 2 2 2 2 2 2 2 2 2 2 2 2 2 2 2 2 2 2 2
left_child=-1 2 3 5 -5 6 7 10 -9 -10 -2 14 15 -14 28 -13 18 27 19 23 21 -21 -23 -8 25 26 -17 -18 29 -12
right_child=1 -3 -4 4 -6 -7 16 8 9 -11 11 12 13 -15 -16 24 17 -19 -20 20 -22 22 -24 -25 -26 -27 -28 -29 -30 -31
leaf_value=0.0071366240794193507 -0.10436276389982467 0.10798074566780587 0.074001921021001199 -0.080518302885332946 0.021054132689709282 -0.050920360172154261 0.059336685602478484 -0.014900906190845746 0.10648485421594647 0.013202771243865452 0.026463537170440133 0.093934579452958133 -0.08816067224973273 0.0076192948515768121 -0.073023539375180288 0.12893566131734654 0.053446932421426702 0.1395335454808867 0.092635986598758935 0.026547970548148721 0.11510587472934075 -0.095122608271508868 0.044600710092937451 -0.028207926925344202 -0.043907727289356734 -0.04122847761582929 -0.012758068257436059 -0.056221699493602763 -0.085032192577567195 -0.03631209583809511
leaf_weight=525.31147311627865 6.1186589226126662 3.23672030866146 3.775219500064849 9.667039290070532 3.0039149224758139 14.627033337950705 4.3242480531334868 48.980614103376865 5.8031616955995586 15.567904122173784 12.044995546340941 4.8568833172321346 7.8114504814147976 8.3699514046311361 22.129981577396393 5.4743661954998988 3.8236459195613843 5.2210482731461516 3.1293988227844229 29.025779068470001 4.469386897981166 9.5592591390013677 5.3811459094285956 66.172801859676838 7.7589499428868285 4.9760894626379004 4.510125033557415 5.6707085222005844 6.2181017622351638 20.520961135625839
leaf_count=2535 46 17 20 106 32 95 29 326 31 104 83 27 48 57 154 35 23 31 18 192 27 60 38 425 56 36 30 37 51 137
internal_value=-0.000404222 -0.0116506 -0.0127601 -0.0137089 -0.0564384 -0.0120808 -0.0102938 -0.0175678 0.00133092 0.0385329 -0.0295685 -0.0251963 -0.00151274 -0.0386178 -0.0422096 0.0202599 -0.000660416 0.0417288 -0.00577073 -0.00836004 0.0127123 0.00230352 -0.0447979 -0.022838 0.00451004 0.0296208 0.0649308 -0.012055 -0.0246273 -0.0130936
internal_weight=877.541 352.23 348.993 345.218 12.671 332.547 317.92 181.142 70.3517 21.3711 110.791 104.672 43.7578 16.1814 60.914 27.5764 136.777 14.7154 122.062 118.933 48.4356 43.9662 14.9404 70.497 22.7195 14.9606 9.98449 9.49435 38.7841 32.566
internal_count=4906 2371 2354 2334 138 2196 2101 1221 461 135 760 714 289 105 425 184 880 91 789 771 317 290 98 454 157 101 65 60 271 220
is_linear=0
shrinkage=0.1


end of trees

feature_importances:
Column_0=95
Column_1=47
Column_12=16
Column_13=15
Column_7=13
Column_9=13
Column_8=12
Column_10=12
Column_14=11
Column_6=10
Column_11=10
Column_15=10
Column_16=9
Column_67=9
Column_81=9
Column_83=8
Column_99=8
Column_5=7
Column_69=7
Column_74=7
Column_26=6
Column_45=6
Column_61=6
Column_73=6
Column_108=6
Column_102=5
Column_167=5
Column_21=4
Column_80=4
Column_100=4
Column_126=4
Column_140=4
Column_143=4
Column_205=4
Column_264=4
Column_27=3
Column_36=3
Column_40=3
Column_51=3
Column_54=3
Column_68=3
Column_78=3
Column_82=3
Column_86=3
Column_93=3
Column_101=3
Column_135=3
Column_138=3
Column_151=3
Column_153=3
Column_217=3
Column_303=3
Column_17=2
Column_22=2
Column_39=2
Column_52=2
Column_53=2
Column_59=2
Column_63=2
Column_71=2
Column_79=2
Column_88=2
Column_94=2
Column_95=2
Column_98=2
Column_103=2
Column_114=2
Column_130=2
Column_132=2
Column_137=2
Column_139=2
Column_168=2
Column_278=2
Column_30=1
Column_33=1
Column_44=1
Column_49=1
Column_56=1
Column_62=1
Column_64=1
Column_91=1
Column_127=1
Column_129=1
Column_133=1
Column_149=1
Column_178=1
Column_236=1
Column_267=1
Column_268=1
Column_272=1

parameters:
[boosting: gbdt]
[objective: binary]
[metric: binary_logloss]
[tree_learner: serial]
[device_type: cpu]
[data_sample_strategy: bagging]
[data: ]
[valid: ]
[num_iterations: 300]
[learning_rate: 0.1]
[num_leaves: 31]
[num_threads: 0]
[seed: 0]
[deterministic: 0]
[force_col_wise: 0]
[force_row_wise: 0]
[histogram_pool_size: -1]
[max_depth: -1]
[min_data_in_leaf: 20]
[min_sum_hessian_in_leaf: 0.001]
[bagging_fraction: 1]
[pos_bagging_fraction: 1]
[neg_bagging_fraction: 1]
[bagging_freq: 0]
[bagging_seed: 7719]
[bagging_by_query: 0]
[feature_fraction: 1]
[feature_fraction_bynode: 1]
[feature_fraction_seed: 2437]
[extra_trees: 0]
[extra_seed: 11797]
[early_stopping_round: 0]
[early_stopping_min_delta: 0]
[first_metric_only: 0]
[max_delta_step: 0]
[lambda_l1: 0]
[lambda_l2: 0]
[linear_lambda: 0]
[min_gain_to_split: 0]
[drop_rate: 0.1]
[max_drop: 50]
[skip_drop: 0.5]
[xgboost_dart_mode: 0]
[uniform_drop: 0]
[drop_seed: 21238]
[top_rate: 0.2]
[other_rate: 0.1]
[min_data_per_group: 100]
[max_cat_threshold: 32]
[cat_l2: 10]
[cat_smooth: 10]
[max_cat_to_onehot: 4]
[top_k: 20]
[monotone_constraints: ]
[monotone_constraints_method: basic]
[monotone_penalty: 0]
[feature_contri: ]
[forcedsplits_filename: ]
[refit_decay_rate: 0.9]
[cegb_tradeoff: 1]
[cegb_penalty_split: 0]
[cegb_penalty_feature_lazy: ]
[cegb_penalty_feature_coupled: ]
[path_smooth: 0]
[interaction_constraints: ]
[verbosity: -1]
[saved_feature_importance_type: 0]
[use_quantized_grad: 0]
[num_grad_quant_bins: 4]
[quant_train_renew_leaf: 0]
[stochastic_rounding: 1]
[linear_tree: 0]
[max_bin: 255]
[max_bin_by_feature: ]
[min_data_in_bin: 3]
[bin_construct_sample_cnt: 200000]
[data_random_seed: 38]
[is_enable_sparse: 1]
[enable_bundle: 1]
[use_missing: 1]
[zero_as_missing: 0]
[feature_pre_filter: 1]
[pre_partition: 0]
[two_round: 0]
[header: 0]
[label_column: ]
[weight_column: ]
[group_column: ]
[ignore_column: ]
[categorical_feature: ]
[forcedbins_filename: ]
[precise_float_parser: 0]
[parser_config_file: ]
[objective_seed: 8855]
[num_class: 1]
[is_unbalance: 0]
[scale_pos_weight: 1]
[sigmoid: 1]
[boost_from_average: 1]
[reg_sqrt: 0]
[alpha: 0.9]
[fair_c: 1]
[poisson_max_delta_step: 0.7]
[tweedie_variance_power: 1.5]
[lambdarank_truncation_level: 30]
[lambdarank_norm: 1]
[label_gain: ]
[lambdarank_position_bias_regularization: 0]
[eval_at: ]
[multi_error_top_k: 1]
[auc_mu_weights: ]
[num_machines: 1]
[local_listen_port: 12400]
[time_out: 120]
[machine_list_filename: ]
[machines: ]
[gpu_platform_id: -1]
[gpu_device_id: -1]
[gpu_device_id_list: ]
[gpu_use_dp: 0]
[num_gpu: 1]

end of parameters

pandas_categorical:null
