tree
version=v4
num_class=1
num_tree_per_iteration=1
label_index=0
max_feature_idx=567
objective=binary sigmoid:1
feature_names=Column_0 Column_1 Column_2 Column_3 Column_4 Column_5 Column_6 Column_7 Column_8 Column_9 Column_10 Column_11 Column_12 Column_13 Column_14 Column_15 Column_16 Column_17 Column_18 Column_19 Column_20 Column_21 Column_22 Column_23 Column_24 Column_25 Column_26 Column_27 Column_28 Column_29 Column_30 Column_31 Column_32 Column_33 Column_34 Column_35 Column_36 Column_37 Column_38 Column_39 Column_40 Column_41 Column_42 Column_43 Column_44 Column_45 Column_46 Column_47 Column_48 Column_49 Column_50 Column_51 Column_52 Column_53 Column_54 Column_55 Column_56 Column_57 Column_58 Column_59 Column_60 Column_61 Column_62 Column_63 Column_64 Column_65 Column_66 Column_67 Column_68 Column_69 Column_70 Column_71 Column_72 Column_73 Column_74 Column_75 Column_76 Column_77 Column_78 Column_79 Column_80 Column_81 Column_82 Column_83 Column_84 Column_85 Column_86 Column_87 Column_88 Column_89 Column_90 Column_91 Column_92 Column_93 Column_94 Column_95 Column_96 Column_97 Column_98 Column_99 Column_100 Column_101 Column_102 Column_103 Column_104 Column_105 Column_106 Column_107 Column_108 Column_109 Column_110 Column_111 Column_112 Column_113 Column_114 Column_115 Column_116 Column_117 Column_118 Column_119 Column_120 Column_121 Column_122 Column_123 Column_124 Column_125 Column_126 Column_127 Column_128 Column_129 Column_130 Column_131 Column_132 Column_133 Column_134 Column_135 Column_136 Column_137 Column_138 Column_139 Column_140 Column_141 Column_142 Column_143 Column_144 Column_145 Column_146 Column_147 Column_148 Column_149 Column_150 Column_151 Column_152 Column_153 Column_154 Column_155 Column_156 Column_157 Column_158 Column_159 Column_160 Column_161 Column_162 Column_163 Column_164 Column_165 Column_166 Column_167 Column_168 Column_169 Column_170 Column_171 Column_172 Column_173 Column_174 Column_175 Column_176 Column_177 Column_178 Column_179 Column_180 Column_181 Column_182 Column_183 Column_184 Column_185 Column_186 Column_187 Column_188 Column_189 Column_190 Column_191 Column_192 Column_193 Column_194 Column_195 Column_196 Column_197 Column_198 Column_199 Column_200 Column_201 Column_202 Column_203 Column_204 Column_205 Column_206 Column_207 Column_208 Column_209 Column_210 Column_211 Column_212 Column_213 Column_214 Column_215 Column_216 Column_217 Column_218 Column_219 Column_220 Column_221 Column_222 Column_223 Column_224 Column_225 Column_226 Column_227 Column_228 Column_229 Column_230 Column_231 Column_232 Column_233 Column_234 Column_235 Column_236 Column_237 Column_238 Column_239 Column_240 Column_241 Column_242 Column_243 Column_244 Column_245 Column_246 Column_247 Column_248 Column_249 Column_250 Column_251 Column_252 Column_253 Column_254 Column_255 Column_256 Column_257 Column_258 Column_259 Column_260 Column_261 Column_262 Column_263 Column_264 Column_265 Column_266 Column_267 Column_268 Column_269 Column_270 Column_271 Column_272 Column_273 Column_274 Column_275 Column_276 Column_277 Column_278 Column_279 Column_280 Column_281 Column_282 Column_283 Column_284 Column_285 Column_286 Column_287 Column_288 Column_289 Column_290 Column_291 Column_292 Column_293 Column_294 Column_295 Column_296 Column_297 Column_298 Column_299 Column_300 Column_301 Column_302 Column_303 Column_304 Column_305 Column_306 Column_307 Column_308 Column_309 Column_310 Column_311 Column_312 Column_313 Column_314 Column_315 Column_316 Column_317 Column_318 Column_319 Column_320 Column_321 Column_322 Column_323 Column_324 Column_325 Column_326 Column_327 Column_328 Column_329 Column_330 Column_331 Column_332 Column_333 Column_334 Column_335 Column_336 Column_337 Column_338 Column_339 Column_340 Column_341 Column_342 Column_343 Column_344 Column_345 Column_346 Column_347 Column_348 Column_349 Column_350 Column_351 Column_352 Column_353 Column_354 Column_355 Column_356 Column_357 Column_358 Column_359 Column_360 Column_361 Column_362 Column_363 Column_364 Column_365 Column_366 Column_367 Column_368 Column_369 Column_370 Column_371 Column_372 Column_373 Column_374 Column_375 Column_376 Column_377 Column_378 Column_379 Column_380 Column_381 Column_382 Column_383 Column_384 Column_385 Column_386 Column_387 Column_388 Column_389 Column_390 Column_391 Column_392 Column_393 Column_394 Column_395 Column_396 Column_397 Column_398 Column_399 Column_400 Column_401 Column_402 Column_403 Column_404 Column_405 Column_406 Column_407 Column_408 Column_409 Column_410 Column_411 Column_412 Column_413 Column_414 Column_415 Column_416 Column_417 Column_418 Column_419 Column_420 Column_421 Column_422 Column_423 Column_424 Column_425 Column_426 Column_427 Column_428 Column_429 Column_430 Column_431 Column_432 Column_433 Column_434 Column_435 Column_436 Column_437 Column_438 Column_439 Column_440 Column_441 Column_442 Column_443 Column_444 Column_445 Column_446 Column_447 Column_448 Column_449 Column_450 Column_451 Column_452 Column_453 Column_454 Column_455 Column_456 Column_457 Column_458 Column_459 Column_460 Column_461 Column_462 Column_463 Column_464 Column_465 Column_466 Column_467 Column_468 Column_469 Column_470 Column_471 Column_472 Column_473 Column_474 Column_475 Column_476 Column_477 Column_478 Column_479 Column_480 Column_481 Column_482 Column_483 Column_484 Column_485 Column_486 Column_487 Column_488 Column_489 Column_490 Column_491 Column_492 Column_493 Column_494 Column_495 Column_496 Column_497 Column_498 Column_499 Column_500 Column_501 Column_502 Column_503 Column_504 Column_505 Column_506 Column_507 Column_508 Column_509 Column_510 Column_511 Column_512 Column_513 Column_514 Column_515 Column_516 Column_517 Column_518 Column_519 Column_520 Column_521 Column_522 Column_523 Column_524 Column_525 Column_526 Column_527 Column_528 Column_529 Column_530 Column_531 Column_532 Column_533 Column_534 Column_535 Column_536 Column_537 Column_538 Column_539 Column_540 Column_541 Column_542 Column_543 Column_544 Column_545 Column_546 Column_547 Column_548 Column_549 Column_550 Column_551 Column_552 Column_553 Column_554 Column_555 Column_556 Column_557 Column_558 Column_559 Column_560 Column_561 Column_562 Column_563 Column_564 Column_565 Column_566 Column_567
feature_infos=[2.0013689994812012:17.993154525756836] [-0.7776256799697876:0.99923950433731079] none none none [0:1] [0:1] [0:1] [0:1] [0:1] [0:1] [0:1] [0:1] [0:1] [0:1] [0:1] [0:1] [0:1] [0:1] [0:1] [0:1] [0:1] [0:1] [0:1] [0:1] [0:1] [0:1] [0:1] [0:1] [0:1] [0:1] [0:1] [0:1] [0:1] [0:1] [0:1] [0:1] [0:1] [0:1] [0:1] [0:1] [0:1] [0:1] [0:1] [0:1] [0:1] [0:1] [0:1] [0:1] [0:1] [0:1] [0:1] [0:1] [0:1] [0:1] [0:1] [0:1] [0:1] [0:1] [0:1] [0:1] [0:1] [0:1] [0:1] [0:1] [0:1] [0:1] [0:1] [0:1] [0:1] [0:1] [0:1] [0:1] [0:1] [0:1] [0:1] [0:1] [0:1] [0:1] [0:1] [0:1] [0:1] [0:1] [0:1] [0:1] [0:1] [0:1] [0:1] [0:1] [0:1] [0:1] [0:1] [0:1] [0:1] [0:1] [0:1] [0:1] [0:1] [0:1] [0:1] [0:1] [0:1] [0:1] [0:1] [0:1] [0:1] [0:1] [0:1] [0:1] none none none none [0:1] [0:1] none [0:1] none [0:1] none none [0:1] none none none none [0:1] [0:1] [0:1] [0:1] [0:1] none [0:1] [0:1] [0:1] [0:1] none [0:1] [0:1] [0:1] [0:1] [0:1] [0:1] [0:1] [0:1] [0:1] [0:1] [0:1] [0:1] [0:1] [0:1] [0:1] [0:1] [0:1] [0:1] [0:1] [0:1] none none none none none none none none none none [0:1] [0:1] none none none none none [0:1] [0:1] [0:1] [0:1] [0:1] [0:1] [0:1] [0:1] [0:1] [0:1] [0:1] [0:1] [0:1] [0:1] [0:1] [0:1] [0:1] [0:1] [0:1] [0:1] [0:1] [0:1] [0:1] [0:1] [0:1] [0:1] [0:1] [0:1] none none [0:1] [0:1] [0:1] none [0:1] [0:1] [0:1] [0:1] [0:1] none [0:1] none none [0:1] none [0:1] [0:1] [0:1] [0:1] [0:1] [0:1] [0:1] [0:1] [0:1] [0:1] [0:1] [0:1] [0:1] [0:1] [0:1] [0:1] [0:1] [0:1] [0:1] [0:1] [0:1] [0:1] [0:1] [0:1] [0:1] none none none none none none none none none none none none none none none none none [0:1] [0:1] [0:1] [0:1] [0:1] [0:1] [0:1] [0:1] [0:1] [0:1] none [0:1] [0:1] [0:1] [0:1] none [0:1] [0:1] none none none [0:1] [0:1] none none none none none [0:1] [0:1] [0:1] [0:1] [0:1] [0:1] [0:1] none none none [0:1] none [0:1] [0:1] [0:1] none [0:1] [0:1] [0:1] [0:1] none none [0:1] [0:1] none none none none [0:1] [0:1] none none none [0:1] none none [0:1] [0:1] none none [0:1] [0:1] none none none none none none none none none none none none none none none none none none none none none none none none none none none none none none none none none none none none none none none none none none none none none none none none none none none none none none none none none none none none none none none none none none none none none none none none none none none none none none none none none none none none none none none none none none none none none none none none none none none none none none none none none none none none none none none none none none none none none none none none none none none none none none none none none none none none none none none none none none none none none none none none none none none none none none none none none none none none none none none none none none none none none none none none none none none none none none none none none none none none none none none none none none none none none none none none none none none none none none none none none none none none none none none none none none none none none none none none none none none none none none none none none none none none none none none none none none none none none
tree_sizes=3386 3476 3478 3486 3466 3494 3478 3465 3451 3479 3480 3494 3508 3504 3467 3472 3483 3476

Tree=0
num_leaves=31
num_cat=0
split_feature=7 15 9 5 9 5 15 9 5 41 83 5 14 8 82 21 14 12 84 0 6 11 12 40 0 26 0 79 0 0
split_gain=133.337 90.3233 58.2273 28.8727 20.0435 16.4699 14.1374 16.293 10.4033 10.2506 8.96467 8.78374 10.9356 8.59674 8.57875 8.35062 8.16668 7.77062 7.08229 6.51318 6.29886 7.41837 5.8579 11.9532 5.82418 5.62723 5.54661 5.43536 5.36522 6.26432
threshold=1.0000000180025095e-35 1.0000000180025095e-35 1.0000000180025095e-35 1.0000000180025095e-35 1.0000000180025095e-35 1.0000000180025095e-35 1.0000000180025095e-35 1.0000000180025095e-35 1.0000000180025095e-35 1.0000000180025095e-35 1.0000000180025095e-35 1.0000000180025095e-35 1.0000000180025095e-35 1.0000000180025095e-35 1.0000000180025095e-35 1.0000000180025095e-35 1.0000000180025095e-35 1.0000000180025095e-35 1.0000000180025095e-35 8.5516767501831072 1.0000000180025095e-35 1.0000000180025095e-35 1.0000000180025095e-35 1.0000000180025095e-35 8.0862421989440936 1.0000000180025095e-35 3.4811772108078007 1.0000000180025095e-35 4.7556469440460214 9.5838465690612811
decision_type=2 2 2 2 2 2 2 2 2 2 2 2 2 2 2 2 2 2 2 2 2 2 2 2 2 2 2 2 2 2
left_child=1 2 3 22 8 6 7 -2 13 14 15 12 27 16 -5 -9 17 -3 -6 -16 21 -13 23 -1 -20 -12 -15 -4 -14 -30
right_child=5 4 11 9 18 -7 -8 10 -10 -11 25 20 28 26 19 -17 -18 -19 24 -21 -22 -23 -24 -25 -26 -27 -28 -29 29 -31
leaf_value=-0.96354942974119773 -1.0838094630534238 -1.0652545143257794 -1.0408392322037145 -1.0160309643762599 -1.1670193317836763 -1.1748580369681945 -1.1629645659571515 -1.1826338837034789 -1.1280849971216242 -1.1534195066425248 -1.1554747040985571 -1.1693210344045262 -1.0301076592805904 -0.99516930252804237 -1.1839159850223582 -1.051368322618855 -1.0924975820529976 -0.9577647088282556 -0.981174386517918 -1.0352456529206711 -1.0689490056973465 -1.0788843455704222 -0.93379715088075321 -1.1056500522590729 -1.1554747040985571 -0.99609059793936716 -1.1237864270439204 -0.91987434118431577 -1.1991943590723337 -1.0935126871794574
leaf_weight=40.797128081321716 83.652826845645905 12.912852466106415 37.9899862408638 68.307118117809296 75.792829692363739 143.16423386335373 89.454253315925598 45.288555026054382 59.511407017707825 7.2985687851905814 3.7428557872772199 25.638562142848969 7.2985687851905814 3.7428557872772208 5.8014264702796918 5.4271408915519705 20.959992408752441 14.035709202289581 3.9299985766410819 5.9885692596435547 20.398564040660858 14.03570920228958 44.727126657962799 6.9242832064628592 3.7428557872772217 5.4271408915519714 32.188559770584106 4.117141366004943 8.2342827320098895 17.591422200202942
leaf_count=218 447 69 203 365 405 765 478 242 318 39 20 137 39 20 31 29 112 75 21 32 109 75 239 37 20 29 172 22 44 94
internal_value=-1.10242 -1.07067 -1.03604 -0.998756 -1.11879 -1.14816 -1.13176 -1.11232 -1.09611 -1.03997 -1.15214 -1.0856 -1.06283 -1.07341 -1.02963 -1.16859 -1.04568 -1.00927 -1.15775 -1.1084 -1.11411 -1.13733 -0.959798 -0.984168 -1.0662 -1.06115 -1.11039 -1.02901 -1.10581 -1.12721
internal_weight=918.123 541.966 315.148 179.844 226.817 376.157 232.993 143.539 143.351 87.3957 59.8857 135.304 75.2314 83.84 80.0971 50.7157 47.9086 26.9486 83.4657 11.79 60.0728 39.6743 92.4485 47.7214 7.67285 9.17 35.9314 42.1071 33.1243 25.8257
internal_count=4906 2896 1684 961 1212 2010 1245 767 766 467 320 723 402 448 428 271 256 144 446 63 321 212 494 255 41 49 192 225 177 138
is_linear=0
shrinkage=1


Tree=1
num_leaves=31
num_cat=0
split_feature=7 15 9 5 9 5 15 9 105 5 42 83 21 5 10 16 61 10 82 56 84 81 0 73 5 53 6 11 24 0
split_gain=108.602 70.0305 42.8175 19.987 16.8169 14.427 12.0609 13.5474 10.0607 9.88399 8.54063 7.54353 7.1226 6.94067 9.50822 7.33068 7.06868 6.11223 5.98276 7.12529 5.97591 5.75615 5.68858 7.54983 5.48843 5.27048 5.1467 6.27165 5.06599 9.28494
threshold=1.0000000180025095e-35 1.0000000180025095e-35 1.0000000180025095e-35 1.0000000180025095e-35 1.0000000180025095e-35 1.0000000180025095e-35 1.0000000180025095e-35 1.0000000180025095e-35 1.0000000180025095e-35 1.0000000180025095e-35 1.0000000180025095e-35 1.0000000180025095e-35 1.0000000180025095e-35 1.0000000180025095e-35 1.0000000180025095e-35 1.0000000180025095e-35 1.0000000180025095e-35 1.0000000180025095e-35 1.0000000180025095e-35 1.0000000180025095e-35 1.0000000180025095e-35 1.0000000180025095e-35 12.057495117187502 1.0000000180025095e-35 1.0000000180025095e-35 1.0000000180025095e-35 1.0000000180025095e-35 1.0000000180025095e-35 1.0000000180025095e-35 11.494866847991945
decision_type=2 2 2 2 2 2 2 2 2 2 2 2 2 2 2 2 2 2 2 2 2 2 2 2 2 2 2 2 2 2
left_child=1 2 3 28 8 6 7 -2 9 17 18 12 -9 14 -4 16 -16 25 -5 -20 24 -17 -12 -24 -6 -3 27 -15 -1 -30
right_child=5 4 13 10 20 -7 -8 11 -10 -11 22 -13 -14 26 15 21 -18 -19 19 -21 -22 -23 23 -25 -26 -27 -28 -29 29 -31
leaf_value=0.1890808598134272 0.016587080187206497 0.014644343373268859 0.0070974668778178238 0.080470149896484558 -0.039775897654503012 -0.067807914006530579 -0.056302356474881181 -0.075413058941891528 0.13214280373893228 -0.032315858712663945 -0.10870322878999295 0.036223124899740861 0.044744530111672183 -0.0624325756349286 0.083539347461881991 0.2000943501977786 -0.049593644697566143 0.050090110255473809 -0.10625437615877759 0.063023546930777205 0.031820782691224167 0.052126994894729328 0.081924795814006968 -0.086148445000402918 -0.096844329047545238 -0.070323705603914016 0.02960191161721315 0.020922746582849552 0.13734488376500462 0.070969614588531266
leaf_weight=9.4562463760375959 84.431656435132027 32.239032536745071 47.340714558959007 63.228905081748962 47.069928348064423 137.92367286980152 86.720475822687149 43.451501965522766 6.0190207958221427 55.972357213497162 4.3759152889251736 9.3547352850437147 5.5651259273290625 24.772242441773415 12.332577645778658 6.8717662394046801 5.8941583484411231 40.10714465379715 3.9893253296613675 6.6010901629924774 7.8073322921991339 4.2581904232501984 7.8420477807521802 4.0544191896915436 26.25053696334362 9.4372695535421354 20.739442095160484 14.200858399271963 55.44520965218544 33.997565060853958
leaf_count=47 447 170 249 324 260 765 478 242 32 303 24 49 29 137 64 36 31 211 22 35 41 22 41 21 145 50 109 75 276 171
internal_value=-0.000148657 0.0279608 0.057618 0.088436 -0.0149488 -0.0422465 -0.0268863 -0.0090227 0.0055921 6.26631e-05 0.0543633 -0.0460662 -0.0617709 0.0149209 0.034824 0.0795359 0.0404868 0.0222224 0.0688191 -0.000742101 -0.0513514 0.143484 -0.0112153 0.024644 -0.0602078 -0.004596 -0.0106434 -0.0320599 0.119474 0.112115
internal_weight=917.75 550.303 325.401 188.991 224.903 367.447 229.523 142.803 143.775 137.756 90.0917 58.3714 49.0166 136.41 76.6974 29.3567 18.2267 81.7834 73.8193 10.5904 81.1278 11.13 16.2724 11.8965 73.3205 41.6763 59.7125 38.9731 98.899 89.4428
internal_count=4906 2896 1684 961 1212 2010 1245 767 766 734 467 320 271 723 402 153 95 431 381 57 446 58 86 62 405 220 321 212 494 447
is_linear=0
shrinkage=0.1


Tree=2
num_leaves=31
num_cat=0
split_feature=7 15 9 5 9 9 15 5 105 5 42 14 6 0 5 53 26 54 51 10 99 1 84 5 0 73 10 81 1 134
split_gain=88.6618 54.8264 32.2057 14.4514 14.1013 13.1057 10.2651 10.7795 7.58657 8.04519 6.58233 5.9239 8.39076 8.60855 7.85866 5.66836 5.52456 5.34283 7.16841 6.21802 5.85705 5.10191 5.0635 4.98295 4.86557 6.07007 4.78705 4.72564 4.71436 4.71335
threshold=1.0000000180025095e-35 1.0000000180025095e-35 1.0000000180025095e-35 1.0000000180025095e-35 1.0000000180025095e-35 1.0000000180025095e-35 1.0000000180025095e-35 1.0000000180025095e-35 1.0000000180025095e-35 1.0000000180025095e-35 1.0000000180025095e-35 1.0000000180025095e-35 1.0000000180025095e-35 5.0171115398406991 1.0000000180025095e-35 1.0000000180025095e-35 1.0000000180025095e-35 1.0000000180025095e-35 1.0000000180025095e-35 1.0000000180025095e-35 1.0000000180025095e-35 0.17408167570829394 1.0000000180025095e-35 1.0000000180025095e-35 12.057495117187502 1.0000000180025095e-35 1.0000000180025095e-35 1.0000000180025095e-35 -0.6200471520423888 1.0000000180025095e-35
decision_type=2 2 2 2 2 2 2 2 2 2 2 2 2 2 2 2 2 2 2 2 2 2 2 2 2 2 2 2 2 2
left_child=1 2 3 -1 8 6 7 -2 9 26 17 14 -13 -14 -4 -16 -17 19 21 28 -20 -19 23 -6 -12 -26 -3 -21 -5 -9
right_child=5 4 11 10 22 -7 -8 29 -10 -11 24 12 13 -15 15 16 -18 18 20 27 -22 -23 -24 -25 25 -27 -28 -29 -30 -31
leaf_value=0.10196042359589277 0.01480048236084072 -0.0041782696810048255 0.058721206260399707 0.08780652343611961 -0.036606947424402125 -0.063816014535005156 -0.050458340789969608 -0.054695781785671242 0.11134907370053392 -0.029601379831252401 -0.10407207148689046 -0.046214931755813288 0.14509631533511863 -0.00049154822903234752 -0.024501091709628938 0.12553284636062897 -0.028860429954051321 0.091896417241369682 -0.030314824605387453 0.13526387596228026 0.10803800424810164 0.20569549675477986 0.028180873249418027 -0.092121767140982261 0.070806755908988481 -0.081082608172465764 0.043953455466083757 0.017768125053921151 -0.034948274814710002 0.040357806056841021
leaf_weight=103.96836277842522 85.122503265738487 41.57664555311203 44.385143920779228 3.981469362974166 46.08368992805481 133.55612741410732 90.062132716178894 44.495025634765625 6.4056136161088935 55.045141652226448 4.1265717744827297 31.214255422353745 5.3160038292408016 17.209640577435493 29.507253363728523 5.7931781411170942 3.863069623708725 26.04164952039719 8.2783050984144193 7.285962760448454 4.8540423512458792 4.6418560296297064 7.9273827672004691 24.907117635011673 8.148259684443472 3.8858744502067557 41.080497279763222 6.4564214795827866 14.604638427495958 5.9094955921173087
leaf_count=494 447 220 225 20 260 759 514 256 32 303 24 169 27 91 159 31 21 130 41 36 24 23 41 145 41 21 211 33 74 34
internal_value=-0.000253019 0.0247419 0.0504055 0.076393 -0.0136411 -0.0389891 -0.0242907 -0.00690152 0.00496682 1.81495e-05 0.047595 0.0132527 -0.0126478 0.0338669 0.0299123 -0.00273764 0.0637664 0.0598974 0.0826507 0.0290591 0.0208238 0.109112 -0.0476198 -0.0560843 -0.01037 0.021761 0.0197431 0.0800622 -0.00865205 -0.0435516
internal_weight=915.733 556.588 333.562 196.273 223.026 359.145 225.589 135.527 144.108 137.702 92.3051 137.289 53.7399 22.5256 83.5486 39.1635 9.65625 76.1443 43.8159 32.3285 13.1323 30.6835 78.9182 70.9908 16.1607 12.0341 82.6571 13.7424 18.5861 50.4045
internal_count=4906 2896 1684 961 1212 2010 1251 737 766 734 467 723 287 118 436 211 52 381 218 163 65 153 446 405 86 62 431 69 94 290
is_linear=0
shrinkage=0.1


Tree=3
num_leaves=31
num_cat=0
split_feature=7 15 9 9 5 5 15 9 83 21 105 5 82 11 14 6 0 5 0 53 13 13 8 42 84 5 0 10 0 6
split_gain=72.468 43.2161 24.6196 11.8202 11.8071 10.7769 8.98083 8.67244 6.60372 6.30929 5.82106 6.55482 5.26321 4.7697 4.73548 6.88047 6.40857 6.12361 4.56312 4.48829 4.31128 4.30706 4.306 4.30191 4.28787 4.52659 4.35543 4.19022 8.54636 4.80612
threshold=1.0000000180025095e-35 1.0000000180025095e-35 1.0000000180025095e-35 1.0000000180025095e-35 1.0000000180025095e-35 1.0000000180025095e-35 1.0000000180025095e-35 1.0000000180025095e-35 1.0000000180025095e-35 1.0000000180025095e-35 1.0000000180025095e-35 1.0000000180025095e-35 1.0000000180025095e-35 1.0000000180025095e-35 1.0000000180025095e-35 1.0000000180025095e-35 5.0171115398406991 1.0000000180025095e-35 13.151266574859621 1.0000000180025095e-35 1.0000000180025095e-35 1.0000000180025095e-35 1.0000000180025095e-35 1.0000000180025095e-35 1.0000000180025095e-35 1.0000000180025095e-35 8.0862421989440936 1.0000000180025095e-35 11.998631000518801 1.0000000180025095e-35
decision_type=2 2 2 2 2 2 2 2 2 2 2 2 2 2 2 2 2 2 2 2 2 2 2 2 2 2 2 2 2 2
left_child=1 2 5 10 6 -1 7 -2 9 -9 11 22 23 -14 17 -16 -17 -4 -13 -19 -10 -20 27 -7 25 -5 -26 28 29 -3
right_child=4 3 14 24 -6 12 -8 8 20 -11 -12 18 13 -15 15 16 -18 19 21 -21 -22 -23 -24 -25 26 -27 -28 -29 -30 -31
leaf_value=0.088134285346717522 0.01321980470461466 0.10367512586689885 0.051407635762609941 -0.03364820478152656 -0.059990756497732625 0.06172865325730495 -0.04835208986655453 -0.066990688271423696 -0.019808463897401249 0.047076978043595771 0.095349835798351601 -0.043284770045539378 0.038420320116369033 -0.084067712759028204 -0.042653724500884865 0.12223664082113975 -0.00044250064916318444 -0.022343383112956316 0.081140987577658807 0.055427925637975634 0.11826506321877833 -0.034571041909151355 -0.0090608537690524179 0.00083036059506079386 0.094017989358757423 -0.087669669107510048 -0.053563462619582926 0.064761748138100206 -0.088778516451013076 -0.0060645408704420364
leaf_weight=108.01357834041119 85.736124560236931 7.5259939730167433 45.562164068222046 45.17189234495163 129.08121471107006 67.269483625888824 81.639280304312706 40.219111919403076 5.2653313875198346 5.5138113498687735 6.7141989022493354 41.314118251204491 6.9324105083942396 5.8718297034502029 30.478151321411133 5.6585590541362789 17.205481827259064 29.141151651740074 6.6174128800630552 9.9558584541082364 3.9639386832714081 6.2597148865461349 35.114395901560783 14.016841992735861 4.2767360061407071 23.622267544269562 3.7558838725090027 25.541146531701088 6.7336601018905631 8.4962126016616821
leaf_count=494 447 39 225 260 765 324 478 242 28 29 32 231 37 31 169 27 91 159 37 52 21 35 185 75 21 145 20 127 36 44
internal_value=-0.000323313 0.0219739 0.0443496 -0.0124384 -0.0359341 0.066582 -0.0219677 -0.00665836 -0.0376665 -0.0532381 0.00442994 -6.41176e-06 0.0418406 -0.0177508 0.0117899 -0.0115469 0.029919 0.026494 -0.0270843 -0.00253931 0.0394936 0.0248921 0.0175857 0.0512275 -0.0441252 -0.0521979 0.025012 0.0369592 0.00575361 0.0454827
internal_weight=912.668 561.249 340.106 221.144 351.419 202.104 222.338 140.698 54.9622 45.7329 144.317 137.603 94.0906 12.8042 138.001 53.3422 22.864 84.6592 54.1912 39.097 9.22927 12.8771 83.4114 81.2863 76.8268 68.7942 8.03262 48.297 22.7559 16.0222
internal_count=4906 2896 1684 1212 2010 961 1245 767 320 271 766 734 467 68 723 287 118 436 303 211 49 72 431 399 446 405 41 246 119 83
is_linear=0
shrinkage=0.1


Tree=4
num_leaves=31
num_cat=0
split_feature=7 15 9 9 9 5 15 5 105 5 12 44 8 41 11 61 13 86 134 78 24 0 0 26 0 0 14 6 0 99
split_gain=59.3409 34.3343 19.0478 10.7804 9.88711 8.19712 7.44851 6.8772 4.52798 5.34115 4.51944 4.48337 4.47957 6.30082 4.27352 7.12393 4.50505 4.14265 4.08966 3.97857 5.60106 3.98094 10.6258 5.47753 11.011 3.96186 3.88716 5.69645 5.5181 5.09977
threshold=1.0000000180025095e-35 1.0000000180025095e-35 1.0000000180025095e-35 1.0000000180025095e-35 1.0000000180025095e-35 1.0000000180025095e-35 1.0000000180025095e-35 1.0000000180025095e-35 1.0000000180025095e-35 1.0000000180025095e-35 1.0000000180025095e-35 1.0000000180025095e-35 1.0000000180025095e-35 1.0000000180025095e-35 1.0000000180025095e-35 1.0000000180025095e-35 1.0000000180025095e-35 1.0000000180025095e-35 1.0000000180025095e-35 1.0000000180025095e-35 1.0000000180025095e-35 12.203969955444338 13.813826084136965 1.0000000180025095e-35 8.5516767501831072 15.868583202362062 1.0000000180025095e-35 1.0000000180025095e-35 5.0171115398406991 1.0000000180025095e-35
decision_type=2 2 2 2 2 2 2 2 2 2 2 2 2 2 2 2 2 2 2 2 2 2 2 2 2 2 2 2 2 2
left_child=1 2 5 6 8 19 7 -2 9 -3 -8 -4 14 -14 15 16 -7 -5 25 20 -1 23 -23 24 -22 -9 29 -28 -29 -13
right_child=3 4 11 17 -6 12 10 18 -10 -11 -12 26 13 -15 -16 -17 -18 -19 -20 -21 21 22 -24 -25 -26 -27 27 28 -30 -31
leaf_value=0.14186963115621107 0.01181838759503652 0.015646876242180988 -0.079406450238584531 -0.062093359897479689 -0.040874233385979869 0.090476093060861407 -0.060172865512371991 -0.057778002242086228 0.082595182255061905 -0.024799583482857566 -0.012132790220792618 0.018913208922650738 0.025754480404710168 -0.10441443315127677 0.024216894079033519 0.14775999196095529 -0.0090961107972554727 0.0025640362878579632 0.042774375079828536 0.15250935360463713 0.06256196172394031 -0.068354918116913882 0.067045045583223759 0.056480684727798935 0.20472618188225475 0.038085424693503706 -0.037633498296655521 0.114817609059631 0.001132198832033782 0.099247954540156835
leaf_weight=10.38488884270191 86.281818822026253 84.011162921786308 5.3303524851799002 114.45421400666237 74.835155248641968 9.891025111079216 54.35632511973381 36.78844878077507 6.9614840298891059 53.403535097837448 30.61116024851799 73.429813370108604 40.416639193892479 4.095435455441474 22.245073869824409 10.59991428256035 8.4050397872924805 10.848534584045408 5.8454016447067252 6.5493284016847602 13.868810981512071 7.4696780294179908 25.867197662591934 38.116986885666847 8.9729731380939466 4.8834224045276633 28.18276809155941 5.7004519402980831 17.008812561631203 8.8550623059272748
leaf_count=45 447 431 28 693 446 48 329 226 32 303 185 374 195 24 108 50 42 66 34 29 61 34 117 168 40 30 160 26 90 45
internal_value=-0.000371081 0.0195781 0.0392239 -0.0331068 -0.0113759 0.058439 -0.0197105 -0.00500624 0.00391416 -7.18494e-05 -0.0428655 0.0105231 0.0369741 0.013778 0.0571634 0.0825268 0.0447336 -0.0564954 -0.0355564 0.0768979 0.0721673 0.0644909 0.0367064 0.0796856 0.118409 -0.046544 0.0141225 -0.00760132 0.0296694 0.0275584
internal_weight=908.671 564.602 345.39 344.069 219.211 206.883 218.767 133.799 144.376 137.415 84.9675 138.507 95.6531 44.5121 51.1411 28.896 18.2961 125.303 47.5173 111.23 104.681 94.2956 33.3369 60.9588 22.8418 41.6719 133.177 50.892 22.7093 82.2849
internal_count=4906 2896 1684 2010 1212 961 1251 737 766 734 514 723 467 219 248 140 90 759 290 494 465 420 151 269 101 256 695 276 116 419
is_linear=0
shrinkage=0.1


Tree=5
num_leaves=31
num_cat=0
split_feature=7 15 9 5 9 15 5 86 9 14 6 10 47 6 26 0 73 14 167 80 10 139 9 134 0 129 0 12 83 53
split_gain=48.6111 27.3227 14.8799 9.60755 8.24496 6.65824 6.35164 5.60626 6.42207 7.86209 4.50508 4.30531 4.13039 5.23223 5.30379 5.12852 5.26793 5.10951 4.07045 4.02011 4.06579 5.74178 4.01061 5.24042 5.07156 3.97058 3.91192 3.90832 3.83367 3.72724
threshold=1.0000000180025095e-35 1.0000000180025095e-35 1.0000000180025095e-35 1.0000000180025095e-35 1.0000000180025095e-35 1.0000000180025095e-35 1.0000000180025095e-35 1.0000000180025095e-35 1.0000000180025095e-35 1.0000000180025095e-35 1.0000000180025095e-35 1.0000000180025095e-35 1.0000000180025095e-35 1.0000000180025095e-35 1.0000000180025095e-35 9.6605067253112811 1.0000000180025095e-35 1.0000000180025095e-35 1.0000000180025095e-35 1.0000000180025095e-35 1.0000000180025095e-35 1.0000000180025095e-35 1.0000000180025095e-35 1.0000000180025095e-35 6.1615331172943124 1.0000000180025095e-35 12.992471218109133 1.0000000180025095e-35 1.0000000180025095e-35 1.0000000180025095e-35
decision_type=2 2 2 2 2 2 2 2 2 2 2 2 2 2 2 2 2 2 2 2 2 2 2 2 2 2 2 2 2 2
left_child=1 2 6 5 11 7 -1 8 -2 10 28 29 13 14 25 17 -17 -15 -4 20 -8 -22 23 27 -25 -13 -14 -5 -10 -3
right_child=3 4 18 22 -6 -7 19 -9 9 -11 -12 12 26 15 -16 16 -18 -19 -20 -21 21 -23 -24 24 -26 -27 -28 -29 -30 -31
leaf_value=0.067595066325475323 0.0065385090466302601 -0.0015164942161444382 0.013353941065958519 -0.067567115687611493 -0.037709341190723701 -0.041337444398183508 0.021290249521412341 0.06098819410616782 -0.062627825614216245 -0.092197384809482849 0.041383071403853687 -0.077545495476805948 -0.044127942235260467 0.088941218524311 0.044637044121138302 0.22065801147060848 0.065106774310770693 -0.059904886083126191 -0.064644819069550594 -0.0386781415422425 0.049781845415265522 0.17217743440612507 -0.076886087877656634 0.08474059528927369 -0.068096222906979642 0.044880409649466851 0.062856251580565251 -0.017794487247152282 0.049759250941846932 -0.056017607002267544
leaf_weight=113.65440505743027 79.391437396407127 59.791499421000481 131.9238917529583 42.167924210429192 73.098492503166199 77.273842081427574 54.092166051268578 11.876644030213354 14.415814757347109 17.928281545639038 11.294451802968981 8.4758043289184588 14.236152499914171 5.6587092727422732 19.353781685233116 3.9090544730424863 4.9141262620687485 3.8927480727434158 7.0480818450450888 7.2868589460849753 31.194076657295227 4.3696862757205954 44.456885531544685 6.1134080290794355 3.366829127073288 3.8536297231912604 4.4976221024990073 25.207316994667053 3.8446260392665854 15.880900129675863
leaf_count=494 409 322 686 267 446 478 261 65 91 112 69 44 75 28 101 20 25 20 37 39 147 20 284 36 20 20 23 158 21 88
internal_value=-0.000399641 0.0174801 0.034796 -0.0304591 -0.0103423 -0.0178124 0.0515559 -0.00471081 -0.0108608 -0.0399524 -0.0082601 0.00350538 0.0216114 0.0366015 0.0119807 0.0790549 0.134023 0.0282782 0.00939817 0.0327518 0.0385574 0.0648205 -0.0529793 -0.0391505 0.0304618 -0.0392806 -0.0184431 -0.0489455 -0.0389654 -0.0129543
internal_weight=904.469 567.132 349.569 337.337 217.563 216.025 210.597 138.751 126.875 47.4832 29.5549 144.464 68.7916 50.0579 31.6832 18.3746 8.82318 9.55146 138.972 96.9428 89.6559 35.5638 121.312 76.8555 9.48024 12.3294 18.7338 67.3752 18.2604 75.6724
internal_count=4906 2896 1684 2010 1212 1245 961 767 702 293 181 766 356 258 165 93 45 48 723 467 428 167 765 481 56 64 98 425 112 410
is_linear=0
shrinkage=0.1


Tree=6
num_leaves=31
num_cat=0
split_feature=7 15 9 5 9 101 15 5 83 9 6 0 11 78 11 14 42 174 0 0 5 8 14 12 47 26 0 13 0 84
split_gain=39.875 21.865 11.7154 8.31703 6.84253 5.84563 5.59744 5.32 5.17764 5.70018 5.88363 5.66924 5.38907 4.09142 4.0586 4.10863 4.00132 3.9762 3.96047 12.2192 3.9096 5.25467 5.02955 7.20705 4.2663 4.98125 4.17315 3.9955 3.88107 3.79165
threshold=1.0000000180025095e-35 1.0000000180025095e-35 1.0000000180025095e-35 1.0000000180025095e-35 1.0000000180025095e-35 1.0000000180025095e-35 1.0000000180025095e-35 1.0000000180025095e-35 1.0000000180025095e-35 1.0000000180025095e-35 1.0000000180025095e-35 9.0047912597656268 1.0000000180025095e-35 1.0000000180025095e-35 1.0000000180025095e-35 1.0000000180025095e-35 1.0000000180025095e-35 1.0000000180025095e-35 5.405886411666871 5.9671459197998056 1.0000000180025095e-35 1.0000000180025095e-35 1.0000000180025095e-35 1.0000000180025095e-35 1.0000000180025095e-35 1.0000000180025095e-35 3.4811772108078007 1.0000000180025095e-35 3.639972567558289 1.0000000180025095e-35
decision_type=2 2 2 2 2 2 2 2 2 2 2 2 2 2 2 2 2 2 2 2 2 2 2 2 2 2 2 2 2 2
left_child=1 2 5 6 17 7 8 13 9 14 -11 -10 -13 28 15 -2 -17 20 -5 -20 21 22 23 -3 -22 -26 -23 -24 -1 -6
right_child=3 4 -4 18 29 -7 -8 -9 11 10 -12 12 -14 -15 -16 16 -18 -19 19 -21 24 26 27 -25 25 -27 -28 -29 -30 -31
leaf_value=0.10724935736192549 0.014870870694275801 0.0085985742064672837 0.0084129337041354869 -0.081606027573985884 -0.042805021964068324 0.13399140252378808 -0.038191378010996223 0.025189519319409805 -0.0055413496374878343 -0.072548209717678863 0.0044741696388607751 0.15158362078984244 0.010683505349922009 0.13320732174447455 0.031428127800175273 -0.07262372436108927 0.032263250223554842 0.088200115585759256 0.11372541835734634 -0.047964210234861727 -0.0048783117403381803 0.079006989483897394 -0.037613595456179323 0.10942197477966663 -0.007140216249691341 -0.12826583339282258 -0.028249082847670422 0.050550732772578516 0.045774688468929313 0.031020313831516683
leaf_weight=11.541391327977179 20.508742973208427 13.474914267659187 139.57281555235386 28.817696467041969 63.687306493520737 7.2385717034339896 75.378080099821091 95.081217437982559 13.925132349133493 25.621820449829102 16.181088641285896 6.249995753169058 4.7986741811037064 6.6904633045196524 30.429110243916512 15.771549940109255 4.7273251563310614 5.2870831638574591 4.9505473822355262 83.633271470665932 39.791470184922218 4.0928581506013861 12.903306648135185 14.962132632732391 6.5671099424362165 7.0294439196586609 31.912088319659233 8.5438490360975266 93.206277906894684 7.810071885585784
leaf_count=49 105 67 723 189 405 32 478 453 73 169 102 32 25 28 156 81 24 27 29 547 225 20 65 71 38 41 168 44 399 41
internal_value=-0.000421356 0.0156236 0.0309475 -0.0280229 -0.00943574 0.0456613 -0.0162706 0.0425653 -0.00431563 -0.013405 -0.0427344 0.0368987 0.0903877 0.0573907 0.00375777 -0.0167746 -0.0484353 0.00307935 -0.0494039 -0.0389281 -0.000151905 0.0130574 0.0340711 0.0616467 -0.0214026 -0.0697624 -0.0160568 -0.0024918 0.0525481 -0.0347407
internal_weight=900.385 569.392 353.331 330.993 216.062 213.758 213.592 206.519 138.213 113.24 41.8029 24.9738 11.0487 111.438 71.4367 41.0076 20.4989 144.564 117.402 88.5838 139.277 85.8891 49.8842 28.437 53.388 13.5966 36.0049 21.4472 104.748 71.4974
internal_count=4906 2896 1684 2010 1212 961 1245 929 767 637 271 130 57 476 366 210 105 766 765 576 739 435 247 138 304 79 188 109 448 446
is_linear=0
shrinkage=0.1


Tree=7
num_leaves=31
num_cat=0
split_feature=7 15 9 9 10 85 0 0 26 0 81 78 0 0 0 74 1 81 105 15 12 6 55 1 80 44 14 5 83 0
split_gain=32.7317 17.548 9.27348 7.69235 5.92226 5.82521 5.16223 6.42754 9.6547 6.79264 8.4565 8.24131 8.02214 6.82486 5.99055 6.83792 5.98804 5.32756 4.88502 4.37878 3.9518 4.08862 6.223 4.08198 3.73903 3.69808 3.60569 5.57667 4.53936 4.35528
threshold=1.0000000180025095e-35 1.0000000180025095e-35 1.0000000180025095e-35 1.0000000180025095e-35 1.0000000180025095e-35 1.0000000180025095e-35 11.494866847991945 8.4750170707702654 1.0000000180025095e-35 3.639972567558289 1.0000000180025095e-35 1.0000000180025095e-35 4.3846678733825692 3.0691307783126835 11.824777603149416 1.0000000180025095e-35 -0.71769717335700978 1.0000000180025095e-35 1.0000000180025095e-35 1.0000000180025095e-35 1.0000000180025095e-35 1.0000000180025095e-35 1.0000000180025095e-35 -0.14837630838155744 1.0000000180025095e-35 1.0000000180025095e-35 1.0000000180025095e-35 1.0000000180025095e-35 1.0000000180025095e-35 13.289527893066408
decision_type=2 2 2 2 2 2 2 2 2 2 2 2 2 2 2 2 2 2 2 2 2 2 2 2 2 2 2 2 2 2
left_child=1 2 5 19 -3 6 7 9 -9 13 12 -12 -11 16 -8 17 -1 -16 -6 -2 -21 22 -22 -23 26 -4 27 28 -5 -29
right_child=3 4 25 24 18 -7 14 8 -10 10 11 -13 -14 -15 15 -17 -18 -19 -20 20 21 23 -24 -25 -26 -27 -28 29 -30 -31
leaf_value=0.10596849461835733 -0.0032728832304758796 -0.023369203493971542 -0.075476538332088228 -0.032235003295545482 0.0049416266350936168 0.15439023143793507 -0.098311569782736072 0.14640433042753673 0.042375981615446423 -0.068954174650830063 -0.043927768194046146 0.09553514061067489 0.074118734231104488 0.15980993437204227 0.025398499632428396 -0.0098513172533824817 -0.0099633274800146263 0.093978668316423195 0.11022712894291445 -0.05023442719063978 0.054620197996587183 0.13771598747928268 -0.066345042534995319 -0.00045818280289222922 0.013602761435723766 0.010719825264277404 -0.077758480178992076 -0.1001286311282881 0.050798611524781392 -0.0082435465139495141
leaf_weight=8.6780066937208211 131.79186628758907 119.94379603862762 5.1679574251174918 35.014645606279373 89.847834497690201 4.4043516367673865 4.1033369153738013 15.514611586928366 20.993392080068588 4.5583714395761481 24.506856501102451 5.1229492723941794 27.9404057264328 7.5630616694688788 33.551587387919426 33.177976056933403 9.1561160534620285 17.100892469286919 4.6341547667980185 49.623190373182297 6.1437673568725595 3.4379627108573914 13.817736014723778 5.6546142697334307 9.4586646407842618 134.94864210486412 35.892544016242027 19.009546831250194 8.1086644381284696 7.0797212719917288
leaf_count=38 737 696 28 229 494 19 21 67 92 20 111 23 121 33 150 152 39 75 22 329 39 22 88 36 62 695 243 132 44 49
internal_value=-0.000435676 0.0139862 0.0275832 -0.0257674 -0.00861924 0.0405623 0.0381971 0.051337 0.0865844 0.0366349 0.0188235 -0.0198148 0.0540509 0.0802066 0.0196628 0.0254374 0.0464486 0.048552 0.0101057 -0.0144174 -0.0330856 -0.00379612 -0.0291143 0.0517864 -0.0466189 0.00754062 -0.0520384 -0.0387003 -0.0166218 -0.0751942
internal_weight=895.947 570.914 356.489 325.033 214.426 216.372 211.968 124.034 36.508 87.5258 62.1286 29.6298 32.4988 25.3972 87.9338 83.8305 17.8341 50.6525 94.482 210.469 78.6773 29.0541 19.9615 9.09258 114.564 140.117 105.105 69.2126 43.1233 26.0893
internal_count=4906 2896 1684 2010 1212 961 942 544 159 385 275 134 141 110 398 377 77 225 516 1251 514 185 127 58 759 723 697 454 273 181
is_linear=0
shrinkage=0.1


Tree=8
num_leaves=31
num_cat=0
split_feature=7 15 9 5 9 86 85 9 14 140 84 0 0 11 24 1 64 0 26 0 81 74 0 0 1 8 55 8 16 16
split_gain=26.8376 14.0637 7.36703 6.80636 5.6056 4.6657 4.49349 4.30459 5.51893 4.83275 4.95284 4.06745 5.2291 5.12818 5.08467 5.04958 6.51098 5.00336 7.38617 5.30256 6.75852 7.88558 6.40743 5.13755 4.8035 4.68081 4.44637 4.5141 3.98287 3.80006
threshold=1.0000000180025095e-35 1.0000000180025095e-35 1.0000000180025095e-35 1.0000000180025095e-35 1.0000000180025095e-35 1.0000000180025095e-35 1.0000000180025095e-35 1.0000000180025095e-35 1.0000000180025095e-35 1.0000000180025095e-35 1.0000000180025095e-35 11.494866847991945 13.813826084136965 1.0000000180025095e-35 1.0000000180025095e-35 0.58901816606521618 1.0000000180025095e-35 8.4750170707702654 1.0000000180025095e-35 3.639972567558289 1.0000000180025095e-35 1.0000000180025095e-35 4.3846678733825692 3.0691307783126835 -0.73564529418945301 1.0000000180025095e-35 1.0000000180025095e-35 1.0000000180025095e-35 1.0000000180025095e-35 1.0000000180025095e-35
decision_type=2 2 2 2 2 2 2 2 2 2 2 2 2 2 2 2 2 2 2 2 2 2 2 2 2 2 2 2 2 2
left_child=1 2 6 5 -3 7 11 9 -9 10 -2 17 14 -14 -13 -15 28 19 -19 23 22 26 -21 24 -1 -26 29 -28 -17 -22
right_child=3 4 -4 -5 -6 -7 -8 8 -10 -11 -12 12 13 15 -16 16 -18 18 -20 20 21 -23 -24 -25 25 -27 27 -29 -30 -31
leaf_value=0.10957926951631081 0.0047516866234863959 0.0034564898239038823 0.0067562730951239453 -0.043619373903662731 -0.031134731438926668 0.034649351344678517 0.13455229927533766 -0.017070169355711606 -0.07782890880887329 -0.076675411161645793 -0.07387032218529084 0.079041197385216755 0.061390366796368882 0.0976370727036978 -0.037666319553382129 -0.02209377909614519 -0.10501599210044354 0.12769563523061264 0.037689818821227627 -0.063412748765183075 0.062281950486122388 0.071020373503215731 0.065422899639781512 0.13815572493039519 0.067415918158229782 -0.06029454043701437 -0.1398870804726623 -0.017250165338562964 0.074651696957028627 -0.063126378728666277
leaf_weight=6.5531699061393782 106.3436409085989 143.817692309618 140.58237405121326 111.25329674780369 69.481099307537079 18.714035972952843 4.5401223450899115 42.579376891255379 23.038986966013908 9.1519884914159757 8.66534775495529 4.4579468518495586 32.10242885351181 4.7391394674778011 22.957885459065437 11.145519122481351 6.0539686977863303 15.980812355875967 21.22981783747673 4.4659940451383582 5.0736234933137929 7.4348645806312552 28.45880152285099 7.8559221029281607 5.6271306574344635 5.8571210354566574 7.0975852757692337 5.2007162868976593 6.8834228217601767 4.6131763756275177
leaf_count=28 600 766 723 765 446 108 19 274 162 52 49 19 141 21 111 49 27 67 92 20 23 33 121 33 24 25 32 24 30 22
internal_value=-0.000441713 0.0125249 0.0246106 -0.0236463 -0.00781144 -0.0129886 0.036107 -0.0176862 -0.0384029 -0.00673749 -0.00117209 0.0340164 0.0175794 0.0339001 -0.0186891 0.00328099 -0.0152868 0.0455912 0.0763445 0.0326223 0.0168241 -0.018007 0.0479473 0.0706606 0.0412641 0.00228189 -0.048114 -0.0880263 0.0148435 0.00255833
internal_weight=891.957 572.21 358.912 319.747 213.299 208.493 218.329 189.779 65.6184 124.161 115.009 213.789 88.3403 60.9245 27.4158 28.8221 24.0829 125.449 37.2106 88.2381 62.3448 29.42 32.9248 25.8933 18.0374 11.4843 21.9851 12.2983 18.0289 9.6868
internal_count=4906 2896 1684 2010 1212 1245 961 1137 436 701 649 942 398 268 130 127 106 544 159 385 275 134 141 110 77 49 101 56 79 45
is_linear=0
shrinkage=0.1


Tree=9
num_leaves=31
num_cat=0
split_feature=7 15 76 5 167 9 14 12 5 22 102 83 47 0 55 0 69 9 128 47 26 0 9 91 132 0 1 16 13 21
split_gain=21.9741 11.2975 7.1874 7.57816 6.608 6.07408 5.35826 5.99717 4.82191 5.34363 4.86936 4.49555 4.18797 4.56989 4.6472 4.32975 6.75407 4.13755 4.10126 4.05199 4.66412 4.03652 4.06986 3.72672 3.60364 6.69514 4.89295 4.08377 3.61905 3.59795
threshold=1.0000000180025095e-35 1.0000000180025095e-35 1.0000000180025095e-35 1.0000000180025095e-35 1.0000000180025095e-35 1.0000000180025095e-35 1.0000000180025095e-35 1.0000000180025095e-35 1.0000000180025095e-35 1.0000000180025095e-35 1.0000000180025095e-35 1.0000000180025095e-35 1.0000000180025095e-35 9.0704994201660174 1.0000000180025095e-35 12.262833595275881 1.0000000180025095e-35 1.0000000180025095e-35 1.0000000180025095e-35 1.0000000180025095e-35 1.0000000180025095e-35 15.51813840866089 1.0000000180025095e-35 1.0000000180025095e-35 1.0000000180025095e-35 5.6454484462738046 -0.35188987851142878 1.0000000180025095e-35 1.0000000180025095e-35 1.0000000180025095e-35
decision_type=2 2 2 2 2 2 2 2 2 2 2 2 2 2 2 2 2 2 2 2 2 2 2 2 2 2 2 2 2 2
left_child=1 2 3 6 29 18 -1 12 9 -3 17 21 13 14 -8 -15 -17 19 24 -10 -21 22 -9 -7 -2 28 -27 -28 -26 -5
right_child=5 8 -4 4 -6 23 7 11 10 -11 -12 -13 -14 15 -16 16 -18 -19 -20 20 -22 -23 -24 -25 25 26 27 -29 -30 -31
leaf_value=0.048162154899912192 -0.012449031896561005 -0.001169758805022361 0.11727528568880136 0.013016461081374553 -0.10109609284924542 -0.043995952746274658 0.035856163384922882 0.1046087302568898 -0.0025171381393559481 0.07534440259063746 0.064201827791926305 -0.031612641256904973 -0.055199171937492332 0.10141342713488993 -0.071133467326646105 -0.086771536444675917 0.063710925609899313 -0.07163773906472462 -0.055416744966361765 -0.0063789676048977006 -0.12507152186542606 -0.016580909048280867 0.020831603115765235 0.0668788664761268 -0.066166323433204485 0.17764510542425033 -0.01032629909852331 0.12523344064607528 0.053241263724002258 -0.036142922080568823
leaf_weight=106.68647669255733 162.50281476974487 123.94554241001606 7.7485085427761069 134.70123448967934 5.8093373626470557 105.40063466131687 6.7427683621644983 17.465682610869415 39.175399824976921 9.8531132042407972 5.4739549010992041 6.3986084610223761 13.553289011120794 7.6092941313982037 10.203163743019104 4.8437330871820432 7.7623591125011444 20.534963190555573 19.345972523093224 6.5363370329141599 6.7088061571121216 5.6257065683603278 8.6807009279727918 3.1212951540946952 7.7323206365108508 3.5589448660612097 5.9641096591949445 3.5421070903539658 3.7785957455635071 16.738254055380821
leaf_count=471 990 681 36 657 31 739 31 72 223 52 29 29 64 35 47 23 36 147 119 38 42 25 44 20 44 20 36 21 21 83
internal_value=-0.000436211 0.01123 0.0220045 0.0199122 0.00356799 -0.0216537 0.0330537 0.0149195 -0.00707557 0.00446485 -0.0267632 0.0448601 -0.00761543 0.00973908 -0.0285624 0.041846 0.00588992 -0.0335885 -0.0115844 -0.0186832 -0.066498 0.060261 0.0767944 -0.040807 -0.00705164 0.0286372 0.0776288 0.0401846 -0.0269694 0.00758299
internal_weight=887.744 572.797 360.569 352.821 157.249 314.947 195.572 88.8853 212.228 133.799 78.4295 38.1707 50.7146 37.1613 16.9459 20.2154 12.6061 72.9555 206.425 52.4205 13.2451 31.7721 26.1464 108.522 187.079 24.5761 13.0652 9.50622 11.5109 151.439
internal_count=4906 2896 1684 1648 771 2010 877 406 1212 733 479 170 236 172 78 94 59 450 1251 303 80 141 116 759 1132 142 77 57 65 740
is_linear=0
shrinkage=0.1


Tree=10
num_leaves=31
num_cat=0
split_feature=7 107 10 76 5 5 67 0 15 53 9 8 15 15 6 61 0 26 16 12 0 6 42 67 83 26 0 14 50 67
split_gain=17.9702 9.24644 9.23738 6.56729 5.90719 5.74473 8.65379 6.17883 5.4193 4.87801 6.49053 4.7165 5.59821 4.40268 4.27433 5.77295 5.08331 4.02354 6.07805 3.94942 5.53384 4.65956 4.19512 6.3962 3.78506 4.76722 4.56652 3.82107 6.56841 4.94805
threshold=1.0000000180025095e-35 1.0000000180025095e-35 1.0000000180025095e-35 1.0000000180025095e-35 1.0000000180025095e-35 1.0000000180025095e-35 1.0000000180025095e-35 6.2258727550506601 1.0000000180025095e-35 1.0000000180025095e-35 1.0000000180025095e-35 1.0000000180025095e-35 1.0000000180025095e-35 1.0000000180025095e-35 1.0000000180025095e-35 1.0000000180025095e-35 15.798768043518068 1.0000000180025095e-35 1.0000000180025095e-35 1.0000000180025095e-35 3.639972567558289 1.0000000180025095e-35 1.0000000180025095e-35 1.0000000180025095e-35 1.0000000180025095e-35 1.0000000180025095e-35 11.296372413635256 1.0000000180025095e-35 1.0000000180025095e-35 1.0000000180025095e-35
decision_type=2 2 2 2 2 2 2 2 2 2 2 2 2 2 2 2 2 2 2 2 2 2 2 2 2 2 2 2 2 2
left_child=1 2 3 8 13 19 7 -7 14 10 11 12 -9 24 -1 -16 -17 18 -8 -4 -21 -22 23 -23 27 -26 -27 -2 29 -29
right_child=4 -3 5 -5 -6 6 17 9 -10 -11 -12 -13 -14 -15 15 16 -18 -19 -20 20 21 22 -24 -25 25 26 -28 28 -30 -31
leaf_value=-0.0087421229335359913 0.0087171435209319175 0.13824712646513648 0.021490386026049343 0.089529207655285437 -0.038892149281886307 0.11868776695445238 -0.095869048488259168 0.13379251197068329 -0.022056085552898237 0.067308294317646331 -0.12756637917089028 -0.069446079422243387 -0.027424838173241553 -0.030047169364858087 0.038268037760086575 -0.030228832529969149 0.082664081470736631 8.6485834855573869e-05 0.0137107581014171 0.13339994954217529 0.019190167749218504 0.11797423126391771 0.16693287545366092 0.0032080641758484491 -0.026131116509283236 0.035273571117933659 0.15370608308877734 -0.048881935955519963 -0.089957300584446592 0.02927385070912757
leaf_weight=103.50697731971741 62.97715625166893 5.5723664313554755 88.139402195811272 7.5821452289819709 106.52734976261854 8.1128338575363141 13.415454655885696 4.76436495780945 113.8228811621666 12.491083115339281 3.9366180896759024 4.0771153420209876 3.9310829639434814 70.574606120586395 62.832084342837334 27.472082778811455 4.6659560203552237 36.095524221658707 8.1288841068744659 7.7313959151506415 33.418301910161972 9.2090790122747457 4.2667486369609824 10.273817643523216 8.2838085442781466 12.294704928994181 4.4283380508422843 14.611926704645155 12.827217265963553 18.177855744957924
leaf_count=501 364 28 422 37 765 42 70 21 677 64 24 21 23 478 289 126 21 189 41 34 157 41 19 49 44 64 22 86 79 108
internal_value=-0.000434756 0.0100592 0.00880136 -0.00242844 -0.0198029 0.0232866 0.0039641 0.0414856 -0.00466103 0.0200361 -0.0153025 0.0192982 0.0609085 -0.00984317 0.00531471 0.0206351 -0.0138385 -0.0203254 -0.0545235 0.0352752 0.0539963 0.0432577 0.0771234 0.0574552 0.000829568 0.0359052 0.066635 -0.00724758 -0.0292879 -0.00555427
internal_weight=884.149 573.446 567.874 319.882 310.703 247.992 94.953 37.3131 312.3 29.2003 16.7092 12.7726 8.69545 204.176 198.477 94.9701 32.138 57.6399 21.5443 153.039 64.8993 57.1679 23.7496 19.4829 133.601 25.0069 16.723 108.594 45.617 32.7898
internal_count=4906 2896 2868 1651 2010 1217 495 195 1614 153 89 65 44 1245 937 436 147 300 111 722 300 266 109 90 767 130 86 637 273 194
is_linear=0
shrinkage=0.1


Tree=11
num_leaves=31
num_cat=0
split_feature=7 9 103 128 37 15 9 15 51 0 1 82 139 101 0 80 26 6 40 10 78 16 1 0 226 132 0 1 16 65
split_gain=14.6917 8.15052 8.54869 5.51499 5.42098 5.25557 4.71264 4.02931 3.9313 4.78076 8.00924 5.30884 4.47318 4.15865 4.04455 3.70027 3.37921 3.36152 3.61409 4.28429 3.25173 3.48612 3.26939 4.99159 3.15694 3.44771 5.6561 4.00386 3.25002 5.22943
threshold=1.0000000180025095e-35 1.0000000180025095e-35 1.0000000180025095e-35 1.0000000180025095e-35 1.0000000180025095e-35 1.0000000180025095e-35 1.0000000180025095e-35 1.0000000180025095e-35 1.0000000180025095e-35 13.813826084136965 0.603315830230713 1.0000000180025095e-35 1.0000000180025095e-35 1.0000000180025095e-35 13.419575691223146 1.0000000180025095e-35 1.0000000180025095e-35 1.0000000180025095e-35 1.0000000180025095e-35 1.0000000180025095e-35 1.0000000180025095e-35 1.0000000180025095e-35 -0.27872842550277704 7.2210814952850351 1.0000000180025095e-35 1.0000000180025095e-35 5.6454484462738046 -0.35188987851142878 1.0000000180025095e-35 1.0000000180025095e-35
decision_type=2 2 2 2 2 2 2 2 2 2 2 2 2 2 2 2 2 2 2 2 2 2 2 2 2 2 2 2 2 2
left_child=1 2 5 6 -3 8 24 -6 13 14 -11 12 -12 -1 16 17 -10 -8 19 -19 22 -22 -7 -24 25 28 -27 -28 29 -2
right_child=3 4 -4 -5 7 20 15 -9 9 10 11 -13 -14 -15 -16 -17 -18 18 -20 -21 21 -23 23 -25 -26 26 27 -29 -30 -31
leaf_value=0.031086344089019287 -0.0055241767673685129 -0.12994128884989911 0.14338831016974241 -0.059145517771064193 0.0049655836159242239 0.029035459185322833 -0.053012459019622676 -0.025018933043870137 0.034887251686141894 0.10821997073431842 0.030364966320271015 -0.09622480953225343 -0.067778273508040943 0.11287240508297983 -0.12643187359458266 0.030994759573597111 -0.080202850756770708 -0.053076538571268962 0.070061825607173986 0.037272007615847896 -0.092310827845152293 0.014140961950628828 -0.096704665311097338 0.0011583549388967903 0.09442408943856323 -0.023442588311145277 0.1616433532848652 0.038881068637578307 -0.029696850976029351 0.10137413747414357
leaf_weight=147.88041622936726 90.505926072597504 3.5096635967493048 5.3607044219970694 29.589989453554153 140.38381606340408 41.408906981348991 54.93794010579586 65.832965895533562 6.3395238965749723 8.5181638300418836 29.678971827030182 4.8866893202066413 5.5055081695318213 6.490039348602294 4.2965487092733374 8.4632192105054838 4.2691972404718399 17.652928605675704 4.6153932213783255 7.4692388251423827 7.2790232598781568 5.3282428085803986 5.5670881122350684 81.705460444092751 3.174028977751731 11.236905813217165 3.6810436248779288 9.5475095212459546 60.872322276234627 4.8199945837259284
leaf_count=641 568 21 25 204 711 217 407 437 29 37 128 22 24 27 20 58 20 127 31 51 40 28 31 438 20 65 19 57 373 30
internal_value=-0.000434235 0.00900226 0.0180391 -0.0181101 -0.00670413 0.0161681 -0.0137262 -0.00460672 0.0259097 0.00496433 0.0201621 0.00144309 0.015008 0.0345248 -0.0445785 -0.032052 -0.0114277 -0.0383534 -0.0112719 -0.0262144 0.00114674 -0.0473208 0.00589523 -0.0050843 -0.00444168 -0.00617862 0.0287267 0.0730415 -0.0116459 -0.000119044
internal_weight=880.807 574.241 364.514 306.566 209.726 359.154 276.976 206.217 217.865 63.4946 48.5893 40.0712 35.1845 154.37 14.9053 93.1387 10.6087 84.6755 29.7376 25.1222 141.289 12.6073 128.681 87.2725 183.838 180.664 24.4655 13.2286 156.198 95.3259
internal_count=4906 2896 1727 2010 1169 1702 1806 1148 948 280 211 174 152 668 69 674 49 616 209 178 754 68 686 469 1132 1112 141 76 971 598
is_linear=0
shrinkage=0.1


Tree=12
num_leaves=31
num_cat=0
split_feature=7 37 5 10 5 227 85 15 102 167 86 9 140 84 9 6 12 53 73 16 14 73 12 81 26 0 54 11 50 67
split_gain=12.0283 7.09678 7.74425 5.88593 5.10581 4.38515 4.37008 4.28584 4.25973 4.16799 3.8607 3.74381 3.73299 4.17972 3.79015 5.64713 3.63579 7.20981 5.69621 7.61174 4.87186 3.6086 3.56801 3.91169 8.01067 9.32324 4.12559 4.3853 3.74011 6.74002
threshold=1.0000000180025095e-35 1.0000000180025095e-35 1.0000000180025095e-35 1.0000000180025095e-35 1.0000000180025095e-35 1.0000000180025095e-35 1.0000000180025095e-35 1.0000000180025095e-35 1.0000000180025095e-35 1.0000000180025095e-35 1.0000000180025095e-35 1.0000000180025095e-35 1.0000000180025095e-35 1.0000000180025095e-35 1.0000000180025095e-35 1.0000000180025095e-35 1.0000000180025095e-35 1.0000000180025095e-35 1.0000000180025095e-35 1.0000000180025095e-35 1.0000000180025095e-35 1.0000000180025095e-35 1.0000000180025095e-35 1.0000000180025095e-35 1.0000000180025095e-35 6.3449692726135263 1.0000000180025095e-35 1.0000000180025095e-35 1.0000000180025095e-35 1.0000000180025095e-35
decision_type=2 2 2 2 2 2 2 2 2 2 2 2 2 2 2 2 2 2 2 2 2 2 2 2 2 2 2 2 2 2
left_child=1 -1 3 6 10 7 11 9 -9 -4 12 16 13 14 -2 -16 17 18 20 -20 -3 -14 -5 26 28 -26 27 -24 29 -25
right_child=4 2 5 22 -6 -7 -8 8 -10 -11 -12 -13 21 -15 15 -17 -18 -19 19 -21 -22 -23 23 24 25 -27 -28 -29 -30 -31
leaf_value=-0.085446044158066281 0.0073946044765864239 0.099499520565654156 0.0063210967846784637 0.020466957521075663 -0.034712757744327791 0.10381490821866686 0.09267827465205665 -0.032845125692247207 0.057875956483151858 -0.080638355717646132 0.036198008361216269 -0.013039915259356169 -0.12585937338364483 -0.065652788935226275 -0.050857714171100167 0.015630342241290694 0.035710199522560673 -0.070920086913817335 -0.10080733864763042 0.04554928107900761 0.0071586227780957344 -0.01432942496764518 0.021171905674147368 0.25206472105532568 0.11894558180247726 -0.036066409015250551 -0.0021990823237908286 0.13321572661626108 0.058604209995238549 0.089178822155534992
leaf_weight=8.0014330446720106 104.67899762094021 10.594684585928917 151.00286115705967 88.102482333779335 102.45651061087847 3.6786825060844413 5.7452033311128607 68.711845606565475 5.5972664505243293 5.7206094712018958 18.541437521576881 73.695174336433411 5.4467661306261999 11.693228922784327 33.150609113276005 20.783014245331287 49.969633489847183 11.750720307230948 7.4266892373561841 6.813780352473259 12.401531979441643 6.2070498690009117 8.2729854583740217 4.6562247425317782 6.5633451193571117 9.4905464649200422 19.510362163186073 6.046117588877677 5.1307828277349463 5.5903443098068237
leaf_count=42 600 50 729 418 765 19 27 438 29 32 108 405 35 76 247 140 226 59 35 31 58 39 38 20 29 42 92 27 25 25
internal_value=-0.000429376 0.00807324 0.0093942 0.0192288 -0.0165522 -0.0045068 0.00687892 -0.00623158 -0.0260116 0.00314696 -0.00727207 0.00402385 -0.0117016 -0.00795482 -0.00370121 -0.0252369 0.0167316 -0.00262762 0.0189233 -0.0307786 0.0497014 -0.0664563 0.0335945 0.0513169 0.0767162 0.0273075 0.0277181 0.0684814 0.128299 0.163197
internal_weight=877.431 574.473 566.472 331.761 302.958 234.711 178.397 231.033 74.3091 156.723 200.501 172.652 181.96 170.306 158.613 53.9336 98.957 48.9874 37.2367 14.2405 22.9962 11.6538 153.363 65.2607 31.4312 16.0539 33.8295 14.3191 15.3774 10.2466
internal_count=4906 2896 2854 1607 2010 1247 891 1228 467 761 1245 864 1137 1063 987 387 459 233 174 66 108 74 716 298 141 71 157 65 70 45
is_linear=0
shrinkage=0.1


Tree=13
num_leaves=31
num_cat=0
split_feature=7 107 76 10 128 73 238 237 78 137 67 0 5 50 11 64 61 0 26 16 5 14 0 91 44 83 53 1 0 9
split_gain=9.82954 7.11927 6.92758 6.5248 4.79066 4.67322 3.96999 3.80909 3.79256 3.83744 3.77509 10.4829 7.0892 6.4319 6.36113 4.93242 4.56991 4.33585 3.66862 5.83446 3.65876 3.77992 6.61877 4.26811 3.90598 3.4237 3.5808 4.33509 4.09612 4.10353
threshold=1.0000000180025095e-35 1.0000000180025095e-35 1.0000000180025095e-35 1.0000000180025095e-35 1.0000000180025095e-35 1.0000000180025095e-35 1.0000000180025095e-35 1.0000000180025095e-35 1.0000000180025095e-35 1.0000000180025095e-35 1.0000000180025095e-35 6.566735267639161 1.0000000180025095e-35 1.0000000180025095e-35 1.0000000180025095e-35 1.0000000180025095e-35 1.0000000180025095e-35 2.3791923522949223 1.0000000180025095e-35 1.0000000180025095e-35 1.0000000180025095e-35 1.0000000180025095e-35 16.425735473632816 1.0000000180025095e-35 1.0000000180025095e-35 1.0000000180025095e-35 1.0000000180025095e-35 0.9397673010826112 16.379192352294925 1.0000000180025095e-35
decision_type=2 2 2 2 2 2 2 2 2 2 2 2 2 2 2 2 2 2 2 2 2 2 2 2 2 2 2 2 2 2
left_child=1 2 3 7 6 -4 20 8 9 25 11 16 17 14 15 -13 -5 -12 19 -14 21 23 -23 24 -2 26 28 -28 29 -1
right_child=4 -3 5 10 -6 -7 -8 -9 -10 -11 12 13 18 -15 -16 -17 -18 -19 -20 -21 -22 22 -24 -25 -26 -27 27 -29 -30 -31
leaf_value=0.017880149642284352 -0.083957961218229737 0.11730433217306867 0.029471686356713458 0.056857256979715901 -0.054382954886642604 0.15488918087907477 -0.12580990337775172 -0.085475988213478932 -0.049065018427377038 0.062394482182825887 0.11560218177903817 0.083023884109696425 -0.097470155963721355 -0.02697263771823466 -0.0084928040993329217 -0.032939003299759927 0.14700853117513774 0.018596061554374651 -0.0018889854981737565 0.011029050207363238 -0.026299430107291379 -0.01111243244037264 -0.12773832624806458 0.10958627350833568 0.0099291145090019198 -0.029015232151690093 -0.011929939178876853 -0.12005265186892655 0.069126477933089445 -0.01475765668358772
leaf_weight=99.118254780769348 4.6297108530998221 5.816933959722518 7.3382028043270093 16.396167919039726 28.140217170119286 4.9921134859323502 2.9806163012981406 5.7953270226716986 17.332464680075645 9.270425930619238 4.871580481529235 23.847843855619434 12.598066039383411 26.229067847132683 20.055544897913933 4.3346341699361792 8.5577702671289462 85.033088311553001 35.56126943230629 8.1705499738454819 89.274910129606724 61.749602347612381 5.2824540659785262 4.1218327134847632 103.33170555531979 42.824443005025387 58.646318964660168 3.9585079103708258 10.682142302393911 63.012678250670433
leaf_count=475 29 28 37 77 204 22 19 31 94 48 21 116 69 130 95 22 41 397 186 41 675 392 33 23 635 224 304 20 53 365
internal_value=-0.000421381 0.00723644 0.00611046 0.00446719 -0.0151086 0.0802488 -0.011036 -0.00516367 -0.00363687 -0.000898275 0.0166458 0.0316802 0.00642426 0.0128831 0.0345544 0.0651881 0.087774 0.0238524 -0.0213918 -0.0547856 -0.00976135 -0.00151842 -0.0203031 0.00971588 0.00590295 -0.00300705 0.00172405 -0.0187665 0.00914716 0.00519537
internal_weight=873.954 574.443 568.626 556.296 299.511 12.3303 271.371 310.641 304.845 287.513 245.656 99.421 146.235 74.4671 48.238 28.1825 24.9539 89.9047 56.3299 20.7686 268.39 179.115 67.0321 112.083 107.961 278.242 235.418 62.6048 172.813 162.131
internal_count=4906 2896 2868 2809 2010 59 1806 1614 1583 1489 1195 481 714 363 233 138 118 418 296 110 1787 1112 425 687 664 1441 1217 324 893 840
is_linear=0
shrinkage=0.1


Tree=14
num_leaves=31
num_cat=0
split_feature=15 10 107 9 103 0 0 5 14 0 94 0 0 0 80 6 0 55 0 14 54 12 23 0 55 67 74 53 26 7
split_gain=9.49131 6.69895 6.67139 7.28679 6.52777 4.01463 4.37258 3.83262 4.58813 4.47383 4.13506 5.45458 3.95348 4.32325 3.60342 4.18454 6.39412 7.66586 5.43327 4.60004 5.62434 3.84544 3.49253 3.39428 6.38968 5.30977 3.36993 3.79411 5.36742 3.36593
threshold=1.0000000180025095e-35 1.0000000180025095e-35 1.0000000180025095e-35 1.0000000180025095e-35 1.0000000180025095e-35 17.166323661804203 16.119096755981449 1.0000000180025095e-35 1.0000000180025095e-35 9.5838465690612811 1.0000000180025095e-35 11.108829498291017 4.7556469440460214 3.7686516046524052 1.0000000180025095e-35 1.0000000180025095e-35 9.6605067253112811 1.0000000180025095e-35 7.5277206897735605 1.0000000180025095e-35 1.0000000180025095e-35 1.0000000180025095e-35 1.0000000180025095e-35 5.3018479347229013 1.0000000180025095e-35 1.0000000180025095e-35 1.0000000180025095e-35 1.0000000180025095e-35 1.0000000180025095e-35 1.0000000180025095e-35
decision_type=2 2 2 2 2 2 2 2 2 2 2 2 2 2 2 2 2 2 2 2 2 2 2 2 2 2 2 2 2 2
left_child=2 22 3 4 -1 6 14 8 -5 12 11 -11 13 -10 15 18 19 -18 23 20 -17 -19 -2 25 -25 -3 27 -20 -29 -24
right_child=1 5 -4 7 -6 -7 -8 -9 9 10 -12 -13 -14 -15 -16 16 17 21 26 -21 -22 -23 29 24 -26 -27 -28 28 -30 -31
leaf_value=0.013643478087293982 -0.085610796013778856 0.068192235271932217 0.1201488222956234 0.017489345715639953 0.13214826287465267 -0.080248522971821973 0.083556266623664652 -0.025120980651913483 -0.05483961806577279 0.099013578060187402 0.11363648888490062 -0.032804941899987457 -0.087626805808867114 0.0755287229719597 0.060293966937206116 -0.027857294773539928 0.19777129545346941 -0.014171532528702631 -0.099810267748606032 -0.076491518203550227 0.088744081395289928 0.11114848763678936 -0.01288428731250364 0.13750417560482067 -0.022006285843027131 -0.041217760195396226 -0.0071142494380515096 -0.10524989765150704 0.045036475780417605 -0.041991479236737871
leaf_weight=339.8919104039669 9.5958557873964292 6.2848169729113623 5.197921857237815 78.28956450521946 4.7127378508448592 5.582898035645484 6.9422747641801825 82.791485667228699 6.9134466126561183 3.8860756754875245 3.2763469293713561 16.331485763192177 13.600978821516035 4.0244273990392685 9.7151615619659406 10.116120971739297 3.8119502216577503 6.6151488944888115 13.865502223372459 6.9813141226768485 6.9988396763801566 3.8874108493328094 107.82222598791122 5.2640318125486356 4.8023877367377281 15.076135821640491 16.324210233986378 4.1113651618361473 5.6315798386931419 62.908207267522812
leaf_count=1663 63 36 24 421 22 33 41 521 40 23 20 97 92 21 56 58 21 38 86 39 40 21 655 33 31 90 100 25 33 463
internal_value=-0.000415996 -0.0143781 0.00738643 0.00632789 0.0152641 0.00273838 0.00640297 -0.00839838 0.00256159 -0.0217695 0.00942088 -0.00746772 -0.0516316 -0.00687253 0.00192028 -0.00324603 0.0233662 0.0763021 -0.0175705 -0.00808065 0.0198246 0.0322143 -0.0269086 0.0135333 0.0614065 -0.00902716 -0.0420495 -0.0662057 -0.0183819 -0.0236093
internal_weight=871.254 312.337 558.916 553.718 344.605 132.011 126.428 209.114 126.322 48.0328 23.4939 20.2176 24.5389 10.9379 119.486 109.771 38.4108 14.3145 71.36 24.0963 17.115 10.5026 180.326 31.4274 10.0664 21.361 39.9327 23.6084 9.74295 170.73
internal_count=4906 1962 2944 2920 1685 781 748 1235 714 293 140 120 153 61 707 651 217 80 434 137 98 59 1181 190 64 126 244 144 58 1118
is_linear=0
shrinkage=0.1


Tree=15
num_leaves=31
num_cat=0
split_feature=9 15 103 37 5 14 1 0 76 1 1 25 81 24 73 8 12 10 82 36 10 11 0 61 78 60 0 0 8 134
split_gain=7.79108 5.33141 5.02994 4.49911 4.39435 5.79786 5.20643 10.3413 4.45463 4.3022 5.57327 3.69731 5.30888 3.68065 4.41658 4.94813 4.47782 4.39925 4.13651 3.79564 4.76733 3.74764 3.86352 3.67146 3.41735 4.03548 4.63374 10.2826 5.41665 7.97973
threshold=1.0000000180025095e-35 1.0000000180025095e-35 1.0000000180025095e-35 1.0000000180025095e-35 1.0000000180025095e-35 1.0000000180025095e-35 0.15917559713125232 11.23477077484131 1.0000000180025095e-35 -0.46003498136997217 -0.54627728462219227 1.0000000180025095e-35 1.0000000180025095e-35 1.0000000180025095e-35 1.0000000180025095e-35 1.0000000180025095e-35 1.0000000180025095e-35 1.0000000180025095e-35 1.0000000180025095e-35 1.0000000180025095e-35 1.0000000180025095e-35 1.0000000180025095e-35 9.0047912597656268 1.0000000180025095e-35 1.0000000180025095e-35 1.0000000180025095e-35 12.992471218109133 17.006159782409672 1.0000000180025095e-35 1.0000000180025095e-35
decision_type=2 2 2 2 2 2 2 2 2 2 2 2 2 2 2 2 2 2 2 2 2 2 2 2 2 2 2 2 2 2
left_child=1 2 -1 -2 5 8 9 -8 13 10 -7 12 -6 -5 16 17 -15 -16 21 20 -18 22 -17 -19 25 26 28 -28 29 -3
right_child=3 24 -4 4 11 6 7 -9 -10 -11 -12 -13 -14 14 15 18 19 23 -20 -21 -22 -23 -24 -25 -26 -27 27 -29 -30 -31
leaf_value=0.012741677010744565 -0.12299581042721615 0.0054087370328682596 0.11523790661282041 -0.067813727225885134 0.12048055334779473 -0.04978182997860589 0.14983072017111773 -0.018099939886366902 0.12329816401968761 -0.07680776879368699 0.079015743360098353 -0.032728826499936782 -0.046278442574336547 0.01735429567138182 -0.039866164573827918 -0.0066232188295962478 -0.0459004853119876 0.12472704134689222 -0.017794994418935998 -0.08684071532685346 0.054097899700106401 0.1807230161510204 0.12622561083624359 -0.0021347422872147535 -0.048643190863256976 -0.013594721907308744 0.095856634933250945 -0.098423914979281324 -0.034838829386583878 0.13175196467312264
leaf_weight=344.44496547430754 3.6933911070227614 29.330624490976334 4.8554137349128714 6.1804285123944274 3.9242212921380988 10.611895702779291 4.2555432841181782 26.51651468873024 3.4064866155385962 23.55366824567318 4.9160449951887122 103.3350125849247 3.7176898568868637 45.312942184507847 10.090666584670544 3.9004596471786517 12.8905600681901 4.1961911916732788 3.4342096894979468 9.0015658289194125 7.565553978085517 4.4064230769872657 4.9893466681241989 4.9989923983812332 17.176708623766899 120.20752466470003 14.753901146352293 3.3411626294255248 23.706319160759449 6.0260746330022803
leaf_count=1676 26 174 22 36 23 66 25 169 18 164 27 706 24 261 63 22 78 24 20 55 41 25 29 26 103 723 86 21 139 34
internal_value=-0.000418247 0.00654564 0.0141664 -0.0132965 -0.0119513 -0.00272568 -0.0256433 0.0051236 0.0105735 -0.0498685 -0.00900536 -0.0277651 0.0393545 0.0072906 0.0114804 0.0402488 -0.00237701 0.005726 0.0800445 -0.0327285 -0.00891677 0.105315 0.0679373 0.0557582 -0.00586188 -0.00213862 0.0157093 0.0599837 0.00214497 0.0269422
internal_weight=868.741 563.843 349.3 304.898 301.204 190.227 69.8537 30.7721 120.374 39.0816 15.5279 110.977 7.64191 116.967 110.787 36.0163 74.7706 19.2859 16.7304 29.4577 20.4561 13.2962 8.88981 9.19518 214.542 197.366 77.1581 18.0951 59.063 35.3567
internal_count=4906 2978 1698 1928 1902 1149 451 194 698 257 93 753 47 680 644 209 435 113 96 174 119 76 51 50 1280 1177 454 107 347 208
is_linear=0
shrinkage=0.1


Tree=16
num_leaves=31
num_cat=0
split_feature=7 37 5 14 21 78 63 82 99 0 70 1 41 8 102 0 0 97 128 41 59 9 8 0 65 53 0 82 61 77
split_gain=7.69005 5.62637 4.92752 4.57908 5.35207 5.33151 4.51872 4.37591 5.2234 4.64941 4.3734 7.52545 6.44996 6.87079 6.26664 4.42724 6.22575 4.12132 3.94698 3.93847 4.10617 3.9221 4.86317 4.2435 3.7982 3.63091 3.68795 3.30121 3.46658 3.37073
threshold=1.0000000180025095e-35 1.0000000180025095e-35 1.0000000180025095e-35 1.0000000180025095e-35 1.0000000180025095e-35 1.0000000180025095e-35 1.0000000180025095e-35 1.0000000180025095e-35 1.0000000180025095e-35 6.4298424720764169 1.0000000180025095e-35 0.15917559713125232 1.0000000180025095e-35 1.0000000180025095e-35 1.0000000180025095e-35 4.3846678733825692 3.9219712018966679 1.0000000180025095e-35 1.0000000180025095e-35 1.0000000180025095e-35 1.0000000180025095e-35 1.0000000180025095e-35 1.0000000180025095e-35 8.7460646629333514 1.0000000180025095e-35 1.0000000180025095e-35 13.813826084136965 1.0000000180025095e-35 1.0000000180025095e-35 1.0000000180025095e-35
decision_type=2 2 2 2 2 2 2 2 2 2 2 2 2 2 2 2 2 2 2 2 2 2 2 2 2 2 2 2 2 2
left_child=1 -1 3 4 5 7 10 8 24 -9 11 14 13 -13 15 16 -5 25 -2 27 -21 23 -23 -17 -3 -12 -27 29 -29 -4
right_child=18 2 19 6 -6 -7 -8 9 -10 -11 17 12 -14 -15 -16 21 -18 -19 -20 20 -22 22 -24 -25 -26 26 -28 28 -30 -31
leaf_value=-0.079582153278452 -0.0098763577939019048 0.019702184728907824 0.0030248990875346542 0.012394018422991662 0.068378619475700314 -0.059557012433128144 0.087012089977013707 0.14642863306791895 -0.031070526177558844 0.039452198102522984 -0.10707799436530202 0.16374171371423388 -0.0022181705650385982 0.020762083639093525 -0.12767298311666447 -0.018913543379353095 0.15040390980081106 0.059669700581478205 -0.050091328786701673 0.030930912821917834 -0.076084907657754497 -0.092798785356254243 0.031755203319724694 0.062426191410713899 0.099809705245984329 -0.092345230901078892 -0.0024271705090190849 -0.055248152019896184 0.02102065274126784 0.098159113816798149
leaf_weight=7.5201221257448188 268.04524594545364 106.60520431399345 181.54204618185759 19.023410275578502 25.138219282031059 8.2383923381566984 5.9363652169704428 5.1172775775194195 20.194775015115738 19.715627074241638 7.2717650830745724 7.8121489882469177 10.39479486644268 5.8985959440469742 4.068897306919097 24.560222774744034 3.9468303918838492 4.2549445182085028 26.850314125418663 4.8640099316835412 13.639798164367676 11.336929038166998 4.3328270316123954 8.6808317154645902 6.2666943967342368 6.2006659060716656 17.252878054976463 19.425319127738476 8.5968958884477633 3.8023614585399619
leaf_count=42 1806 510 959 90 115 41 30 23 97 94 36 36 53 28 20 111 19 21 204 27 85 71 26 39 30 32 85 112 46 18
internal_value=-0.00042203 0.00634417 0.00748963 0.0152973 0.0253757 0.018869 0.00162246 0.0229609 0.0157693 0.0614967 -0.00213139 0.00850946 0.0571895 0.102229 -0.00694097 -0.000106813 0.0361074 -0.0325679 -0.0135379 -0.00369798 -0.0479542 -0.0171143 -0.0583585 0.00232816 0.0241498 -0.0453412 -0.0261998 0.000140051 -0.0318498 0.00497659
internal_weight=866.534 571.639 564.119 332.248 191.276 166.138 140.972 157.9 133.067 24.8329 135.036 100.055 24.1055 13.7107 75.9499 71.8811 22.9702 34.9803 294.896 231.87 18.5038 48.9108 15.6698 33.2411 112.872 30.7253 23.4535 213.367 28.0222 185.344
internal_count=4906 2896 2854 1607 910 795 697 754 637 117 667 493 117 64 376 356 109 174 2010 1247 112 247 97 150 540 153 117 1135 158 977
is_linear=0
shrinkage=0.1


Tree=17
num_leaves=31
num_cat=0
split_feature=15 10 107 9 103 0 0 23 68 71 12 64 14 8 0 67 139 10 13 33 0 0 7 0 61 80 6 139 0 53
split_gain=6.86632 5.16234 5.0971 4.5212 3.95372 3.30954 3.25762 3.09091 2.96436 6.99463 4.61345 4.03268 3.91417 3.85149 3.64655 3.43736 3.81966 3.5992 2.95427 4.59083 4.16156 5.21178 2.87648 3.71457 3.19208 2.74164 3.25139 5.12644 4.89242 4.26156
threshold=1.0000000180025095e-35 1.0000000180025095e-35 1.0000000180025095e-35 1.0000000180025095e-35 1.0000000180025095e-35 17.166323661804203 16.119096755981449 1.0000000180025095e-35 1.0000000180025095e-35 1.0000000180025095e-35 1.0000000180025095e-35 1.0000000180025095e-35 1.0000000180025095e-35 1.0000000180025095e-35 14.47091054916382 1.0000000180025095e-35 1.0000000180025095e-35 1.0000000180025095e-35 1.0000000180025095e-35 1.0000000180025095e-35 9.4346337318420428 5.405886411666871 1.0000000180025095e-35 9.3497605323791522 1.0000000180025095e-35 1.0000000180025095e-35 1.0000000180025095e-35 1.0000000180025095e-35 9.0704994201660174 1.0000000180025095e-35
decision_type=2 2 2 2 2 2 2 2 2 2 2 2 2 2 2 2 2 2 2 2 2 2 2 2 2 2 2 2 2 2
left_child=2 7 3 4 -1 6 25 -2 9 15 12 -10 13 -11 -14 -5 17 18 22 20 21 -20 24 -24 -17 26 28 -28 -3 -30
right_child=1 5 -4 8 -6 -7 -8 -9 11 10 -12 -13 14 -15 -16 16 -18 -19 19 -21 -22 -23 23 -25 -26 -27 27 -29 29 -31
leaf_value=0.010954504106875871 -0.080725435770770793 0.009206198420840592 0.1040218401664989 -0.032417434935289473 0.10114700135680438 -0.074754993911708617 0.070977598206714398 -0.020553021345662698 -0.052708849824611208 0.13960659428209699 -0.015617996497348944 0.028758718171232062 0.071632344776047505 0.036365771805766042 -0.069105753626575991 0.052578764946948409 -0.067598212004716801 -0.018444598886170168 0.051110777706757093 0.14259944093876017 0.12720667439278296 -0.07282763120061829 -0.077155173459850776 0.058373821173546572 -0.046000558929978085 0.052067764993897862 0.0079312378739556672 0.12556942080684319 -0.079448893969977993 -0.0074129922745811904
leaf_weight=341.56248047947884 8.9977638199925405 37.352357752621174 5.2768826037645331 48.331719405949116 4.9304805099964133 5.3105179592967025 7.23574224859476 166.60546363145113 25.851243503391743 8.5400324836373347 9.9831432327628118 7.9430213719606391 4.0026545822620383 6.2638527601957312 3.4089780077338219 12.615493506193163 7.5343186631798735 33.743029959499836 9.1210442408919388 4.3828656822443 3.4486044868826857 5.4026473537087432 7.4203287139534968 2.7799165397882462 4.4411023408174506 9.9659542366862279 34.461051940917969 4.1505803242325774 16.548396103084087 16.303085178136826
leaf_count=1663 63 228 24 297 22 33 41 1118 153 45 57 46 25 35 22 67 46 199 54 27 20 34 63 21 24 56 193 24 106 100
internal_value=-0.000411232 -0.0124208 0.00620675 0.00527119 0.0122379 0.00257573 0.00583454 -0.0236362 -0.00649177 -0.00115531 0.0408482 -0.0335607 0.0662228 0.0959231 0.0068999 -0.0108698 0.000588515 0.0067518 0.0238888 0.050834 0.0284553 0.00500711 0.00178933 -0.0402189 0.0269112 0.00186626 -0.00273149 0.0205768 -0.0155509 -0.0436999
internal_weight=863.915 306.931 556.984 551.707 346.493 131.328 126.017 175.603 205.214 171.42 32.1987 33.7943 22.2155 14.8039 7.41163 139.221 90.8894 83.355 49.612 22.3552 17.9723 14.5237 27.2568 10.2002 17.0566 118.781 108.815 38.6116 70.2038 32.8515
internal_count=4906 1962 2944 2920 1685 781 748 1181 1235 1036 184 199 127 80 47 852 555 509 310 135 108 88 175 84 91 707 651 217 434 206
is_linear=0
shrinkage=0.1


end of trees

feature_importances:
Column_0=81
Column_5=40
Column_9=40
Column_15=27
Column_14=20
Column_7=17
Column_10=17
Column_6=16
Column_1=15
Column_26=14
Column_12=13
Column_8=12
Column_11=10
Column_53=10
Column_16=9
Column_83=9
Column_61=7
Column_67=7
Column_73=7
Column_78=7
Column_81=7
Column_82=7
Column_84=7
Column_13=6
Column_21=5
Column_42=5
Column_55=5
Column_80=5
Column_105=5
Column_24=4
Column_37=4
Column_41=4
Column_47=4
Column_76=4
Column_86=4
Column_103=4
Column_107=4
Column_128=4
Column_134=4
Column_139=4
Column_44=3
Column_50=3
Column_54=3
Column_64=3
Column_74=3
Column_85=3
Column_99=3
Column_102=3
Column_167=3
Column_23=2
Column_40=2
Column_51=2
Column_65=2
Column_91=2
Column_101=2
Column_132=2
Column_140=2
Column_22=1
Column_25=1
Column_33=1
Column_36=1
Column_56=1
Column_59=1
Column_60=1
Column_63=1
Column_68=1
Column_69=1
Column_70=1
Column_71=1
Column_77=1
Column_79=1
Column_94=1
Column_97=1
Column_129=1
Column_137=1
Column_174=1
Column_226=1
Column_227=1
Column_237=1
Column_238=1

parameters:
[boosting: gbdt]
[objective: binary]
[metric: binary_logloss]
[tree_learner: serial]
[device_type: cpu]
[data_sample_strategy: bagging]
[data: ]
[valid: ]
[num_iterations: 300]
[learning_rate: 0.1]
[num_leaves: 31]
[num_threads: 0]
[seed: 0]
[deterministic: 0]
[force_col_wise: 0]
[force_row_wise: 0]
[histogram_pool_size: -1]
[max_depth: -1]
[min_data_in_leaf: 20]
[min_sum_hessian_in_leaf: 0.001]
[bagging_fraction: 1]
[pos_bagging_fraction: 1]
[neg_bagging_fraction: 1]
[bagging_freq: 0]
[bagging_seed: 7719]
[bagging_by_query: 0]
[feature_fraction: 1]
[feature_fraction_bynode: 1]
[feature_fraction_seed: 2437]
[extra_trees: 0]
[extra_seed: 11797]
[early_stopping_round: 0]
[early_stopping_min_delta: 0]
[first_metric_only: 0]
[max_delta_step: 0]
[lambda_l1: 0]
[lambda_l2: 0]
[linear_lambda: 0]
[min_gain_to_split: 0]
[drop_rate: 0.1]
[max_drop: 50]
[skip_drop: 0.5]
[xgboost_dart_mode: 0]
[uniform_drop: 0]
[drop_seed: 21238]
[top_rate: 0.2]
[other_rate: 0.1]
[min_data_per_group: 100]
[max_cat_threshold: 32]
[cat_l2: 10]
[cat_smooth: 10]
[max_cat_to_onehot: 4]
[top_k: 20]
[monotone_constraints: ]
[monotone_constraints_method: basic]
[monotone_penalty: 0]
[feature_contri: ]
[forcedsplits_filename: ]
[refit_decay_rate: 0.9]
[cegb_tradeoff: 1]
[cegb_penalty_split: 0]
[cegb_penalty_feature_lazy: ]
[cegb_penalty_feature_coupled: ]
[path_smooth: 0]
[interaction_constraints: ]
[verbosity: -1]
[saved_feature_importance_type: 0]
[use_quantized_grad: 0]
[num_grad_quant_bins: 4]
[quant_train_renew_leaf: 0]
[stochastic_rounding: 1]
[linear_tree: 0]
[max_bin: 255]
[max_bin_by_feature: ]
[min_data_in_bin: 3]
[bin_construct_sample_cnt: 200000]
[data_random_seed: 38]
[is_enable_sparse: 1]
[enable_bundle: 1]
[use_missing: 1]
[zero_as_missing: 0]
[feature_pre_filter: 1]
[pre_partition: 0]
[two_round: 0]
[header: 0]
[label_column: ]
[weight_column: ]
[group_column: ]
[ignore_column: ]
[categorical_feature: ]
[forcedbins_filename: ]
[precise_float_parser: 0]
[parser_config_file: ]
[objective_seed: 8855]
[num_class: 1]
[is_unbalance: 0]
[scale_pos_weight: 1]
[sigmoid: 1]
[boost_from_average: 1]
[reg_sqrt: 0]
[alpha: 0.9]
[fair_c: 1]
[poisson_max_delta_step: 0.7]
[tweedie_variance_power: 1.5]
[lambdarank_truncation_level: 30]
[lambdarank_norm: 1]
[label_gain: ]
[lambdarank_position_bias_regularization: 0]
[eval_at: ]
[multi_error_top_k: 1]
[auc_mu_weights: ]
[num_machines: 1]
[local_listen_port: 12400]
[time_out: 120]
[machine_list_filename: ]
[machines: ]
[gpu_platform_id: -1]
[gpu_device_id: -1]
[gpu_device_id_list: ]
[gpu_use_dp: 0]
[num_gpu: 1]

end of parameters

pandas_categorical:null
