tree
version=v4
num_class=1
num_tree_per_iteration=1
label_index=0
max_feature_idx=567
objective=binary sigmoid:1
feature_names=Column_0 Column_1 Column_2 Column_3 Column_4 Column_5 Column_6 Column_7 Column_8 Column_9 Column_10 Column_11 Column_12 Column_13 Column_14 Column_15 Column_16 Column_17 Column_18 Column_19 Column_20 Column_21 Column_22 Column_23 Column_24 Column_25 Column_26 Column_27 Column_28 Column_29 Column_30 Column_31 Column_32 Column_33 Column_34 Column_35 Column_36 Column_37 Column_38 Column_39 Column_40 Column_41 Column_42 Column_43 Column_44 Column_45 Column_46 Column_47 Column_48 Column_49 Column_50 Column_51 Column_52 Column_53 Column_54 Column_55 Column_56 Column_57 Column_58 Column_59 Column_60 Column_61 Column_62 Column_63 Column_64 Column_65 Column_66 Column_67 Column_68 Column_69 Column_70 Column_71 Column_72 Column_73 Column_74 Column_75 Column_76 Column_77 Column_78 Column_79 Column_80 Column_81 Column_82 Column_83 Column_84 Column_85 Column_86 Column_87 Column_88 Column_89 Column_90 Column_91 Column_92 Column_93 Column_94 Column_95 Column_96 Column_97 Column_98 Column_99 Column_100 Column_101 Column_102 Column_103 Column_104 Column_105 Column_106 Column_107 Column_108 Column_109 Column_110 Column_111 Column_112 Column_113 Column_114 Column_115 Column_116 Column_117 Column_118 Column_119 Column_120 Column_121 Column_122 Column_123 Column_124 Column_125 Column_126 Column_127 Column_128 Column_129 Column_130 Column_131 Column_132 Column_133 Column_134 Column_135 Column_136 Column_137 Column_138 Column_139 Column_140 Column_141 Column_142 Column_143 Column_144 Column_145 Column_146 Column_147 Column_148 Column_149 Column_150 Column_151 Column_152 Column_153 Column_154 Column_155 Column_156 Column_157 Column_158 Column_159 Column_160 Column_161 Column_162 Column_163 Column_164 Column_165 Column_166 Column_167 Column_168 Column_169 Column_170 Column_171 Column_172 Column_173 Column_174 Column_175 Column_176 Column_177 Column_178 Column_179 Column_180 Column_181 Column_182 Column_183 Column_184 Column_185 Column_186 Column_187 Column_188 Column_189 Column_190 Column_191 Column_192 Column_193 Column_194 Column_195 Column_196 Column_197 Column_198 Column_199 Column_200 Column_201 Column_202 Column_203 Column_204 Column_205 Column_206 Column_207 Column_208 Column_209 Column_210 Column_211 Column_212 Column_213 Column_214 Column_215 Column_216 Column_217 Column_218 Column_219 Column_220 Column_221 Column_222 Column_223 Column_224 Column_225 Column_226 Column_227 Column_228 Column_229 Column_230 Column_231 Column_232 Column_233 Column_234 Column_235 Column_236 Column_237 Column_238 Column_239 Column_240 Column_241 Column_242 Column_243 Column_244 Column_245 Column_246 Column_247 Column_248 Column_249 Column_250 Column_251 Column_252 Column_253 Column_254 Column_255 Column_256 Column_257 Column_258 Column_259 Column_260 Column_261 Column_262 Column_263 Column_264 Column_265 Column_266 Column_267 Column_268 Column_269 Column_270 Column_271 Column_272 Column_273 Column_274 Column_275 Column_276 Column_277 Column_278 Column_279 Column_280 Column_281 Column_282 Column_283 Column_284 Column_285 Column_286 Column_287 Column_288 Column_289 Column_290 Column_291 Column_292 Column_293 Column_294 Column_295 Column_296 Column_297 Column_298 Column_299 Column_300 Column_301 Column_302 Column_303 Column_304 Column_305 Column_306 Column_307 Column_308 Column_309 Column_310 Column_311 Column_312 Column_313 Column_314 Column_315 Column_316 Column_317 Column_318 Column_319 Column_320 Column_321 Column_322 Column_323 Column_324 Column_325 Column_326 Column_327 Column_328 Column_329 Column_330 Column_331 Column_332 Column_333 Column_334 Column_335 Column_336 Column_337 Column_338 Column_339 Column_340 Column_341 Column_342 Column_343 Column_344 Column_345 Column_346 Column_347 Column_348 Column_349 Column_350 Column_351 Column_352 Column_353 Column_354 Column_355 Column_356 Column_357 Column_358 Column_359 Column_360 Column_361 Column_362 Column_363 Column_364 Column_365 Column_366 Column_367 Column_368 Column_369 Column_370 Column_371 Column_372 Column_373 Column_374 Column_375 Column_376 Column_377 Column_378 Column_379 Column_380 Column_381 Column_382 Column_383 Column_384 Column_385 Column_386 Column_387 Column_388 Column_389 Column_390 Column_391 Column_392 Column_393 Column_394 Column_395 Column_396 Column_397 Column_398 Column_399 Column_400 Column_401 Column_402 Column_403 Column_404 Column_405 Column_406 Column_407 Column_408 Column_409 Column_410 Column_411 Column_412 Column_413 Column_414 Column_415 Column_416 Column_417 Column_418 Column_419 Column_420 Column_421 Column_422 Column_423 Column_424 Column_425 Column_426 Column_427 Column_428 Column_429 Column_430 Column_431 Column_432 Column_433 Column_434 Column_435 Column_436 Column_437 Column_438 Column_439 Column_440 Column_441 Column_442 Column_443 Column_444 Column_445 Column_446 Column_447 Column_448 Column_449 Column_450 Column_451 Column_452 Column_453 Column_454 Column_455 Column_456 Column_457 Column_458 Column_459 Column_460 Column_461 Column_462 Column_463 Column_464 Column_465 Column_466 Column_467 Column_468 Column_469 Column_470 Column_471 Column_472 Column_473 Column_474 Column_475 Column_476 Column_477 Column_478 Column_479 Column_480 Column_481 Column_482 Column_483 Column_484 Column_485 Column_486 Column_487 Column_488 Column_489 Column_490 Column_491 Column_492 Column_493 Column_494 Column_495 Column_496 Column_497 Column_498 Column_499 Column_500 Column_501 Column_502 Column_503 Column_504 Column_505 Column_506 Column_507 Column_508 Column_509 Column_510 Column_511 Column_512 Column_513 Column_514 Column_515 Column_516 Column_517 Column_518 Column_519 Column_520 Column_521 Column_522 Column_523 Column_524 Column_525 Column_526 Column_527 Column_528 Column_529 Column_530 Column_531 Column_532 Column_533 Column_534 Column_535 Column_536 Column_537 Column_538 Column_539 Column_540 Column_541 Column_542 Column_543 Column_544 Column_545 Column_546 Column_547 Column_548 Column_549 Column_550 Column_551 Column_552 Column_553 Column_554 Column_555 Column_556 Column_557 Column_558 Column_559 Column_560 Column_561 Column_562 Column_563 Column_564 Column_565 Column_566 Column_567
feature_infos=[2.0013689994812012:17.993154525756836] [-0.7776256799697876:0.99923950433731079] none none none [0:1] [0:1] [0:1] [0:1] [0:1] [0:1] [0:1] [0:1] [0:1] [0:1] [0:1] [0:1] [0:1] [0:1] [0:1] [0:1] [0:1] [0:1] [0:1] [0:1] [0:1] [0:1] [0:1] [0:1] [0:1] [0:1] [0:1] [0:1] [0:1] [0:1] [0:1] [0:1] [0:1] [0:1] [0:1] [0:1] [0:1] [0:1] [0:1] [0:1] [0:1] [0:1] [0:1] [0:1] [0:1] [0:1] [0:1] [0:1] [0:1] [0:1] [0:1] [0:1] [0:1] [0:1] [0:1] [0:1] [0:1] [0:1] [0:1] [0:1] [0:1] [0:1] [0:1] [0:1] [0:1] [0:1] [0:1] [0:1] [0:1] [0:1] [0:1] [0:1] [0:1] [0:1] [0:1] [0:1] [0:1] [0:1] [0:1] [0:1] [0:1] [0:1] [0:1] [0:1] [0:1] [0:1] [0:1] [0:1] [0:1] [0:1] [0:1] [0:1] [0:1] [0:1] [0:1] [0:1] [0:1] [0:1] [0:1] [0:1] [0:1] [0:1] [0:1] [0:1] none none none none [0:1] [0:1] none [0:1] none [0:1] none none [0:1] none none none none [0:1] [0:1] [0:1] [0:1] [0:1] none [0:1] [0:1] [0:1] [0:1] none [0:1] [0:1] [0:1] [0:1] [0:1] [0:1] [0:1] [0:1] [0:1] [0:1] [0:1] [0:1] [0:1] [0:1] [0:1] [0:1] [0:1] [0:1] [0:1] [0:1] none none none none none none none none none none [0:1] [0:1] none none none none none [0:1] [0:1] [0:1] [0:1] [0:1] [0:1] [0:1] [0:1] [0:1] [0:1] [0:1] [0:1] [0:1] [0:1] [0:1] [0:1] [0:1] [0:1] [0:1] [0:1] [0:1] [0:1] [0:1] [0:1] [0:1] [0:1] [0:1] [0:1] none none [0:1] [0:1] [0:1] none [0:1] [0:1] [0:1] [0:1] [0:1] none [0:1] none none [0:1] none [0:1] [0:1] [0:1] [0:1] [0:1] [0:1] [0:1] [0:1] [0:1] [0:1] [0:1] [0:1] [0:1] [0:1] [0:1] [0:1] [0:1] [0:1] [0:1] [0:1] [0:1] [0:1] [0:1] [0:1] [0:1] none none none none none none none none none none none none none none none none none [0:1] [0:1] [0:1] [0:1] [0:1] [0:1] [0:1] [0:1] [0:1] [0:1] none [0:1] [0:1] [0:1] [0:1] none [0:1] [0:1] none none none [0:1] [0:1] none none none none none [0:1] [0:1] [0:1] [0:1] [0:1] [0:1] [0:1] none none none [0:1] none [0:1] [0:1] [0:1] none [0:1] [0:1] [0:1] [0:1] none none [0:1] [0:1] none none none none [0:1] [0:1] none none none [0:1] none none [0:1] [0:1] none none [0:1] [0:1] none none none none none none none none none none none none none none none none none none none none none none none none none none none none none none none none none none none none none none none none none none none none none none none none none none none none none none none none none none none none none none none none none none none none none none none none none none none none none none none none none none none none none none none none none none none none none none none none none none none none none none none none none none none none none none none none none none none none none none none none none none none none none none none none none none none none none none none none none none none none none none none none none none none none none none none none none none none none none none none none none none none none none none none none none none none none none none none none none none none none none none none none none none none none none none none none none none none none none none none none none none none none none none none none none none none none none none none none none none none none none none none none none none none none none none none none none none none none none
tree_sizes=3389 3470 3474 3478 3467 3487 3466 3479 3503 3482

Tree=0
num_leaves=31
num_cat=0
split_feature=7 6 6 16 138 105 101 0 0 1 105 0 1 10 84 8 99 67 0 81 78 12 14 1 8 83 26 5 53 0
split_gain=52.979 26.5747 18.4639 11.4016 13.2209 8.45432 8.06488 8.61757 8.18034 6.51703 6.57274 6.39315 6.79072 5.9763 5.22877 5.13536 4.92347 4.58015 10.694 7.00066 4.43359 4.23523 4.12505 4.03224 3.94889 4.65256 5.05499 4.61688 7.01462 6.40774
threshold=1.0000000180025095e-35 1.0000000180025095e-35 1.0000000180025095e-35 1.0000000180025095e-35 1.0000000180025095e-35 1.0000000180025095e-35 1.0000000180025095e-35 17.370294570922855 4.3367555141448983 0.95330443978309642 1.0000000180025095e-35 4.7049965858459482 -0.36938171088695521 1.0000000180025095e-35 1.0000000180025095e-35 1.0000000180025095e-35 1.0000000180025095e-35 1.0000000180025095e-35 3.3497605323791508 1.0000000180025095e-35 1.0000000180025095e-35 1.0000000180025095e-35 1.0000000180025095e-35 -0.46931324899196619 1.0000000180025095e-35 1.0000000180025095e-35 1.0000000180025095e-35 1.0000000180025095e-35 1.0000000180025095e-35 13.882272243499758
decision_type=2 2 2 2 2 2 2 2 2 2 2 2 2 2 2 2 2 2 2 2 2 2 2 2 2 2 2 2 2 2
left_child=1 3 5 4 9 6 7 8 17 10 -1 -10 15 -12 24 -13 -5 19 21 -2 22 -19 -3 -6 27 -26 -27 -14 -29 -30
right_child=2 20 -4 16 23 -7 -8 -9 11 -11 13 12 14 -15 -16 -17 -18 18 -20 -21 -22 -23 -24 -25 25 26 -28 28 29 -31
leaf_value=-1.0945938729816818 -1.1566916832881879 -1.1255452852369188 -1.0945720771902054 -1.1102062321624657 -0.92497159877249469 -1.146469868614693 -1.1605964512025111 -0.91710050995209547 -1.1583056540261081 -0.96301519473775776 -0.90975416038638945 -1.0324861091091078 -1.0660383633736161 -1.0840630000817766 -0.95236298786748408 -0.90975416038638945 -1.1627440735553889 -0.99461072359026437 -0.89513348428993544 -0.97459368046631611 -1.1871334085925254 -1.1064102872222108 -1.153731562284142 -1.0449552475860167 -1.0934723841409069 -1.1025083799437223 -0.9538322577806253 -1.0457857210946138 -0.84888440684196853 -1.0129474144421655
leaf_weight=158.84032961726189 4.1305995881557447 131.05265966057777 141.00364957749844 117.53433373570442 6.5714084357023239 8.4489537030458433 5.8203903287649146 5.4448812752962104 5.6326358020305625 4.1305995881557456 3.7550905346870413 8.6367082297801954 51.444740325212479 4.1305995881557465 4.6938631683588019 5.6326358020305625 21.028506994247437 11.077517077326776 9.5754808634519559 4.3183541148900986 18.963207200169563 4.881617695093154 85.991573244333267 4.8816176950931531 46.375368103384972 3.9428450614213926 5.4448812752962112 27.787669956684113 3.9428450614213926 6.0081448554992676
leaf_count=846 22 698 751 626 35 45 31 29 30 22 20 46 274 22 25 30 112 59 51 23 101 26 458 26 247 21 29 148 21 32
internal_value=-1.0959 -1.11529 -1.06624 -1.09656 -1.08012 -1.04835 -1.04449 -1.04126 -1.04458 -1.0871 -1.09017 -1.05355 -1.04995 -1.00106 -1.05624 -0.984039 -1.11818 -0.999798 -0.97868 -1.06362 -1.14076 -1.02881 -1.13671 -0.976112 -1.0596 -1.08048 -1.01628 -1.04655 -1.01999 -0.947941
internal_weight=921.124 556.88 364.244 320.872 182.31 223.24 214.791 208.971 203.526 170.857 166.726 169.542 163.91 7.88569 149.64 14.2693 138.563 33.9836 25.5346 8.44895 236.007 15.9591 217.044 11.453 144.946 55.7631 9.38773 89.1834 37.7387 9.95099
internal_count=4906 2966 1940 1709 971 1189 1144 1113 1084 910 888 903 873 42 797 76 738 181 136 45 1257 85 1156 61 772 297 50 475 201 53
is_linear=0
shrinkage=1


Tree=1
num_leaves=31
num_cat=0
split_feature=7 6 6 16 138 105 101 0 0 67 105 0 1 0 99 0 0 99 23 8 50 67 11 55 17 64 84 5 8 15
split_gain=42.5935 22.2666 14.2748 9.25243 9.917 6.67773 6.40158 6.04245 5.98154 5.31064 8.71803 5.11665 5.14863 4.28802 5.39119 5.50071 4.88551 4.22273 4.17142 3.78555 6.99081 6.51958 5.54797 8.87813 3.61164 3.58486 4.79881 3.59831 3.58267 3.4882
threshold=1.0000000180025095e-35 1.0000000180025095e-35 1.0000000180025095e-35 1.0000000180025095e-35 1.0000000180025095e-35 1.0000000180025095e-35 1.0000000180025095e-35 17.370294570922855 4.3367555141448983 1.0000000180025095e-35 1.0000000180025095e-35 4.7049965858459482 -0.41120998561382288 16.735113143920902 1.0000000180025095e-35 12.412046909332277 13.938398361206056 1.0000000180025095e-35 1.0000000180025095e-35 1.0000000180025095e-35 1.0000000180025095e-35 1.0000000180025095e-35 1.0000000180025095e-35 1.0000000180025095e-35 1.0000000180025095e-35 1.0000000180025095e-35 1.0000000180025095e-35 1.0000000180025095e-35 1.0000000180025095e-35 1.0000000180025095e-35
decision_type=2 2 2 2 2 2 2 2 2 2 2 2 2 2 2 2 2 2 2 2 2 2 2 2 2 2 2 2 2 2
left_child=1 3 5 4 9 6 7 8 -2 13 -11 -10 -13 14 16 -16 -1 24 -3 22 -21 -22 -4 -24 -5 26 -14 -27 -15 -26
right_child=2 18 19 17 -6 -7 -8 -9 11 10 -12 12 25 28 15 -17 -18 -19 -20 20 21 -23 23 -25 29 27 -28 -29 -30 -31
leaf_value=-0.021588349503882845 0.082240971577322783 0.013544163576919083 0.033550824966885162 -0.10740397790260675 0.10145007246256861 -0.046767337277780999 -0.060295914047225854 0.14737350895141196 -0.058087762209075515 0.015514522533593152 0.14273954426934909 0.11518757895396906 0.038122681270527994 -0.0092125670583400997 -0.029971687518692128 0.096700851870959281 -0.10153168232594377 -0.062371139470934971 -0.044664788150703245 -0.041699536820823779 0.14423189792505306 -0.010639349966609955 0.046348842990107914 -0.054938304988193604 0.0049089241435698403 -0.045157672021718977 0.14648120831204561 0.050600335684835775 0.12615794674880501 -0.030872039341080373
leaf_weight=41.048843622207642 35.566264018416405 13.049471929669378 54.484787881374359 3.9146421253681174 12.121056243777273 8.234488293528555 5.6311055868864051 5.9163127541542044 5.4559832811355582 93.895238801836967 5.7138457447290412 8.7074342221021634 138.17200745642185 3.9936894923448554 6.7635553479194623 6.9514318853616714 9.393826872110365 20.321788549423218 217.64231358468533 38.139351516962051 4.3212073147296888 7.3272645771503448 13.903014838695524 22.921186625957489 66.735327661037445 10.085365384817125 4.2115986347198477 6.4235650897026053 3.8299540579319 46.043647855520248
leaf_count=218 181 71 290 21 61 45 31 29 30 499 29 44 722 21 36 37 50 112 1186 203 23 39 74 122 358 53 21 33 20 247
internal_value=-7.34714e-05 -0.0176781 0.0261986 -0.000635609 0.0140326 0.041647 0.0449538 0.0477163 0.0448901 0.00785746 0.0228125 0.0372138 0.0403162 -0.0128376 -0.0213607 0.0342322 -0.036476 -0.0203029 -0.0413721 0.00119104 -0.020991 0.0468129 0.0132862 -0.0166972 -0.0129768 0.0362132 0.0413278 -0.00789858 0.0570562 -0.00969917
internal_weight=920.92 551.419 369.501 320.727 183.711 228.404 220.17 214.539 208.622 171.59 99.6091 173.056 167.6 71.9813 64.1577 13.715 50.4427 137.015 230.692 141.097 49.7878 11.6485 91.309 36.8242 116.694 158.893 142.384 16.5089 7.82364 112.779
internal_count=4906 2966 1940 1709 971 1189 1144 1113 1084 910 528 903 873 382 341 73 268 738 1257 751 265 62 486 196 626 829 743 86 41 605
is_linear=0
shrinkage=0.1


Tree=2
num_leaves=31
num_cat=0
split_feature=7 6 6 16 138 105 101 12 0 0 0 21 80 0 78 0 40 10 0 95 1 10 14 10 0 13 168 11 71 16
split_gain=34.3537 18.6009 11.1907 7.50877 7.58405 5.31275 5.11825 4.96939 6.80091 4.41813 4.48686 4.35899 4.26688 4.11586 4.02171 3.97549 7.72586 3.9695 5.67 4.17258 3.92876 4.61834 3.67216 3.62869 3.59241 3.52736 3.39263 3.88782 12.1955 8.34026
threshold=1.0000000180025095e-35 1.0000000180025095e-35 1.0000000180025095e-35 1.0000000180025095e-35 1.0000000180025095e-35 1.0000000180025095e-35 1.0000000180025095e-35 1.0000000180025095e-35 16.735113143920902 17.370294570922855 4.3367555141448983 1.0000000180025095e-35 1.0000000180025095e-35 4.7049965858459482 1.0000000180025095e-35 14.176591396331789 1.0000000180025095e-35 1.0000000180025095e-35 13.882272243499758 1.0000000180025095e-35 -0.36938171088695521 1.0000000180025095e-35 1.0000000180025095e-35 1.0000000180025095e-35 3.2429842948913579 1.0000000180025095e-35 1.0000000180025095e-35 1.0000000180025095e-35 1.0000000180025095e-35 1.0000000180025095e-35
decision_type=2 2 2 2 2 2 2 2 2 2 2 2 2 2 2 2 2 2 2 2 2 2 2 2 2 2 2 2 2 2
left_child=1 3 5 4 7 6 9 17 11 10 -2 12 -9 -12 22 -5 -17 18 19 -1 21 -15 -3 -18 -24 -19 27 -26 29 -29
right_child=2 14 -4 15 -6 -7 -8 8 -10 -11 13 -13 -14 20 -16 16 23 25 -20 -21 -22 -23 24 -25 26 -27 -28 28 -30 -31
leaf_value=0.018413594130947123 0.071217151000502923 -0.023529445491490174 0.0010155985833926284 -0.0092541365597794186 0.08717733810813022 -0.043197489312949026 -0.056139539581155834 0.034863702357245271 0.14932306280301194 0.12464942292769512 -0.054012479416821572 -0.04340960136028682 -0.058661086094213756 0.039389340553483428 -0.083908635095071987 -0.081744226154048888 0.1022740665557505 -0.0046534956352242574 -0.04980296967783885 0.11654471335958223 0.03074072678201123 0.15063926008751743 -0.11679519863048025 -0.028125175847446667 -0.055394350028772382 -0.059024808670611363 -0.13039990067538798 0.093609013938160748 -0.11600292826799082 -0.057697120718876387
leaf_weight=26.87837541103363 36.88768470287323 126.37865626811981 141.15932238101959 104.98443026840687 12.663157418370245 8.0343116819858533 5.4527751952409735 61.588727593421936 4.1741892695426932 6.2739107161760321 5.2898012101650229 9.9742764532566053 5.2977788895368567 9.4385542720556241 17.665514677762985 21.954410523176193 3.8438065052032488 27.048719480633736 10.713000759482382 5.1657892614603034 155.15587705373764 6.1713796555995932 7.478000968694686 4.7975593060255051 46.737055450677872 21.349920511245728 4.2897508889436713 10.716073483228689 6.9660013467073432 5.5194769054651251
leaf_count=142 181 698 751 571 61 45 31 326 21 29 30 53 28 46 101 120 21 143 57 27 797 30 42 26 262 113 24 60 39 31
internal_value=-0.000126514 -0.0161136 0.0232293 -0.000623866 0.012486 0.0367042 0.0395615 0.00699311 0.0250109 0.0419419 0.0395051 0.0182597 0.027456 0.0328608 -0.0380999 -0.0184983 -0.0502179 -0.00902425 0.0131775 0.0342332 0.0355518 0.0833719 -0.0342109 0.0298783 -0.0507324 -0.0286381 -0.044077 -0.0387823 -0.00531919 0.0421706
internal_weight=920.048 546.185 373.864 320.434 184.854 232.704 224.67 172.191 81.035 219.217 212.943 76.8608 66.8865 176.056 225.751 135.58 30.5958 91.1558 42.7572 32.0442 170.766 15.6099 208.085 8.64137 81.7064 48.3986 74.2284 69.9386 23.2016 16.2356
internal_count=4906 2966 1940 1709 971 1189 1144 910 428 1113 1084 407 354 903 1257 738 167 482 226 169 873 76 1156 47 458 256 416 392 130 91
is_linear=0
shrinkage=0.1


Tree=3
num_leaves=31
num_cat=0
split_feature=7 6 6 16 137 105 67 105 101 10 22 13 11 8 133 54 70 11 26 99 262 78 5 0 0 0 67 0 64 87
split_gain=27.8192 15.5482 8.80382 6.09704 5.8927 4.24603 4.24083 6.49259 4.11126 3.69917 4.12045 3.64566 6.16847 7.4671 5.0036 9.48616 10.141 5.98092 5.33982 3.62713 3.58669 3.5762 3.48554 7.75613 8.08378 5.2991 6.36245 6.71857 4.58605 5.12255
threshold=1.0000000180025095e-35 1.0000000180025095e-35 1.0000000180025095e-35 1.0000000180025095e-35 1.0000000180025095e-35 1.0000000180025095e-35 1.0000000180025095e-35 1.0000000180025095e-35 1.0000000180025095e-35 1.0000000180025095e-35 1.0000000180025095e-35 1.0000000180025095e-35 1.0000000180025095e-35 1.0000000180025095e-35 1.0000000180025095e-35 1.0000000180025095e-35 1.0000000180025095e-35 1.0000000180025095e-35 1.0000000180025095e-35 1.0000000180025095e-35 1.0000000180025095e-35 1.0000000180025095e-35 1.0000000180025095e-35 12.803559303283693 10.925393581390383 13.550992488861086 1.0000000180025095e-35 15.868583202362062 1.0000000180025095e-35 1.0000000180025095e-35
decision_type=2 2 2 2 2 2 2 2 2 2 2 2 2 2 2 2 2 2 2 2 2 2 2 2 2 2 2 2 2 2
left_child=1 3 5 4 6 8 11 -8 20 -6 -11 14 -13 -14 15 -1 17 -17 -18 -5 22 -3 28 24 -24 -25 27 -27 29 -2
right_child=2 21 -4 19 9 -7 7 -9 -10 10 -12 12 13 -15 -16 16 18 -19 -20 -21 -22 -23 23 25 -26 26 -28 -29 -30 -31
leaf_value=-0.085851922777087863 0.038411265512711845 -0.031440163471821478 0.00091355740810481964 -0.010087001907783364 0.021425792717042813 -0.039850376840844984 0.011948732968266023 0.11853163008483146 -0.052210971481114837 0.045777619534966459 0.18041244606675366 -0.07484044782201342 -0.063985408559482093 0.093560508933002939 0.11127223344718634 0.041498692685332773 0.15810860915582553 -0.092301798905785715 0.017004723085594385 -0.056799038181650253 -0.044011345328800022 -0.07937024311783128 0.053338922840563775 0.19871562893545125 -0.040210651257088351 0.055500562043340584 0.011950557780116527 0.21446235732413543 -0.033698202997924032 -0.070158784771520044
leaf_weight=10.346611037850378 117.30370587110519 204.28621724247932 141.23062351346016 114.84194193780422 9.8310529589653015 7.8482904285192481 90.891270831227303 6.0988503694534293 5.2857331335544577 4.7753681838512421 4.3382341861724854 18.937048673629761 5.873941898345949 6.1668384373188019 4.0954539924859992 6.2512365579605103 6.4434532225131989 7.1756775230169296 4.5941406637430191 19.436172127723694 5.3319104462862006 16.851089105010033 50.686134040355682 4.7103070169687298 11.295478239655493 5.6486158072948474 7.9030703455209723 5.0233528316020966 10.766871750354765 4.5129576176404944
leaf_count=55 586 1156 751 626 48 45 478 29 31 23 21 102 32 33 22 33 33 38 24 112 27 101 250 23 57 28 39 24 56 23
internal_value=-0.000167515 -0.0147006 0.0206665 -0.000613031 0.0111191 0.0324716 0.00511895 0.0186508 0.034956 0.0639713 0.109866 -0.0136614 -0.0392581 0.0167037 0.00671896 -0.00558151 0.0283667 -0.0300076 0.0993774 -0.0168484 0.0370204 -0.0350925 0.0390036 0.0547765 0.0362905 0.103983 0.0799604 0.130325 0.0288598 0.0343891
internal_weight=918.782 541.235 377.547 320.097 185.819 236.316 166.875 96.9901 228.468 18.9447 9.1136 69.8844 30.9778 12.0408 38.9066 34.8111 24.4645 13.4269 11.0376 134.278 223.182 221.137 217.85 85.267 61.9816 23.2853 18.575 10.672 132.584 121.817
internal_count=4906 2966 1940 1709 971 1189 879 507 1144 92 44 372 167 65 205 183 128 71 57 738 1113 1257 1086 421 307 114 91 52 665 609
is_linear=0
shrinkage=0.1


Tree=4
num_leaves=31
num_cat=0
split_feature=7 6 6 16 138 1 67 105 0 1 15 60 1 56 10 0 0 23 105 0 40 101 15 101 61 0 67 0 1 67
split_gain=22.5201 12.9226 6.94263 4.92706 4.86592 4.1103 3.6599 5.12123 4.35586 6.44859 4.66299 5.6912 8.32127 5.5801 5.07174 4.61665 4.50603 3.53043 3.4012 3.38163 6.67213 3.31065 3.27064 6.75291 4.77534 4.2839 4.39758 3.72239 4.57585 6.96722
threshold=1.0000000180025095e-35 1.0000000180025095e-35 1.0000000180025095e-35 1.0000000180025095e-35 1.0000000180025095e-35 0.95330443978309642 1.0000000180025095e-35 1.0000000180025095e-35 12.203969955444338 0.16662864387035373 1.0000000180025095e-35 1.0000000180025095e-35 -0.29652445018291468 1.0000000180025095e-35 1.0000000180025095e-35 13.351129055023195 8.8049278259277362 1.0000000180025095e-35 1.0000000180025095e-35 14.176591396331789 1.0000000180025095e-35 1.0000000180025095e-35 1.0000000180025095e-35 1.0000000180025095e-35 1.0000000180025095e-35 8.2067074775695819 1.0000000180025095e-35 8.6844625473022479 0.68545135855674755 1.0000000180025095e-35
decision_type=2 2 2 2 2 2 2 2 2 2 2 2 2 2 2 2 2 2 2 2 2 2 2 2 2 2 2 2 2 2
left_child=1 3 18 4 5 6 -1 8 9 10 13 12 -12 14 -8 -10 -15 -3 21 -5 -21 -2 23 27 -24 26 -26 -19 -29 -30
right_child=2 17 -4 19 -6 -7 7 -9 15 -11 11 -13 -14 16 -16 -17 -18 22 -20 20 -22 -23 24 -25 25 -27 -28 28 29 -31
leaf_value=-0.014822383000291525 0.032742437826307029 0.018892122878987075 0.00082180402925996336 -0.0068106684835281747 0.067966065521721589 0.099161603639066676 0.045883304440736378 0.10187565900730898 -0.11452262841929445 0.09581063011337522 -0.043310016690576117 -0.06814487615899234 0.11752830503306699 0.10257419141354072 -0.062718510161975896 -0.004953157089996143 -0.016338473137765968 -0.030934367725303918 -0.03671470869579363 -0.075945598679587972 0.028379378406764917 -0.048495378083283268 -0.038056459668229292 0.088320639175624494 0.040069879722557017 0.042827666376787414 -0.094469347992145708 -0.082018612346096753 0.033785147456885808 -0.091418194340730952
leaf_weight=69.13803519308567 226.59522739052773 12.711262881755827 141.29474323987961 103.5800573527813 13.382861554622648 4.5506911277770987 8.8414119333028793 6.3703312128782263 4.9663228243589428 9.9682669937610608 7.6535935997962952 13.444442838430405 5.5487768948078156 13.045291766524317 8.3719576299190521 17.038387477397919 4.2167281061410895 58.624788597226143 7.6760691404342642 20.796649262309074 8.6928490400314349 5.1300218999385825 48.681004106998444 3.6760123372077933 4.1480707079172152 18.054981708526611 5.8639782965183258 47.178764224052429 9.8523246198892593 8.0974332094192505
leaf_count=372 1113 71 751 571 61 22 46 29 26 52 40 70 29 68 44 90 22 343 45 120 47 31 283 21 24 104 34 273 57 47
internal_value=-0.00020159 -0.0134012 0.0184 -0.000616137 0.00987066 0.00538054 0.00284935 0.0151329 0.00919724 0.0212317 0.00906877 -0.0223482 0.0242881 0.0333517 -0.00693667 -0.0296823 0.0735265 -0.0322413 0.0287746 -0.0153165 -0.0451929 0.030944 -0.0354246 -0.0452469 -0.0191162 0.0137349 -0.0387287 -0.0492144 -0.065669 -0.0226962
internal_weight=917.191 536.495 380.696 319.607 186.537 173.154 168.604 99.4655 93.0952 71.0905 61.1222 26.6468 13.2024 34.4754 17.2134 22.0047 17.262 216.889 239.401 133.07 29.4895 231.725 204.177 127.429 76.748 28.067 10.012 123.753 65.1285 17.9498
internal_count=4906 2966 1940 1709 971 910 888 516 487 371 319 139 69 180 90 116 90 1257 1189 738 167 1144 1186 741 445 162 58 720 377 104
is_linear=0
shrinkage=0.1


Tree=5
num_leaves=31
num_cat=0
split_feature=7 6 20 6 27 222 16 22 10 26 12 21 0 34 5 135 62 80 10 95 73 0 99 15 0 67 0 26 59 86
split_gain=18.2987 10.7557 5.77414 5.60151 4.38286 4.14507 3.91289 4.26558 7.67269 5.78292 4.64821 5.51293 3.92902 4.20813 5.15095 4.0695 7.35986 4.38895 3.88216 4.50851 3.70954 3.52437 3.35776 4.0145 7.60737 6.81271 5.88748 7.27547 5.77409 5.14585
threshold=1.0000000180025095e-35 1.0000000180025095e-35 1.0000000180025095e-35 1.0000000180025095e-35 1.0000000180025095e-35 1.0000000180025095e-35 1.0000000180025095e-35 1.0000000180025095e-35 1.0000000180025095e-35 1.0000000180025095e-35 1.0000000180025095e-35 1.0000000180025095e-35 14.205338954925539 1.0000000180025095e-35 1.0000000180025095e-35 1.0000000180025095e-35 1.0000000180025095e-35 1.0000000180025095e-35 1.0000000180025095e-35 1.0000000180025095e-35 1.0000000180025095e-35 13.600273609161379 1.0000000180025095e-35 1.0000000180025095e-35 10.380561351776125 1.0000000180025095e-35 15.585215568542482 1.0000000180025095e-35 1.0000000180025095e-35 1.0000000180025095e-35
decision_type=2 2 2 2 2 2 2 2 2 2 2 2 2 2 2 2 2 2 2 2 2 2 2 2 2 2 2 2 2 2
left_child=1 4 3 -2 -1 -3 7 10 9 -9 18 12 15 14 -14 17 -17 20 19 21 -12 -6 23 24 25 -8 29 -28 -27 -26
right_child=2 5 -4 -5 6 -7 22 8 -10 -11 11 -13 13 -15 -16 16 -18 -19 -20 -21 -22 -23 -24 -25 26 28 27 -29 -30 -31
leaf_value=-0.083524000332873771 0.027042414550882687 -0.031392321764331259 -0.092955667906404416 0.0018023917152997109 0.016220347913996958 0.081135553026741941 0.10671038989371828 -0.091358259588549082 0.12881669361625742 0.075713305785687857 -0.0075901541942072943 -0.06155202665700981 0.037997111784912468 -0.0020340513155178335 0.18340972491244861 0.13738265259550742 -0.034578775031282372 -0.087774912766702962 -0.030226826818358556 0.087766709169881524 0.051712129987007187 -0.056097851417329925 -0.051623114650644231 -0.028625757756997074 -0.089391719814101989 0.058683990500650485 0.13613655736101868 -0.046034977861146992 -0.03630286161758494 0.028416379502503648
leaf_weight=6.2511916309595099 240.0505578815937 209.64703577756882 4.7665877789258948 138.75017614662647 26.24673168361187 3.3254148662090293 10.880166605114935 4.1685907393693924 8.0347322821617126 4.1187985837459564 25.499388158321381 7.0191380530595771 4.5954173356294614 4.4706377685070029 5.1841568201780319 6.8925617039203626 3.8955975323915482 4.4082359224557868 46.135843709111214 6.5876965671777716 17.989999294281006 9.0667493641376478 18.61972887814045 45.052013337612152 14.520823895931249 13.093081846833229 4.1201812922954542 4.6852916479110718 12.518440872430801 4.9790592938661566
leaf_count=35 1178 1238 25 737 136 19 59 21 39 20 131 38 24 23 25 35 20 24 246 33 92 49 112 251 81 71 23 26 68 27
internal_value=-0.000228528 -0.0122325 0.016421 0.0177973 -0.000615243 -0.0296353 0.00104175 0.0103796 0.0591847 -0.00832438 0.00563768 0.0230922 0.0312381 0.0783388 0.11508 0.019801 0.0752875 0.00730359 -0.0102145 0.0118203 0.0169411 -0.00234738 -0.0123553 -0.00569925 0.0102411 0.0404181 -0.0286636 0.0392052 0.0122562 -0.0593108
internal_weight=915.574 532.007 383.567 378.801 319.034 212.972 312.783 184.314 16.3221 8.28739 167.992 79.9551 72.936 14.2502 9.77957 58.6858 10.7882 47.8976 88.037 41.9012 43.4894 35.3135 128.469 109.849 64.797 36.4917 28.3054 8.80547 25.6115 19.4999
internal_count=4906 2966 1940 1915 1709 1257 1674 956 80 41 876 412 374 72 49 302 55 247 464 218 223 185 718 606 355 198 157 49 139 108
is_linear=0
shrinkage=0.1


Tree=6
num_leaves=31
num_cat=0
split_feature=7 6 20 6 27 222 174 16 138 1 85 16 104 1 46 156 1 54 83 67 8 49 64 0 0 10 23 9 10 10
split_gain=14.8821 8.87744 4.84039 4.44498 3.72222 3.31678 3.24341 3.18051 3.57294 3.57473 3.0976 3.35198 7.43374 6.26547 5.73678 5.27089 4.9946 7.1345 7.1416 4.9117 4.16938 5.04867 4.04513 5.22678 4.34721 3.9892 3.85396 3.6245 3.56399 3.29642
threshold=1.0000000180025095e-35 1.0000000180025095e-35 1.0000000180025095e-35 1.0000000180025095e-35 1.0000000180025095e-35 1.0000000180025095e-35 1.0000000180025095e-35 1.0000000180025095e-35 1.0000000180025095e-35 0.95330443978309642 1.0000000180025095e-35 1.0000000180025095e-35 1.0000000180025095e-35 0.91649556159973156 1.0000000180025095e-35 1.0000000180025095e-35 -0.41120998561382288 1.0000000180025095e-35 1.0000000180025095e-35 1.0000000180025095e-35 1.0000000180025095e-35 1.0000000180025095e-35 1.0000000180025095e-35 9.5071868896484393 10.925393581390383 1.0000000180025095e-35 1.0000000180025095e-35 1.0000000180025095e-35 1.0000000180025095e-35 1.0000000180025095e-35
decision_type=2 2 2 2 2 2 2 2 2 2 2 2 2 2 2 2 2 2 2 2 2 2 2 2 2 2 2 2 2 2
left_child=1 4 3 10 -1 6 -3 8 9 -6 11 12 13 15 -13 16 17 18 -2 20 21 -18 23 -21 -25 -26 -16 29 -23 -22
right_child=2 5 -4 -5 7 -7 -8 -9 -10 -11 -12 14 -14 -15 26 -17 19 -19 -20 22 27 28 -24 24 25 -27 -28 -29 -30 -31
leaf_value=-0.078825039249227902 0.14459883955480898 -0.031197380649065149 -0.087868446852413351 0.0016206257318129962 0.0029291422384787637 0.069765753991016213 0.036711702834022739 -0.011300086346658175 0.058578680968785879 0.092901307355915744 -0.054828495215782841 0.12134977480028844 0.16663067032733581 0.1364109247342114 -0.078892656433381045 -0.079169569487544444 0.037666369573804995 0.0038315029561205626 -0.0046224282323307879 -0.026843685510254324 0.078555025519481 0.18204267804951554 -0.090586569121700947 0.1073026052335887 -0.026541781008097273 0.066206162785815356 0.010684853361461156 -0.056516074038897204 0.060697134137241621 -0.024179505198781384
leaf_weight=5.9760147035121909 13.034831449389459 198.62885625660419 4.5497259497642508 138.8742358237505 166.71294881403446 3.4720806032419196 7.291248455643653 127.53238640725613 13.592235147953032 4.5361272841691962 4.8782751411199561 4.498604789376258 4.1873347461223593 5.4572459757328025 5.0887518227100363 4.5102578550577155 18.850898310542107 10.648605421185495 4.2539618611335746 22.826706677675247 7.765525549650194 5.2702173590660113 4.5561522543430319 6.8262259066104916 10.569154486060143 8.2629721015691757 85.523260176181793 6.041668787598609 4.476121261715889 5.2245799899101257
leaf_count=35 61 1195 25 737 875 19 43 718 60 21 26 21 20 24 26 21 91 50 20 112 38 26 24 33 52 41 414 30 22 26
internal_value=-0.000250581 -0.0111665 0.014667 0.0158894 -0.00064782 -0.0271586 -0.0287928 0.000847787 0.00922929 0.00531237 0.0240523 0.02567 0.0353591 0.0313925 0.0111264 0.0270872 0.0308136 0.0682225 0.107882 0.0204321 0.0437418 0.0678785 -0.00049908 0.00796646 0.038935 0.0141532 0.0056542 0.00747392 0.126313 0.0372355
internal_weight=913.917 527.742 386.175 381.626 318.35 209.392 205.92 312.374 184.841 171.249 242.751 237.873 142.762 138.575 95.1106 133.118 128.608 27.9374 17.2888 100.67 47.629 28.5972 53.0412 48.4851 25.6584 18.8321 90.612 19.0318 9.74634 12.9901
internal_count=4906 2966 1940 1915 1709 1257 1238 1674 956 896 1178 1152 691 671 461 647 626 131 81 495 233 139 262 238 126 93 440 94 48 64
is_linear=0
shrinkage=0.1


Tree=7
num_leaves=31
num_cat=0
split_feature=7 6 153 113 55 81 0 1 9 11 26 8 73 1 0 60 68 0 168 9 56 78 14 0 168 11 71 15 16 0
split_gain=12.0189 7.36621 4.46319 4.4591 4.8735 5.31312 5.07927 6.08726 4.65845 4.61051 7.10524 6.98592 6.22362 5.92365 6.88341 5.521 4.82667 7.36394 3.42382 3.38314 3.6899 3.27578 3.36913 3.54964 3.31616 3.6316 11.0499 7.00686 7.34141 3.26659
threshold=1.0000000180025095e-35 1.0000000180025095e-35 1.0000000180025095e-35 1.0000000180025095e-35 1.0000000180025095e-35 1.0000000180025095e-35 12.746064186096193 -0.33318121731281275 1.0000000180025095e-35 1.0000000180025095e-35 1.0000000180025095e-35 1.0000000180025095e-35 1.0000000180025095e-35 0.7774735987186433 14.800821304321291 1.0000000180025095e-35 1.0000000180025095e-35 9.3497605323791522 1.0000000180025095e-35 1.0000000180025095e-35 1.0000000180025095e-35 1.0000000180025095e-35 1.0000000180025095e-35 3.2429842948913579 1.0000000180025095e-35 1.0000000180025095e-35 1.0000000180025095e-35 1.0000000180025095e-35 1.0000000180025095e-35 8.7460646629333514
decision_type=2 2 2 2 2 2 2 2 2 2 2 2 2 2 2 2 2 2 2 2 2 2 2 2 2 2 2 2 2 2
left_child=1 -1 3 4 5 -2 7 -7 -9 10 11 12 -6 14 15 -12 17 -14 -11 20 -5 22 -3 -24 25 -25 27 28 -27 -17
right_child=2 21 -4 19 9 6 -8 8 -10 18 13 -13 16 -15 -16 29 -18 -19 -20 -21 -22 -23 23 24 -26 26 -28 -29 -30 -31
leaf_value=-0.00059272406316082313 0.0147988300441771 -0.010736366526529482 -0.066583398790404633 -0.064707140418135509 0.11504403799833479 0.075887310620553663 0.12916133887963444 -0.035006016097343613 0.065254393872062874 -0.0046724537383951428 -0.08418668728984488 0.0048748296983647885 -0.0090400974495759828 0.086386212987450903 -0.11845808700168653 0.035014402730742425 -0.054146667499965932 0.11091837850510376 -0.092943585849302846 -0.10148614008836537 0.050432760926599908 -0.069645085114890037 -0.10846769381838091 -0.042889292952788677 -0.12345773955524975 0.070550476520714903 -0.10724964776629253 0.15659540819199916 -0.099601809726284157 -0.012645067211121186
leaf_weight=317.91840878129005 69.756202265620232 116.84380415081978 6.9077272266149512 5.3567825108766574 16.914500296115875 25.54723252356052 8.188018471002577 12.522469699382787 7.35690714418888 86.775365009903908 7.1568500995635977 29.863613396883011 9.2075356096029335 6.9569992125034323 5.4341292530298224 26.246677786111832 4.7480616867542258 11.520019859075544 4.628511130809783 5.3715357035398474 5.7935939133167267 15.135961353778837 6.5183768272399893 42.348106741905212 3.6835549026727668 7.0041121989488619 6.0387713015079489 4.5448280721902838 3.9747292399406433 31.811731323599815
leaf_count=1709 343 698 35 27 85 124 41 63 37 437 36 151 46 34 28 131 24 57 24 27 29 101 42 262 24 40 39 26 25 161
internal_value=-0.000260106 -0.0101388 0.0130793 0.014523 0.0168254 0.0329924 0.0566635 0.043596 0.00209809 0.00855831 0.0193544 0.041921 0.0680198 -0.00165565 -0.0103253 -0.00131505 0.0367981 0.0576308 -0.00914233 -0.0362895 -0.00488191 -0.0248646 -0.0213151 -0.0379933 -0.0311972 -0.0258797 0.00752681 0.0521753 0.00894933 0.00890052
internal_weight=912.075 524.011 388.064 381.157 364.635 123.371 53.6146 45.4266 19.8794 241.264 149.86 72.2537 42.3901 77.6064 70.6494 65.2153 25.4756 20.7276 91.4039 16.5219 11.1504 206.092 190.956 74.1125 67.5941 63.9105 21.5624 15.5237 10.9788 58.0584
internal_count=4906 2966 1940 1905 1822 608 265 224 100 1214 753 363 212 390 356 328 127 103 461 83 56 1257 1156 458 416 392 130 91 65 292
is_linear=0
shrinkage=0.1


Tree=8
num_leaves=31
num_cat=0
split_feature=6 7 108 21 7 104 11 71 15 127 0 74 0 15 0 13 9 70 26 0 27 132 102 45 262 16 22 10 26 12
split_gain=10.1273 5.23779 4.07435 5.32451 4.60053 3.68167 3.62152 5.74123 9.08881 5.96208 4.21097 6.40928 4.10637 4.57124 5.57312 6.24943 3.49332 5.38693 3.3793 3.26049 3.16812 3.03982 3.16264 2.96848 2.95159 3.07947 3.22004 6.57131 4.68823 3.79082
threshold=1.0000000180025095e-35 1.0000000180025095e-35 1.0000000180025095e-35 1.0000000180025095e-35 1.0000000180025095e-35 1.0000000180025095e-35 1.0000000180025095e-35 1.0000000180025095e-35 1.0000000180025095e-35 1.0000000180025095e-35 9.1197810173034686 1.0000000180025095e-35 11.690622806549074 1.0000000180025095e-35 14.47091054916382 1.0000000180025095e-35 1.0000000180025095e-35 1.0000000180025095e-35 1.0000000180025095e-35 11.108829498291017 1.0000000180025095e-35 1.0000000180025095e-35 1.0000000180025095e-35 1.0000000180025095e-35 1.0000000180025095e-35 1.0000000180025095e-35 1.0000000180025095e-35 1.0000000180025095e-35 1.0000000180025095e-35 1.0000000180025095e-35
decision_type=2 2 2 2 2 2 2 2 2 2 2 2 2 2 2 2 2 2 2 2 2 2 2 2 2 2 2 2 2 2
left_child=1 20 3 4 6 -6 12 8 10 23 11 -8 -2 -14 -15 -16 21 18 -18 -12 -1 22 -5 -10 25 26 29 28 -28 -22
right_child=2 -3 -4 16 5 -7 7 -9 9 -11 19 -13 13 14 15 -17 17 -19 -20 -21 24 -23 -24 -25 -26 -27 27 -29 -30 -31
leaf_value=-0.074328991062916974 -0.045108585072318262 0.018865216618044578 -0.051907036415940216 -0.093144432293871315 0.013411294543538394 -0.083475871431975268 -0.017162521440273949 -0.041927778372424007 0.20830111565278125 0.0078946486092791972 -0.12554171042173609 0.11307659227286407 -0.030853953576531635 0.10651633588469918 -0.10226460192925253 0.073174032930993116 -0.092491284183460989 0.10588167226134947 0.010554641063274381 -0.0024863357835439742 -0.0084579328197465376 0.014571549718743727 0.0081703425865056935 0.090778814743513805 -0.084187764169510029 -0.010164289373933426 -0.087655602902214899 0.11571596253595576 0.062570230490694406 0.021748307362470663
leaf_weight=5.7130257785320273 58.84945148229599 247.63335351645947 25.914497062563896 20.360675796866424 109.44507457315922 4.0678113102912894 15.550916180014616 20.340978905558586 3.5415777266025525 5.9354030936956397 4.657421410083769 4.9913634359836569 23.108775109052658 6.8496732115745536 4.1266844272613508 3.9971392452716827 5.7549766004085559 3.4080048948526374 7.1195671409368515 4.0045363903045654 86.71471306681633 4.1825739145278922 3.6304664462804785 5.4671042263507843 4.0319992899894705 125.06968475878239 4.0383859574794769 8.2161749303340912 4.2781183123588562 79.763673663139343
leaf_count=35 370 1189 151 123 575 22 95 127 20 36 29 30 142 41 25 24 35 20 41 24 458 25 21 32 22 709 21 38 20 406
internal_value=-0.000278538 0.00796178 -0.0137726 -0.0106785 -0.00548651 0.00993928 -0.0163341 0.00202939 0.0222823 0.0857108 -0.0101747 0.014483 -0.0285514 -0.00296521 0.0400758 -0.0159441 -0.0427875 -0.00591403 -0.0355073 -0.0686516 -0.000533616 -0.0640979 -0.0778129 0.13698 0.000817161 0.00192966 0.0101947 0.0522866 -0.0103775 0.00601458
internal_weight=910.764 565.459 345.305 319.39 274.934 113.513 161.421 64.4893 44.1483 14.9441 29.2042 20.5423 96.9317 38.0823 14.9735 8.12382 44.4563 16.2825 12.8745 8.66196 317.826 28.1737 23.9911 9.00868 312.113 308.081 183.011 16.5327 8.3165 166.478
internal_count=4906 2898 2008 1857 1592 597 995 393 266 88 178 125 602 232 90 49 265 96 76 53 1709 169 144 52 1674 1652 943 79 41 864
is_linear=0
shrinkage=0.1


Tree=9
num_leaves=31
num_cat=0
split_feature=6 262 16 0 0 0 0 225 85 1 1 21 15 95 0 14 55 0 108 21 7 8 9 11 55 56 83 73 12 9
split_gain=8.30366 4.43078 4.80397 5.22212 6.21918 12.7528 4.98358 6.12445 4.71844 4.44935 4.80637 5.40773 4.4046 4.29737 4.03336 4.29643 6.07336 4.593 3.43994 4.48791 3.78992 3.49507 5.25869 4.68009 4.67256 4.15271 3.25723 3.50868 7.19715 4.01554
threshold=1.0000000180025095e-35 1.0000000180025095e-35 1.0000000180025095e-35 2.4503763914108281 3.2429842948913579 3.9917863607406621 17.548254966735843 1.0000000180025095e-35 1.0000000180025095e-35 -0.49288918077945704 -0.12905924022197721 1.0000000180025095e-35 1.0000000180025095e-35 1.0000000180025095e-35 8.1492128372192401 1.0000000180025095e-35 1.0000000180025095e-35 14.351813793182375 1.0000000180025095e-35 1.0000000180025095e-35 1.0000000180025095e-35 1.0000000180025095e-35 1.0000000180025095e-35 1.0000000180025095e-35 1.0000000180025095e-35 1.0000000180025095e-35 1.0000000180025095e-35 1.0000000180025095e-35 1.0000000180025095e-35 1.0000000180025095e-35
decision_type=2 2 2 2 2 2 2 2 2 2 2 2 2 2 2 2 2 2 2 2 2 2 2 2 2 2 2 2 2 2
left_child=1 2 6 -4 -5 12 7 8 -1 -7 11 13 -6 -11 -12 -16 17 -17 19 20 -2 23 -23 26 -25 -24 27 28 -22 -29
right_child=18 -3 3 4 5 9 -8 -9 -10 10 14 -13 -14 -15 15 16 -18 -19 -20 -21 21 22 25 24 -26 -27 -28 29 -30 -31
leaf_value=0.017445960229466689 -0.01497254082610988 -0.06095387337774974 0.081184942689869699 -0.073862911542025303 0.14233746942077755 -0.074487375686672144 0.090435469957050041 -0.098601911406996562 -0.061264386400846374 0.00069080639701592228 -0.11211528638744817 0.12759098442203437 0.021413462060546545 0.10400364601794253 -0.025390939919472413 0.12295080526829633 -0.0062328726034844755 -0.016366580762362058 -0.048171794795257322 -0.039657668852100036 0.012879296276756384 0.0097130974959941316 -0.13412200234762625 0.0377760458489525 -0.041848052126608158 -0.017611122948830923 0.11009357613644383 -0.052493228302760243 0.12376110565038452 0.060191235605436572
leaf_weight=313.30901363492012 159.74812178313732 9.3985872864723188 7.1173007637262335 12.664361849427221 7.766989201307295 9.5881074219942075 8.7268386930227262 4.7713212519884101 7.8058880120515814 36.397962331771851 4.0664597898721686 4.5017781406640998 4.9204136878252029 4.5269390493631354 80.357851073145866 7.3553199172019941 40.052887424826622 3.4888305813074112 25.171530678868294 43.35898731648922 16.053771167993546 26.493281304836273 5.4893497526645643 12.592667847871782 17.770093187689781 6.909968301653862 6.0770902931690207 8.3684642463922483 9.2133864462375659 5.0833716541528693
leaf_count=1560 995 50 35 66 39 50 38 24 41 190 21 23 25 23 434 39 220 20 151 265 82 141 29 64 97 37 31 43 47 26
internal_value=-0.000291817 0.00713528 0.00828332 -0.00309343 -0.00587446 -0.00163343 0.0158586 0.0138616 0.0155326 -0.00810419 -0.00458277 0.0235621 0.0954409 0.0121188 -0.0140309 -0.0109921 0.0117413 0.078129 -0.0125893 -0.00976528 -0.00503151 0.00889256 -0.0154426 0.0214853 -0.00882471 -0.0691921 0.0420295 0.0313466 0.0533111 -0.00991042
internal_weight=909.147 566.817 557.418 222.805 215.688 203.024 334.613 325.886 321.115 190.336 180.748 45.4267 12.6874 40.9249 135.321 131.255 50.897 10.8442 342.33 317.159 273.8 114.051 38.8926 75.1588 30.3628 12.3993 44.7961 38.719 25.2672 13.4518
internal_count=4906 2898 2848 1185 1150 1084 1663 1625 1601 1020 970 236 64 213 734 713 279 59 2008 1857 1592 597 207 390 161 66 229 198 129 69
is_linear=0
shrinkage=0.1


end of trees

feature_importances:
Column_0=49
Column_6=17
Column_1=16
Column_10=12
Column_16=12
Column_7=11
Column_67=10
Column_105=9
Column_8=8
Column_11=8
Column_15=8
Column_26=7
Column_9=6
Column_101=6
Column_12=5
Column_21=5
Column_99=5
Column_138=5
Column_5=4
Column_14=4
Column_55=4
Column_78=4
Column_13=3
Column_22=3
Column_23=3
Column_27=3
Column_56=3
Column_64=3
Column_71=3
Column_73=3
Column_83=3
Column_95=3
Column_168=3
Column_262=3
Column_20=2
Column_40=2
Column_54=2
Column_60=2
Column_70=2
Column_80=2
Column_81=2
Column_84=2
Column_85=2
Column_104=2
Column_108=2
Column_222=2
Column_17=1
Column_34=1
Column_45=1
Column_46=1
Column_49=1
Column_50=1
Column_53=1
Column_59=1
Column_61=1
Column_62=1
Column_68=1
Column_74=1
Column_86=1
Column_87=1
Column_102=1
Column_113=1
Column_127=1
Column_132=1
Column_133=1
Column_135=1
Column_137=1
Column_153=1
Column_156=1
Column_174=1
Column_225=1

parameters:
[boosting: gbdt]
[objective: binary]
[metric: binary_logloss]
[tree_learner: serial]
[device_type: cpu]
[data_sample_strategy: bagging]
[data: ]
[valid: ]
[num_iterations: 300]
[learning_rate: 0.1]
[num_leaves: 31]
[num_threads: 0]
[seed: 0]
[deterministic: 0]
[force_col_wise: 0]
[force_row_wise: 0]
[histogram_pool_size: -1]
[max_depth: -1]
[min_data_in_leaf: 20]
[min_sum_hessian_in_leaf: 0.001]
[bagging_fraction: 1]
[pos_bagging_fraction: 1]
[neg_bagging_fraction: 1]
[bagging_freq: 0]
[bagging_seed: 7719]
[bagging_by_query: 0]
[feature_fraction: 1]
[feature_fraction_bynode: 1]
[feature_fraction_seed: 2437]
[extra_trees: 0]
[extra_seed: 11797]
[early_stopping_round: 0]
[early_stopping_min_delta: 0]
[first_metric_only: 0]
[max_delta_step: 0]
[lambda_l1: 0]
[lambda_l2: 0]
[linear_lambda: 0]
[min_gain_to_split: 0]
[drop_rate: 0.1]
[max_drop: 50]
[skip_drop: 0.5]
[xgboost_dart_mode: 0]
[uniform_drop: 0]
[drop_seed: 21238]
[top_rate: 0.2]
[other_rate: 0.1]
[min_data_per_group: 100]
[max_cat_threshold: 32]
[cat_l2: 10]
[cat_smooth: 10]
[max_cat_to_onehot: 4]
[top_k: 20]
[monotone_constraints: ]
[monotone_constraints_method: basic]
[monotone_penalty: 0]
[feature_contri: ]
[forcedsplits_filename: ]
[refit_decay_rate: 0.9]
[cegb_tradeoff: 1]
[cegb_penalty_split: 0]
[cegb_penalty_feature_lazy: ]
[cegb_penalty_feature_coupled: ]
[path_smooth: 0]
[interaction_constraints: ]
[verbosity: -1]
[saved_feature_importance_type: 0]
[use_quantized_grad: 0]
[num_grad_quant_bins: 4]
[quant_train_renew_leaf: 0]
[stochastic_rounding: 1]
[linear_tree: 0]
[max_bin: 255]
[max_bin_by_feature: ]
[min_data_in_bin: 3]
[bin_construct_sample_cnt: 200000]
[data_random_seed: 38]
[is_enable_sparse: 1]
[enable_bundle: 1]
[use_missing: 1]
[zero_as_missing: 0]
[feature_pre_filter: 1]
[pre_partition: 0]
[two_round: 0]
[header: 0]
[label_column: ]
[weight_column: ]
[group_column: ]
[ignore_column: ]
[categorical_feature: ]
[forcedbins_filename: ]
[precise_float_parser: 0]
[parser_config_file: ]
[objective_seed: 8855]
[num_class: 1]
[is_unbalance: 0]
[scale_pos_weight: 1]
[sigmoid: 1]
[boost_from_average: 1]
[reg_sqrt: 0]
[alpha: 0.9]
[fair_c: 1]
[poisson_max_delta_step: 0.7]
[tweedie_variance_power: 1.5]
[lambdarank_truncation_level: 30]
[lambdarank_norm: 1]
[label_gain: ]
[lambdarank_position_bias_regularization: 0]
[eval_at: ]
[multi_error_top_k: 1]
[auc_mu_weights: ]
[num_machines: 1]
[local_listen_port: 12400]
[time_out: 120]
[machine_list_filename: ]
[machines: ]
[gpu_platform_id: -1]
[gpu_device_id: -1]
[gpu_device_id_list: ]
[gpu_use_dp: 0]
[num_gpu: 1]

end of parameters

pandas_categorical:null
