tree
version=v4
num_class=1
num_tree_per_iteration=1
label_index=0
max_feature_idx=567
objective=binary sigmoid:1
feature_names=Column_0 Column_1 Column_2 Column_3 Column_4 Column_5 Column_6 Column_7 Column_8 Column_9 Column_10 Column_11 Column_12 Column_13 Column_14 Column_15 Column_16 Column_17 Column_18 Column_19 Column_20 Column_21 Column_22 Column_23 Column_24 Column_25 Column_26 Column_27 Column_28 Column_29 Column_30 Column_31 Column_32 Column_33 Column_34 Column_35 Column_36 Column_37 Column_38 Column_39 Column_40 Column_41 Column_42 Column_43 Column_44 Column_45 Column_46 Column_47 Column_48 Column_49 Column_50 Column_51 Column_52 Column_53 Column_54 Column_55 Column_56 Column_57 Column_58 Column_59 Column_60 Column_61 Column_62 Column_63 Column_64 Column_65 Column_66 Column_67 Column_68 Column_69 Column_70 Column_71 Column_72 Column_73 Column_74 Column_75 Column_76 Column_77 Column_78 Column_79 Column_80 Column_81 Column_82 Column_83 Column_84 Column_85 Column_86 Column_87 Column_88 Column_89 Column_90 Column_91 Column_92 Column_93 Column_94 Column_95 Column_96 Column_97 Column_98 Column_99 Column_100 Column_101 Column_102 Column_103 Column_104 Column_105 Column_106 Column_107 Column_108 Column_109 Column_110 Column_111 Column_112 Column_113 Column_114 Column_115 Column_116 Column_117 Column_118 Column_119 Column_120 Column_121 Column_122 Column_123 Column_124 Column_125 Column_126 Column_127 Column_128 Column_129 Column_130 Column_131 Column_132 Column_133 Column_134 Column_135 Column_136 Column_137 Column_138 Column_139 Column_140 Column_141 Column_142 Column_143 Column_144 Column_145 Column_146 Column_147 Column_148 Column_149 Column_150 Column_151 Column_152 Column_153 Column_154 Column_155 Column_156 Column_157 Column_158 Column_159 Column_160 Column_161 Column_162 Column_163 Column_164 Column_165 Column_166 Column_167 Column_168 Column_169 Column_170 Column_171 Column_172 Column_173 Column_174 Column_175 Column_176 Column_177 Column_178 Column_179 Column_180 Column_181 Column_182 Column_183 Column_184 Column_185 Column_186 Column_187 Column_188 Column_189 Column_190 Column_191 Column_192 Column_193 Column_194 Column_195 Column_196 Column_197 Column_198 Column_199 Column_200 Column_201 Column_202 Column_203 Column_204 Column_205 Column_206 Column_207 Column_208 Column_209 Column_210 Column_211 Column_212 Column_213 Column_214 Column_215 Column_216 Column_217 Column_218 Column_219 Column_220 Column_221 Column_222 Column_223 Column_224 Column_225 Column_226 Column_227 Column_228 Column_229 Column_230 Column_231 Column_232 Column_233 Column_234 Column_235 Column_236 Column_237 Column_238 Column_239 Column_240 Column_241 Column_242 Column_243 Column_244 Column_245 Column_246 Column_247 Column_248 Column_249 Column_250 Column_251 Column_252 Column_253 Column_254 Column_255 Column_256 Column_257 Column_258 Column_259 Column_260 Column_261 Column_262 Column_263 Column_264 Column_265 Column_266 Column_267 Column_268 Column_269 Column_270 Column_271 Column_272 Column_273 Column_274 Column_275 Column_276 Column_277 Column_278 Column_279 Column_280 Column_281 Column_282 Column_283 Column_284 Column_285 Column_286 Column_287 Column_288 Column_289 Column_290 Column_291 Column_292 Column_293 Column_294 Column_295 Column_296 Column_297 Column_298 Column_299 Column_300 Column_301 Column_302 Column_303 Column_304 Column_305 Column_306 Column_307 Column_308 Column_309 Column_310 Column_311 Column_312 Column_313 Column_314 Column_315 Column_316 Column_317 Column_318 Column_319 Column_320 Column_321 Column_322 Column_323 Column_324 Column_325 Column_326 Column_327 Column_328 Column_329 Column_330 Column_331 Column_332 Column_333 Column_334 Column_335 Column_336 Column_337 Column_338 Column_339 Column_340 Column_341 Column_342 Column_343 Column_344 Column_345 Column_346 Column_347 Column_348 Column_349 Column_350 Column_351 Column_352 Column_353 Column_354 Column_355 Column_356 Column_357 Column_358 Column_359 Column_360 Column_361 Column_362 Column_363 Column_364 Column_365 Column_366 Column_367 Column_368 Column_369 Column_370 Column_371 Column_372 Column_373 Column_374 Column_375 Column_376 Column_377 Column_378 Column_379 Column_380 Column_381 Column_382 Column_383 Column_384 Column_385 Column_386 Column_387 Column_388 Column_389 Column_390 Column_391 Column_392 Column_393 Column_394 Column_395 Column_396 Column_397 Column_398 Column_399 Column_400 Column_401 Column_402 Column_403 Column_404 Column_405 Column_406 Column_407 Column_408 Column_409 Column_410 Column_411 Column_412 Column_413 Column_414 Column_415 Column_416 Column_417 Column_418 Column_419 Column_420 Column_421 Column_422 Column_423 Column_424 Column_425 Column_426 Column_427 Column_428 Column_429 Column_430 Column_431 Column_432 Column_433 Column_434 Column_435 Column_436 Column_437 Column_438 Column_439 Column_440 Column_441 Column_442 Column_443 Column_444 Column_445 Column_446 Column_447 Column_448 Column_449 Column_450 Column_451 Column_452 Column_453 Column_454 Column_455 Column_456 Column_457 Column_458 Column_459 Column_460 Column_461 Column_462 Column_463 Column_464 Column_465 Column_466 Column_467 Column_468 Column_469 Column_470 Column_471 Column_472 Column_473 Column_474 Column_475 Column_476 Column_477 Column_478 Column_479 Column_480 Column_481 Column_482 Column_483 Column_484 Column_485 Column_486 Column_487 Column_488 Column_489 Column_490 Column_491 Column_492 Column_493 Column_494 Column_495 Column_496 Column_497 Column_498 Column_499 Column_500 Column_501 Column_502 Column_503 Column_504 Column_505 Column_506 Column_507 Column_508 Column_509 Column_510 Column_511 Column_512 Column_513 Column_514 Column_515 Column_516 Column_517 Column_518 Column_519 Column_520 Column_521 Column_522 Column_523 Column_524 Column_525 Column_526 Column_527 Column_528 Column_529 Column_530 Column_531 Column_532 Column_533 Column_534 Column_535 Column_536 Column_537 Column_538 Column_539 Column_540 Column_541 Column_542 Column_543 Column_544 Column_545 Column_546 Column_547 Column_548 Column_549 Column_550 Column_551 Column_552 Column_553 Column_554 Column_555 Column_556 Column_557 Column_558 Column_559 Column_560 Column_561 Column_562 Column_563 Column_564 Column_565 Column_566 Column_567
feature_infos=[2.0013689994812012:17.993154525756836] [-0.7776256799697876:0.99923950433731079] none none none [0:1] [0:1] [0:1] [0:1] [0:1] [0:1] [0:1] [0:1] [0:1] [0:1] [0:1] [0:1] [0:1] [0:1] [0:1] [0:1] [0:1] [0:1] [0:1] [0:1] [0:1] [0:1] [0:1] [0:1] [0:1] [0:1] [0:1] [0:1] [0:1] [0:1] [0:1] [0:1] [0:1] [0:1] [0:1] [0:1] [0:1] [0:1] [0:1] [0:1] [0:1] [0:1] [0:1] [0:1] [0:1] [0:1] [0:1] [0:1] [0:1] [0:1] [0:1] [0:1] [0:1] [0:1] [0:1] [0:1] [0:1] [0:1] [0:1] [0:1] [0:1] [0:1] [0:1] [0:1] [0:1] [0:1] [0:1] [0:1] [0:1] [0:1] [0:1] [0:1] [0:1] [0:1] [0:1] [0:1] [0:1] [0:1] [0:1] [0:1] [0:1] [0:1] [0:1] [0:1] [0:1] [0:1] [0:1] [0:1] [0:1] [0:1] [0:1] [0:1] [0:1] [0:1] [0:1] [0:1] [0:1] [0:1] [0:1] [0:1] [0:1] [0:1] [0:1] [0:1] none none none none [0:1] [0:1] none [0:1] none [0:1] none none [0:1] none none none none [0:1] [0:1] [0:1] [0:1] [0:1] none [0:1] [0:1] [0:1] [0:1] none [0:1] [0:1] [0:1] [0:1] [0:1] [0:1] [0:1] [0:1] [0:1] [0:1] [0:1] [0:1] [0:1] [0:1] [0:1] [0:1] [0:1] [0:1] [0:1] [0:1] none none none none none none none none none none [0:1] [0:1] none none none none none [0:1] [0:1] [0:1] [0:1] [0:1] [0:1] [0:1] [0:1] [0:1] [0:1] [0:1] [0:1] [0:1] [0:1] [0:1] [0:1] [0:1] [0:1] [0:1] [0:1] [0:1] [0:1] [0:1] [0:1] [0:1] [0:1] [0:1] [0:1] none none [0:1] [0:1] [0:1] none [0:1] [0:1] [0:1] [0:1] [0:1] none [0:1] none none [0:1] none [0:1] [0:1] [0:1] [0:1] [0:1] [0:1] [0:1] [0:1] [0:1] [0:1] [0:1] [0:1] [0:1] [0:1] [0:1] [0:1] [0:1] [0:1] [0:1] [0:1] [0:1] [0:1] [0:1] [0:1] [0:1] none none none none none none none none none none none none none none none none none [0:1] [0:1] [0:1] [0:1] [0:1] [0:1] [0:1] [0:1] [0:1] [0:1] none [0:1] [0:1] [0:1] [0:1] none [0:1] [0:1] none none none [0:1] [0:1] none none none none none [0:1] [0:1] [0:1] [0:1] [0:1] [0:1] [0:1] none none none [0:1] none [0:1] [0:1] [0:1] none [0:1] [0:1] [0:1] [0:1] none none [0:1] [0:1] none none none none [0:1] [0:1] none none none [0:1] none none [0:1] [0:1] none none [0:1] [0:1] none none none none none none none none none none none none none none none none none none none none none none none none none none none none none none none none none none none none none none none none none none none none none none none none none none none none none none none none none none none none none none none none none none none none none none none none none none none none none none none none none none none none none none none none none none none none none none none none none none none none none none none none none none none none none none none none none none none none none none none none none none none none none none none none none none none none none none none none none none none none none none none none none none none none none none none none none none none none none none none none none none none none none none none none none none none none none none none none none none none none none none none none none none none none none none none none none none none none none none none none none none none none none none none none none none none none none none none none none none none none none none none none none none none none none none none none none none none none none
tree_sizes=3413 3455 3481 3465 3448 3489 3487 3477 3486 3475 3474 3467 3478 3485 3490 3487 3494 3480

Tree=0
num_leaves=31
num_cat=0
split_feature=11 9 9 5 5 82 94 15 0 79 8 15 0 21 35 81 59 7 16 12 24 5 5 0 176 82 1 135 15 10
split_gain=213.697 123.463 65.8615 58.1266 57.997 12.9998 10.9367 10.1336 9.91512 9.47278 9.02278 8.59893 14.8754 9.34878 6.91901 6.64373 18.0363 10.6616 10.0282 8.86359 6.32193 5.92499 5.84081 5.61276 5.45624 4.99766 9.92268 5.70443 11.1439 4.98849
threshold=1.0000000180025095e-35 1.0000000180025095e-35 1.0000000180025095e-35 1.0000000180025095e-35 1.0000000180025095e-35 1.0000000180025095e-35 1.0000000180025095e-35 1.0000000180025095e-35 3.0691307783126835 1.0000000180025095e-35 1.0000000180025095e-35 1.0000000180025095e-35 3.0266940593719487 1.0000000180025095e-35 1.0000000180025095e-35 1.0000000180025095e-35 1.0000000180025095e-35 1.0000000180025095e-35 1.0000000180025095e-35 1.0000000180025095e-35 1.0000000180025095e-35 1.0000000180025095e-35 1.0000000180025095e-35 16.041068077087406 1.0000000180025095e-35 1.0000000180025095e-35 0.16662864387035373 1.0000000180025095e-35 1.0000000180025095e-35 1.0000000180025095e-35
decision_type=2 2 2 2 2 2 2 2 2 2 2 2 2 2 2 2 2 2 2 2 2 2 2 2 2 2 2 2 2 2
left_child=2 4 3 7 5 11 15 9 -9 -1 22 13 -13 20 -12 -6 17 18 -17 -18 -2 24 25 -22 -4 27 -27 -3 -29 -10
right_child=1 10 21 -5 6 -7 -8 8 29 -11 14 12 -14 -15 -16 16 19 -19 -20 -21 23 -23 -24 -25 -26 26 -28 28 -30 -31
leaf_value=-1.0882148587003808 -1.0873918219009453 -1.0941713482814106 -1.1562675385641985 -1.1445951281961277 -1.0793609779791822 -0.86466405483672448 -0.92698628146362172 -0.89372493194150104 -1.0175234797816053 -0.96883120505596698 -1.15692620813443 -1.1138936068427641 -0.90720186152247095 -1.0568128392757699 -1.0432221803312476 -0.81879265019332359 -1.140790940813565 -1.0432221803312476 -1.0179823851485632 -0.99021861044761017 -0.96377611361528093 -1.1854968067261362 -1.1185277987451585 -0.86084430546281787 -1.034388252017308 -1.0994380877835903 -0.87537754236639587 -1.1021150357575114 -0.87537754236639587 -1.0697750284425109
leaf_weight=91.125937566161156 3.7733307480812064 40.563305541872978 138.29257191717625 138.10390537977219 49.807965874671936 17.734654515981674 7.1693284213542929 4.9053299725055686 41.50663822889328 7.1693284213542929 38.110640555620193 3.7733307480812064 45.091302439570427 12.263324931263922 6.2259957343339911 6.9806618839502352 12.640658006072046 7.9239945709705344 3.9619972854852676 5.65999612212181 56.222628146409988 93.012602940201759 34.525976344943047 5.8486626595258704 3.7733307480812064 4.1506638228893271 3.7733307480812073 5.093996509909628 3.7733307480812073 32.639310970902443
leaf_count=483 20 215 733 732 264 94 38 26 220 38 202 20 239 65 33 37 67 42 21 30 298 493 183 31 20 22 20 27 20 173
internal_value=-1.08615 -1.02794 -1.12581 -1.09595 -0.984608 -0.944863 -1.0457 -1.05807 -1.03142 -1.07951 -1.10391 -0.956064 -0.923163 -0.976648 -1.14096 -1.05549 -1.02349 -0.954883 -0.890913 -1.09422 -0.961717 -1.16588 -1.08603 -0.954077 -1.15303 -1.06647 -0.992743 -1.07829 -1.00563 -1.04052
internal_weight=925.598 375.069 550.529 315.45 238.852 144.707 94.1446 177.347 79.0513 98.2953 136.217 126.973 48.8646 78.1079 44.3366 86.9753 37.1673 18.8667 10.9427 18.3007 65.8446 235.079 91.8806 62.0713 142.066 57.3546 7.92399 49.4306 8.86733 74.1459
internal_count=4906 1988 2918 1672 1266 767 499 940 419 521 722 673 259 414 235 461 197 100 58 97 349 1246 487 329 753 304 42 262 47 393
is_linear=0
shrinkage=1


Tree=1
num_leaves=31
num_cat=0
split_feature=11 9 9 5 5 0 15 126 15 94 8 0 0 79 14 16 13 10 35 7 5 73 61 10 83 0 82 5 1 176
split_gain=171.006 92.9831 57.1386 48.0908 40.7941 9.28424 9.33934 9.26659 8.65424 7.891 7.5858 7.32661 7.17339 6.61454 6.00487 6.54804 6.5578 9.65996 5.85726 5.74292 5.49098 5.42118 6.02724 5.35127 8.97993 5.06051 4.97973 4.73928 4.69004 4.62374
threshold=1.0000000180025095e-35 1.0000000180025095e-35 1.0000000180025095e-35 1.0000000180025095e-35 1.0000000180025095e-35 3.0266940593719487 1.0000000180025095e-35 1.0000000180025095e-35 1.0000000180025095e-35 1.0000000180025095e-35 1.0000000180025095e-35 4.8911705017089853 3.0691307783126835 1.0000000180025095e-35 1.0000000180025095e-35 1.0000000180025095e-35 1.0000000180025095e-35 1.0000000180025095e-35 1.0000000180025095e-35 1.0000000180025095e-35 1.0000000180025095e-35 1.0000000180025095e-35 1.0000000180025095e-35 1.0000000180025095e-35 1.0000000180025095e-35 13.289527893066408 1.0000000180025095e-35 1.0000000180025095e-35 -0.35188987851142878 1.0000000180025095e-35
decision_type=2 2 2 2 2 2 2 2 2 2 2 2 2 2 2 2 2 2 2 2 2 2 2 2 2 2 2 2 2 2
left_child=2 4 3 7 5 -2 11 8 13 14 27 -7 -10 -1 15 16 17 -6 -12 -17 29 28 -23 26 25 -25 -8 -3 -13 -4
right_child=1 10 20 -5 9 6 23 -9 12 -11 18 21 -14 -15 -16 19 -18 -19 -20 -21 -22 22 -24 24 -26 -27 -28 -29 -30 -31
leaf_value=-0.0060741967842306297 0.024957286441464367 0.017408073683579765 -0.065523382640652619 -0.054268291343032959 0.16660471255728468 0.18032168346927194 0.16386355982228099 0.17881528698291238 0.1577545647903654 0.13246544947199185 -0.06616281256415904 0.011842792386901346 0.037915668666863273 0.092438233670461376 -0.0090642807189829401 0.03413798379141577 0.018868793498794979 0.036584482459742648 0.037790427784548643 -0.083283136966453855 -0.094353954251062785 0.0049336950806263503 0.095856197888275096 0.1230489429673727 0.24088143193381142 0.01049727619191832 0.26637784998591779 -0.029643973442563809 0.12536394393864195 0.04536462076901393
leaf_weight=89.336421489715576 9.9238663613796216 57.883697852492332 133.44966565072536 134.07767361402512 11.875578030943871 10.988511383533476 29.911701023578644 3.8265472203493109 5.3571285903453818 7.7194555401802054 36.763406276702881 3.9979236721992484 73.875762447714806 7.3787645846605292 30.2762461155653 14.249666869640352 14.939425274729727 11.013582289218903 6.3575662225484839 5.8856474906206122 88.384414553642273 11.913702428340914 18.789210438728333 12.131506711244588 4.7194342017173758 5.9559991061687461 5.6303943246603003 33.970002517104149 40.576513141393661 3.8693487644195548
leaf_count=474 51 304 733 732 61 55 146 20 26 38 202 20 383 37 159 75 78 57 33 31 493 60 94 59 23 29 27 183 203 20
internal_value=-0.000196201 0.0506723 -0.036538 -0.00894156 0.0867242 0.118524 0.124945 0.0248636 0.0215154 0.0355123 -0.0162362 0.104044 0.0460183 0.00144169 0.0270307 0.0458841 0.0704056 0.104043 -0.0508364 -0.000184764 -0.0749123 0.09291 0.0605754 0.155844 0.118039 0.085987 0.180103 6.94392e-06 0.115182 -0.0623988
internal_weight=925.029 385.473 539.556 313.852 250.498 154.539 144.615 179.775 175.948 95.9596 134.975 86.2659 79.2329 96.7152 88.2401 57.9639 37.8286 22.8892 43.121 20.1353 225.703 75.2773 30.7029 58.349 22.8069 18.0875 35.5421 91.8537 44.5744 137.319
internal_count=4906 1988 2918 1672 1266 767 716 940 920 499 722 432 409 511 461 302 196 118 235 106 1246 377 154 284 111 88 173 487 223 753
is_linear=0
shrinkage=0.1


Tree=2
num_leaves=31
num_cat=0
split_feature=11 9 9 5 5 82 126 15 81 16 59 7 8 7 0 13 79 5 35 10 15 12 13 57 0 25 88 133 73 0
split_gain=137.769 71.2392 49.5147 39.7983 29.8004 6.71514 6.70938 6.77601 6.55374 7.69988 6.98233 6.8272 6.39376 6.34821 5.29518 5.15228 5.13723 5.10446 4.95889 4.6718 4.65871 4.70169 6.36835 4.65035 4.7953 4.43622 4.54257 5.34651 4.2917 5.17672
threshold=1.0000000180025095e-35 1.0000000180025095e-35 1.0000000180025095e-35 1.0000000180025095e-35 1.0000000180025095e-35 1.0000000180025095e-35 1.0000000180025095e-35 1.0000000180025095e-35 1.0000000180025095e-35 1.0000000180025095e-35 1.0000000180025095e-35 1.0000000180025095e-35 1.0000000180025095e-35 1.0000000180025095e-35 3.9219712018966679 1.0000000180025095e-35 1.0000000180025095e-35 1.0000000180025095e-35 1.0000000180025095e-35 1.0000000180025095e-35 1.0000000180025095e-35 1.0000000180025095e-35 1.0000000180025095e-35 1.0000000180025095e-35 6.2258727550506601 1.0000000180025095e-35 1.0000000180025095e-35 1.0000000180025095e-35 1.0000000180025095e-35 16.119096755981449
decision_type=2 2 2 2 2 2 2 2 2 2 2 2 2 2 2 2 2 2 2 2 2 2 2 2 2 2 2 2 2 2
left_child=2 4 3 6 5 25 7 16 20 10 11 -10 -3 -12 -9 -11 -1 -4 -14 28 23 22 -22 24 -6 -2 27 -27 29 -5
right_child=1 12 17 19 8 -7 -8 14 9 15 13 -13 18 -15 -16 -17 -18 -19 -20 -21 21 -23 -24 -25 -26 26 -28 -29 -30 -31
leaf_value=-0.00548423209862519 0.021209829794966585 -6.6538839750377056e-06 -0.058175078573346722 -0.0074642938677092182 0.019962864663541038 0.15445844063241354 0.14782389515520791 0.10372554928407943 0.19988401670425693 -0.055786241490258938 -0.016195762334730374 0.062221557424622223 -0.061804396128082584 0.11662157532569617 0.03014660992955924 0.077620639649666812 0.079762408618244046 -0.089679316670151651 0.033377126036189024 -0.073780465576325199 0.1550205291640068 -0.0092484549184962319 -0.00039119341968346763 0.016191909352289074 -0.10102341951918004 0.11066561164162925 0.012117467320722181 0.054363165883310527 -0.067322100462439277 -0.11142740550619282
leaf_weight=89.067011743783951 8.0040708631277067 91.829839125275612 132.82081264257431 46.458786427974701 5.1664568334817877 20.734623923897743 4.1463129967451087 11.382237896323202 8.0597342848777753 7.6095747202634794 8.4049834609031659 6.5143752545118341 35.488488078117371 6.2931216955184945 69.516482174396515 4.672582134604454 7.6787365078926078 83.926578879356384 6.4718904644250861 51.442870795726776 6.4971781075000781 7.9131865948438636 4.4375353157520294 22.937324970960617 8.9529853314161283 107.47961442172527 5.9055078774690619 20.005482047796249 27.056457996368408 5.3400903940200797
leaf_count=474 39 487 753 261 27 94 20 55 37 40 44 33 202 32 354 24 37 493 33 289 33 41 23 118 47 507 29 98 152 30
internal_value=-0.000321332 0.0444929 -0.0336567 -0.00815646 0.0750438 0.101313 0.0220762 0.0191412 0.0313431 0.0614211 0.0893043 0.138351 -0.0147839 0.0406711 0.040499 -0.00503338 0.00128182 -0.0703738 -0.0471238 -0.0503368 0.00898584 0.0494631 0.0919512 -0.0116018 -0.0567532 0.0935197 0.0978586 0.10183 -0.0350428 -0.0181821
internal_weight=922.215 393.379 528.836 312.089 259.588 162.129 181.791 177.644 97.459 41.5544 29.2722 14.5741 133.79 14.6981 80.8987 12.2822 96.7457 216.747 41.9604 130.298 55.9047 18.8479 10.9347 37.0568 14.1194 141.395 133.391 127.485 78.8553 51.7989
internal_count=4906 1988 2918 1672 1266 767 940 920 499 210 146 70 722 76 409 64 511 1246 235 732 289 97 56 192 74 673 634 605 443 291
is_linear=0
shrinkage=0.1


Tree=3
num_leaves=31
num_cat=0
split_feature=11 9 9 5 5 0 82 94 82 0 8 15 126 15 21 5 0 69 54 15 52 26 14 81 12 59 0 1 81 10
split_gain=111.504 55.309 42.808 32.9691 22.3694 6.02958 6.12916 5.6131 5.54475 7.46743 6.08341 5.06609 5.01973 5.33286 4.9992 4.75751 4.39901 4.38569 4.35568 8.49824 7.95406 4.83959 4.33665 4.25001 7.15244 6.91566 4.59685 4.53056 4.24059 4.14775
threshold=1.0000000180025095e-35 1.0000000180025095e-35 1.0000000180025095e-35 1.0000000180025095e-35 1.0000000180025095e-35 2.3121149539947514 1.0000000180025095e-35 1.0000000180025095e-35 1.0000000180025095e-35 10.584530830383303 1.0000000180025095e-35 1.0000000180025095e-35 1.0000000180025095e-35 1.0000000180025095e-35 1.0000000180025095e-35 1.0000000180025095e-35 3.0266940593719487 1.0000000180025095e-35 1.0000000180025095e-35 1.0000000180025095e-35 1.0000000180025095e-35 1.0000000180025095e-35 1.0000000180025095e-35 1.0000000180025095e-35 1.0000000180025095e-35 1.0000000180025095e-35 15.683778285980226 -0.22138565033674237 1.0000000180025095e-35 1.0000000180025095e-35
decision_type=2 2 2 2 2 2 2 2 2 2 2 2 2 2 2 2 2 2 2 2 2 2 2 2 2 2 2 2 2 2
left_child=2 4 3 12 5 -2 11 22 10 -10 17 14 13 -1 -7 -4 -15 18 19 21 -20 -3 23 26 25 -25 -6 -26 -21 -5
right_child=1 8 15 29 7 6 -8 -9 9 -11 -12 -13 -14 16 -16 -17 -18 -19 20 28 -22 -23 -24 24 27 -27 -28 -29 -30 -31
leaf_value=0.0011426846518267518 -0.027203613129490156 -0.093539120612163906 -0.05416211641183033 -0.032211651455268255 -0.0021911536515381281 0.078485804677841275 0.14120921139715428 0.10658637209023838 -0.01529761260957652 0.11313855893929192 -0.056829319792721766 0.10708384459240224 0.12533453895003405 0.12268697020313948 0.011541486486199591 -0.085258890831058198 0.029621304031992431 -0.054631568494781069 -0.04695135838793716 0.04835779358235362 0.07129525180555854 0.020310118758758079 -0.010251390648912782 0.083600693416061106 0.059522865141084215 -0.048584868220984623 0.10114981841871373 0.19781409265013228 0.1694045853446853 -0.069302881838653019
leaf_weight=96.748181954026222 4.4429125338792792 5.0467738658189782 128.6209432631731 77.367465108633041 29.175363421440125 74.092548996210098 21.06756566464901 8.2712412625551206 11.132564619183542 7.6290847063064566 34.462975949048996 55.361385941505432 4.3868331760168067 5.4381966590881339 13.132213845849035 79.673829093575478 76.890199720859528 15.300691097974775 25.465601980686188 7.0828053802251834 7.3249831348657599 14.351542994379997 30.390348121523857 9.1161533594131487 4.3191646933555603 6.9947950541973105 5.0493923276662818 5.2467317283153552 4.8938370794057846 49.398588597774506
leaf_count=511 22 27 753 443 151 342 91 38 61 40 198 248 20 24 64 493 385 82 136 37 39 77 159 43 20 37 26 25 25 289
internal_value=-0.00040361 0.039312 -0.0309913 -0.00744752 0.065564 0.0877422 0.0908627 0.0277397 -0.0134449 0.0369286 -0.0217403 0.0834239 0.0196506 0.0170616 0.0684069 -0.0660568 0.0357688 -0.00652291 0.00494892 0.0315844 -0.0205366 -0.00930953 0.020517 0.0361269 0.066879 0.0262105 0.0130554 0.135373 0.0978193 -0.0466655
internal_weight=917.875 399.351 518.524 310.229 266.66 168.097 163.654 98.5632 132.691 18.7616 113.929 142.586 183.463 179.077 87.2248 208.295 82.3284 79.4662 64.1655 31.375 32.7906 19.3983 90.2919 59.9016 25.6768 16.1109 34.2248 9.5659 11.9766 126.766
internal_count=4906 1988 2918 1672 1266 767 745 499 722 101 621 654 940 920 406 1246 409 423 341 166 175 104 461 302 125 80 177 45 62 732
is_linear=0
shrinkage=0.1


Tree=4
num_leaves=31
num_cat=0
split_feature=9 11 5 11 5 0 10 0 0 140 83 35 8 14 12 0 1 61 5 81 16 12 55 5 74 16 15 0 1 176
split_gain=91.197 60.119 27.2947 19.5745 17.1281 4.92204 6.54513 6.099 5.77673 5.59918 4.9234 4.91334 5.21365 4.98902 5.10833 4.76142 6.9923 4.50043 4.43196 4.36426 5.63857 4.65964 4.67033 4.25437 4.48493 4.90954 4.4236 5.10645 4.95996 4.17947
threshold=1.0000000180025095e-35 1.0000000180025095e-35 1.0000000180025095e-35 1.0000000180025095e-35 1.0000000180025095e-35 3.0266940593719487 1.0000000180025095e-35 13.813826084136965 15.868583202362062 1.0000000180025095e-35 1.0000000180025095e-35 1.0000000180025095e-35 1.0000000180025095e-35 1.0000000180025095e-35 1.0000000180025095e-35 9.0704994201660174 -0.27872842550277704 1.0000000180025095e-35 1.0000000180025095e-35 1.0000000180025095e-35 1.0000000180025095e-35 1.0000000180025095e-35 1.0000000180025095e-35 1.0000000180025095e-35 1.0000000180025095e-35 1.0000000180025095e-35 1.0000000180025095e-35 5.2279260158538827 -0.024564606137573716 1.0000000180025095e-35
decision_type=2 2 2 2 2 2 2 2 2 2 2 2 2 2 2 2 2 2 2 2 2 2 2 2 2 2 2 2 2 2
left_child=1 2 -1 18 5 -3 9 10 -9 -7 15 12 23 14 -13 16 -8 -17 29 -6 21 22 -21 24 26 -26 27 -5 -28 -2
right_child=3 4 -4 11 19 6 7 8 -10 -11 -12 13 -14 -15 -16 17 -18 -19 -20 20 -22 -23 -24 -25 25 -27 28 -29 -30 -31
leaf_value=0.017527256901410975 -0.053584839754269677 0.010450686130923524 -0.043191919811144348 -0.074364393850176277 0.0063496838849541673 0.091711440637766276 0.075284349568487466 -0.042567148190979995 0.064449439973578437 0.19393784736956912 0.14161407544568905 0.01127675045119223 -0.054853244720975317 -0.029703257626262247 0.1202613183708947 0.051776838330987965 -0.042465785179510142 0.15903992334423056 -0.081043760640073015 0.10405006572599303 -0.0082054826197908957 0.12609955730187336 0.0055001048939902104 -0.038190732048614569 -0.065111348688488363 0.04253650326940156 0.1704925370678666 0.046898785513333797 0.021481725240852484 0.053681794220322224
leaf_weight=184.89995782077312 120.95565429329872 10.516724735498427 123.47027650475502 5.0712203830480602 56.408331274986267 89.935713469982147 13.012298271059988 10.064808890223505 10.111525416374205 5.6973649412393561 9.3856671750545484 10.195499151945116 33.464914530515671 10.543840527534487 7.4386636167764655 8.3095646500587446 8.2344819307327288 7.3905751854181281 75.647968932986259 7.8564604371786126 12.423243984580038 10.391559079289438 12.396302923560143 26.763058066368103 11.445145294070246 6.7268451154232016 4.4940038621425629 11.016499727964399 4.4414790719747561 3.7448447942733756
leaf_count=940 733 51 732 27 289 396 57 45 45 25 41 53 202 56 39 37 37 33 493 36 64 47 63 147 60 35 22 58 23 20
internal_value=-0.000459638 0.023447 -0.00678447 -0.0422669 0.0577038 0.0767465 0.0810465 0.0569544 0.011065 0.0978016 0.0769377 -0.0123047 -0.0223904 0.0247132 0.05725 0.0605078 0.0296487 0.102269 -0.0619478 0.0246517 0.0486231 0.0716615 0.0437296 -0.00686161 0.0125494 -0.0252626 0.0400087 0.00867383 0.0964251 -0.0503635
internal_weight=912.454 580.505 308.37 331.95 272.135 172.659 162.142 66.5089 20.1763 95.6331 46.3326 131.601 103.423 28.178 17.6342 36.9469 21.2468 15.7001 200.348 99.4759 43.0676 30.6443 20.2528 69.9583 43.1952 18.172 25.0232 16.0877 8.93548 124.7
internal_count=4906 2938 1672 1968 1266 767 716 295 90 421 205 722 574 148 92 164 94 70 1246 499 210 146 99 372 225 95 130 85 45 753
is_linear=0
shrinkage=0.1


Tree=5
num_leaves=31
num_cat=0
split_feature=9 11 5 11 5 82 0 94 8 5 138 176 1 134 14 26 67 67 8 39 73 104 0 0 15 140 69 74 16 0
split_gain=75.1683 47.5555 22.576 17.0363 13.2735 4.56476 5.64912 4.52071 4.49539 4.11434 4.16468 4.05747 4.94535 4.69453 4.11223 5.27311 4.61218 4.38808 4.31623 6.06729 4.02594 7.3417 4.04001 5.74153 5.51474 3.96085 4.6744 3.97953 4.26899 3.93509
threshold=1.0000000180025095e-35 1.0000000180025095e-35 1.0000000180025095e-35 1.0000000180025095e-35 1.0000000180025095e-35 1.0000000180025095e-35 10.584530830383303 1.0000000180025095e-35 1.0000000180025095e-35 1.0000000180025095e-35 1.0000000180025095e-35 1.0000000180025095e-35 0.1512662544846535 1.0000000180025095e-35 1.0000000180025095e-35 1.0000000180025095e-35 1.0000000180025095e-35 1.0000000180025095e-35 1.0000000180025095e-35 1.0000000180025095e-35 1.0000000180025095e-35 1.0000000180025095e-35 7.3634495735168466 10.120465755462648 1.0000000180025095e-35 1.0000000180025095e-35 1.0000000180025095e-35 1.0000000180025095e-35 1.0000000180025095e-35 2.3121149539947514
decision_type=2 2 2 2 2 2 2 2 2 2 2 2 2 2 2 2 2 2 2 2 2 2 2 2 2 2 2 2 2 2
left_child=1 2 11 9 29 8 -7 -6 25 -2 -11 12 13 -1 15 17 -16 -14 19 -18 21 -4 -22 24 -24 26 27 -5 -29 -3
right_child=3 4 20 5 7 6 -8 -9 -10 10 -12 -13 14 -15 16 -17 18 -19 -20 -21 22 -23 23 -25 -26 -27 -28 28 -30 -31
leaf_value=0.039140333958710478 -0.046789597059095252 -0.025721799275318841 -0.033362836292203317 0.017379022889019682 0.015471574990940521 -0.012495055945498657 0.098198557204966633 0.091331510468051658 -0.050208628837717019 -0.082200111272629606 0.034392101363906108 0.11693136162924139 0.094485407709830729 -0.013865709496053044 -0.069345177938000352 -0.018868197333874296 -0.009102717880145373 0.004609218772498533 -0.049712466916067094 0.14324761324313634 -0.11664550005456896 0.10877268036451644 -0.057145570779513037 -0.07290859106920472 0.1013234630386018 0.078277026817667184 -0.065014727515448761 -0.070252179349862443 0.031634042603796257 0.069939030013148926
leaf_weight=80.662372708320618 121.02501611411572 4.4105458259582511 74.02444015443325 41.240886077284813 91.676022291183472 10.934254497289659 7.9715166091918936 8.5918777585029584 32.589723899960518 68.654202148318291 3.2067780196666709 3.8727430701255789 11.156142845749855 21.073989942669868 16.265866279602051 21.810837507247925 7.826945960521698 10.587965130805969 9.1877787560224533 3.9248050451278687 11.054977059364317 3.8216708600521079 4.3815970122814196 22.746212109923363 4.4025260657072067 5.2010559886693946 13.578128218650816 12.968234881758692 6.0220530778169623 171.83763973414898
leaf_count=404 753 22 447 217 461 61 40 38 198 471 22 19 56 107 83 110 40 54 47 20 68 23 27 140 27 28 75 71 32 745
internal_value=-0.000494508 0.0209441 -0.00616285 -0.0391642 0.0510198 -0.0112607 0.0341783 0.021972 -0.0189584 -0.0580436 -0.0769972 0.0156432 0.0134938 0.0281605 -0.00498228 0.0158734 -0.0293972 0.0507216 0.00163448 0.0417787 -0.0399081 -0.026385 -0.0646283 -0.0463904 0.0222777 -0.00606849 -0.012012 -6.33987e-05 -0.0379428 0.0675452
internal_weight=906.709 583.317 306.801 323.392 276.516 130.506 18.9058 100.268 111.6 192.886 71.861 186.369 182.497 101.736 80.7603 43.5549 37.2054 21.7441 20.9395 11.7518 120.431 77.8461 42.5853 31.5303 8.78412 79.0104 73.8093 60.2312 18.9903 176.248
internal_count=4906 2938 1672 1968 1266 722 101 499 621 1246 493 940 921 511 410 220 190 110 107 60 732 470 262 194 54 423 395 320 103 767
is_linear=0
shrinkage=0.1


Tree=6
num_leaves=31
num_cat=0
split_feature=9 11 5 11 5 5 174 54 0 15 17 52 5 82 10 138 176 73 0 15 14 94 134 0 44 140 21 15 67 0
split_gain=61.8999 37.8633 18.6732 14.7993 10.4102 4.11641 4.87967 4.55895 5.58811 4.38535 4.02044 3.86636 3.81855 3.79652 3.78714 3.67797 3.59191 3.54634 4.85085 3.7851 6.18989 3.5204 3.51806 3.49897 3.49601 3.48349 3.46405 3.45725 4.43951 3.50625
threshold=1.0000000180025095e-35 1.0000000180025095e-35 1.0000000180025095e-35 1.0000000180025095e-35 1.0000000180025095e-35 1.0000000180025095e-35 1.0000000180025095e-35 1.0000000180025095e-35 5.2279260158538827 1.0000000180025095e-35 1.0000000180025095e-35 1.0000000180025095e-35 1.0000000180025095e-35 1.0000000180025095e-35 1.0000000180025095e-35 1.0000000180025095e-35 1.0000000180025095e-35 1.0000000180025095e-35 16.119096755981449 1.0000000180025095e-35 1.0000000180025095e-35 1.0000000180025095e-35 1.0000000180025095e-35 13.550992488861086 1.0000000180025095e-35 1.0000000180025095e-35 1.0000000180025095e-35 1.0000000180025095e-35 1.0000000180025095e-35 6.0177960395812997
decision_type=2 2 2 2 2 2 2 2 2 2 2 2 2 2 2 2 2 2 2 2 2 2 2 2 2 2 2 2 2 2
left_child=1 2 10 12 13 6 7 9 -9 -5 -1 22 16 -3 17 -14 24 18 -4 -19 -21 -6 -12 -16 -2 -26 -13 29 -29 -24
right_child=3 4 14 5 21 -7 -8 8 -10 -11 11 26 15 -15 23 -17 -18 19 -20 20 -22 -23 27 -25 25 -27 -28 28 -30 -31
leaf_value=0.10275362737485186 0.04303043546375112 0.05414882213214485 0.0032409266032229276 0.0023608290548474704 0.013827127731760369 -0.035015915019336548 -0.10711808167304038 -0.1093043207681125 -0.0010961837870412025 0.068982184188849952 0.028204919694440563 -0.019715697354065545 -0.078317348499448491 0.097705594398522763 -0.07495160695298686 0.030240904329039482 0.052809183907834491 -0.092196537990958755 -0.10333256510590504 -0.069723070777897855 0.081328491891558191 0.079956146008454548 -0.1030714068797674 -0.0088855278036140111 -0.044856634645862807 -0.1119052563517829 0.065337623622910193 -0.044014984105210639 0.082552655292227328 0.01629734789138414
leaf_weight=4.9614691436290732 4.1952888518571845 156.2558435946703 43.737588256597519 22.337553530931473 92.286856427788734 44.270650073885918 3.8715734779834738 5.5061659216880789 35.817190244793892 17.717233538627625 107.93648877739906 47.804350316524506 65.042235642671585 22.950461879372597 34.633649930357933 3.2782200574874869 3.757765293121337 12.525366023182869 4.7330801784992209 7.2039797008037567 4.3516407608985901 8.8195564001798612 6.4373425245285034 10.430843755602835 101.30845671892166 8.390577703714369 5.3215899318456641 5.2554546743631363 5.8630996644496918 3.9834021478891373
leaf_count=25 27 673 261 125 461 253 21 33 199 91 534 245 471 94 222 22 20 80 30 45 27 38 34 67 652 54 26 26 29 21
internal_value=-0.000522871 0.0187178 -0.00565427 -0.0362298 0.045252 -0.0102771 0.0025699 0.00778832 -0.0155145 0.0318291 0.0139338 0.0115204 -0.0543044 0.059727 -0.0368914 -0.0731084 -0.043385 -0.0227493 -0.0071658 -0.054116 -0.0128397 0.0195956 0.0208413 -0.0596596 -0.0465588 -0.049985 -0.011196 -0.0160586 0.0227274 -0.0574419
internal_weight=900.985 585.492 305.179 315.493 280.313 129.52 85.2497 81.3781 41.3234 40.0548 187.563 182.602 185.973 179.206 117.616 68.3205 117.652 72.5517 48.4707 24.081 11.5556 101.106 129.476 45.0645 113.894 109.699 53.1259 21.5393 11.1186 10.4207
internal_count=4906 2938 1672 1968 1266 722 469 448 232 216 940 915 1246 767 732 493 753 443 291 152 72 499 644 289 733 706 271 110 55 55
is_linear=0
shrinkage=0.1


Tree=7
num_leaves=31
num_cat=0
split_feature=9 11 5 11 5 35 8 12 81 126 15 79 5 87 26 15 0 81 59 0 7 15 0 49 26 10 21 140 10 25
split_gain=50.9968 30.2659 15.4527 12.8468 8.2372 3.69654 3.99908 3.96581 7.26771 3.53545 3.71474 3.80802 3.52188 3.52097 3.51011 3.49259 5.15365 3.48645 4.35219 5.47039 5.17964 3.55135 3.99616 4.21619 3.68119 4.92226 3.45181 4.5961 3.58615 3.55193
threshold=1.0000000180025095e-35 1.0000000180025095e-35 1.0000000180025095e-35 1.0000000180025095e-35 1.0000000180025095e-35 1.0000000180025095e-35 1.0000000180025095e-35 1.0000000180025095e-35 1.0000000180025095e-35 1.0000000180025095e-35 1.0000000180025095e-35 1.0000000180025095e-35 1.0000000180025095e-35 1.0000000180025095e-35 1.0000000180025095e-35 1.0000000180025095e-35 3.0266940593719487 1.0000000180025095e-35 1.0000000180025095e-35 7.7043120861053476 1.0000000180025095e-35 1.0000000180025095e-35 7.0266940593719491 1.0000000180025095e-35 1.0000000180025095e-35 1.0000000180025095e-35 1.0000000180025095e-35 1.0000000180025095e-35 1.0000000180025095e-35 1.0000000180025095e-35
decision_type=2 2 2 2 2 2 2 2 2 2 2 2 2 2 2 2 2 2 2 2 2 2 2 2 2 2 2 2 2 2
left_child=1 2 9 12 15 6 -5 8 -7 10 11 -1 -2 -4 -9 26 -17 21 20 -20 -19 24 -23 -24 -6 -26 27 29 -28 -3
right_child=3 4 13 5 17 7 -8 14 -10 -11 -12 -13 -14 -15 -16 16 -18 18 19 -21 -22 22 23 -25 25 -27 28 -29 -30 -31
leaf_value=-0.0088344315099291252 -0.040208363406684926 -0.038240745187545666 -0.030671078114653246 -0.004872530145171132 0.018872039092313758 -0.067884569878243192 -0.047905246237275684 0.016367466460153239 0.06237894911362403 0.098488155394112473 0.025532583389046227 0.062835447956156767 -0.069351379503256372 -0.12402265632395881 0.12891772587744843 -0.033196640862456932 0.07664106083457832 0.10951712944061731 -0.056198044041389221 0.046249822079267339 0.01098227068227412 0.10205431508496066 0.054480446154501108 -0.057967442276272818 -0.087315339074688539 0.009245538290782113 0.039507246151563348 0.13987171838910092 -0.058095028556245293 0.048397994120253002
leaf_weight=90.512161418795586 114.50047706067562 5.0205770581960669 110.7790774255991 68.838840201497078 16.443449586629868 9.2457385063171404 31.467015981674194 5.9200931191444415 7.9794964641332617 4.6566262841224662 85.343860641121864 8.0749443620443326 65.011932596564293 4.1932857036590567 5.209111750125885 4.5537237375974646 69.003115579485893 13.261878922581673 8.4255721271038073 13.665867164731024 8.925106093287468 6.210016772150996 7.6043751090764982 5.9382185041904449 11.790249690413475 9.559373065829277 8.7899054288864118 5.2364192754030219 6.5844814479351035 82.3114283233881
leaf_count=474 753 22 705 372 83 50 202 31 41 20 409 37 493 27 26 22 284 58 43 67 42 31 37 29 60 49 39 22 30 348
internal_value=-0.000537363 0.0167595 -0.00517965 -0.0334775 0.0402656 -0.00936032 -0.0183724 0.0225204 -0.0075407 0.0124369 0.0102583 -0.00296419 -0.0507628 -0.0340758 0.0690475 0.0530369 0.0698413 0.017501 0.0385959 0.00717668 0.0698797 0.00126958 0.035632 0.00517378 -0.01669 -0.0440798 0.0415858 0.0488735 -0.00229347 0.0434173
internal_weight=895.056 586.884 303.56 308.173 283.324 128.66 100.306 28.3544 17.2252 188.588 183.931 98.5871 179.512 114.972 11.1292 181.5 73.5568 101.824 44.2784 22.0914 22.187 57.5457 19.7526 13.5426 37.7931 21.3496 107.943 92.5684 15.3744 87.332
internal_count=4906 2938 1672 1968 1266 722 574 148 91 940 920 511 1246 732 57 767 306 499 210 110 100 289 97 66 192 109 461 392 69 370
is_linear=0
shrinkage=0.1


Tree=8
num_leaves=31
num_cat=0
split_feature=9 11 5 11 5 101 5 82 0 0 0 129 10 113 0 22 73 68 15 14 5 138 128 0 81 17 14 79 31 73
split_gain=41.9974 24.2439 12.7514 11.0897 6.58278 3.48784 3.62817 3.92505 6.18076 3.67147 5.06716 4.9682 3.38055 3.43442 3.4971 4.06288 3.34245 5.50343 4.35246 5.67902 3.23748 3.41454 3.37022 3.22128 5.38291 3.31657 3.20701 3.47139 3.77506 4.24043
threshold=1.0000000180025095e-35 1.0000000180025095e-35 1.0000000180025095e-35 1.0000000180025095e-35 1.0000000180025095e-35 1.0000000180025095e-35 1.0000000180025095e-35 1.0000000180025095e-35 10.584530830383303 13.938398361206056 5.1238877773284921 1.0000000180025095e-35 1.0000000180025095e-35 1.0000000180025095e-35 15.368925571441652 1.0000000180025095e-35 1.0000000180025095e-35 1.0000000180025095e-35 1.0000000180025095e-35 1.0000000180025095e-35 1.0000000180025095e-35 1.0000000180025095e-35 1.0000000180025095e-35 2.8952771425247197 1.0000000180025095e-35 1.0000000180025095e-35 1.0000000180025095e-35 1.0000000180025095e-35 1.0000000180025095e-35 1.0000000180025095e-35
decision_type=2 2 2 2 2 2 2 2 2 2 2 2 2 2 2 2 2 2 2 2 2 2 2 2 2 2 2 2 2 2
left_child=1 2 23 20 26 6 7 9 -9 10 -5 -12 13 14 15 16 17 -4 -18 -20 22 -22 -2 24 -1 -25 -3 28 29 -28
right_child=3 4 12 5 -6 -7 -8 8 -10 -11 11 -13 -14 -15 -16 -17 18 -19 19 -21 21 -23 -24 25 -26 -27 27 -29 -30 -31
leaf_value=-0.0028979255309721738 -0.043377210702734995 0.058222534760308864 0.010455064141027027 -0.037853341851962596 0.015615937159093714 -0.10527775624760234 -0.029486303387116847 -0.0045399576878686204 0.13628380805304094 -0.046094938591856816 0.017675691465688852 0.14164285940659171 -0.053620576921889332 -0.1027648042198057 -0.068919511547688939 -0.077925120298020345 -0.083389322310492786 0.13854012367834564 -0.044850767219860671 0.12549324319838642 -0.071150840843899846 0.034969714358201606 0.011452439286633373 0.086470633217749115 0.13249257863013494 0.0054044481615751145 0.059818009780250814 0.10025917007175877 -0.021069575071798519 0.0022012387622094799
leaf_weight=6.1452178508043271 98.993004783987999 108.85726025700569 29.98162154853344 15.94666814804077 102.22276036441326 3.6204828023910514 42.303404450416565 7.0353110879659635 5.5954702496528625 15.25234319269657 34.484211266040802 3.567275568842887 42.48236683011055 4.4623617082834235 9.2989273369312269 6.3726056516170493 7.9337202757596978 3.7771864533424369 5.1228854358196259 3.1670660823583603 58.752071902155876 3.1970124244689933 12.642256155610083 5.1989287137985221 5.6241349726915359 172.37870463728905 31.904021456837654 6.639049917459487 14.334455937147139 21.302593529224396
leaf_count=29 669 454 182 93 499 20 248 39 26 86 191 19 289 28 62 40 55 23 34 19 471 22 84 25 26 860 136 27 60 90
internal_value=-0.000536709 0.0150383 -0.00471147 -0.0308819 0.0359433 -0.00852684 -0.00570616 0.00657968 0.0578454 -0.0027708 0.00946656 0.0292974 -0.0313602 -0.017873 -0.0121031 -0.00272809 0.00685929 0.0247862 -0.0304436 0.0202269 -0.0473413 -0.0656743 -0.037168 0.0111357 0.0618001 0.00777782 0.0472957 0.0312608 0.0244785 0.0367497
internal_weight=888.595 587.206 301.946 301.39 285.26 127.805 124.185 81.8813 12.6308 69.2505 53.9982 38.0515 112.599 70.1164 65.654 56.3551 49.9825 33.7588 16.2237 8.28995 173.584 61.9491 111.635 189.347 11.7694 177.578 183.037 74.1801 67.5411 53.2066
internal_count=4906 2938 1672 1968 1266 722 702 454 65 389 303 210 732 443 415 353 313 205 108 53 1246 493 753 940 55 885 767 313 286 226
is_linear=0
shrinkage=0.1


Tree=9
num_leaves=31
num_cat=0
split_feature=9 11 5 11 5 87 0 1 8 35 140 126 15 54 81 0 5 176 44 140 138 94 14 16 7 0 81 15 74 0
split_gain=34.5779 19.4784 10.5632 9.54059 5.27158 3.42633 3.3983 4.19722 4.16251 4.50535 3.394 3.19529 3.10719 4.34392 3.77148 3.63974 2.96572 3.05494 3.08023 3.39455 2.98505 2.8753 3.01177 2.9351 4.42799 3.66749 5.24012 5.43789 3.75287 3.84188
threshold=1.0000000180025095e-35 1.0000000180025095e-35 1.0000000180025095e-35 1.0000000180025095e-35 1.0000000180025095e-35 1.0000000180025095e-35 16.880219459533695 0.64194995164871227 1.0000000180025095e-35 1.0000000180025095e-35 1.0000000180025095e-35 1.0000000180025095e-35 1.0000000180025095e-35 1.0000000180025095e-35 1.0000000180025095e-35 11.43189573287964 1.0000000180025095e-35 1.0000000180025095e-35 1.0000000180025095e-35 1.0000000180025095e-35 1.0000000180025095e-35 1.0000000180025095e-35 1.0000000180025095e-35 1.0000000180025095e-35 1.0000000180025095e-35 15.683778285980226 1.0000000180025095e-35 1.0000000180025095e-35 1.0000000180025095e-35 6.5010266304016122
decision_type=2 2 2 2 2 2 2 2 2 2 2 2 2 2 2 2 2 2 2 2 2 2 2 2 2 2 2 2 2 2
left_child=1 2 -1 16 -3 11 7 8 10 -10 12 -4 -5 14 -14 -15 17 18 -2 -20 -18 22 23 25 -25 26 28 -28 29 -6
right_child=3 4 5 6 21 -7 -8 -9 9 -11 -12 -13 13 15 -16 -17 20 -19 19 -21 -22 -23 -24 24 -26 -27 27 -29 -30 -31
leaf_value=0.0099673272261224313 0.047434191430270611 0.042219566112795655 -0.029160355392041211 -0.01281902341148235 0.027819703972603988 -0.12149529213710189 0.062201107107702006 -0.060740180761613631 -0.051482019438049788 0.049139058825099988 0.088890773617896504 0.058139057209623091 0.018408610247252967 -0.065956278510758151 0.12171108413170593 0.06029898023309848 -0.067572183313179518 0.054613887136539169 -0.035765745027334955 -0.1061054736352729 0.030735298893632763 0.067846156881246747 -0.016595363268417481 0.019482468102141659 -0.083088756060435184 0.11823294812935155 0.10905877119289134 -0.0028978601929599071 0.042489625686881138 -0.094207867180557014
leaf_weight=190.14630797505379 4.1065739393234244 184.43268357217312 102.08929960429668 44.389320001006126 4.1223811209201831 3.8589845597743979 6.5796211063861838 15.190841466188429 26.587793692946438 5.3443784415721884 4.914181023836135 4.3721951544284812 7.4763607233762741 6.182964876294136 6.7026387751102448 3.6203164756298065 55.83169262856245 3.7307355105876914 93.759860873222351 7.4025761783123007 3.2695952951908103 9.0337058901786786 31.21934974193573 15.08879490196705 5.8368802219629279 4.8797716647386542 10.863608106970789 7.2228903770446768 7.6859963834285727 6.8960161656141281
leaf_count=940 27 767 677 246 20 27 36 86 177 27 26 28 37 35 32 20 471 20 652 54 22 38 159 75 31 23 47 33 38 35
internal_value=-0.000536784 0.0134862 -0.0043145 -0.0284672 0.0321038 -0.0289304 -0.00777946 -0.0116035 -0.00450937 -0.0346414 0.0086198 -0.0255751 0.00285035 0.0318531 0.0672413 -0.0193307 -0.0440954 -0.0343148 -0.0374664 -0.0409129 -0.0621336 0.0139639 0.00877552 0.021429 -0.00912812 0.0367738 0.0259695 0.0643486 -0.0111418 -0.0485529
internal_weight=882.838 587.749 300.467 295.089 287.282 110.32 126.988 120.409 105.218 31.9322 73.2858 106.461 68.3716 23.9823 14.179 9.80328 168.101 109 105.269 101.162 59.1013 102.849 93.8157 62.5963 20.9257 41.6707 36.7909 18.0865 18.7044 11.0184
internal_count=4906 2938 1672 1968 1266 732 722 686 600 204 396 705 370 124 69 55 1246 753 733 706 493 499 461 302 106 196 173 80 93 55
is_linear=0
shrinkage=0.1


Tree=10
num_leaves=31
num_cat=0
split_feature=9 11 5 11 10 21 14 26 79 0 0 0 53 57 36 97 40 81 0 1 87 101 10 51 7 113 0 68 5 82
split_gain=28.5006 15.6641 8.70765 8.17767 4.94874 4.83217 4.5 8.00764 4.10948 4.56265 4.68061 6.47502 4.1003 3.90834 4.9929 3.87178 4.00305 4.71711 3.34441 3.3163 3.14856 3.08729 3.01451 4.04394 4.22983 3.36534 3.53126 4.78482 3.00282 3.15982
threshold=1.0000000180025095e-35 1.0000000180025095e-35 1.0000000180025095e-35 1.0000000180025095e-35 1.0000000180025095e-35 1.0000000180025095e-35 1.0000000180025095e-35 1.0000000180025095e-35 1.0000000180025095e-35 3.7686516046524052 9.0704994201660174 10.513347148895265 1.0000000180025095e-35 1.0000000180025095e-35 1.0000000180025095e-35 1.0000000180025095e-35 1.0000000180025095e-35 1.0000000180025095e-35 6.1615331172943124 -0.66370064020156849 1.0000000180025095e-35 1.0000000180025095e-35 1.0000000180025095e-35 1.0000000180025095e-35 1.0000000180025095e-35 1.0000000180025095e-35 15.368925571441652 1.0000000180025095e-35 1.0000000180025095e-35 1.0000000180025095e-35
decision_type=2 2 2 2 2 2 2 2 2 2 2 2 2 2 2 2 2 2 2 2 2 2 2 2 2 2 2 2 2 2
left_child=1 2 -1 -2 6 8 -3 18 9 19 13 -12 -9 14 -11 16 17 -13 -8 -6 22 28 25 -24 -25 26 27 -4 29 -5
right_child=3 4 20 21 5 -7 7 12 -10 10 11 15 -14 -15 -16 -17 -18 -19 -20 -21 -22 -23 23 24 -26 -27 -28 -29 -30 -31
leaf_value=0.0089308493470557707 -0.041030376498764592 0.052632977999106392 -0.0050121355255909059 -0.0018628143988427327 0.022070052206023736 -0.044197843231649908 0.12390165857588964 -0.025280456202799614 0.082393354144958228 -0.046387842486202389 0.10427318893823743 0.0016365126428175597 0.059076123475902444 -0.061932606650324178 0.073006415599933358 0.087869075370571675 0.036152669135874775 -0.09487272228561211 0.041477110852771261 0.12694025899597935 -0.11905491746086364 -0.1009496533699771 -0.063177823509744227 0.072110090047815961 -0.067543027177079926 -0.097917178470399241 -0.063466640999991872 0.094115896132493798 -0.026445210999828307 0.052295771076018162
leaf_weight=190.9477481842041 162.99457360804081 103.76578384637833 47.684996649622917 68.566828861832619 6.4666003733873367 13.180660158395765 6.2630313038826015 31.985568881034851 9.6047204285860044 7.2564296275377274 8.2755583673715574 15.740181207656862 7.0281474739313117 15.218033224344254 6.7706565409898758 5.3198187202215186 15.549812316894529 7.4671138077974311 23.003300398588181 5.6501569747924787 3.5596288517117491 3.411646917462348 29.876859530806541 5.1754237413406354 3.7332740873098373 4.1208024173974982 8.7453145682811719 5.4231555461883536 41.366336867213249 12.780840829014776
leaf_count=940 1246 451 305 389 30 59 28 143 41 31 35 71 31 68 30 22 69 33 100 24 27 20 215 36 26 28 62 33 248 65
internal_value=-0.000530831 0.0121126 -0.0039166 -0.0262362 0.0287373 0.0128226 0.0395139 0.0195767 0.0200968 0.0137121 0.0052093 0.02311 -0.010084 -0.0268353 0.0112419 0.00787143 -0.00310909 -0.029416 0.0591161 0.070972 -0.0265643 -0.00711742 -0.0234216 -0.0455456 0.0135871 -0.0104151 -0.00458558 0.00511035 -0.00450873 0.00664625
internal_weight=876.933 587.813 299.267 289.12 288.546 116.5 172.046 68.28 103.319 93.7144 81.5976 52.3525 39.0137 29.2451 14.0271 44.0769 38.7571 23.2073 29.2663 12.1168 108.319 126.126 104.76 38.7856 8.9087 65.9743 61.8535 53.1082 122.714 81.3477
internal_count=4906 2938 1672 1968 1266 513 753 302 454 413 359 230 174 129 61 195 173 104 128 54 732 722 705 277 62 428 400 338 702 454
is_linear=0
shrinkage=0.1


Tree=11
num_leaves=31
num_cat=0
split_feature=9 11 5 11 5 73 126 0 0 0 15 0 62 10 5 128 1 15 0 83 176 68 26 0 81 130 0 15 0 16
split_gain=23.3833 12.606 7.20331 6.98864 4.38387 3.07628 6.07848 4.14415 5.37042 3.84278 3.82095 3.54631 3.72161 3.59469 2.80058 2.90141 3.16379 3.15241 3.01464 4.51697 2.78555 3.44872 4.99763 5.42188 5.63666 4.42423 3.97408 3.39999 3.19105 3.14868
threshold=1.0000000180025095e-35 1.0000000180025095e-35 1.0000000180025095e-35 1.0000000180025095e-35 1.0000000180025095e-35 1.0000000180025095e-35 1.0000000180025095e-35 7.3634495735168466 10.120465755462648 16.119096755981449 1.0000000180025095e-35 13.351129055023195 1.0000000180025095e-35 1.0000000180025095e-35 1.0000000180025095e-35 1.0000000180025095e-35 -0.65898546576499928 1.0000000180025095e-35 11.741273403167726 1.0000000180025095e-35 1.0000000180025095e-35 1.0000000180025095e-35 1.0000000180025095e-35 3.0691307783126835 1.0000000180025095e-35 1.0000000180025095e-35 8.1492128372192401 1.0000000180025095e-35 4.850102663040162 1.0000000180025095e-35
decision_type=2 2 2 2 2 2 2 2 2 2 2 2 2 2 2 2 2 2 2 2 2 2 2 2 2 2 2 2 2 2
left_child=1 2 20 14 -3 6 9 -7 10 11 -9 13 -13 -4 15 18 17 -17 -2 -20 21 22 25 24 -24 26 27 -1 -27 -23
right_child=3 4 5 -5 -6 7 -8 8 -10 -11 -12 12 -14 -15 -16 16 -18 -19 19 -21 -22 29 23 -25 -26 28 -28 -29 -30 -31
leaf_value=0.04971590667687889 -0.0507264460486644 0.034907228757753865 -0.0028904156597584596 -0.0064560797979699019 0.0092646362193591035 -0.10731139771843044 0.12263377928523533 -0.035832881747003019 -0.057437281486266534 -0.10017066830568738 0.10328075100636336 0.10676056777211368 -0.014486462231990238 -0.058166244697184649 -0.056332968835022007 -0.076025617543730231 0.086519924534830567 0.0512502595272782 -0.026949923488006313 0.072892761709587639 0.088924458221232294 -0.054206342205577185 -0.0054387337774147561 -0.011044649111887288 0.14950826308038787 0.014453694701718568 0.032103204718995228 0.15262689668760721 -0.087607228554348604 0.0058842643864892956
leaf_weight=6.9004829078912717 50.817845195531845 185.91813011467457 33.54718229174614 125.52573965489864 103.94570319354534 8.9227196276187879 3.1886867582797995 3.610104754567149 19.163781598210335 5.3268447592854491 4.3575673848390579 4.7644328325986844 5.4017800092697144 18.119450986385345 54.781392008066177 4.4300222992897034 4.2947472929954511 3.4706151932477951 35.466137647628784 5.194934830069541 4.161818414926528 16.307708203792572 4.8707997947931272 79.641214221715927 4.5324462354183197 13.693063154816629 32.863801255822182 6.0033316761255264 3.9463717192411414 18.741180762648582
leaf_count=35 373 767 210 722 499 68 19 27 140 40 27 31 34 136 493 31 29 24 258 38 19 81 23 393 20 65 161 28 20 95
internal_value=-0.00051829 0.0108632 -0.00357679 -0.0240815 0.0257117 -0.0244411 -0.0122683 -0.0481923 -0.0287498 -0.0186734 0.0402492 -0.0116525 0.0423364 -0.0222756 -0.038044 -0.0283801 0.0174374 -0.0201155 -0.0344882 -0.0141938 0.00800614 0.00621005 0.0127128 -0.00256571 0.0692471 0.0341689 0.0505678 0.0975939 -0.00837982 -0.022075
internal_weight=871.91 587.929 298.065 283.981 289.864 106.403 70.3484 36.0542 27.1315 67.1597 7.96767 61.8328 10.1662 51.6666 158.456 103.674 12.1954 7.90064 91.4789 40.6611 191.662 187.5 152.452 89.0445 9.40325 63.4071 45.7676 12.9038 17.6394 35.0489
internal_count=4906 2938 1672 1968 1266 732 470 262 194 451 54 411 65 346 1246 753 84 55 669 296 940 921 745 436 43 309 224 63 85 176
is_linear=0
shrinkage=0.1


Tree=12
num_leaves=31
num_cat=0
split_feature=9 11 11 5 94 73 104 5 108 59 81 15 7 0 87 1 0 12 67 41 67 82 7 0 15 10 58 81 1 72
split_gain=19.1831 10.2007 5.98805 5.96059 4.0172 4.3246 3.91397 3.22528 3.11389 3.11494 4.99605 4.77399 3.5497 3.53151 2.9182 2.73408 6.19946 2.99814 4.79754 4.94235 4.62296 6.77073 5.12792 4.92959 4.09403 8.90762 5.21351 3.73163 2.95758 4.61251
threshold=1.0000000180025095e-35 1.0000000180025095e-35 1.0000000180025095e-35 1.0000000180025095e-35 1.0000000180025095e-35 1.0000000180025095e-35 1.0000000180025095e-35 1.0000000180025095e-35 1.0000000180025095e-35 1.0000000180025095e-35 1.0000000180025095e-35 1.0000000180025095e-35 1.0000000180025095e-35 6.2258727550506601 1.0000000180025095e-35 -0.71769717335700978 3.639972567558289 1.0000000180025095e-35 1.0000000180025095e-35 1.0000000180025095e-35 1.0000000180025095e-35 1.0000000180025095e-35 1.0000000180025095e-35 9.1197810173034686 1.0000000180025095e-35 1.0000000180025095e-35 1.0000000180025095e-35 1.0000000180025095e-35 -0.038862271234393113 1.0000000180025095e-35
decision_type=2 2 2 2 2 2 2 2 2 2 2 2 2 2 2 2 2 2 2 2 2 2 2 2 2 2 2 2 2 2
left_child=1 3 -2 -1 6 -6 7 -3 9 10 11 13 -12 -9 -5 -4 -17 18 19 -18 23 22 28 -19 -20 26 -26 -25 -22 -30
right_child=2 4 15 14 5 -7 -8 8 -10 -11 12 -13 -14 -15 -16 16 17 20 24 -21 21 -23 -24 27 25 -27 -28 -29 29 -31
leaf_value=0.0071534232930376461 -0.035274835836636216 0.02997843805929605 0.071996679620912205 -0.019551133180826727 0.11115368066880914 0.026465357867067364 -0.0477243635856133 0.011851829621910176 0.073282394346343468 -0.017172800467325729 0.086367534789000056 0.053553638260871207 0.0049010784420859231 -0.093875723198416472 -0.11655526775126884 -0.085359972987319274 -0.065231812516153162 0.13144131709112133 -0.019017403359126807 0.050441681625525508 -0.11676365864045067 0.11006635191874004 0.049460141872980257 0.068845751751511461 0.062915119622586349 0.14877021083736897 -0.075821617459066612 -0.04156172516335685 0.042319939397057152 -0.10507790717507715
leaf_weight=192.03498306870461 154.22252952307463 165.73045597970486 4.356584131717681 101.36044040322304 10.281484112143517 14.581027507781982 8.3989395499229413 5.3407077640295046 6.5128535330295554 43.567844152450562 13.260718464851379 6.6161263138055793 8.9640348106622696 7.7345942556858063 3.1991169452667227 9.6874303817749006 23.375017404556278 5.9589053541421917 24.397958144545555 4.386963576078414 6.1730326116085079 3.9359240382909766 5.4584200531244269 7.0425052493810636 5.3660310506820696 5.5397729873657218 5.4694097638130188 5.415165901184082 4.5865022242069262 3.9526442885398865
leaf_count=940 1246 681 25 705 42 60 37 27 32 216 56 32 41 42 27 61 140 32 144 25 35 20 31 41 28 29 32 30 26 23
internal_value=-0.00051272 0.00974363 -0.0220878 -0.00330713 0.0230458 0.0614868 0.0194545 0.0216438 0.00662902 0.00155083 0.0210122 -0.0156655 0.0535092 -0.0506905 -0.0225191 -0.00583123 -0.00863931 -0.0019471 -0.0148892 -0.046953 0.018912 -0.00990744 -0.0333181 0.0566354 0.00694261 0.0456213 -0.00711508 0.0208533 -0.06403 -0.0259083
internal_weight=866.908 587.583 279.325 296.595 290.989 24.8625 266.126 257.727 91.9969 85.484 41.9162 19.6914 22.2248 13.0753 104.56 125.102 120.746 111.058 68.5352 27.762 42.5231 24.1065 20.1706 18.4166 40.7732 16.3752 10.8354 12.4577 14.7122 8.53915
internal_count=4906 2938 1968 1672 1266 102 1164 1127 446 414 198 101 97 69 732 722 697 636 398 165 238 135 115 103 233 89 60 71 84 49
is_linear=0
shrinkage=0.1


Tree=13
num_leaves=31
num_cat=0
split_feature=9 11 11 5 10 21 14 26 99 34 151 0 5 0 87 113 10 83 0 135 22 0 68 0 1 14 0 39 15 12
split_gain=15.8067 8.2355 5.02537 4.89792 3.93134 4.04622 3.60687 6.17604 3.77619 3.51047 3.30625 2.79814 4.88429 2.69205 2.68094 2.68122 2.71215 3.14207 3.45701 3.40474 2.85861 3.50303 3.20157 2.86378 3.19574 3.6086 3.86026 3.00282 2.84278 3.15325
threshold=1.0000000180025095e-35 1.0000000180025095e-35 1.0000000180025095e-35 1.0000000180025095e-35 1.0000000180025095e-35 1.0000000180025095e-35 1.0000000180025095e-35 1.0000000180025095e-35 1.0000000180025095e-35 1.0000000180025095e-35 1.0000000180025095e-35 3.0266940593719487 1.0000000180025095e-35 6.566735267639161 1.0000000180025095e-35 1.0000000180025095e-35 1.0000000180025095e-35 1.0000000180025095e-35 11.623545169830324 1.0000000180025095e-35 1.0000000180025095e-35 15.368925571441652 1.0000000180025095e-35 11.880903720855715 0.059396151453256614 1.0000000180025095e-35 4.4558520317077646 1.0000000180025095e-35 1.0000000180025095e-35 1.0000000180025095e-35
decision_type=2 2 2 2 2 2 2 2 2 2 2 2 2 2 2 2 2 2 2 2 2 2 2 2 2 2 2 2 2 2
left_child=1 3 -2 -1 6 10 -3 13 9 11 -6 -9 -13 -8 15 16 20 18 19 -18 21 22 23 24 25 26 -5 -27 -28 -30
right_child=2 4 -4 14 5 -7 7 8 -10 -11 -12 12 -14 -15 -16 -17 17 -19 -20 -21 -22 -23 -24 -25 -26 27 28 -29 29 -31
leaf_value=0.0064181470794397975 -0.032592950456130379 0.041873857215665541 -0.0054251967324745048 0.046343654389249894 0.008954150784758896 -0.045606265282461644 0.099265190514129964 -0.082538577061494658 0.067474212060785729 -0.088786361849161166 0.08883343013525255 0.039736307438361922 -0.056567419742850178 0.029550265324762993 -0.11474982703006703 -0.084275918622292056 -0.10247488540502564 0.035220429131592061 -0.0066478195229076375 0.00048960684170264634 -0.068692650398731375 -0.055362537712379034 0.088043689970837419 -0.064306449902657756 0.074599333126587869 0.0031362960007205332 -0.12266683119166769 0.10362450412898128 0.044365251886665853 -0.091919124966360677
leaf_weight=192.59991651773453 150.42716800421476 105.2031365185976 124.38597793132067 4.6818414703011539 98.537037774920464 13.2065132856369 7.3484448194503811 4.3759204298257854 5.0011648982763282 6.9860844612121573 5.4692437350749961 14.505383685231209 8.2683883905410767 22.494736090302467 2.937880463898181 5.7256634682416907 13.151482135057455 5.1992876380681983 11.487060233950613 4.2491089999675742 5.6611343771219245 7.9583840593695632 5.5043964385986319 4.974069967865943 7.5283202975988379 7.8061435744166392 4.5584888160228711 4.8036252707242966 3.5603595227003098 3.2451349347829819
leaf_count=940 1246 451 722 30 431 59 32 20 21 32 23 59 42 96 27 43 104 40 84 34 39 62 32 32 49 50 31 30 23 22
internal_value=-0.000502973 0.00876312 -0.0202963 -0.00299617 0.0206934 0.00653399 0.0302216 0.0124505 -0.0136784 -0.025568 0.0131547 -0.00930078 0.00477167 0.0467165 -0.0205945 -0.0178309 -0.0137995 -0.0363441 -0.0492245 -0.0773316 -0.00105146 0.00595916 0.0164177 0.0068386 0.0166187 0.00138612 -0.0300723 0.0414168 -0.0615549 -0.0206206
internal_weight=861.841 587.028 274.813 295.632 291.396 117.213 174.183 68.9801 39.1369 34.1358 104.006 27.1497 22.7738 29.8432 103.032 100.095 94.3688 34.0869 28.8877 17.4006 60.2819 54.6208 46.6624 41.158 36.1839 28.6556 16.0458 12.6098 11.364 6.80549
internal_count=4906 2938 1968 1672 1266 513 753 302 174 153 454 121 101 128 732 705 662 262 222 138 400 361 299 267 235 186 106 80 76 45
is_linear=0
shrinkage=0.1


Tree=14
num_leaves=31
num_cat=0
split_feature=9 10 15 126 5 80 8 26 14 11 0 68 174 104 83 82 8 7 0 127 73 39 31 5 11 1 5 0 21 65
split_gain=12.9186 6.97056 5.61902 5.39687 5.08777 4.42533 4.39794 4.36563 6.57755 4.74005 5.41106 4.43889 4.24 4.03448 4.54162 4.81505 5.58496 4.1808 4.69078 3.88813 6.18337 6.5353 5.42363 3.73792 3.69472 5.30708 4.51098 3.94128 3.74312 3.67834
threshold=1.0000000180025095e-35 1.0000000180025095e-35 1.0000000180025095e-35 1.0000000180025095e-35 1.0000000180025095e-35 1.0000000180025095e-35 1.0000000180025095e-35 1.0000000180025095e-35 1.0000000180025095e-35 1.0000000180025095e-35 5.2279260158538827 1.0000000180025095e-35 1.0000000180025095e-35 1.0000000180025095e-35 1.0000000180025095e-35 1.0000000180025095e-35 1.0000000180025095e-35 1.0000000180025095e-35 10.380561351776125 1.0000000180025095e-35 1.0000000180025095e-35 1.0000000180025095e-35 1.0000000180025095e-35 1.0000000180025095e-35 1.0000000180025095e-35 -0.74994295835494984 1.0000000180025095e-35 15.181382656097414 1.0000000180025095e-35 1.0000000180025095e-35
decision_type=2 2 2 2 2 2 2 2 2 2 2 2 2 2 2 2 2 2 2 2 2 2 2 2 2 2 2 2 2 2
left_child=1 2 7 5 12 29 -7 9 11 19 -11 -9 -2 14 24 16 17 18 -16 20 22 -22 -1 -18 25 -3 -27 -28 -26 -4
right_child=4 13 3 -5 -6 6 -8 8 -10 10 -12 -13 -14 -15 15 -17 23 -19 -20 -21 21 -23 -24 -25 28 26 27 -29 -30 -31
leaf_value=0.079426881356764067 -0.0056183424744425982 0.10598709504874962 0.018632994940866027 0.13427338207642706 -0.03784184200237143 0.038093265894172737 0.16010949917243864 0.02866513721002505 -0.03349459565997167 0.12076649605867745 0.028932327234699559 -0.04547014728154266 -0.082418544540732885 -0.070037529520461148 0.13394074614413654 0.11167849507933579 -0.00083684522414495706 -0.0039327514822481797 0.0071863535411229411 -0.079432774082672464 -0.08958013378476537 0.072540669366435981 -0.039342655472585995 -0.11356507807758807 0.012890172593606955 -0.012685004767744977 -0.075409471082943838 0.032354232994547198 -0.048704201570240295 0.090653608774805453
leaf_weight=13.687428601086141 172.66002010554075 3.1226023733615866 128.15588688105345 4.9248309805989257 90.835827246308327 7.7188003510236722 4.7854345366358757 46.844434469938278 51.542339965701103 7.7463893294334403 37.362984254956245 9.7591046169400197 7.5008387565612784 9.2068316489458066 7.3804478645324707 5.8381379544734946 9.1952859908342344 9.7841838151216507 4.8303764536976814 5.7115232944488517 8.9730988219380396 3.4396456256508818 5.3467946872115126 4.3249804601073256 81.184155076742172 68.828654065728188 24.123260185122493 3.9494927376508704 11.231144607067106 7.5068969875574103
leaf_count=78 1170 16 621 23 746 37 23 233 266 33 161 47 52 48 36 28 42 48 23 33 53 21 31 27 355 340 199 29 51 36
internal_value=-0.000488215 0.00785504 0.0170243 0.0312881 -0.0185451 0.0278651 0.0847895 0.00555622 -0.00765018 0.0229168 0.0447025 0.0158834 -0.00881585 -0.00510666 -0.00254966 0.0275167 0.0136819 0.0447727 0.0837991 -0.00353046 0.0102552 -0.0446555 0.046064 -0.0368973 -0.00901064 -0.0223294 -0.0264643 -0.0602484 0.00540467 0.0226183
internal_weight=857.502 586.505 343.506 153.092 270.997 148.167 12.5042 190.414 108.146 82.2679 45.1094 56.6035 180.161 243 233.793 41.3534 35.5153 21.995 12.2108 37.1585 31.447 12.4127 19.0342 13.5203 192.439 100.024 96.9014 28.0728 92.4153 135.663
internal_count=4906 2938 1696 740 1968 717 60 956 546 410 194 280 1222 1242 1194 204 176 107 59 216 183 74 109 69 990 584 568 228 406 657
is_linear=0
shrinkage=0.1


Tree=15
num_leaves=31
num_cat=0
split_feature=11 9 15 0 1 0 73 126 13 15 8 61 39 16 26 96 12 10 83 7 135 128 79 67 78 15 25 14 0 61
split_gain=10.6607 6.45742 4.8973 4.56458 4.48372 4.04074 3.35532 5.19447 4.48348 5.62434 5.11759 7.2011 5.08214 4.47975 4.41666 3.77149 3.71642 3.96385 3.48756 3.27223 2.9961 2.8032 3.74703 5.45777 4.08161 3.79662 5.99607 5.06342 4.29723 3.82844
threshold=1.0000000180025095e-35 1.0000000180025095e-35 1.0000000180025095e-35 17.80835056304932 0.94737243652343761 3.0266940593719487 1.0000000180025095e-35 1.0000000180025095e-35 1.0000000180025095e-35 1.0000000180025095e-35 1.0000000180025095e-35 1.0000000180025095e-35 1.0000000180025095e-35 1.0000000180025095e-35 1.0000000180025095e-35 1.0000000180025095e-35 1.0000000180025095e-35 1.0000000180025095e-35 1.0000000180025095e-35 1.0000000180025095e-35 1.0000000180025095e-35 1.0000000180025095e-35 1.0000000180025095e-35 1.0000000180025095e-35 1.0000000180025095e-35 1.0000000180025095e-35 1.0000000180025095e-35 1.0000000180025095e-35 16.425735473632816 1.0000000180025095e-35
decision_type=2 2 2 2 2 2 2 2 2 2 2 2 2 2 2 2 2 2 2 2 2 2 2 2 2 2 2 2 2 2
left_child=1 3 -2 4 6 20 7 15 9 -8 11 -11 16 -14 -13 21 18 -18 -10 -17 -4 22 24 -24 25 26 -1 29 -28 -27
right_child=2 -3 5 -5 -6 -7 8 -9 12 10 -12 14 13 -15 -16 19 17 -19 -20 -21 -22 -23 23 -25 -26 27 28 -29 -30 -31
leaf_value=0.096636575960864307 0.0024700307587329977 -0.028615498395257878 -0.082295420187484758 -0.094686039875431782 0.089408990142094913 0.029081135112637175 -0.069572963030108612 0.093591961746604169 -0.065869827363644107 -0.040232049613686011 -0.053886349403801229 0.15705637853891827 0.0083935892897360025 0.14896917848638888 0.019145055963974221 -0.0046478695847561747 0.062465444565355757 -0.043719374492953648 0.042382499934425354 0.10610452476806112 0.025268472976540182 0.026926336401725277 0.10887355725519268 -0.016834956831012656 -0.071368303877958034 0.019609591200722056 -0.023985194163581684 -0.028845812160604611 -0.12897437968026212 0.10535863951825962
leaf_weight=3.9023132696747771 256.31235391646624 144.93643464148045 5.8985999822616559 5.3114248663187018 5.3675865828990927 148.07798034697771 26.580986477434635 6.4071564376354209 13.823378913104536 8.0472402125597 13.052551425993444 4.7054063454270363 4.9244778081774694 4.2005862444639206 4.5848377123475075 4.6485887020826322 9.8972538337111455 5.4521655440330496 3.7926300168037406 6.2603518888354301 4.6160382181406021 28.25907938182354 6.4589342772960645 7.422824963927269 10.96976702660322 24.787156924605373 56.277094304561615 18.056064300239086 4.1886842027306548 6.5912458747625342
leaf_count=22 1254 1246 28 32 31 684 169 31 86 43 72 25 30 23 27 27 52 32 20 36 22 151 36 41 60 138 331 95 26 36
internal_value=-0.000476724 -0.011341 0.011016 -0.00282407 -0.00113378 0.0248277 -0.00284931 0.00513107 -0.0176908 -0.0359769 -0.00659164 0.0290142 0.00706004 0.0731055 0.0889956 0.00194371 -0.0112218 0.0247482 -0.0425637 0.05891 -0.0350737 -0.00177943 -0.00762995 0.041655 -0.0131132 -0.00749785 -0.0235046 0.0133443 -0.0312582 0.0376218
internal_weight=853.811 438.906 414.905 293.97 288.658 158.593 283.291 184.229 99.0615 56.971 30.39 17.3375 42.0905 9.12506 9.29024 177.822 32.9654 15.3494 17.616 10.9089 10.5146 166.913 138.654 13.8818 124.772 113.803 64.3681 49.4345 60.4658 31.3784
internal_count=4906 2918 1988 1672 1640 734 1609 1030 579 336 167 95 243 53 52 999 190 84 106 63 50 936 785 77 708 648 379 269 357 174
is_linear=0
shrinkage=0.1


Tree=16
num_leaves=31
num_cat=0
split_feature=5 268 15 11 9 168 1 79 126 13 0 0 7 35 26 55 32 25 8 0 40 61 67 51 102 104 14 97 36 83
split_gain=10.1421 9.57486 5.96336 4.39383 4.36095 4.20463 4.26425 4.11992 3.6595 3.61672 3.70868 6.16845 3.61643 3.46452 5.79299 3.59643 3.46147 3.3684 3.35706 5.78208 3.28983 5.02027 4.54411 4.2637 4.20979 3.23546 2.95514 6.43765 7.71178 5.52867
threshold=1.0000000180025095e-35 1.0000000180025095e-35 1.0000000180025095e-35 1.0000000180025095e-35 1.0000000180025095e-35 1.0000000180025095e-35 -0.0050954443868249646 1.0000000180025095e-35 1.0000000180025095e-35 1.0000000180025095e-35 16.379192352294925 17.041751861572269 1.0000000180025095e-35 1.0000000180025095e-35 1.0000000180025095e-35 1.0000000180025095e-35 1.0000000180025095e-35 1.0000000180025095e-35 1.0000000180025095e-35 12.123203277587892 1.0000000180025095e-35 1.0000000180025095e-35 1.0000000180025095e-35 1.0000000180025095e-35 1.0000000180025095e-35 1.0000000180025095e-35 1.0000000180025095e-35 1.0000000180025095e-35 1.0000000180025095e-35 1.0000000180025095e-35
decision_type=2 2 2 2 2 2 2 2 2 2 2 2 2 2 2 2 2 2 2 2 2 2 2 2 2 2 2 2 2 2
left_child=1 2 3 8 -2 9 -7 17 25 26 12 -12 -11 -6 -15 -16 18 -5 19 -14 24 23 -23 -22 -19 -1 27 28 29 -4
right_child=4 -3 5 7 13 6 -8 -9 -10 10 11 -13 16 14 15 -17 -18 20 -20 -21 21 22 -24 -25 -26 -27 -28 -29 -30 -31
leaf_value=-0.014674986745341982 -0.0075616739089572936 0.14323321819375762 -0.0032874195344077318 -0.057714653110083593 -0.04403243326789133 0.020203003104459098 0.13154267677340398 0.067074466307366548 0.089334984367676201 0.0072241439109724595 0.15715642689689457 -0.0088450411329569403 0.056907910513245244 -0.047250321330440541 0.0031888664653019192 0.13833556988296788 -0.11755445806587782 0.0061470330407574951 -0.076460388750689223 -0.074261463423222526 -0.041719397982181536 0.16265734286660335 0.025374527417833127 0.076036924878062906 -0.072293370517304334 -0.10634824567086734 0.0055976916844807517 0.11505745461022898 0.08577707383281967 0.081903049648334392
leaf_weight=147.87693013250828 205.87868367135525 5.1455764546990386 50.072507664561272 8.2520860582590085 70.406877189874649 7.4353022053837776 6.401437118649481 11.273900359869002 3.303031049668788 51.921594835817814 3.7801067382097226 5.4887857809662819 8.7820358350873047 9.3460858687758464 4.0343730598688117 3.8463830575346947 4.5589096397161475 111.78309609740973 7.3651335760951033 5.4437873959541312 8.1864714920520765 5.0792143493890762 4.5899736285209656 4.9244026988744745 7.288040302693843 3.9528270885348311 48.979642294347286 9.2768313437700254 17.190901227295399 8.9849098920822126
leaf_count=910 1231 29 259 39 607 37 33 49 18 264 19 27 44 73 34 32 22 526 37 28 36 23 20 23 36 23 250 49 85 43
internal_value=-0.000469572 0.00745345 0.00618819 -0.00277928 -0.0155142 0.0182311 0.0717133 0.00877276 -0.0147963 0.0148953 -0.000949719 0.0588549 -0.00804991 -0.0341973 0.00599942 0.0691503 -0.0383772 0.00439386 -0.0216589 0.0067134 0.00800698 0.0428244 0.097489 0.0025095 0.0013459 -0.0170617 0.0251843 0.0364014 0.0268316 0.00967333
internal_weight=850.85 557.337 552.192 316.51 293.512 235.682 13.8367 161.377 155.133 221.845 87.3404 9.26889 78.0715 87.6337 17.2268 7.88076 26.1499 150.103 21.591 14.2258 141.851 22.7801 9.66919 13.1109 119.071 151.83 134.505 85.5252 76.2483 59.0574
internal_count=4906 2929 2900 1703 1977 1197 70 752 951 1127 441 46 395 746 139 66 131 703 109 72 664 102 43 59 562 933 686 436 387 302
is_linear=0
shrinkage=0.1


Tree=17
num_leaves=31
num_cat=0
split_feature=9 5 10 51 13 0 8 14 133 0 79 81 0 8 0 0 49 83 55 12 13 0 138 0 15 168 26 101 33 19
split_gain=8.89664 5.56081 3.91198 4.86272 4.40341 4.86064 4.89903 3.42454 6.31167 4.10011 4.20582 4.66995 3.81131 4.76376 4.37095 3.8774 3.7492 3.42028 4.3913 6.37164 3.71071 3.39189 3.94051 3.39771 3.34244 6.66415 3.69615 3.76162 3.0938 7.01831
threshold=1.0000000180025095e-35 1.0000000180025095e-35 1.0000000180025095e-35 1.0000000180025095e-35 1.0000000180025095e-35 17.30732345581055 1.0000000180025095e-35 1.0000000180025095e-35 1.0000000180025095e-35 3.7686516046524052 1.0000000180025095e-35 1.0000000180025095e-35 7.7043120861053476 1.0000000180025095e-35 14.176591396331789 14.351813793182375 1.0000000180025095e-35 1.0000000180025095e-35 1.0000000180025095e-35 1.0000000180025095e-35 1.0000000180025095e-35 12.699520587921144 1.0000000180025095e-35 3.4195755720138554 1.0000000180025095e-35 1.0000000180025095e-35 1.0000000180025095e-35 1.0000000180025095e-35 1.0000000180025095e-35 1.0000000180025095e-35
decision_type=2 2 2 2 2 2 2 2 2 2 2 2 2 2 2 2 2 2 2 2 2 2 2 2 2 2 2 2 2 2
left_child=1 2 7 17 -5 6 -6 16 9 -9 11 12 -11 14 -14 -15 -1 20 -19 -20 21 22 23 -4 26 -26 -2 28 29 -28
right_child=24 -3 3 4 5 -7 -8 8 -10 10 -12 -13 13 15 -16 -17 -18 18 19 -21 -22 -23 -24 -25 25 -27 27 -29 -30 -31
leaf_value=0.024214707904786071 -0.042512406173130748 -0.0068321082942426059 0.072569631313292457 -0.053714432350151844 0.018111044118432753 0.099481467555249475 -0.095971014619301589 0.090345612910326237 -0.048889584513944928 -0.041101265827688548 0.096030299077808079 -0.031179267863630261 0.035051079683536934 0.037855950443452337 0.12949650386608955 -0.058919608497996968 0.066654411871152494 0.10963938857962503 0.077457802008675414 -0.058645959354705013 -0.019950015586234517 0.097791149455124141 0.098117716934551874 -0.0058273249106749721 -0.0081693306507505635 0.096406211709792855 -0.023710219284626317 -0.12003996851358444 0.029131584550707759 0.12944264092272639
leaf_weight=89.297172293066978 67.358046963810921 205.11909594386816 6.3569582551717749 25.108136638998985 12.502081304788595 4.5538691431283942 5.3858325183391562 7.5103832781314841 15.919942945241926 7.4622153937816611 5.6136261373758307 22.635862663388252 13.921690091490747 9.9222138375043887 7.5618365406990042 7.1044308096170417 27.143101423978806 7.6775545328855523 7.5399774610996246 6.3249850422143936 36.992106676101685 5.1741317212581626 4.9402785152196875 42.406706124544144 95.222942166030407 6.5103753581643096 70.838026769459248 3.1103574633598319 17.861184321343899 3.1241042241454116
leaf_count=390 516 1231 28 118 58 21 26 32 74 34 24 103 64 45 33 34 119 34 33 29 171 22 22 193 695 42 547 24 123 21
internal_value=-0.000454161 0.00643102 0.0136081 0.00203489 -0.0249443 0.00724397 -0.0162377 0.0225256 0.008715 0.0199353 0.0128106 0.00600147 0.0243085 0.0369831 0.0682943 -0.00252401 0.0341077 0.012961 0.0489663 0.0153693 0.00487038 0.0204646 0.0130146 0.00439271 -0.0156881 -0.00147707 -0.0245964 -0.0118845 -0.00822088 -0.0172412
internal_weight=848.199 584.174 379.055 164.963 47.5499 22.4418 17.8879 214.092 97.6522 81.7323 74.2219 68.6082 45.9724 38.5102 21.4835 17.0266 116.44 117.413 21.5425 13.865 95.8702 58.8781 53.7039 48.7637 264.025 101.733 162.292 94.9337 91.8233 73.9621
internal_count=4906 2938 1707 755 223 105 84 952 443 369 337 313 210 176 97 79 509 532 96 62 436 265 243 221 1968 737 1231 715 691 568
is_linear=0
shrinkage=0.1


end of trees

feature_importances:
Column_0=77
Column_5=49
Column_15=33
Column_11=28
Column_9=22
Column_10=19
Column_1=15
Column_8=15
Column_14=15
Column_81=15
Column_7=12
Column_82=12
Column_26=11
Column_12=10
Column_73=10
Column_16=9
Column_79=9
Column_126=9
Column_83=8
Column_13=7
Column_21=7
Column_35=7
Column_67=7
Column_94=7
Column_176=7
Column_140=6
Column_59=5
Column_61=5
Column_68=5
Column_87=5
Column_138=5
Column_25=4
Column_39=4
Column_104=4
Column_51=3
Column_54=3
Column_55=3
Column_74=3
Column_101=3
Column_113=3
Column_128=3
Column_135=3
Column_17=2
Column_22=2
Column_31=2
Column_36=2
Column_40=2
Column_44=2
Column_49=2
Column_52=2
Column_57=2
Column_69=2
Column_97=2
Column_133=2
Column_134=2
Column_168=2
Column_174=2
Column_19=1
Column_24=1
Column_32=1
Column_33=1
Column_34=1
Column_41=1
Column_53=1
Column_58=1
Column_62=1
Column_65=1
Column_72=1
Column_78=1
Column_80=1
Column_88=1
Column_96=1
Column_99=1
Column_102=1
Column_108=1
Column_127=1
Column_129=1
Column_130=1
Column_151=1
Column_268=1

parameters:
[boosting: gbdt]
[objective: binary]
[metric: binary_logloss]
[tree_learner: serial]
[device_type: cpu]
[data_sample_strategy: bagging]
[data: ]
[valid: ]
[num_iterations: 300]
[learning_rate: 0.1]
[num_leaves: 31]
[num_threads: 0]
[seed: 0]
[deterministic: 0]
[force_col_wise: 0]
[force_row_wise: 0]
[histogram_pool_size: -1]
[max_depth: -1]
[min_data_in_leaf: 20]
[min_sum_hessian_in_leaf: 0.001]
[bagging_fraction: 1]
[pos_bagging_fraction: 1]
[neg_bagging_fraction: 1]
[bagging_freq: 0]
[bagging_seed: 7719]
[bagging_by_query: 0]
[feature_fraction: 1]
[feature_fraction_bynode: 1]
[feature_fraction_seed: 2437]
[extra_trees: 0]
[extra_seed: 11797]
[early_stopping_round: 0]
[early_stopping_min_delta: 0]
[first_metric_only: 0]
[max_delta_step: 0]
[lambda_l1: 0]
[lambda_l2: 0]
[linear_lambda: 0]
[min_gain_to_split: 0]
[drop_rate: 0.1]
[max_drop: 50]
[skip_drop: 0.5]
[xgboost_dart_mode: 0]
[uniform_drop: 0]
[drop_seed: 21238]
[top_rate: 0.2]
[other_rate: 0.1]
[min_data_per_group: 100]
[max_cat_threshold: 32]
[cat_l2: 10]
[cat_smooth: 10]
[max_cat_to_onehot: 4]
[top_k: 20]
[monotone_constraints: ]
[monotone_constraints_method: basic]
[monotone_penalty: 0]
[feature_contri: ]
[forcedsplits_filename: ]
[refit_decay_rate: 0.9]
[cegb_tradeoff: 1]
[cegb_penalty_split: 0]
[cegb_penalty_feature_lazy: ]
[cegb_penalty_feature_coupled: ]
[path_smooth: 0]
[interaction_constraints: ]
[verbosity: -1]
[saved_feature_importance_type: 0]
[use_quantized_grad: 0]
[num_grad_quant_bins: 4]
[quant_train_renew_leaf: 0]
[stochastic_rounding: 1]
[linear_tree: 0]
[max_bin: 255]
[max_bin_by_feature: ]
[min_data_in_bin: 3]
[bin_construct_sample_cnt: 200000]
[data_random_seed: 38]
[is_enable_sparse: 1]
[enable_bundle: 1]
[use_missing: 1]
[zero_as_missing: 0]
[feature_pre_filter: 1]
[pre_partition: 0]
[two_round: 0]
[header: 0]
[label_column: ]
[weight_column: ]
[group_column: ]
[ignore_column: ]
[categorical_feature: ]
[forcedbins_filename: ]
[precise_float_parser: 0]
[parser_config_file: ]
[objective_seed: 8855]
[num_class: 1]
[is_unbalance: 0]
[scale_pos_weight: 1]
[sigmoid: 1]
[boost_from_average: 1]
[reg_sqrt: 0]
[alpha: 0.9]
[fair_c: 1]
[poisson_max_delta_step: 0.7]
[tweedie_variance_power: 1.5]
[lambdarank_truncation_level: 30]
[lambdarank_norm: 1]
[label_gain: ]
[lambdarank_position_bias_regularization: 0]
[eval_at: ]
[multi_error_top_k: 1]
[auc_mu_weights: ]
[num_machines: 1]
[local_listen_port: 12400]
[time_out: 120]
[machine_list_filename: ]
[machines: ]
[gpu_platform_id: -1]
[gpu_device_id: -1]
[gpu_device_id_list: ]
[gpu_use_dp: 0]
[num_gpu: 1]

end of parameters

pandas_categorical:null
