tree
version=v4
num_class=1
num_tree_per_iteration=1
label_index=0
max_feature_idx=567
objective=binary sigmoid:1
feature_names=Column_0 Column_1 Column_2 Column_3 Column_4 Column_5 Column_6 Column_7 Column_8 Column_9 Column_10 Column_11 Column_12 Column_13 Column_14 Column_15 Column_16 Column_17 Column_18 Column_19 Column_20 Column_21 Column_22 Column_23 Column_24 Column_25 Column_26 Column_27 Column_28 Column_29 Column_30 Column_31 Column_32 Column_33 Column_34 Column_35 Column_36 Column_37 Column_38 Column_39 Column_40 Column_41 Column_42 Column_43 Column_44 Column_45 Column_46 Column_47 Column_48 Column_49 Column_50 Column_51 Column_52 Column_53 Column_54 Column_55 Column_56 Column_57 Column_58 Column_59 Column_60 Column_61 Column_62 Column_63 Column_64 Column_65 Column_66 Column_67 Column_68 Column_69 Column_70 Column_71 Column_72 Column_73 Column_74 Column_75 Column_76 Column_77 Column_78 Column_79 Column_80 Column_81 Column_82 Column_83 Column_84 Column_85 Column_86 Column_87 Column_88 Column_89 Column_90 Column_91 Column_92 Column_93 Column_94 Column_95 Column_96 Column_97 Column_98 Column_99 Column_100 Column_101 Column_102 Column_103 Column_104 Column_105 Column_106 Column_107 Column_108 Column_109 Column_110 Column_111 Column_112 Column_113 Column_114 Column_115 Column_116 Column_117 Column_118 Column_119 Column_120 Column_121 Column_122 Column_123 Column_124 Column_125 Column_126 Column_127 Column_128 Column_129 Column_130 Column_131 Column_132 Column_133 Column_134 Column_135 Column_136 Column_137 Column_138 Column_139 Column_140 Column_141 Column_142 Column_143 Column_144 Column_145 Column_146 Column_147 Column_148 Column_149 Column_150 Column_151 Column_152 Column_153 Column_154 Column_155 Column_156 Column_157 Column_158 Column_159 Column_160 Column_161 Column_162 Column_163 Column_164 Column_165 Column_166 Column_167 Column_168 Column_169 Column_170 Column_171 Column_172 Column_173 Column_174 Column_175 Column_176 Column_177 Column_178 Column_179 Column_180 Column_181 Column_182 Column_183 Column_184 Column_185 Column_186 Column_187 Column_188 Column_189 Column_190 Column_191 Column_192 Column_193 Column_194 Column_195 Column_196 Column_197 Column_198 Column_199 Column_200 Column_201 Column_202 Column_203 Column_204 Column_205 Column_206 Column_207 Column_208 Column_209 Column_210 Column_211 Column_212 Column_213 Column_214 Column_215 Column_216 Column_217 Column_218 Column_219 Column_220 Column_221 Column_222 Column_223 Column_224 Column_225 Column_226 Column_227 Column_228 Column_229 Column_230 Column_231 Column_232 Column_233 Column_234 Column_235 Column_236 Column_237 Column_238 Column_239 Column_240 Column_241 Column_242 Column_243 Column_244 Column_245 Column_246 Column_247 Column_248 Column_249 Column_250 Column_251 Column_252 Column_253 Column_254 Column_255 Column_256 Column_257 Column_258 Column_259 Column_260 Column_261 Column_262 Column_263 Column_264 Column_265 Column_266 Column_267 Column_268 Column_269 Column_270 Column_271 Column_272 Column_273 Column_274 Column_275 Column_276 Column_277 Column_278 Column_279 Column_280 Column_281 Column_282 Column_283 Column_284 Column_285 Column_286 Column_287 Column_288 Column_289 Column_290 Column_291 Column_292 Column_293 Column_294 Column_295 Column_296 Column_297 Column_298 Column_299 Column_300 Column_301 Column_302 Column_303 Column_304 Column_305 Column_306 Column_307 Column_308 Column_309 Column_310 Column_311 Column_312 Column_313 Column_314 Column_315 Column_316 Column_317 Column_318 Column_319 Column_320 Column_321 Column_322 Column_323 Column_324 Column_325 Column_326 Column_327 Column_328 Column_329 Column_330 Column_331 Column_332 Column_333 Column_334 Column_335 Column_336 Column_337 Column_338 Column_339 Column_340 Column_341 Column_342 Column_343 Column_344 Column_345 Column_346 Column_347 Column_348 Column_349 Column_350 Column_351 Column_352 Column_353 Column_354 Column_355 Column_356 Column_357 Column_358 Column_359 Column_360 Column_361 Column_362 Column_363 Column_364 Column_365 Column_366 Column_367 Column_368 Column_369 Column_370 Column_371 Column_372 Column_373 Column_374 Column_375 Column_376 Column_377 Column_378 Column_379 Column_380 Column_381 Column_382 Column_383 Column_384 Column_385 Column_386 Column_387 Column_388 Column_389 Column_390 Column_391 Column_392 Column_393 Column_394 Column_395 Column_396 Column_397 Column_398 Column_399 Column_400 Column_401 Column_402 Column_403 Column_404 Column_405 Column_406 Column_407 Column_408 Column_409 Column_410 Column_411 Column_412 Column_413 Column_414 Column_415 Column_416 Column_417 Column_418 Column_419 Column_420 Column_421 Column_422 Column_423 Column_424 Column_425 Column_426 Column_427 Column_428 Column_429 Column_430 Column_431 Column_432 Column_433 Column_434 Column_435 Column_436 Column_437 Column_438 Column_439 Column_440 Column_441 Column_442 Column_443 Column_444 Column_445 Column_446 Column_447 Column_448 Column_449 Column_450 Column_451 Column_452 Column_453 Column_454 Column_455 Column_456 Column_457 Column_458 Column_459 Column_460 Column_461 Column_462 Column_463 Column_464 Column_465 Column_466 Column_467 Column_468 Column_469 Column_470 Column_471 Column_472 Column_473 Column_474 Column_475 Column_476 Column_477 Column_478 Column_479 Column_480 Column_481 Column_482 Column_483 Column_484 Column_485 Column_486 Column_487 Column_488 Column_489 Column_490 Column_491 Column_492 Column_493 Column_494 Column_495 Column_496 Column_497 Column_498 Column_499 Column_500 Column_501 Column_502 Column_503 Column_504 Column_505 Column_506 Column_507 Column_508 Column_509 Column_510 Column_511 Column_512 Column_513 Column_514 Column_515 Column_516 Column_517 Column_518 Column_519 Column_520 Column_521 Column_522 Column_523 Column_524 Column_525 Column_526 Column_527 Column_528 Column_529 Column_530 Column_531 Column_532 Column_533 Column_534 Column_535 Column_536 Column_537 Column_538 Column_539 Column_540 Column_541 Column_542 Column_543 Column_544 Column_545 Column_546 Column_547 Column_548 Column_549 Column_550 Column_551 Column_552 Column_553 Column_554 Column_555 Column_556 Column_557 Column_558 Column_559 Column_560 Column_561 Column_562 Column_563 Column_564 Column_565 Column_566 Column_567
feature_infos=[2.0013689994812012:17.993154525756836] [-0.7776256799697876:0.99923950433731079] none none none [0:1] [0:1] [0:1] [0:1] [0:1] [0:1] [0:1] [0:1] [0:1] [0:1] [0:1] [0:1] [0:1] [0:1] [0:1] [0:1] [0:1] [0:1] [0:1] [0:1] [0:1] [0:1] [0:1] [0:1] [0:1] [0:1] [0:1] [0:1] [0:1] [0:1] [0:1] [0:1] [0:1] [0:1] [0:1] [0:1] [0:1] [0:1] [0:1] [0:1] [0:1] [0:1] [0:1] [0:1] [0:1] [0:1] [0:1] [0:1] [0:1] [0:1] [0:1] [0:1] [0:1] [0:1] [0:1] [0:1] [0:1] [0:1] [0:1] [0:1] [0:1] [0:1] [0:1] [0:1] [0:1] [0:1] [0:1] [0:1] [0:1] [0:1] [0:1] [0:1] [0:1] [0:1] [0:1] [0:1] [0:1] [0:1] [0:1] [0:1] [0:1] [0:1] [0:1] [0:1] [0:1] [0:1] [0:1] [0:1] [0:1] [0:1] [0:1] [0:1] [0:1] [0:1] [0:1] [0:1] [0:1] [0:1] [0:1] [0:1] [0:1] [0:1] [0:1] [0:1] none none none none [0:1] [0:1] none [0:1] none [0:1] none none [0:1] none none none none [0:1] [0:1] [0:1] [0:1] [0:1] none [0:1] [0:1] [0:1] [0:1] none [0:1] [0:1] [0:1] [0:1] [0:1] [0:1] [0:1] [0:1] [0:1] [0:1] [0:1] [0:1] [0:1] [0:1] [0:1] [0:1] [0:1] [0:1] [0:1] [0:1] none none none none none none none none none none [0:1] [0:1] none none none none none [0:1] [0:1] [0:1] [0:1] [0:1] [0:1] [0:1] [0:1] [0:1] [0:1] [0:1] [0:1] [0:1] [0:1] [0:1] [0:1] [0:1] [0:1] [0:1] [0:1] [0:1] [0:1] [0:1] [0:1] [0:1] [0:1] [0:1] [0:1] none none [0:1] [0:1] [0:1] none [0:1] [0:1] [0:1] [0:1] [0:1] none [0:1] none none [0:1] none [0:1] [0:1] [0:1] [0:1] [0:1] [0:1] [0:1] [0:1] [0:1] [0:1] [0:1] [0:1] [0:1] [0:1] [0:1] [0:1] [0:1] [0:1] [0:1] [0:1] [0:1] [0:1] [0:1] [0:1] [0:1] none none none none none none none none none none none none none none none none none [0:1] [0:1] [0:1] [0:1] [0:1] [0:1] [0:1] [0:1] [0:1] [0:1] none [0:1] [0:1] [0:1] [0:1] none [0:1] [0:1] none none none [0:1] [0:1] none none none none none [0:1] [0:1] [0:1] [0:1] [0:1] [0:1] [0:1] none none none [0:1] none [0:1] [0:1] [0:1] none [0:1] [0:1] [0:1] [0:1] none none [0:1] [0:1] none none none none [0:1] [0:1] none none none [0:1] none none [0:1] [0:1] none none [0:1] [0:1] none none none none none none none none none none none none none none none none none none none none none none none none none none none none none none none none none none none none none none none none none none none none none none none none none none none none none none none none none none none none none none none none none none none none none none none none none none none none none none none none none none none none none none none none none none none none none none none none none none none none none none none none none none none none none none none none none none none none none none none none none none none none none none none none none none none none none none none none none none none none none none none none none none none none none none none none none none none none none none none none none none none none none none none none none none none none none none none none none none none none none none none none none none none none none none none none none none none none none none none none none none none none none none none none none none none none none none none none none none none none none none none none none none none none none none none none none none none none none
tree_sizes=3401 3477 3468 3474 3477 3466 3487 3487 3480 3470 3467 3464 3491

Tree=0
num_leaves=31
num_cat=0
split_feature=1 0 278 91 121 0 0 138 67 57 154 26 0 299 102 8 34 39 40 139 83 99 61 1 188 73 73 0 151 11
split_gain=72.2328 17.6124 11.1096 10.6088 9.27531 8.25842 7.93049 7.38202 7.10952 10.9627 6.51811 5.93931 6.34278 6.7743 5.98328 5.85589 5.84634 11.9051 6.24416 5.6642 5.59492 7.92857 9.50336 6.28753 8.2549 6.0094 5.35217 7.6396 5.56209 5.22198
threshold=-0.045250589028000825 14.351813793182375 1.0000000180025095e-35 1.0000000180025095e-35 1.0000000180025095e-35 4.273785114288331 14.591375827789308 1.0000000180025095e-35 1.0000000180025095e-35 1.0000000180025095e-35 1.0000000180025095e-35 1.0000000180025095e-35 15.368925571441652 1.0000000180025095e-35 1.0000000180025095e-35 1.0000000180025095e-35 1.0000000180025095e-35 1.0000000180025095e-35 1.0000000180025095e-35 1.0000000180025095e-35 1.0000000180025095e-35 1.0000000180025095e-35 1.0000000180025095e-35 0.77275836467742931 1.0000000180025095e-35 1.0000000180025095e-35 1.0000000180025095e-35 14.176591396331789 1.0000000180025095e-35 1.0000000180025095e-35
decision_type=2 2 2 2 2 2 2 2 2 2 2 2 2 2 2 2 2 2 2 2 2 2 2 2 2 2 2 2 2 2
left_child=5 3 6 4 10 -1 -3 15 9 -9 16 12 -8 14 19 -7 17 26 -19 20 21 22 23 -14 25 -25 -2 28 -28 -20
right_child=1 2 -4 -5 -6 7 11 8 -10 -11 -12 -13 13 -15 -16 -17 -18 18 29 -21 -22 -23 -24 24 -26 -27 27 -29 -30 -31
leaf_value=-1.2235073116957187 -1.1775532238432405 -1.0500247277907531 -0.97853649194287118 -1.2629515204757698 -0.99859139780096018 -1.2126652577584764 -1.1647606177679832 -0.99370406780193021 -1.1845426677640576 -1.1967162369924109 -1.0262862677954641 -1.1536826697701819 -0.96237502934660912 -0.98012815113795759 -1.2180199831420291 -1.1792453824094602 -1.1913365031162446 -1.0130982344647479 -1.17630014693236 -0.99305242380205938 -1.0324406833497983 -1.1960290193746812 -1.1754124908427925 -1.0298830041583866 -1.2241067677562059 -1.1647606177679832 -1.1460062067327441 -1.279152472093108 -1.0365436270526878 -1.064051999606151
leaf_weight=142.98676764965057 111.39246924221516 12.637719362974165 5.235626593232154 9.9296366423368436 3.6107769608497611 133.59874755144119 20.220350980758667 6.1383208334445971 17.692807108163834 4.6940100491046906 3.6107769608497611 72.215539216995239 4.6940100491046932 4.3329323530197135 4.6940100491046897 86.297569364309311 53.620037868618965 7.5826316177845028 8.6658647060394305 4.5134712010622016 8.1242481619119626 11.19340857863426 11.735025122761725 13.901491299271589 3.7913158088922492 4.3329323530197135 97.310439094901085 4.1523935049772254 4.8745488971471778 7.9437093138694754
leaf_count=792 617 70 29 55 20 740 112 34 98 26 20 400 26 24 26 478 297 42 48 25 45 62 65 77 21 24 539 23 27 44
internal_value=-1.17227 -1.14686 -1.12209 -1.16124 -1.15791 -1.20436 -1.12635 -1.19334 -1.14548 -1.08168 -1.15983 -1.13224 -1.11533 -1.10131 -1.10915 -1.19955 -1.16146 -1.15484 -1.08829 -1.10094 -1.10937 -1.12196 -1.1004 -1.06745 -1.08985 -1.06193 -1.16223 -1.14619 -1.14078 -1.12262
internal_weight=885.724 494.315 181.622 312.693 302.764 391.408 176.386 248.421 28.5251 10.8323 299.153 163.749 91.5332 71.3128 66.9799 219.896 295.542 241.922 24.1922 62.2859 57.7724 49.6482 38.4548 26.7197 22.0257 18.2344 217.73 106.337 102.185 16.6096
internal_count=4906 2738 1006 1732 1677 2168 977 1376 158 60 1657 907 507 395 371 1218 1637 1340 134 345 320 275 213 148 122 101 1206 589 566 92
is_linear=0
shrinkage=1


Tree=1
num_leaves=31
num_cat=0
split_feature=1 0 21 278 0 121 100 86 108 0 84 1 15 0 81 39 12 138 8 5 12 130 56 108 16 84 151 26 42 15
split_gain=58.6057 13.5421 9.17014 7.69879 7.1485 6.36493 6.2847 5.96977 8.92346 7.3817 7.57526 5.99142 7.35446 5.28188 5.13328 6.67257 8.1938 4.95026 4.95435 4.81347 4.76474 4.74661 6.13429 4.74328 4.72123 4.90405 4.29843 3.98922 5.03106 4.91716
threshold=-0.045250589028000825 14.351813793182375 1.0000000180025095e-35 1.0000000180025095e-35 3.9219712018966679 1.0000000180025095e-35 1.0000000180025095e-35 1.0000000180025095e-35 1.0000000180025095e-35 10.260096073150637 1.0000000180025095e-35 0.091489847749471678 1.0000000180025095e-35 14.591375827789308 1.0000000180025095e-35 1.0000000180025095e-35 1.0000000180025095e-35 1.0000000180025095e-35 1.0000000180025095e-35 1.0000000180025095e-35 1.0000000180025095e-35 1.0000000180025095e-35 1.0000000180025095e-35 1.0000000180025095e-35 1.0000000180025095e-35 1.0000000180025095e-35 1.0000000180025095e-35 1.0000000180025095e-35 1.0000000180025095e-35 1.0000000180025095e-35
decision_type=2 2 2 2 2 2 2 2 2 2 2 2 2 2 2 2 2 2 2 2 2 2 2 2 2 2 2 2 2 2
left_child=4 2 5 6 -1 7 13 9 14 10 11 -2 20 19 -9 16 -16 18 26 -3 -13 22 -19 -20 25 -11 -6 29 -29 -15
right_child=1 3 -4 -5 17 -7 -8 8 -10 24 -12 12 -14 27 15 -17 -18 21 23 -21 -22 -23 -24 -25 -26 -27 -28 28 -30 -31
leaf_value=-0.050038020483467255 0.0027347280288091938 0.050994618658399382 -0.03405048125962603 0.15765236609620081 -0.04084449686098806 0.14271715119075301 0.13516165147382814 0.049667217049690765 0.15508436778982571 -0.016461656755291515 0.12485271043722115 0.06201491116845164 -0.012204570965366059 0.024307129505283936 -0.11849810953422416 0.088536866858313329 0.04518692132244681 0.11824334132976605 -0.0018273057266641566 0.17746614426314489 0.19383791871782638 -0.018509496263266798 -0.015283155859634363 -0.095672624561672179 0.014850775432687908 -0.11344251940038266 0.043273317421838375 0.0063433003055413514 0.1061498171815877 0.071375383525131939
leaf_weight=117.15555872023106 49.101789265871048 8.0650565028190595 41.40643335878849 5.7580576241016379 136.1555097848177 3.9347976446151725 6.7093159407377234 38.024537637829781 6.2633868753910056 72.431936681270599 7.8074668049812308 6.1978196948766726 6.7165111601352683 48.918508142232895 7.6513389497995394 4.5028754323720923 5.0944387465715408 7.9254259169101733 88.500535622239113 4.8006288707256308 4.9173998236656189 16.842563018202782 6.0799842178821564 5.7348405420780173 54.801166594028473 5.6186120361089698 6.3585300445556632 65.994353622198105 5.4691453278064719 40.629423558712006
leaf_count=667 269 42 231 29 771 20 36 208 34 401 43 34 37 263 42 24 28 42 493 25 27 93 34 32 303 31 36 362 30 219
internal_value=-8.77141e-05 0.0224604 0.00980223 0.0438222 -0.0294376 0.0164519 0.0401926 0.0146058 0.0419609 0.00649699 0.0316376 0.0207645 0.0704118 0.0365281 0.0291421 -0.0161054 -0.0530738 -0.0204186 -0.0253282 0.0981855 0.120334 0.0172608 0.0602772 -0.00753841 -0.00764687 -0.023443 -0.0370914 0.0316014 0.0139816 0.0456628
internal_weight=885.568 500.815 314.471 186.344 384.753 273.064 180.586 269.129 61.5366 207.593 74.741 66.9335 17.8317 173.877 55.2732 17.2487 12.7458 267.597 236.749 12.8657 11.1152 30.848 14.0054 94.2354 132.852 78.0505 142.514 161.011 71.4635 89.5479
internal_count=4906 2738 1732 1006 2168 1501 977 1481 336 1145 410 367 98 941 302 94 70 1501 1332 67 61 169 76 525 735 432 807 874 392 482
is_linear=0
shrinkage=0.1


Tree=2
num_leaves=31
num_cat=0
split_feature=1 0 91 0 278 140 121 138 67 57 86 71 40 21 151 73 0 16 100 108 99 26 8 7 0 151 0 0 35 133
split_gain=47.6233 10.5584 8.26135 6.13133 5.58709 5.52182 5.66749 4.99632 5.02472 6.69906 4.65598 9.01427 10.6582 9.64754 6.35022 8.15049 5.42845 5.0655 4.55747 4.31603 4.21762 4.58533 4.19985 5.15566 5.2708 4.35304 4.22041 9.11877 14.4754 8.04968
threshold=-0.045250589028000825 14.351813793182375 1.0000000180025095e-35 4.273785114288331 1.0000000180025095e-35 1.0000000180025095e-35 1.0000000180025095e-35 1.0000000180025095e-35 1.0000000180025095e-35 1.0000000180025095e-35 1.0000000180025095e-35 1.0000000180025095e-35 1.0000000180025095e-35 1.0000000180025095e-35 1.0000000180025095e-35 1.0000000180025095e-35 8.8049278259277362 1.0000000180025095e-35 1.0000000180025095e-35 1.0000000180025095e-35 1.0000000180025095e-35 1.0000000180025095e-35 1.0000000180025095e-35 1.0000000180025095e-35 4.5790553092956552 1.0000000180025095e-35 7.9493498802185067 7.0814509391784677 1.0000000180025095e-35 1.0000000180025095e-35
decision_type=2 2 2 2 2 2 2 2 2 2 2 2 2 2 2 2 2 2 2 2 2 2 2 2 2 2 2 2 2 2
left_child=3 2 5 -1 18 6 10 22 9 -9 14 12 -12 19 16 -16 17 -2 -3 20 -13 -22 25 24 -24 -5 27 29 -29 -26
right_child=1 4 -4 7 -6 -7 -8 8 -10 -11 11 13 -14 -15 15 -17 -18 -19 -20 -21 21 -23 23 -25 26 -27 -28 28 -30 -31
leaf_value=-0.044014468870095982 0.01337863880476409 0.032223131809594574 -0.084259846304375219 -0.038366993665586595 0.13224871604560193 -0.032444695433347812 0.13414973125850868 0.13496540465879234 -0.01214124284826683 -0.02084638013154648 0.25483819393858037 0.042078086907988435 0.040333343238133625 -0.11059353309990341 0.003495408819801107 0.17886915681809951 -0.0010551292712942246 0.16030020186964311 0.11362303254066973 0.11489425128579776 -0.095480916333335358 0.031189026178103721 -0.087705475489459728 -0.03662169627587842 -0.05838849512678012 0.047875270164198291 -0.047052780489685725 -0.01405735044052407 0.23389647561011292 0.047611777592238447
leaf_weight=135.58846181631088 5.5025392621755582 177.03478369116783 9.2786655575036985 121.97406896948814 6.1537801474332801 26.137647151947021 3.9762741178274146 6.9134848117828387 17.668895393610001 4.5923400521278381 3.8708953112363798 33.681357964873314 5.7680165469646454 5.0128082484006873 5.9492311775684339 4.7786944955587387 190.47686366736889 4.0916149765253067 7.156252607703208 5.9426828175783148 5.3733983933925611 6.104104608297348 4.6632219851016989 32.99296510219574 11.096479386091234 6.147626280784606 7.1790282726287833 4.2948313951492292 5.2113130241632462 20.216253831982613
leaf_count=792 30 941 55 706 29 143 19 34 98 26 21 181 31 28 33 25 1052 22 36 30 29 33 26 184 62 34 40 24 29 113
internal_value=-0.000148162 0.0199121 0.00870314 -0.0269784 0.0385173 0.0115159 0.0156118 -0.0174707 0.0213481 0.072776 0.0139075 0.0371398 0.126476 0.0217942 0.00666076 0.0816147 0.00264169 0.0760362 0.0353857 0.0347808 0.0242382 -0.0281138 -0.0227684 -0.00562592 0.0137934 -0.0342289 0.0236545 0.0360901 0.121872 0.0100478
internal_weight=884.829 506.29 315.945 378.539 190.345 306.666 280.528 242.951 29.1747 11.5058 276.552 65.7533 9.63891 56.1144 210.799 10.7279 200.071 9.59415 184.191 51.1015 45.1589 11.4775 213.776 85.6541 52.6611 128.122 47.9979 40.8189 9.50614 31.3127
internal_count=4906 2738 1732 2168 1006 1677 1534 1376 158 60 1515 353 52 301 1162 58 1104 52 977 273 243 62 1218 478 294 740 268 228 53 175
is_linear=0
shrinkage=0.1


Tree=3
num_leaves=31
num_cat=0
split_feature=1 0 91 128 151 74 0 6 69 93 10 54 7 23 52 62 81 278 0 19 105 44 61 24 92 67 74 0 36 47
split_gain=38.8026 8.3002 6.97329 5.44949 5.239 4.67998 6.26203 6.04725 5.35344 7.54218 5.23719 5.95845 5.01016 4.97662 4.65788 4.59888 7.24275 4.18482 4.25413 4.03845 4.00385 5.17816 6.8569 5.86401 5.43423 4.28258 3.88808 5.34208 5.47504 4.97609
threshold=-0.045250589028000825 14.351813793182375 1.0000000180025095e-35 1.0000000180025095e-35 1.0000000180025095e-35 1.0000000180025095e-35 14.176591396331789 1.0000000180025095e-35 1.0000000180025095e-35 1.0000000180025095e-35 1.0000000180025095e-35 1.0000000180025095e-35 1.0000000180025095e-35 1.0000000180025095e-35 1.0000000180025095e-35 1.0000000180025095e-35 1.0000000180025095e-35 1.0000000180025095e-35 14.591375827789308 1.0000000180025095e-35 1.0000000180025095e-35 1.0000000180025095e-35 1.0000000180025095e-35 1.0000000180025095e-35 1.0000000180025095e-35 1.0000000180025095e-35 1.0000000180025095e-35 16.880219459533695 1.0000000180025095e-35 1.0000000180025095e-35
decision_type=2 2 2 2 2 2 2 2 2 2 2 2 2 2 2 2 2 2 2 2 2 2 2 2 2 2 2 2 2 2
left_child=3 2 5 -1 -5 7 19 10 14 12 13 -12 -10 -2 15 16 -9 18 -3 -7 21 22 -20 25 26 -23 -25 -28 29 -29
right_child=1 17 -4 4 -6 6 -8 8 9 -11 11 -13 -14 -15 -16 -17 -18 -19 20 -21 -22 23 -24 24 -26 -27 27 28 -30 -31
leaf_value=-0.0180485615239586 -0.066498604263859409 0.083714319455802544 -0.079872975740021335 -0.051604855870581313 0.073290728625529225 0.030321147473682416 -0.1016461876079752 -0.061451180424537288 0.11220513032944263 -0.068137196681526499 -0.046098139489014707 0.030765930718239166 -0.02660819875386616 0.042214696568312025 -0.1175194679190615 -0.05481074835304639 0.074508006899732568 0.11317177482305348 0.1424688110934168 -0.064902356213734247 -0.066339831389632217 -0.069636164480728138 -0.0074062945140265582 0.041472938535453308 0.13071553775394801 0.029795458561352572 -0.017843041893300753 0.051430011610302008 0.1416961316244465 -0.081097692546556618
leaf_weight=285.37220205366611 4.5674340873956671 14.289532065391539 8.8329671174287778 83.805086299777031 3.4987837672233573 133.15085652470589 3.8821528404951087 7.1081902533769581 8.1937420219182986 6.1358770430088034 23.317934602499008 17.771704703569412 3.8087031990289679 53.935514390468597 6.9290859848260871 26.102797120809555 8.7308293879032135 6.4541143476963034 8.5948613435029966 4.6078856140375128 4.4820025116205207 10.706752553582193 4.7339064329862586 78.65411801636219 5.2888690382242194 7.2749406546354285 33.512526780366898 11.326025366783144 4.7169672697782508 3.7783210277557364
leaf_count=1644 25 70 55 503 21 715 23 39 45 33 128 97 21 295 38 144 48 29 44 26 24 56 25 410 28 38 177 60 25 20
internal_value=-0.000200704 0.0176977 0.00773237 -0.024737 -0.0465995 0.0102428 0.0236063 -0.00111858 -0.0243452 0.0220503 0.014509 -0.0128536 0.0681559 0.0337272 -0.0415647 -0.0290165 0.0134926 0.0340008 0.0312735 0.027136 0.0269438 0.0294238 0.0892385 0.0242887 0.0313225 -0.0294086 0.0273397 0.00649672 0.0476487 0.0182785
internal_weight=883.565 510.889 317.076 372.676 87.3039 308.243 141.641 166.602 67.0092 18.1383 99.5926 41.0896 12.0024 58.5029 48.8709 41.9418 15.839 193.813 187.359 137.759 173.069 168.587 13.3288 155.259 137.277 17.9817 131.988 53.3338 19.8213 15.1043
internal_count=4906 2738 1732 2168 524 1677 764 913 368 99 545 225 66 320 269 231 87 1006 977 741 907 883 69 814 720 94 692 282 105 80
is_linear=0
shrinkage=0.1


Tree=4
num_leaves=31
num_cat=0
split_feature=0 154 0 91 105 63 121 6 101 0 277 1 44 61 23 23 138 130 290 61 209 64 0 65 53 15 1 11 139 52
split_gain=31.5332 6.75571 7.4032 6.88652 5.73394 5.06842 4.67547 4.79011 5.56466 4.62813 3.93256 3.91861 3.90264 6.53202 5.64139 3.78464 4.00427 3.824 3.75018 3.64938 3.6414 3.63474 7.94877 8.23744 8.63113 5.71847 4.80034 3.86389 3.39167 3.37579
threshold=8.5516767501831072 1.0000000180025095e-35 12.921286582946779 1.0000000180025095e-35 1.0000000180025095e-35 1.0000000180025095e-35 1.0000000180025095e-35 1.0000000180025095e-35 1.0000000180025095e-35 3.9219712018966679 1.0000000180025095e-35 1.0000000180025095e-35 1.0000000180025095e-35 1.0000000180025095e-35 1.0000000180025095e-35 1.0000000180025095e-35 1.0000000180025095e-35 1.0000000180025095e-35 1.0000000180025095e-35 1.0000000180025095e-35 1.0000000180025095e-35 1.0000000180025095e-35 13.289527893066408 1.0000000180025095e-35 1.0000000180025095e-35 1.0000000180025095e-35 0.63586583733558666 1.0000000180025095e-35 1.0000000180025095e-35 1.0000000180025095e-35
decision_type=2 2 2 2 2 2 2 2 2 2 2 2 2 2 2 2 2 2 2 2 2 2 2 2 2 2 2 2 2 2
left_child=9 2 3 5 10 6 7 8 -2 -1 12 19 13 -4 29 -11 -17 -18 20 -9 21 -16 -23 25 -25 -24 -27 -28 -13 -14
right_child=1 -3 4 -5 -6 -7 -8 11 -10 15 -12 28 14 -15 18 16 17 -19 -20 -21 -22 22 23 24 -26 26 27 -29 -30 -31
leaf_value=-0.040048245875121659 0.01176555092807883 0.11902363500992093 0.1195421197144589 -0.10604057311308882 -0.057770992477105002 -0.094857002131585766 0.11701245049378046 0.10509881736432208 0.10888936543038359 0.084061004787172197 -0.065986763920735811 -0.012537481873487367 0.045751647336446238 -0.0072586925760912083 0.019820580961409918 -0.021570798007079724 0.055245777345868809 -0.015641819818265793 0.1238868395294688 -0.019904768007421664 0.11568164916709195 0.18452246010497195 -0.012108963038397346 0.22742314490190157 0.030980211994036062 -0.011268269928906829 0.057434655763564713 0.17884658033728795 -0.07122067910871907 -0.04409308467955525
leaf_weight=108.53429038822651 130.06656178832054 6.2451531589031211 11.530441567301752 5.8142425864934912 8.0112696141004545 5.0575784742832175 3.7553996890783301 5.0286525040864927 6.1793870925903311 3.7684512287378302 4.3698192834854117 65.286424815654755 5.5789719969034222 6.2726919651031485 158.74626947939396 222.17583371698856 14.103594824671747 16.527701959013939 4.2802240848541251 4.3607305288314819 4.7798182964324942 4.0564652383327475 23.582092970609665 4.3196730166673643 4.6381815671920776 5.6538218855857876 7.2149354666471464 4.116885781288147 11.598575726151465 16.702234968543053
leaf_count=667 704 32 57 38 44 27 17 27 33 22 23 358 30 33 828 1298 74 93 23 23 25 21 124 21 23 30 37 21 64 89
internal_value=-0.000236668 0.0156461 0.0143826 0.00144817 0.0255834 0.00414975 0.00636269 0.0044953 0.0161706 -0.0227375 0.0280954 -0.0139425 0.0296677 0.0748656 0.0263654 -0.0154149 -0.0168977 0.016997 0.0311925 0.0470431 0.029365 0.0274219 0.0499423 0.0389193 0.125709 0.019755 0.0639934 0.101544 -0.0213902 -0.0215969
internal_weight=882.356 517.247 511.001 237.148 273.854 231.333 226.276 222.52 136.246 365.11 265.843 86.2744 261.473 17.8031 243.67 256.576 252.807 30.6313 221.388 9.38938 217.108 212.328 53.5821 49.5256 8.95785 40.5677 16.9856 11.3318 76.885 22.2812
internal_count=4906 2752 2720 1291 1429 1253 1226 1209 737 2154 1385 472 1362 90 1272 1487 1465 167 1153 50 1130 1105 277 256 44 212 88 58 422 119
is_linear=0
shrinkage=0.1


Tree=5
num_leaves=31
num_cat=0
split_feature=0 0 21 329 299 181 128 151 0 74 1 94 12 64 61 10 0 83 54 126 0 0 7 0 56 168 6 16 86 0
split_gain=25.6592 5.65487 5.69359 4.21739 6.68691 5.34104 4.00167 4.41052 4.28989 3.84428 5.79179 5.87078 5.83276 6.62319 5.52531 6.54317 4.79006 4.97432 4.49181 3.82676 3.69914 3.73978 3.67233 3.6608 4.31857 4.17037 4.72779 5.514 5.12164 8.24491
threshold=8.4750170707702654 14.351813793182375 1.0000000180025095e-35 1.0000000180025095e-35 1.0000000180025095e-35 1.0000000180025095e-35 1.0000000180025095e-35 1.0000000180025095e-35 8.1492128372192401 1.0000000180025095e-35 0.56802797317504894 1.0000000180025095e-35 1.0000000180025095e-35 1.0000000180025095e-35 1.0000000180025095e-35 1.0000000180025095e-35 9.4346337318420428 1.0000000180025095e-35 1.0000000180025095e-35 1.0000000180025095e-35 10.658453464508058 11.690622806549074 1.0000000180025095e-35 9.0704994201660174 1.0000000180025095e-35 1.0000000180025095e-35 1.0000000180025095e-35 1.0000000180025095e-35 1.0000000180025095e-35 13.474332809448244
decision_type=2 2 2 2 2 2 2 2 2 2 2 2 2 2 2 2 2 2 2 2 2 2 2 2 2 2 2 2 2 2
left_child=6 2 9 4 5 19 8 -8 -1 23 11 12 13 14 20 -16 -14 18 -18 -3 22 -22 -11 24 -2 26 28 -28 -25 -30
right_child=1 3 -4 -5 -6 -7 7 -9 -10 10 -12 -13 16 -15 15 -17 17 -19 -20 -21 21 -23 -24 25 -26 -27 27 -29 29 -31
leaf_value=-0.011990368009759568 0.13063236950926213 0.026482858946186974 -0.029071478571700622 -0.062752155211473967 0.15778949044739046 -0.088232063698646002 -0.045066757054910665 0.068617410426226863 -0.065267189918185739 0.18990543619448161 -0.099406487108902458 -0.020579627521284838 -0.053341716046426381 0.17825564260432181 -0.012594634377619275 0.071302699783064763 0.096185831932981317 0.10761507302975873 -0.010735088965922365 0.10415541594493248 -0.030005501130201503 0.08745641737519394 0.062966274386614757 -0.0087348381454588411 0.0056489652544406367 0.068134227571356024 -0.058222696281144348 0.0089467348247754905 0.015524285408843277 0.16654184142992781
leaf_weight=258.07217268645763 4.4821866154670698 179.2081738114357 41.125171706080437 5.0884840339422217 3.9779732078313819 3.9533017426729193 79.376896053552628 3.565945789217948 16.053807094693184 5.2538361996412295 3.7485661655664435 21.842300474643707 9.8493593931198102 4.1103099584579459 21.415239900350571 16.426167204976082 4.7532777637243298 6.1050675362348548 22.661149173974991 6.5757696330547324 3.8824447989463797 8.9795372784137708 4.0250337570905685 58.943976148962975 7.2146036624908447 7.4398790895938864 31.799973279237747 19.850445315241814 16.467196345329288 4.6321224719285956
leaf_count=1516 23 909 241 25 19 20 503 21 95 28 23 115 52 21 114 86 25 31 120 33 21 47 21 321 39 40 179 109 85 24
internal_value=-0.000261991 0.0138293 0.00570309 0.0271142 0.0294748 0.0267846 -0.0209336 -0.0401792 -0.0151105 0.0107408 0.0231308 0.0266832 0.0362897 0.0554541 0.0470391 0.0238235 0.00796756 0.0259827 0.0078035 0.0292321 0.0867174 0.052 0.134841 -0.000188833 0.0535424 -0.00470595 -0.00882097 -0.0324079 0.00639926 0.0486785
internal_weight=880.88 523.812 325.008 198.804 193.715 189.737 357.069 82.9428 274.126 283.883 133.052 129.304 107.461 64.0926 59.9823 37.8414 43.3689 33.5195 27.4144 185.784 22.1409 12.862 9.27887 150.83 11.6968 139.134 131.694 51.6504 80.0433 21.0993
internal_count=4906 2771 1765 1006 981 962 2135 524 1611 1524 704 681 566 338 317 200 228 176 145 942 117 68 49 820 62 758 718 288 430 109
is_linear=0
shrinkage=0.1


Tree=6
num_leaves=31
num_cat=0
split_feature=1 154 0 91 105 63 105 140 121 6 0 0 277 15 168 62 140 14 8 10 12 99 97 0 73 69 105 16 6 35
split_gain=20.8692 4.95706 4.74164 5.73354 4.53851 5.60991 4.52467 3.84964 4.28771 3.69299 3.61059 4.15264 3.08602 3.2667 5.91748 4.50515 5.27456 5.19437 8.50279 8.61484 4.32389 4.05425 3.89516 8.49036 3.25439 3.02874 3.01227 5.53579 3.48088 2.9565
threshold=-0.045250589028000825 1.0000000180025095e-35 12.921286582946779 1.0000000180025095e-35 1.0000000180025095e-35 1.0000000180025095e-35 1.0000000180025095e-35 1.0000000180025095e-35 1.0000000180025095e-35 1.0000000180025095e-35 4.273785114288331 4.3846678733825692 1.0000000180025095e-35 1.0000000180025095e-35 1.0000000180025095e-35 1.0000000180025095e-35 1.0000000180025095e-35 1.0000000180025095e-35 1.0000000180025095e-35 1.0000000180025095e-35 1.0000000180025095e-35 1.0000000180025095e-35 1.0000000180025095e-35 17.860369682312015 1.0000000180025095e-35 1.0000000180025095e-35 1.0000000180025095e-35 1.0000000180025095e-35 1.0000000180025095e-35 1.0000000180025095e-35
decision_type=2 2 2 2 2 2 2 2 2 2 2 2 2 2 2 2 2 2 2 2 2 2 2 2 2 2 2 2 2 2
left_child=10 2 3 4 5 7 12 8 9 -2 -1 -12 13 14 22 -15 17 20 19 -19 24 25 23 -4 -17 -22 29 28 -28 -13
right_child=1 -3 6 -5 -6 -7 -8 -9 -10 -11 11 26 -14 15 -16 16 -18 18 -20 -21 21 -23 -24 -25 -26 -27 27 -29 -30 -31
leaf_value=-0.032630334226096597 0.015144536828839626 0.098402554900346217 0.021375508542952979 -0.10157994117871259 0.067939202633471432 -0.11019923450105043 -0.054805730302604244 -0.044305376594382995 0.11302234446887371 -0.0132161076023985 0.065892615955152015 -0.02556707734600205 -0.062214493657474584 0.068956170634720843 0.11658083977105552 -0.071286731714770249 0.093738168319446522 -0.044573637827878591 0.13781682383459193 0.10059697233441843 0.022671780470921082 -0.040296874995855839 -0.033346746637548635 -0.11565769011536245 0.00094004590776362504 0.13075021188272487 -0.080397447406398731 0.11734767257110396 0.050465398136268796 -0.0011614006065843461
leaf_weight=124.33705854415894 120.66351553797722 6.6307679563760749 133.08097803592682 5.3342861533164969 10.369233921170233 4.5054048746824256 7.8207451552152625 16.209615707397461 3.6998365372419348 74.116196304559708 6.7263297885656348 136.16577205061913 4.2485900670289984 31.563574522733688 5.5041523724794379 12.084168538451195 9.4612633138895017 10.667869597673421 7.624091997742652 6.6273127645254126 6.1759761273860914 5.1126350313425055 17.51486437022686 4.6804335415363303 12.895835369825363 4.4692359566688538 4.2298458367586118 4.8607206493616095 3.9129648655653 78.10831655561924
leaf_count=792 643 32 681 38 55 25 44 91 16 409 40 807 23 157 28 62 48 54 39 33 31 26 91 24 65 23 25 28 23 453
internal_value=-0.000283617 0.0124915 0.0113841 0.000910971 0.00329251 0.000234332 0.020185 0.00255186 0.00637864 0.00435295 -0.0188598 -0.0115428 0.0223435 0.0236866 0.0146844 0.037254 0.0239332 0.0138742 0.0498373 0.0110541 -0.00812432 0.0328948 0.0110724 0.0167198 -0.0339999 0.0680469 -0.0138345 0.0328984 -0.0175123 -0.0166706
internal_weight=879.402 521.061 514.43 234.898 229.564 219.195 279.532 214.689 198.48 194.78 358.341 234.004 271.711 267.462 160.78 106.682 75.1184 65.6571 24.9193 17.2952 40.7379 15.7578 155.276 137.761 24.98 10.6452 227.278 13.0035 8.14281 214.274
internal_count=4906 2738 2706 1277 1239 1184 1429 1159 1068 1052 2168 1376 1385 1362 824 538 381 333 126 87 207 80 796 705 127 54 1336 76 48 1260
is_linear=0
shrinkage=0.1


Tree=7
num_leaves=31
num_cat=0
split_feature=0 154 0 91 63 105 151 140 121 9 12 128 226 9 0 23 0 8 140 137 0 67 129 7 0 0 35 57 0 5
split_gain=16.9951 3.83111 3.84711 5.50275 3.84135 3.69664 3.04817 3.09439 3.37539 3.36323 5.81293 3.02286 4.04621 3.76911 3.42367 3.46162 3.19443 3.49706 5.92433 5.06616 6.54105 6.50753 3.57601 8.96738 4.07148 5.80727 7.59392 3.50075 3.34088 3.38165
threshold=8.4750170707702654 1.0000000180025095e-35 12.921286582946779 1.0000000180025095e-35 1.0000000180025095e-35 1.0000000180025095e-35 1.0000000180025095e-35 1.0000000180025095e-35 1.0000000180025095e-35 1.0000000180025095e-35 1.0000000180025095e-35 1.0000000180025095e-35 1.0000000180025095e-35 1.0000000180025095e-35 8.1492128372192401 1.0000000180025095e-35 8.0862421989440936 1.0000000180025095e-35 1.0000000180025095e-35 1.0000000180025095e-35 4.273785114288331 1.0000000180025095e-35 1.0000000180025095e-35 1.0000000180025095e-35 5.9260780811309823 7.0814509391784677 1.0000000180025095e-35 1.0000000180025095e-35 7.7577002048492441 1.0000000180025095e-35
decision_type=2 2 2 2 2 2 2 2 2 2 2 2 2 2 2 2 2 2 2 2 2 2 2 2 2 2 2 2 2 2
left_child=11 2 3 4 6 -4 7 8 -2 -9 -11 12 14 -13 15 -1 17 19 22 28 -21 27 23 24 -19 -26 -27 -22 29 -17
right_child=1 -3 5 -5 -6 -7 -8 9 -10 10 -12 13 -14 -15 -16 16 -18 18 -20 20 21 -23 -24 -25 25 26 -28 -29 -30 -31
leaf_value=0.071433489411357784 0.0036715871988814829 0.085104659110158729 0.019851822738111525 -0.099977837798180702 -0.087051752915021374 -0.050873203096552036 0.052585749664491449 -0.083068163971326991 0.098771758952103661 0.091091655115221909 -0.078851803040676932 -0.053199769823836396 0.091602566066038338 -0.009041612157040484 -0.059805019511925711 -0.011539216690136458 0.084884473637966362 0.10741365289320165 0.10502179862081595 -0.10044472667048619 0.15947607914016204 -0.0060241180723852273 -0.026175441185694259 -0.04212105360785337 -0.020401400512045517 -0.017387973519539798 0.15574373347511233 0.031476358698664136 -0.087478335365494486 -0.047248065683972273
leaf_weight=4.9892184883356085 197.31986649334431 6.8852777481079093 274.27944324910641 5.3063975870609275 4.6434821784496298 7.5949150621891013 12.624636813998221 8.5615179687738419 3.804124027490615 4.0657344907522202 3.985984742641449 45.890411421656609 3.6904824674129477 33.395840272307396 15.267440259456633 58.628200620412827 3.3090255111455908 7.9906392246484783 5.140326961874961 4.1261812895536449 4.9511000663042068 13.886992871761322 43.515131220221519 18.447937354445457 12.794047176837923 4.4828328937292081 5.8259765803813934 3.7588832974433899 10.24076624214649 48.4251409471035
leaf_count=29 1067 32 1385 40 27 44 65 49 16 23 23 303 23 221 95 360 20 45 30 26 24 81 260 107 73 26 30 22 62 298
internal_value=-0.000298915 0.010998 0.0100209 0.000724935 0.00299879 0.0179462 0.00481397 0.00204412 0.00547034 -0.0394346 0.00696154 -0.0174366 -0.0123866 -0.0346001 -0.0138306 -0.0110287 -0.0127044 -0.0140376 0.000513981 -0.0239595 0.0153346 0.0364757 -0.0052589 0.0131133 0.0458842 0.0246028 0.0804566 0.104236 -0.0329118 -0.027692
internal_weight=877.828 529.071 522.186 240.312 235.005 281.874 230.362 217.737 201.124 16.6132 8.05172 348.757 269.47 79.2863 265.78 250.512 245.523 242.214 98.1969 144.017 26.7232 22.597 93.0566 49.5414 31.0935 23.1029 10.3088 8.70998 117.294 107.053
internal_count=4906 2771 2739 1310 1270 1429 1243 1178 1083 95 46 2135 1611 524 1588 1493 1464 1444 571 873 153 127 541 281 174 129 56 46 720 658
is_linear=0
shrinkage=0.1


Tree=8
num_leaves=31
num_cat=0
split_feature=0 210 65 52 53 21 121 219 48 82 7 8 0 57 108 67 0 12 15 7 14 67 266 98 16 13 12 32 15 7
split_gain=13.9057 3.66236 3.66705 7.91298 8.51769 3.82719 4.28628 4.19984 3.71802 3.50846 3.89694 3.13553 3.04729 2.96799 4.39756 4.21414 3.97388 3.71302 2.81999 3.34586 6.01451 3.28217 2.77851 2.91516 4.74956 5.66044 4.5956 3.66099 4.02975 4.8168
threshold=8.4750170707702654 1.0000000180025095e-35 1.0000000180025095e-35 1.0000000180025095e-35 1.0000000180025095e-35 1.0000000180025095e-35 1.0000000180025095e-35 1.0000000180025095e-35 1.0000000180025095e-35 1.0000000180025095e-35 1.0000000180025095e-35 1.0000000180025095e-35 16.041068077087406 1.0000000180025095e-35 1.0000000180025095e-35 1.0000000180025095e-35 13.289527893066408 1.0000000180025095e-35 1.0000000180025095e-35 1.0000000180025095e-35 1.0000000180025095e-35 1.0000000180025095e-35 1.0000000180025095e-35 1.0000000180025095e-35 1.0000000180025095e-35 1.0000000180025095e-35 1.0000000180025095e-35 1.0000000180025095e-35 1.0000000180025095e-35 1.0000000180025095e-35
decision_type=2 2 2 2 2 2 2 2 2 2 2 2 2 2 2 2 2 2 2 2 2 2 2 2 2 2 2 2 2 2
left_child=22 2 5 11 -5 6 7 8 12 13 -11 -4 -2 15 17 -7 -17 -15 19 20 -6 -20 23 27 26 -26 -25 -1 -29 -30
right_child=1 -3 3 4 18 9 -8 -9 -10 10 -12 -13 -14 14 -16 16 -18 -19 21 -21 -22 -23 -24 24 25 -27 -28 28 29 -31
leaf_value=-0.025032418129807367 0.11916156828963886 0.10301273581516197 -0.11345405190287557 0.1601835451678961 -0.016358719597664516 -0.045695228946878982 0.094481531919077308 0.088143309821328869 0.0057720292108871928 -0.015418700190318838 0.12061041325972746 0.010652300810892544 0.01096880863094719 -0.086248578177276172 0.058941120013967688 -0.0041812688015137895 0.13364275994208022 -0.012294456864712148 0.11738443981157012 -0.036348558849636406 0.13296312345156136 0.017028259764630592 0.072747134449690151 0.030674151867080723 0.0059193564985814736 0.15660019035663195 -0.090439341152289132 -0.01922825877355059 0.058972388579382952 -0.02730082629608957
leaf_weight=248.40982700884342 5.3266810625791532 4.1852114498615256 4.2478835731744748 6.3618925064802161 6.4112289696931839 7.9889513999223718 5.8909487277269355 6.5303709656000128 399.12316784262657 5.0837057083845121 3.5955105721950531 3.9091513305902481 5.0916614234447479 18.090661704540253 3.5831875205039969 4.8400008380413055 3.6846462041139603 10.867095440626146 6.8753550350666028 8.7237557768821716 4.6567072719335556 6.195649653673172 3.4957468807697287 7.0137088149785995 6.0491050630807877 4.2409098148345947 5.6622890383005142 41.088255703449249 18.980347588658333 9.8196087330579775
leaf_count=1564 26 22 22 29 32 45 26 32 2082 28 21 19 24 105 19 29 19 62 33 44 22 30 21 43 37 26 35 242 109 58
internal_value=-0.000312715 0.00983672 0.00909687 0.0356368 0.0542727 0.00647541 0.00977937 0.00858011 0.00731143 -0.0176725 0.0409336 -0.0539777 0.0662855 -0.0280416 -0.0455642 0.0064875 0.055391 -0.0584955 0.0337695 0.00996352 0.0464667 0.0698157 -0.0159527 -0.0168613 0.0175468 0.0680207 -0.0234265 -0.0193439 0.000875361 0.0295567
internal_weight=876.023 531.263 527.078 47.3816 39.2246 479.697 421.963 416.072 409.542 57.7338 8.67922 8.15703 10.4183 49.0545 32.5409 16.5136 8.52465 28.9578 32.8627 19.7917 11.0679 13.071 344.76 341.264 22.966 10.29 12.676 318.298 69.8882 28.8
internal_count=4906 2771 2749 231 190 2518 2190 2164 2132 328 49 41 50 279 186 93 48 167 161 98 54 63 2135 2114 141 63 78 1973 409 167
is_linear=0
shrinkage=0.1


Tree=9
num_leaves=31
num_cat=0
split_feature=0 154 210 0 91 63 105 329 299 98 0 34 0 53 5 71 108 0 82 7 68 21 99 0 0 83 26 61 16 68
split_gain=11.3188 2.9268 2.85181 2.95382 4.45904 3.19441 2.98178 2.69035 5.03793 2.65322 4.60466 4.49129 4.08837 6.60818 3.2974 5.08058 4.94664 5.94094 5.48748 4.02013 3.8233 5.64701 5.80657 5.54647 5.32407 3.76678 5.45872 3.54316 5.37759 5.95511
threshold=8.4750170707702654 1.0000000180025095e-35 1.0000000180025095e-35 12.921286582946779 1.0000000180025095e-35 1.0000000180025095e-35 1.0000000180025095e-35 1.0000000180025095e-35 1.0000000180025095e-35 1.0000000180025095e-35 17.860369682312015 1.0000000180025095e-35 13.096509456634523 1.0000000180025095e-35 1.0000000180025095e-35 1.0000000180025095e-35 1.0000000180025095e-35 15.464749813079836 1.0000000180025095e-35 1.0000000180025095e-35 1.0000000180025095e-35 1.0000000180025095e-35 1.0000000180025095e-35 14.97056818008423 14.591375827789308 1.0000000180025095e-35 1.0000000180025095e-35 1.0000000180025095e-35 1.0000000180025095e-35 1.0000000180025095e-35
decision_type=2 2 2 2 2 2 2 2 2 2 2 2 2 2 2 2 2 2 2 2 2 2 2 2 2 2 2 2 2 2
left_child=-1 2 3 4 5 -2 7 8 9 10 12 -11 13 -5 15 -14 18 -18 20 -20 21 22 -17 24 -22 27 -27 28 -16 -30
right_child=1 -3 -4 6 -6 -7 -8 -9 -10 11 -12 -13 14 -15 25 16 17 -19 19 -21 23 -23 -24 -25 -26 26 -28 -29 29 -31
leaf_value=-0.014533112761557974 0.0026399743964621927 0.072489043506682935 0.088219810134339438 0.17621534562448435 -0.095945863756116953 -0.082969136736822366 -0.048369661811476734 -0.05814412630711107 0.12471999625590154 -0.022940740036109505 -0.062889926789538253 0.090302642458695875 -0.045966902053269053 0.0065086434603119792 0.015435366132422133 0.016524006492811584 0.0089269128034657284 0.17008556398717106 0.12520274833552789 0.012063631353308261 -0.0035592917500824718 -0.06666720038039893 0.10719928185388317 -0.043317856198582402 0.11095348114305426 0.15814232310601928 0.015840692691054516 -0.0046245770832779162 0.022165684117693294 0.13942900632298302
leaf_weight=341.42906188964844 228.70410552620888 7.1163713335990897 4.3864693790674201 4.3641135245561582 4.8421046808361998 4.4433186203241339 7.4298252612352362 4.8307680040597907 4.2846079617738715 31.147389426827431 6.6224853098392478 3.9459218680858603 14.734172865748404 4.8382302224636078 27.471753165125847 29.560263484716415 4.7292168885469419 4.4302696287631989 6.7521519064903242 5.8717166781425476 19.30972242355347 5.9189898669719687 9.2790861427783948 30.700524732470512 5.1410544812679282 5.6294242292642576 5.1726795434951782 23.901637062430382 7.908120959997178 9.5736553072929382
leaf_count=2135 1230 32 22 21 40 27 44 24 19 159 34 20 73 25 136 145 24 21 33 29 99 32 46 151 25 27 26 121 39 47
internal_value=-0.000317744 0.00878765 0.00792569 0.00725037 -0.000964182 0.00100844 0.0141451 0.0158272 0.0171444 0.0154181 0.0192959 -0.0102076 0.0217118 0.0869902 0.0189318 0.00949262 0.0162075 0.0868763 0.0104555 0.0725786 0.00260606 0.0243209 0.0381872 -0.0150167 0.0205183 0.0350982 0.09 0.0264851 0.043026 0.0863833
internal_weight=874.469 533.04 525.924 521.537 237.99 233.147 283.548 276.118 271.287 267.003 231.909 35.0933 225.287 9.20234 216.084 136.427 121.693 9.15949 112.534 12.6239 99.9096 44.7583 38.8393 55.1513 24.4508 79.6573 10.8021 68.8552 44.9535 17.4818
internal_count=4906 2771 2739 2717 1297 1257 1420 1376 1352 1333 1154 179 1120 46 1074 678 605 45 560 62 498 223 191 275 124 396 53 343 222 86
is_linear=0
shrinkage=0.1


Tree=10
num_leaves=31
num_cat=0
split_feature=1 0 91 0 21 26 14 70 129 7 0 16 0 266 12 168 105 0 14 0 1 138 1 23 13 68 82 0 61 26
split_gain=9.434 8.14943 5.04878 4.52866 4.98876 5.9027 7.5508 12.0661 5.41152 5.24713 5.0168 8.92886 6.5533 4.4765 3.88698 3.54528 3.49287 6.14055 3.81408 3.4568 9.06181 6.2781 4.58201 3.42695 5.27917 3.42281 3.11077 3.05695 3.63298 5.09669
threshold=-0.40056277811527247 5.4524297714233407 1.0000000180025095e-35 14.351813793182375 1.0000000180025095e-35 1.0000000180025095e-35 1.0000000180025095e-35 1.0000000180025095e-35 1.0000000180025095e-35 1.0000000180025095e-35 5.9260780811309823 1.0000000180025095e-35 5.7535934448242196 1.0000000180025095e-35 1.0000000180025095e-35 1.0000000180025095e-35 1.0000000180025095e-35 12.412046909332277 1.0000000180025095e-35 7.0814509391784677 -0.18701041489839551 1.0000000180025095e-35 -0.24207163602113721 1.0000000180025095e-35 1.0000000180025095e-35 1.0000000180025095e-35 1.0000000180025095e-35 8.4750170707702654 1.0000000180025095e-35 1.0000000180025095e-35
decision_type=2 2 2 2 2 2 2 2 2 2 2 2 2 2 2 2 2 2 2 2 2 2 2 2 2 2 2 2 2 2
left_child=2 -2 15 4 8 6 7 9 10 14 11 12 -3 25 -6 -1 19 18 -18 21 -21 22 26 24 -22 -7 -12 28 29 -25
right_child=1 3 -4 -5 5 13 -8 -9 -10 -11 16 -13 -14 -15 -16 -17 17 -19 -20 20 23 -23 -24 27 -26 -27 -28 -29 -30 -31
leaf_value=-0.019599574352324001 0.14738827285636566 -0.078945595834699761 0.10825642869501191 0.016604167033034148 -0.037057925882813592 -0.082883517965099185 -0.049961196321418731 -0.10113098010840889 -0.059471056684071315 0.16937266083455593 -0.032421634419171896 0.18903950062119712 0.10861160591809907 0.052976683870268548 0.11586978934073472 -0.087424932577535752 0.035376190011008883 -0.073663826006586205 0.13904445666969709 0.097831746132625158 0.0036092695356069251 0.0795277645655907 -0.096759080164362035 0.052246709152825657 -0.11990674489296148 0.026188728495253229 0.059893215226283061 0.0076979562946102378 -0.06227826878308839 -0.034648540467052381
leaf_weight=172.06531466543674 3.9983276277780524 4.1519906371831876 2.9957923889160147 206.09713408350945 3.3584803119301814 25.22710461169482 13.9797754958272 3.9855747222900382 13.499338582158087 5.701044850051403 24.539194032549862 4.0700361430644989 3.3790060728788376 3.2769440189003936 3.2903556525707245 8.0680142045021039 10.125173360109331 3.5710535496473303 5.4641472846269599 10.054802507162092 8.5621635615825635 5.042391672730445 10.170092687010763 11.13669463992119 5.8073380142450324 3.2474589347839347 4.2881358563899985 262.29366461187601 14.294848993420599 17.135758638381958
leaf_count=1126 24 25 19 1006 21 157 84 25 83 34 150 23 20 19 20 52 56 21 29 58 45 26 62 68 31 20 26 1382 90 104
internal_value=-0.000320005 0.00503679 -0.0204961 0.00420679 -0.00112011 -0.0275732 0.00398757 0.0501566 0.00281167 0.0989804 0.00489236 0.069702 0.00520753 -0.0577063 0.0386225 -0.0226374 0.00297672 0.0446177 0.0717125 0.000839556 0.00435864 -0.0254726 -0.0390492 0.00141452 -0.0463089 -0.0704441 -0.0186896 0.00366394 -0.0211931 -0.000419963
internal_weight=872.877 689.748 183.129 685.75 479.653 62.0667 30.3152 16.3355 417.586 12.3499 404.086 11.601 7.531 31.7515 6.64884 180.133 392.485 19.1604 15.5893 373.325 329.285 44.0398 38.9974 319.23 14.3695 28.4746 28.8273 304.861 42.5673 28.2725
internal_count=4906 3709 1197 3685 2679 380 184 100 2299 75 2216 68 45 196 41 1178 2148 106 85 2042 1778 264 238 1720 76 177 176 1644 262 172
is_linear=0
shrinkage=0.1


Tree=11
num_leaves=31
num_cat=0
split_feature=0 0 91 0 21 26 14 0 129 22 88 7 0 16 0 12 168 15 105 0 10 10 0 1 79 0 23 13 121 6
split_gain=7.74993 8.21271 3.92041 3.67122 4.1538 5.00143 6.06197 9.70078 4.52983 4.11714 5.55854 3.94496 3.84626 6.27618 5.21472 3.2226 3.1327 3.12153 2.74733 5.15227 7.92873 3.05268 2.85464 6.91815 5.3578 3.38027 2.84801 4.65943 2.63365 2.59115
threshold=5.405886411666871 5.4524297714233407 1.0000000180025095e-35 14.351813793182375 1.0000000180025095e-35 1.0000000180025095e-35 1.0000000180025095e-35 12.510609149932863 1.0000000180025095e-35 1.0000000180025095e-35 1.0000000180025095e-35 1.0000000180025095e-35 5.9260780811309823 1.0000000180025095e-35 5.7535934448242196 1.0000000180025095e-35 1.0000000180025095e-35 1.0000000180025095e-35 1.0000000180025095e-35 9.6605067253112811 1.0000000180025095e-35 1.0000000180025095e-35 7.0814509391784677 -0.18701041489839551 1.0000000180025095e-35 6.7802875041961679 1.0000000180025095e-35 1.0000000180025095e-35 1.0000000180025095e-35 1.0000000180025095e-35
decision_type=2 2 2 2 2 2 2 2 2 2 2 2 2 2 2 2 2 2 2 2 2 2 2 2 2 2 2 2 2 2
left_child=2 -2 16 4 8 6 7 11 12 10 -7 15 13 14 -3 -6 -1 -8 22 20 -20 -21 24 -24 25 -14 27 -25 29 -28
right_child=1 3 -4 -5 5 9 17 -9 -10 -11 -12 -13 18 -15 -16 -17 -18 -19 19 21 -22 -23 23 26 -26 -27 28 -29 -30 -31
leaf_value=-0.017875917443228518 0.15873387958754481 -0.074611542268940803 0.091164954954548461 0.014838721711439169 -0.037125374975111966 -0.052791026533330392 -0.080979895959194192 -0.099251513509115388 -0.055564082454412127 -0.10031711806606425 0.080871733062578915 0.14200722309449598 -0.016349858414721176 0.15390002326635155 0.091831482494574207 0.09967949000188793 -0.083320694330966491 0.019966088846930963 0.011404177453182732 0.033028047688547321 0.19308399103652607 -0.081221279776219971 0.083458404391065902 0.0032425119229002432 0.084204122108083146 -0.081445967446297035 0.0094526528071635744 -0.11484184414556763 0.085417087358305721 -0.0096724371935785966
leaf_weight=170.8772391974926 3.4352306127548209 3.9638150781393033 3.1901595890521994 207.47847798466682 3.4091226831078547 14.962260134518148 8.9245133176445979 3.7072827070951453 13.028879582881926 11.784652754664423 3.9281039461493483 6.1827147752046585 27.990395098924637 4.4743797481060028 3.5846184641122818 3.4791243076324463 7.641318902373313 4.6643047332763663 5.5147441774606722 5.9183853268623334 4.2558445483446121 3.8666253387928009 10.577117830514906 8.5767473429441434 4.1800420731306067 11.156572893261908 187.61434584110975 5.4744149520993224 3.8545758277177802 113.81724205613136
leaf_count=1131 19 25 19 1006 22 93 57 24 83 75 28 34 170 23 20 20 52 27 30 31 23 22 58 45 24 70 997 31 16 631
internal_value=-0.000340371 0.00449953 -0.0187137 0.0037276 -0.00108627 -0.0254531 0.00331579 0.0435248 0.0024734 -0.0539332 -0.0249969 0.08402 0.0043413 0.060056 0.00442933 0.0319722 -0.0206772 -0.0463306 0.00263598 0.0391728 0.0905397 -0.0121185 0.000721671 0.00389094 -0.0234108 -0.0349017 0.0012555 -0.0427638 0.00328154 0.00223123
internal_weight=871.513 689.805 181.709 686.369 478.891 61.0421 30.3671 16.7782 417.849 30.675 18.8904 13.071 404.82 12.0228 7.54843 6.88825 178.519 13.5888 392.797 19.5556 9.77059 9.78501 373.241 329.914 43.327 39.147 319.337 14.0512 305.286 301.432
internal_count=4906 3704 1202 3685 2679 380 184 100 2299 196 121 76 2216 68 45 42 1183 84 2148 106 53 53 2042 1778 264 240 1720 76 1644 1628
is_linear=0
shrinkage=0.1


Tree=12
num_leaves=31
num_cat=0
split_feature=0 295 277 65 52 53 15 11 7 48 23 70 26 121 0 42 58 9 1 7 0 266 0 10 6 232 142 15 133 33
split_gain=6.59273 2.48673 3.09626 4.57997 6.7597 5.68379 3.63082 3.17371 3.74993 2.63203 4.23896 4.32534 3.58793 2.72438 2.60148 4.91039 2.55926 2.50635 2.49166 2.44397 2.43353 2.7427 2.80023 2.67281 3.20187 2.20229 2.1368 2.58428 5.53349 6.74666
threshold=8.4750170707702654 1.0000000180025095e-35 1.0000000180025095e-35 1.0000000180025095e-35 1.0000000180025095e-35 1.0000000180025095e-35 1.0000000180025095e-35 1.0000000180025095e-35 1.0000000180025095e-35 1.0000000180025095e-35 1.0000000180025095e-35 1.0000000180025095e-35 1.0000000180025095e-35 1.0000000180025095e-35 15.727583885192873 1.0000000180025095e-35 1.0000000180025095e-35 1.0000000180025095e-35 0.64194995164871227 1.0000000180025095e-35 8.1492128372192401 1.0000000180025095e-35 8.0862421989440936 1.0000000180025095e-35 1.0000000180025095e-35 1.0000000180025095e-35 1.0000000180025095e-35 1.0000000180025095e-35 1.0000000180025095e-35 1.0000000180025095e-35
decision_type=2 2 2 2 2 2 2 2 2 2 2 2 2 2 2 2 2 2 2 2 2 2 2 2 2 2 2 2 2 2
left_child=20 2 3 9 -5 -6 7 8 -7 16 11 12 -11 -12 15 18 -2 -16 -13 -8 21 22 25 -22 -25 26 27 -1 29 -29
right_child=1 -3 -4 4 5 6 19 -9 -10 10 13 14 -14 -15 17 -17 -18 -19 -20 -21 23 -23 -24 24 -26 -27 -28 28 -30 -31
leaf_value=-0.020956425508038442 0.099338819294337258 0.082041870857867155 -0.08191042574493633 -0.053674309217592545 0.14281540201794102 0.026142137364376258 0.040099344998717867 0.05483459120158888 -0.095368105015671931 -0.1107608807372539 0.0045382432817325539 0.13726533384310227 -0.0064658503367185363 0.073345538796576695 -0.0054336792419537828 -0.040217913793707601 0.0049395405192968591 -0.10734981250520961 0.024837672866376538 0.13077817772187511 -0.094860512814170753 0.080897972627614403 0.080835536173553393 -0.069556528010585136 0.066546832233437922 0.059712586039499874 0.063385114846764706 -0.034920487605901551 0.025474658364698713 0.035099240302399685
leaf_weight=182.40904371440411 5.6137323230504972 4.3240041732788077 3.9855516999959937 6.8527219891548148 6.0825482308864585 5.7200745642185211 6.7858549505472201 8.4738242924213409 4.5680664330720901 9.0664439946413022 427.80770336836576 3.6539390832185763 5.1848163455724707 5.832829311490058 6.7923104465007764 6.5817695483565331 5.8802733644843102 3.7425405532121658 4.2805564552545547 5.2887224853038788 7.1691986173391324 3.3145002722740164 3.318257361650466 3.8163991868495941 3.1594233810901642 4.2815520316362372 3.6662365496158591 58.822061941027641 45.481683313846588 17.963315352797508
leaf_count=1173 26 20 22 34 26 27 31 41 23 50 2232 20 26 26 35 38 28 20 22 24 48 19 19 26 21 26 23 389 288 103
internal_value=-0.000349711 0.00651282 0.00589916 0.00656172 0.0375395 0.0544701 0.0370438 0.00951637 -0.02781 0.00376269 0.00261359 -0.0288335 -0.0728168 0.00546376 -0.00381201 0.0236406 0.0510446 -0.0416397 0.0766121 0.0798171 -0.0113931 -0.00959476 -0.0105441 -0.0519815 -0.00791389 -0.011514 -0.0125031 -0.0134162 -0.00216711 -0.0185399
internal_weight=869.92 536.518 532.194 528.209 43.7718 36.9191 30.8365 18.762 10.2881 484.437 472.943 39.3024 14.2513 433.641 25.0511 14.5163 11.494 10.5349 7.9345 12.0746 333.402 319.257 315.942 14.145 6.97582 312.624 308.342 304.676 122.267 76.7854
internal_count=4906 2771 2751 2729 206 172 146 91 50 2523 2469 211 76 2258 135 80 54 55 42 55 2135 2040 2021 95 47 2002 1976 1953 780 492
is_linear=0
shrinkage=0.1


end of trees

feature_importances:
Column_0=73
Column_1=15
Column_7=12
Column_12=9
Column_15=9
Column_91=9
Column_105=9
Column_121=9
Column_16=8
Column_26=8
Column_6=7
Column_21=7
Column_23=7
Column_61=7
Column_151=7
Column_8=6
Column_10=6
Column_67=6
Column_14=5
Column_108=5
Column_138=5
Column_140=5
Column_154=5
Column_52=4
Column_53=4
Column_57=4
Column_63=4
Column_73=4
Column_99=4
Column_168=4
Column_278=4
Column_5=3
Column_9=3
Column_11=3
Column_13=3
Column_35=3
Column_65=3
Column_68=3
Column_74=3
Column_82=3
Column_83=3
Column_86=3
Column_128=3
Column_129=3
Column_266=3
Column_277=3
Column_299=3
Column_34=2
Column_39=2
Column_40=2
Column_42=2
Column_44=2
Column_48=2
Column_54=2
Column_56=2
Column_62=2
Column_64=2
Column_69=2
Column_70=2
Column_71=2
Column_81=2
Column_84=2
Column_98=2
Column_100=2
Column_130=2
Column_133=2
Column_139=2
Column_210=2
Column_329=2
Column_19=1
Column_22=1
Column_24=1
Column_32=1
Column_33=1
Column_36=1
Column_47=1
Column_58=1
Column_79=1
Column_88=1
Column_92=1
Column_93=1
Column_94=1
Column_97=1
Column_101=1
Column_102=1
Column_126=1
Column_137=1
Column_142=1
Column_181=1
Column_188=1
Column_209=1
Column_219=1
Column_226=1
Column_232=1
Column_290=1
Column_295=1

parameters:
[boosting: gbdt]
[objective: binary]
[metric: binary_logloss]
[tree_learner: serial]
[device_type: cpu]
[data_sample_strategy: bagging]
[data: ]
[valid: ]
[num_iterations: 300]
[learning_rate: 0.1]
[num_leaves: 31]
[num_threads: 0]
[seed: 0]
[deterministic: 0]
[force_col_wise: 0]
[force_row_wise: 0]
[histogram_pool_size: -1]
[max_depth: -1]
[min_data_in_leaf: 20]
[min_sum_hessian_in_leaf: 0.001]
[bagging_fraction: 1]
[pos_bagging_fraction: 1]
[neg_bagging_fraction: 1]
[bagging_freq: 0]
[bagging_seed: 7719]
[bagging_by_query: 0]
[feature_fraction: 1]
[feature_fraction_bynode: 1]
[feature_fraction_seed: 2437]
[extra_trees: 0]
[extra_seed: 11797]
[early_stopping_round: 0]
[early_stopping_min_delta: 0]
[first_metric_only: 0]
[max_delta_step: 0]
[lambda_l1: 0]
[lambda_l2: 0]
[linear_lambda: 0]
[min_gain_to_split: 0]
[drop_rate: 0.1]
[max_drop: 50]
[skip_drop: 0.5]
[xgboost_dart_mode: 0]
[uniform_drop: 0]
[drop_seed: 21238]
[top_rate: 0.2]
[other_rate: 0.1]
[min_data_per_group: 100]
[max_cat_threshold: 32]
[cat_l2: 10]
[cat_smooth: 10]
[max_cat_to_onehot: 4]
[top_k: 20]
[monotone_constraints: ]
[monotone_constraints_method: basic]
[monotone_penalty: 0]
[feature_contri: ]
[forcedsplits_filename: ]
[refit_decay_rate: 0.9]
[cegb_tradeoff: 1]
[cegb_penalty_split: 0]
[cegb_penalty_feature_lazy: ]
[cegb_penalty_feature_coupled: ]
[path_smooth: 0]
[interaction_constraints: ]
[verbosity: -1]
[saved_feature_importance_type: 0]
[use_quantized_grad: 0]
[num_grad_quant_bins: 4]
[quant_train_renew_leaf: 0]
[stochastic_rounding: 1]
[linear_tree: 0]
[max_bin: 255]
[max_bin_by_feature: ]
[min_data_in_bin: 3]
[bin_construct_sample_cnt: 200000]
[data_random_seed: 38]
[is_enable_sparse: 1]
[enable_bundle: 1]
[use_missing: 1]
[zero_as_missing: 0]
[feature_pre_filter: 1]
[pre_partition: 0]
[two_round: 0]
[header: 0]
[label_column: ]
[weight_column: ]
[group_column: ]
[ignore_column: ]
[categorical_feature: ]
[forcedbins_filename: ]
[precise_float_parser: 0]
[parser_config_file: ]
[objective_seed: 8855]
[num_class: 1]
[is_unbalance: 0]
[scale_pos_weight: 1]
[sigmoid: 1]
[boost_from_average: 1]
[reg_sqrt: 0]
[alpha: 0.9]
[fair_c: 1]
[poisson_max_delta_step: 0.7]
[tweedie_variance_power: 1.5]
[lambdarank_truncation_level: 30]
[lambdarank_norm: 1]
[label_gain: ]
[lambdarank_position_bias_regularization: 0]
[eval_at: ]
[multi_error_top_k: 1]
[auc_mu_weights: ]
[num_machines: 1]
[local_listen_port: 12400]
[time_out: 120]
[machine_list_filename: ]
[machines: ]
[gpu_platform_id: -1]
[gpu_device_id: -1]
[gpu_device_id_list: ]
[gpu_use_dp: 0]
[num_gpu: 1]

end of parameters

pandas_categorical:null
