tree
version=v4
num_class=1
num_tree_per_iteration=1
label_index=0
max_feature_idx=567
objective=binary sigmoid:1
feature_names=Column_0 Column_1 Column_2 Column_3 Column_4 Column_5 Column_6 Column_7 Column_8 Column_9 Column_10 Column_11 Column_12 Column_13 Column_14 Column_15 Column_16 Column_17 Column_18 Column_19 Column_20 Column_21 Column_22 Column_23 Column_24 Column_25 Column_26 Column_27 Column_28 Column_29 Column_30 Column_31 Column_32 Column_33 Column_34 Column_35 Column_36 Column_37 Column_38 Column_39 Column_40 Column_41 Column_42 Column_43 Column_44 Column_45 Column_46 Column_47 Column_48 Column_49 Column_50 Column_51 Column_52 Column_53 Column_54 Column_55 Column_56 Column_57 Column_58 Column_59 Column_60 Column_61 Column_62 Column_63 Column_64 Column_65 Column_66 Column_67 Column_68 Column_69 Column_70 Column_71 Column_72 Column_73 Column_74 Column_75 Column_76 Column_77 Column_78 Column_79 Column_80 Column_81 Column_82 Column_83 Column_84 Column_85 Column_86 Column_87 Column_88 Column_89 Column_90 Column_91 Column_92 Column_93 Column_94 Column_95 Column_96 Column_97 Column_98 Column_99 Column_100 Column_101 Column_102 Column_103 Column_104 Column_105 Column_106 Column_107 Column_108 Column_109 Column_110 Column_111 Column_112 Column_113 Column_114 Column_115 Column_116 Column_117 Column_118 Column_119 Column_120 Column_121 Column_122 Column_123 Column_124 Column_125 Column_126 Column_127 Column_128 Column_129 Column_130 Column_131 Column_132 Column_133 Column_134 Column_135 Column_136 Column_137 Column_138 Column_139 Column_140 Column_141 Column_142 Column_143 Column_144 Column_145 Column_146 Column_147 Column_148 Column_149 Column_150 Column_151 Column_152 Column_153 Column_154 Column_155 Column_156 Column_157 Column_158 Column_159 Column_160 Column_161 Column_162 Column_163 Column_164 Column_165 Column_166 Column_167 Column_168 Column_169 Column_170 Column_171 Column_172 Column_173 Column_174 Column_175 Column_176 Column_177 Column_178 Column_179 Column_180 Column_181 Column_182 Column_183 Column_184 Column_185 Column_186 Column_187 Column_188 Column_189 Column_190 Column_191 Column_192 Column_193 Column_194 Column_195 Column_196 Column_197 Column_198 Column_199 Column_200 Column_201 Column_202 Column_203 Column_204 Column_205 Column_206 Column_207 Column_208 Column_209 Column_210 Column_211 Column_212 Column_213 Column_214 Column_215 Column_216 Column_217 Column_218 Column_219 Column_220 Column_221 Column_222 Column_223 Column_224 Column_225 Column_226 Column_227 Column_228 Column_229 Column_230 Column_231 Column_232 Column_233 Column_234 Column_235 Column_236 Column_237 Column_238 Column_239 Column_240 Column_241 Column_242 Column_243 Column_244 Column_245 Column_246 Column_247 Column_248 Column_249 Column_250 Column_251 Column_252 Column_253 Column_254 Column_255 Column_256 Column_257 Column_258 Column_259 Column_260 Column_261 Column_262 Column_263 Column_264 Column_265 Column_266 Column_267 Column_268 Column_269 Column_270 Column_271 Column_272 Column_273 Column_274 Column_275 Column_276 Column_277 Column_278 Column_279 Column_280 Column_281 Column_282 Column_283 Column_284 Column_285 Column_286 Column_287 Column_288 Column_289 Column_290 Column_291 Column_292 Column_293 Column_294 Column_295 Column_296 Column_297 Column_298 Column_299 Column_300 Column_301 Column_302 Column_303 Column_304 Column_305 Column_306 Column_307 Column_308 Column_309 Column_310 Column_311 Column_312 Column_313 Column_314 Column_315 Column_316 Column_317 Column_318 Column_319 Column_320 Column_321 Column_322 Column_323 Column_324 Column_325 Column_326 Column_327 Column_328 Column_329 Column_330 Column_331 Column_332 Column_333 Column_334 Column_335 Column_336 Column_337 Column_338 Column_339 Column_340 Column_341 Column_342 Column_343 Column_344 Column_345 Column_346 Column_347 Column_348 Column_349 Column_350 Column_351 Column_352 Column_353 Column_354 Column_355 Column_356 Column_357 Column_358 Column_359 Column_360 Column_361 Column_362 Column_363 Column_364 Column_365 Column_366 Column_367 Column_368 Column_369 Column_370 Column_371 Column_372 Column_373 Column_374 Column_375 Column_376 Column_377 Column_378 Column_379 Column_380 Column_381 Column_382 Column_383 Column_384 Column_385 Column_386 Column_387 Column_388 Column_389 Column_390 Column_391 Column_392 Column_393 Column_394 Column_395 Column_396 Column_397 Column_398 Column_399 Column_400 Column_401 Column_402 Column_403 Column_404 Column_405 Column_406 Column_407 Column_408 Column_409 Column_410 Column_411 Column_412 Column_413 Column_414 Column_415 Column_416 Column_417 Column_418 Column_419 Column_420 Column_421 Column_422 Column_423 Column_424 Column_425 Column_426 Column_427 Column_428 Column_429 Column_430 Column_431 Column_432 Column_433 Column_434 Column_435 Column_436 Column_437 Column_438 Column_439 Column_440 Column_441 Column_442 Column_443 Column_444 Column_445 Column_446 Column_447 Column_448 Column_449 Column_450 Column_451 Column_452 Column_453 Column_454 Column_455 Column_456 Column_457 Column_458 Column_459 Column_460 Column_461 Column_462 Column_463 Column_464 Column_465 Column_466 Column_467 Column_468 Column_469 Column_470 Column_471 Column_472 Column_473 Column_474 Column_475 Column_476 Column_477 Column_478 Column_479 Column_480 Column_481 Column_482 Column_483 Column_484 Column_485 Column_486 Column_487 Column_488 Column_489 Column_490 Column_491 Column_492 Column_493 Column_494 Column_495 Column_496 Column_497 Column_498 Column_499 Column_500 Column_501 Column_502 Column_503 Column_504 Column_505 Column_506 Column_507 Column_508 Column_509 Column_510 Column_511 Column_512 Column_513 Column_514 Column_515 Column_516 Column_517 Column_518 Column_519 Column_520 Column_521 Column_522 Column_523 Column_524 Column_525 Column_526 Column_527 Column_528 Column_529 Column_530 Column_531 Column_532 Column_533 Column_534 Column_535 Column_536 Column_537 Column_538 Column_539 Column_540 Column_541 Column_542 Column_543 Column_544 Column_545 Column_546 Column_547 Column_548 Column_549 Column_550 Column_551 Column_552 Column_553 Column_554 Column_555 Column_556 Column_557 Column_558 Column_559 Column_560 Column_561 Column_562 Column_563 Column_564 Column_565 Column_566 Column_567
feature_infos=[2.0013689994812012:17.993154525756836] [-0.7776256799697876:0.99923950433731079] none none none [0:1] [0:1] [0:1] [0:1] [0:1] [0:1] [0:1] [0:1] [0:1] [0:1] [0:1] [0:1] [0:1] [0:1] [0:1] [0:1] [0:1] [0:1] [0:1] [0:1] [0:1] [0:1] [0:1] [0:1] [0:1] [0:1] [0:1] [0:1] [0:1] [0:1] [0:1] [0:1] [0:1] [0:1] [0:1] [0:1] [0:1] [0:1] [0:1] [0:1] [0:1] [0:1] [0:1] [0:1] [0:1] [0:1] [0:1] [0:1] [0:1] [0:1] [0:1] [0:1] [0:1] [0:1] [0:1] [0:1] [0:1] [0:1] [0:1] [0:1] [0:1] [0:1] [0:1] [0:1] [0:1] [0:1] [0:1] [0:1] [0:1] [0:1] [0:1] [0:1] [0:1] [0:1] [0:1] [0:1] [0:1] [0:1] [0:1] [0:1] [0:1] [0:1] [0:1] [0:1] [0:1] [0:1] [0:1] [0:1] [0:1] [0:1] [0:1] [0:1] [0:1] [0:1] [0:1] [0:1] [0:1] [0:1] [0:1] [0:1] [0:1] [0:1] [0:1] [0:1] none none none none [0:1] [0:1] none [0:1] none [0:1] none none [0:1] none none none none [0:1] [0:1] [0:1] [0:1] [0:1] none [0:1] [0:1] [0:1] [0:1] none [0:1] [0:1] [0:1] [0:1] [0:1] [0:1] [0:1] [0:1] [0:1] [0:1] [0:1] [0:1] [0:1] [0:1] [0:1] [0:1] [0:1] [0:1] [0:1] [0:1] none none none none none none none none none none [0:1] [0:1] none none none none none [0:1] [0:1] [0:1] [0:1] [0:1] [0:1] [0:1] [0:1] [0:1] [0:1] [0:1] [0:1] [0:1] [0:1] [0:1] [0:1] [0:1] [0:1] [0:1] [0:1] [0:1] [0:1] [0:1] [0:1] [0:1] [0:1] [0:1] [0:1] none none [0:1] [0:1] [0:1] none [0:1] [0:1] [0:1] [0:1] [0:1] none [0:1] none none [0:1] none [0:1] [0:1] [0:1] [0:1] [0:1] [0:1] [0:1] [0:1] [0:1] [0:1] [0:1] [0:1] [0:1] [0:1] [0:1] [0:1] [0:1] [0:1] [0:1] [0:1] [0:1] [0:1] [0:1] [0:1] [0:1] none none none none none none none none none none none none none none none none none [0:1] [0:1] [0:1] [0:1] [0:1] [0:1] [0:1] [0:1] [0:1] [0:1] none [0:1] [0:1] [0:1] [0:1] none [0:1] [0:1] none none none [0:1] [0:1] none none none none none [0:1] [0:1] [0:1] [0:1] [0:1] [0:1] [0:1] none none none [0:1] none [0:1] [0:1] [0:1] none [0:1] [0:1] [0:1] [0:1] none none [0:1] [0:1] none none none none [0:1] [0:1] none none none [0:1] none none [0:1] [0:1] none none [0:1] [0:1] none none none none none none none none none none none none none none none none none none none none none none none none none none none none none none none none none none none none none none none none none none none none none none none none none none none none none none none none none none none none none none none none none none none none none none none none none none none none none none none none none none none none none none none none none none none none none none none none none none none none none none none none none none none none none none none none none none none none none none none none none none none none none none none none none none none none none none none none none none none none none none none none none none none none none none none none none none none none none none none none none none none none none none none none none none none none none none none none none none none none none none none none none none none none none none none none none none none none none none none none none none none none none none none none none none none none none none none none none none none none none none none none none none none none none none none none none none none none none
tree_sizes=3398 3473 3477 3485 3482 3494 3483 3480 3477 3452 3484 3469 3477

Tree=0
num_leaves=31
num_cat=0
split_feature=6 14 8 5 14 5 5 8 34 139 83 13 31 135 13 5 68 0 0 74 61 64 8 0 15 61 13 130 0 15
split_gain=169.176 109.949 41.1447 24.3561 16.7975 14.3164 12.2757 8.01442 9.14309 9.13688 9.33232 9.32215 7.37422 7.33386 7.20239 7.0537 7.46694 9.48363 6.93828 8.85303 8.94197 6.62055 6.17299 6.06331 9.75095 5.99439 5.84876 5.68958 8.93948 13.0204
threshold=1.0000000180025095e-35 1.0000000180025095e-35 1.0000000180025095e-35 1.0000000180025095e-35 1.0000000180025095e-35 1.0000000180025095e-35 1.0000000180025095e-35 1.0000000180025095e-35 1.0000000180025095e-35 1.0000000180025095e-35 1.0000000180025095e-35 1.0000000180025095e-35 1.0000000180025095e-35 1.0000000180025095e-35 1.0000000180025095e-35 1.0000000180025095e-35 1.0000000180025095e-35 17.041751861572269 4.0561258792877206 1.0000000180025095e-35 1.0000000180025095e-35 1.0000000180025095e-35 1.0000000180025095e-35 11.741273403167726 1.0000000180025095e-35 1.0000000180025095e-35 1.0000000180025095e-35 1.0000000180025095e-35 3.5961669683456425 1.0000000180025095e-35
decision_type=2 2 2 2 2 2 2 2 2 2 2 2 2 2 2 2 2 2 2 2 2 2 2 2 2 2 2 2 2 2
left_child=1 3 6 7 14 12 23 8 9 10 13 -11 18 21 -2 16 17 -6 -4 -20 -21 -1 -5 24 -3 -7 -12 -8 -29 -30
right_child=4 2 5 22 15 25 27 -9 -10 11 26 -13 -14 -15 -16 -17 -18 -19 19 20 -22 -23 -24 -25 -26 -27 -28 28 29 -31
leaf_value=-1.1365201342190985 -1.1615458057422119 -0.94158142429245162 -1.1040956984327199 -1.1250477341944722 -1.1098265307949735 -1.1537753700284958 -1.0385790354713464 -1.1087976953441487 -1.0027590548791472 -0.86582791527738201 -0.9500278085728775 -1.0760332432948077 -1.1133245713277775 -1.0007061142554328 -1.197225181913204 -1.1625883783608062 -1.1754113613335468 -0.9462005406958095 -0.96047231530281996 -1.1571786824191814 -1.0027590548791472 -1.0191825798688643 -1.1682469465128207 -0.92701890819949839 -1.0290653405458161 -1.0587222162816079 -1.1069457915326641 -1.0760332432948077 -0.8122461649984305 -1.0533640412537126
leaf_weight=43.111694231629372 142.39923246204853 27.061453089118004 8.7716434150934202 82.864035665988922 69.426624476909637 22.955577448010445 44.978001341223717 80.997728556394577 18.476440384984016 3.7326142191886884 6.532074883580206 4.8523984849452972 11.757734790444372 5.4122906178235999 93.875247612595558 48.523984849452972 16.796763986349106 3.7326142191886893 19.969486072659492 5.9721827507019052 10.078058391809464 5.4122906178235999 55.05605973303318 31.540590152144432 24.075361713767052 9.3315355479717237 3.7326142191886902 4.8523984849452964 5.5989213287830335 3.7326142191886902
leaf_count=231 763 145 47 444 372 123 241 434 99 20 35 26 63 29 503 260 90 20 107 32 54 29 295 169 129 50 20 26 30 20
internal_value=-1.10787 -1.07209 -1.01981 -1.11098 -1.15951 -1.07318 -0.986387 -1.0859 -1.06558 -1.08153 -1.09448 -0.98464 -1.04284 -1.11112 -1.17572 -1.13186 -1.11528 -1.10148 -1.02434 -1.00492 -1.06022 -1.12343 -1.14229 -0.961501 -0.982769 -1.1263 -1.00709 -1.02116 -0.965941 -0.908693
internal_weight=915.61 540.856 230.676 310.18 374.754 88.8362 141.839 172.26 91.2624 72.786 64.201 8.58501 56.5491 53.9363 236.274 138.48 89.956 73.1592 44.7914 36.0197 16.0502 48.524 137.92 82.6774 51.1368 32.2871 10.2647 59.1619 14.1839 9.33154
internal_count=4906 2898 1236 1662 2008 476 760 923 489 390 344 46 303 289 1266 742 482 392 240 193 86 260 739 443 274 173 55 317 76 50
is_linear=0
shrinkage=1


Tree=1
num_leaves=31
num_cat=0
split_feature=6 14 8 5 14 5 5 93 99 33 13 5 68 0 8 34 139 13 11 83 0 0 8 138 7 135 128 0 0 1
split_gain=137.943 83.4605 29.4232 19.8427 14.6964 11.093 8.31048 7.30194 6.7789 8.96966 6.56046 5.97849 6.28174 7.30971 5.7956 6.73697 6.16932 6.19309 5.49241 5.42195 5.36833 7.19541 5.31873 5.20088 7.31009 5.11722 5.07326 6.98469 5.06178 4.95572
threshold=1.0000000180025095e-35 1.0000000180025095e-35 1.0000000180025095e-35 1.0000000180025095e-35 1.0000000180025095e-35 1.0000000180025095e-35 1.0000000180025095e-35 1.0000000180025095e-35 1.0000000180025095e-35 1.0000000180025095e-35 1.0000000180025095e-35 1.0000000180025095e-35 1.0000000180025095e-35 16.425735473632816 1.0000000180025095e-35 1.0000000180025095e-35 1.0000000180025095e-35 1.0000000180025095e-35 1.0000000180025095e-35 1.0000000180025095e-35 11.296372413635256 8.4750170707702654 1.0000000180025095e-35 1.0000000180025095e-35 1.0000000180025095e-35 1.0000000180025095e-35 1.0000000180025095e-35 9.5838465690612811 15.034907817840578 0.82082289457321178
decision_type=2 2 2 2 2 2 2 2 2 2 2 2 2 2 2 2 2 2 2 2 2 2 2 2 2 2 2 2 2 2
left_child=1 3 6 7 10 8 -3 14 9 -4 -2 12 13 20 15 16 19 -18 -7 25 21 23 28 24 -6 -1 27 -16 -5 -29
right_child=4 2 5 22 11 18 -8 -9 -10 -11 -12 -13 -14 -15 26 -17 17 -19 -20 -21 -22 -23 -24 -25 -26 -27 -28 29 -30 -31
leaf_value=-0.0093079887866554904 -0.049728854298366314 0.12236257531900548 0.062808437312285595 -0.025786047690973774 -0.06300359234069268 0.010311884170917577 0.074560633964525239 -0.067507369778692636 0.12884737920905118 -0.043468376116242408 -0.084451451544082734 -0.050723999606084071 -0.063058258218832874 0.11636252235069683 0.046744492932806067 0.09432057882565173 0.19376703459482691 0.028181384281336253 -0.080140485083412649 0.080867695199587059 -0.061974797924917294 0.066608553745987689 -0.05614524263280251 0.074655737873383143 0.034646144289988835 0.091312785383740866 -0.076567462260160146 -0.03433294705976845 0.044887894872362583 0.060584125409600009
leaf_weight=44.622388124465942 138.52904812991619 88.620210215449333 37.705696582794189 70.305261313915253 21.441430076956749 22.396925017237663 61.684165507555008 9.1470552533864957 10.593084618449209 10.060296282172201 89.614223584532738 47.179427742958069 16.221573650836945 5.5204914212226859 31.712467521429062 19.047029078006744 4.168684780597685 4.9298752248287201 9.5864797830581683 10.571949273347853 12.678410828113554 16.034460753202438 53.371827825903893 5.7798637598752967 11.93262195587158 5.6998850852251044 7.0886692106723777 30.406660035252571 11.84088611602783 6.7155813574790946
leaf_count=241 763 443 194 380 115 121 317 49 55 54 503 260 90 28 170 97 20 26 52 54 68 86 295 31 64 29 38 163 64 36
internal_value=-0.000155602 0.0314604 0.0756358 -0.00287329 -0.0478289 0.0305339 0.102745 0.0194607 0.0564749 0.0404248 -0.0633678 -0.0219122 -0.00674267 0.00570536 0.024283 0.0415911 0.027242 0.104048 -0.0167997 0.015766 -0.00329583 0.0101845 -0.0315674 -0.0129225 -0.0280897 0.00208909 0.00398466 0.01228 -0.0155988 -0.017162
internal_weight=915.207 550.275 240.647 309.628 364.932 90.3425 150.304 174.11 58.3591 47.766 228.143 136.788 89.6089 73.3873 164.963 89.0398 69.9928 9.09856 31.9834 60.8942 67.8668 55.1884 135.518 39.1539 33.3741 50.3223 75.9234 68.8347 82.1461 37.1222
internal_count=4906 2898 1236 1662 2008 476 760 923 303 248 1266 742 482 392 874 467 370 46 173 324 364 296 739 210 179 270 407 369 444 199
is_linear=0
shrinkage=0.1


Tree=2
num_leaves=31
num_cat=0
split_feature=6 14 8 5 14 5 93 13 5 5 68 0 10 0 140 81 13 73 134 84 68 26 21 99 61 0 15 0 49 13
split_gain=112.897 64.344 21.6834 16.1844 12.7981 8.68046 6.00007 5.98191 5.92356 5.03888 5.26716 5.60138 5.03019 13.6524 6.94378 7.32458 5.47284 5.55206 5.01779 4.98264 5.15347 5.14683 4.90628 5.22799 4.85119 5.31832 4.76146 5.18031 4.61699 5.38863
threshold=1.0000000180025095e-35 1.0000000180025095e-35 1.0000000180025095e-35 1.0000000180025095e-35 1.0000000180025095e-35 1.0000000180025095e-35 1.0000000180025095e-35 1.0000000180025095e-35 1.0000000180025095e-35 1.0000000180025095e-35 1.0000000180025095e-35 16.425735473632816 1.0000000180025095e-35 17.166323661804203 1.0000000180025095e-35 1.0000000180025095e-35 1.0000000180025095e-35 1.0000000180025095e-35 1.0000000180025095e-35 1.0000000180025095e-35 1.0000000180025095e-35 1.0000000180025095e-35 1.0000000180025095e-35 1.0000000180025095e-35 1.0000000180025095e-35 3.9219712018966679 1.0000000180025095e-35 9.0047912597656268 1.0000000180025095e-35 1.0000000180025095e-35
decision_type=2 2 2 2 2 2 2 2 2 2 2 2 2 2 2 2 2 2 2 2 2 2 2 2 2 2 2 2 2 2
left_child=1 3 8 6 7 19 12 -2 -3 10 11 -6 13 28 15 16 26 -18 -17 20 22 -22 23 -4 25 -7 -14 -28 -1 -30
right_child=4 2 5 -5 9 24 -8 -9 -10 -11 -12 -13 14 -15 -16 18 17 -19 -20 -21 21 -23 -24 -25 -26 -27 27 -29 29 -31
leaf_value=-0.017902673040639232 -0.046022835949803907 0.10428046176298969 -0.0059174209923011992 -0.028934669338634696 -0.0030654120651419665 0.060966786586444471 -0.063026207323765321 -0.079826713433891361 0.064743942937195292 -0.046971404702223413 -0.058825270143993136 0.099272957890776323 -0.0077216642950234116 0.18407024201307259 0.13886227728830608 0.050302156632743136 -0.086545555809345573 0.035137722800814779 0.16226312648089944 0.15096330231973831 0.042915028897648824 0.18253016597109767 0.10256840370256984 0.09020464000181673 0.044466516708151292 -0.064423064350937378 0.0049857935125058386 0.14200899841059997 0.085837518366050233 -0.012853908904015025
leaf_weight=61.165420085191727 134.91101847589016 93.309919953346252 30.619212597608566 133.27938736975193 67.739145860075951 4.1635352969169643 8.8343774974346143 85.540634125471115 63.810179069638252 45.92161238193512 15.679015070199965 5.8068040013313285 13.349624484777451 4.0591839998960486 6.4927271455526343 27.445736095309258 10.31614199280739 5.8908403664827338 4.6864555031061164 4.470488414168357 6.0995750278234464 4.6559208333492279 7.0855232626199713 6.9410101920366278 9.5071330070495623 18.034074306488037 4.9880675375461578 6.1744096875190735 10.823291629552841 11.317667707800865
leaf_count=325 763 443 157 739 364 23 49 503 317 260 90 28 70 21 33 143 54 31 24 22 31 23 36 34 50 100 26 33 56 58
internal_value=-0.000257733 0.0278243 0.0656811 -0.00266196 -0.0442857 0.0270041 0.0172852 -0.0591396 0.0882237 -0.0200561 -0.00620356 0.00501469 0.0215412 0.0049873 0.0397686 0.030937 0.00276982 -0.0423167 0.0666316 0.0494084 0.0412136 0.103353 0.0262438 0.0118456 -0.0153045 -0.0409041 0.0325802 0.0807788 -0.00373868 0.03539
internal_weight=913.118 557.52 248.697 308.823 355.598 91.5765 175.544 220.452 157.12 135.147 89.225 73.5459 166.71 87.3656 79.344 72.8513 40.7191 16.207 32.1322 59.8717 55.4012 10.7555 44.6457 37.5602 31.7047 22.1976 24.5121 11.1625 83.3064 22.141
internal_count=4906 2898 1236 1662 2008 476 923 1266 760 742 482 392 874 460 414 381 214 85 167 303 281 54 227 191 173 123 129 59 439 114
is_linear=0
shrinkage=0.1


Tree=3
num_leaves=31
num_cat=0
split_feature=6 14 8 5 14 61 5 74 21 26 13 82 93 8 10 0 41 5 16 0 8 99 42 11 15 10 26 113 5 0
split_gain=92.4611 50.1508 16.3396 13.1648 11.1455 7.15234 5.79861 5.67348 7.14634 7.0212 5.45124 5.09842 4.93028 4.64654 4.82508 8.55491 7.9072 4.57825 4.58902 4.57633 4.57411 5.58841 4.73957 4.53896 8.06089 7.37696 4.51486 4.46321 4.70683 4.92023
threshold=1.0000000180025095e-35 1.0000000180025095e-35 1.0000000180025095e-35 1.0000000180025095e-35 1.0000000180025095e-35 1.0000000180025095e-35 1.0000000180025095e-35 1.0000000180025095e-35 1.0000000180025095e-35 1.0000000180025095e-35 1.0000000180025095e-35 1.0000000180025095e-35 1.0000000180025095e-35 1.0000000180025095e-35 1.0000000180025095e-35 3.5414099693298344 1.0000000180025095e-35 1.0000000180025095e-35 1.0000000180025095e-35 16.379192352294925 1.0000000180025095e-35 1.0000000180025095e-35 1.0000000180025095e-35 1.0000000180025095e-35 1.0000000180025095e-35 1.0000000180025095e-35 1.0000000180025095e-35 1.0000000180025095e-35 1.0000000180025095e-35 11.741273403167726
decision_type=2 2 2 2 2 2 2 2 2 2 2 2 2 2 2 2 2 2 2 2 2 2 2 2 2 2 2 2 2 2
left_child=1 3 27 12 10 6 7 8 23 -9 17 -7 20 14 19 -16 -17 -2 -19 26 21 -1 -23 24 -4 -25 -5 28 29 -3
right_child=4 2 5 13 -6 11 -8 9 -10 -11 -12 -13 -14 -15 15 16 -18 18 -20 -21 -22 22 -24 25 -26 -27 -28 -29 -30 -31
leaf_value=0.045380989105451436 -0.027064744282366538 0.075976851259364805 0.044362390220288345 -0.083711725222948785 -0.018301173891937857 0.079726171075676505 -0.037741911265826204 0.043659396527471458 0.15654492317819094 -0.13589886880298077 -0.07543039489553309 -0.026908332102309501 -0.05879151734841781 -0.050080371164843776 -0.13073498779772641 0.049653879838253714 -0.10425417562145425 -0.042620980633136837 -0.1032233497809225 0.060027155331612618 0.0011190569697984546 -0.059290117928673329 0.058381863488727662 0.13182415066247052 -0.11638790487111361 -0.037461211229728855 -0.015384882029166949 -0.0051628740597813695 0.058900441628492166 0.12324224792500359
leaf_weight=75.93438546359539 77.926617503166199 56.948760285973549 8.6788616031408328 16.950363278388977 133.59113630652428 26.873343870043755 21.714833900332451 4.4543862640857679 5.0091676861047736 4.2607645839452744 81.677984446287155 5.3816440552473059 8.5394275188446027 50.971680209040642 3.596494495868682 28.766105219721794 3.7763192206621161 33.79118812084198 19.826462417840958 4.6629007905721656 76.884045392274857 10.388741970062254 5.1048263013362876 7.3347562551498413 4.869837313890458 3.9661097377538681 22.518238440155983 6.4188091009855262 63.335580289363861 35.912944614887238
leaf_count=387 452 262 43 94 742 133 123 23 24 22 503 27 49 295 20 159 21 196 115 25 407 54 26 36 25 20 125 30 306 162
internal_value=-0.000328479 0.024683 0.0574715 -0.00247214 -0.0409491 0.0239269 0.00359256 0.0268614 0.047581 -0.0441251 -0.0551389 0.0619345 0.0153352 -0.0264679 -0.011474 0.0156193 0.0317939 -0.0425395 -0.0650302 -0.0336604 0.0190961 0.0342134 -0.0205195 0.025616 -0.0134164 0.0724124 -0.0447288 0.0765615 0.0799199 0.0942561
internal_weight=910.067 563.253 255.16 308.094 346.813 92.5437 60.2887 38.5739 29.8587 8.71515 213.222 32.255 176.851 131.242 80.2704 36.1389 32.5424 131.544 53.6177 44.1315 168.312 91.428 15.4936 24.8496 13.5487 11.3009 39.4686 162.616 156.197 92.8617
internal_count=4906 2898 1236 1662 2008 476 316 193 148 45 1266 160 923 739 444 200 180 763 311 244 874 467 80 124 68 56 219 760 730 424
is_linear=0
shrinkage=0.1


Tree=4
num_leaves=31
num_cat=0
split_feature=6 14 8 5 14 41 5 42 8 0 16 12 13 11 7 16 5 1 5 5 68 0 16 0 10 79 133 35 15 0
split_gain=75.7543 39.388 12.5301 10.7864 9.72078 5.84515 5.61006 5.54491 5.23986 7.15147 7.33403 6.77586 6.05713 4.7182 4.35026 7.97747 6.53671 4.32926 6.47309 4.29952 4.4713 4.51251 4.29578 5.46675 4.20234 5.03754 4.5381 4.43962 4.18653 7.65079
threshold=1.0000000180025095e-35 1.0000000180025095e-35 1.0000000180025095e-35 1.0000000180025095e-35 1.0000000180025095e-35 1.0000000180025095e-35 1.0000000180025095e-35 1.0000000180025095e-35 1.0000000180025095e-35 10.658453464508058 1.0000000180025095e-35 1.0000000180025095e-35 1.0000000180025095e-35 1.0000000180025095e-35 1.0000000180025095e-35 1.0000000180025095e-35 1.0000000180025095e-35 -0.19324663281440732 1.0000000180025095e-35 1.0000000180025095e-35 1.0000000180025095e-35 17.041751861572269 1.0000000180025095e-35 13.096509456634523 1.0000000180025095e-35 1.0000000180025095e-35 1.0000000180025095e-35 1.0000000180025095e-35 1.0000000180025095e-35 8.2067074775695819
decision_type=2 2 2 2 2 2 2 2 2 2 2 2 2 2 2 2 2 2 2 2 2 2 2 2 2 2 2 2 2 2
left_child=1 3 28 -1 8 6 7 -4 9 10 11 -2 17 22 -11 -16 -17 18 -13 20 21 24 23 -8 25 27 -26 -6 -3 -30
right_child=4 2 5 -5 19 -7 13 -9 -10 14 -12 12 -14 -15 15 16 -18 -19 -20 -21 -22 -23 -24 -25 26 -27 -28 -29 29 -31
leaf_value=0.01368001453983627 -0.032437773869317198 0.080375263064666636 0.035139217713600894 -0.024268259195196869 -0.046511818549223732 -0.061008089408743631 0.094843247006807768 0.12876320045874448 -0.071322176535816989 -0.088950103578928491 -0.055032245217835465 0.12751554235279622 -0.016341718104036489 -0.06984022262760918 -0.07447199479116004 0.12125134069689997 -0.062713050564251277 0.18108334324764486 -0.046234246765887853 -0.042051012981349223 -0.053555707825038393 0.10502244913807342 -0.046041655308756556 -0.040793122919588407 0.0095069093564054408 0.087210654106387842 0.11091662937381004 0.035634862378233864 0.0071014768002531994 0.074930625371936427
leaf_weight=178.01369480788708 19.245963141322136 97.311966314911842 49.225667908787727 129.31214286386967 31.477130472660065 7.9116268008947364 9.264169707894327 7.2586663812398902 80.334421530365944 32.532342195510864 29.703758805990219 5.0940786302089673 8.3780297935009003 8.4539908021688479 15.517846331000328 4.8596158921718597 3.2055579125881195 3.8889996707439431 3.7027364373207092 44.293127059936523 15.011794120073317 4.3596696853637686 6.7831235677003852 4.3747026920318595 19.012030676007274 4.0893446654081336 5.7466367483139029 8.3175455927848798 27.399148255586624 42.305799424648285
leaf_count=923 118 441 241 739 171 41 51 34 491 200 183 30 54 49 95 30 20 23 22 260 90 20 36 24 103 22 31 45 127 192
internal_value=-0.000378827 0.0219555 0.0505793 -0.00228731 -0.0378003 0.0212194 0.0288407 0.0471706 -0.0513606 -0.0386466 -0.0173289 0.0104542 0.0496444 -0.00701443 -0.0652441 -0.0325421 0.0481334 0.0932233 0.0543812 -0.0166398 -0.00385154 0.00636934 0.0189932 0.0513375 0.000103633 -0.0184812 0.0330447 -0.0293422 0.0669755 0.0482688
internal_weight=906.385 567.615 260.289 307.326 338.771 93.2719 85.3603 56.4843 206.463 126.129 70.0136 40.3098 21.0638 28.876 56.1154 23.583 8.06517 12.6858 8.79682 132.307 88.0142 73.0024 20.422 13.6389 68.6427 43.884 24.7587 39.7947 167.017 69.7049
internal_count=4906 2898 1236 1662 2008 476 435 275 1266 775 430 247 129 160 345 145 50 75 52 742 482 392 111 75 372 238 134 216 760 319
is_linear=0
shrinkage=0.1


Tree=5
num_leaves=31
num_cat=0
split_feature=6 14 8 13 5 174 14 61 0 94 0 178 74 5 21 135 10 41 8 1 12 67 81 5 16 151 49 10 8 26
split_gain=62.3151 31.0703 9.71374 9.46883 8.80856 6.52602 5.83825 5.66173 5.16257 4.61853 4.45691 4.17337 4.09942 4.69482 5.36155 4.12451 4.05905 4.09796 4.44373 9.29909 4.55189 6.29582 5.37799 4.05235 4.2288 4.0379 4.27109 6.38273 4.4759 6.24817
threshold=1.0000000180025095e-35 1.0000000180025095e-35 1.0000000180025095e-35 1.0000000180025095e-35 1.0000000180025095e-35 1.0000000180025095e-35 1.0000000180025095e-35 1.0000000180025095e-35 17.041751861572269 1.0000000180025095e-35 13.550992488861086 1.0000000180025095e-35 1.0000000180025095e-35 1.0000000180025095e-35 1.0000000180025095e-35 1.0000000180025095e-35 1.0000000180025095e-35 1.0000000180025095e-35 1.0000000180025095e-35 -0.60651001334190358 1.0000000180025095e-35 1.0000000180025095e-35 1.0000000180025095e-35 1.0000000180025095e-35 1.0000000180025095e-35 1.0000000180025095e-35 1.0000000180025095e-35 1.0000000180025095e-35 1.0000000180025095e-35 1.0000000180025095e-35
decision_type=2 2 2 2 2 2 2 2 2 2 2 2 2 2 2 2 2 2 2 2 2 2 2 2 2 2 2 2 2 2
left_child=1 4 -3 5 25 6 23 12 9 10 -8 16 13 14 -4 -15 -6 18 19 -18 21 -21 -23 -2 -25 26 27 -1 29 -28
right_child=3 2 7 -5 11 -7 8 -9 -10 -11 -12 -13 -14 15 -16 -17 17 -19 -20 20 -22 22 -24 24 -26 -27 28 -29 -30 -31
leaf_value=-0.02202240162586672 -0.017645175081958744 0.058911411714991285 0.018579117888476181 -0.057144196252911485 -0.03456456796149706 -0.1138541902399542 -0.00055672615548981851 0.052021769108999152 0.1068642345911972 0.082832757964449333 -0.071264273498058889 -0.1283291947912297 -0.046903778223190321 -0.056344671887412802 0.12875087911482416 0.065733586822260257 -0.12632182582079524 -0.085586015598036413 -0.032175564384586242 -0.045485046506035104 0.10075566829147918 0.15228422452691387 -0.0009753825309290272 -0.033093151019362353 -0.094882451673644064 0.083747227589375528 0.010669439760082958 0.023620113878229709 -0.00081438765097617376 0.10588108058302961
leaf_weight=65.938845947384834 72.441220864653587 170.64932557940483 25.431706100702289 121.51213802397251 71.537733852863312 7.4689002335071555 60.779907017946243 33.277403086423874 4.4420237094163886 5.6720968186855307 10.446851000189779 3.5974677354097357 13.93768374621868 12.405533060431479 5.3457289785146704 3.5622561424970618 3.2990524172782889 4.8425966799259177 15.900997638702391 8.0850513577461314 11.176448300480841 4.5759287029504776 4.5825848132371902 31.209765136241913 17.169612109661102 7.561306580901145 13.141088217496872 57.23069916665554 20.788569509983063 14.494988411664963
leaf_count=350 437 760 124 766 418 45 342 160 23 33 61 21 76 72 24 20 20 29 96 44 61 25 25 191 110 37 64 294 108 70
internal_value=-0.000417728 0.0195866 0.0446943 -0.0349337 -0.00207175 -0.0220594 -0.018668 0.0188735 0.0020433 -0.00401163 -0.0109274 -0.0221512 0.000695585 0.0148879 0.0377148 -0.0291102 -0.0190708 0.00205649 0.0109691 0.0325978 0.0510455 0.0188258 0.0755987 -0.0326117 -0.0550219 0.0122292 0.00907774 -0.000814618 0.0342392 0.0606075
internal_weight=902.506 571.363 264.61 331.143 306.753 209.63 202.161 93.9603 81.3409 76.8989 71.2268 127.598 60.6829 46.7452 30.7774 15.9678 124 52.4627 47.6201 31.7191 28.42 17.2436 9.15851 120.821 48.3794 179.155 171.594 123.17 48.4246 27.6361
internal_count=4906 2898 1236 2008 1662 1242 1197 476 459 436 403 739 316 240 148 92 718 300 271 175 155 94 50 738 301 923 886 644 242 134
is_linear=0
shrinkage=0.1


Tree=6
num_leaves=31
num_cat=0
split_feature=6 14 13 8 5 174 5 8 0 11 0 81 16 7 41 13 1 73 1 61 62 93 178 19 61 81 45 0 10 7
split_gain=51.1288 24.6968 8.23292 7.58019 7.22583 5.83104 5.0617 5.3056 7.37092 6.21937 6.28468 5.89215 5.10152 5.03538 4.85226 4.82649 7.17832 4.90468 4.76638 4.4408 4.42268 3.97425 3.75429 3.74105 3.68424 7.15938 4.50166 3.6192 3.59792 3.50257
threshold=1.0000000180025095e-35 1.0000000180025095e-35 1.0000000180025095e-35 1.0000000180025095e-35 1.0000000180025095e-35 1.0000000180025095e-35 1.0000000180025095e-35 1.0000000180025095e-35 14.591375827789308 1.0000000180025095e-35 9.1197810173034686 1.0000000180025095e-35 1.0000000180025095e-35 1.0000000180025095e-35 1.0000000180025095e-35 1.0000000180025095e-35 -0.23431439697742459 1.0000000180025095e-35 0.83420792222023021 1.0000000180025095e-35 1.0000000180025095e-35 1.0000000180025095e-35 1.0000000180025095e-35 1.0000000180025095e-35 1.0000000180025095e-35 1.0000000180025095e-35 1.0000000180025095e-35 16.119096755981449 1.0000000180025095e-35 1.0000000180025095e-35
decision_type=2 2 2 2 2 2 2 2 2 2 2 2 2 2 2 2 2 2 2 2 2 2 2 2 2 2 2 2 2 2
left_child=1 4 5 23 21 6 7 13 9 -9 11 -11 -8 -2 15 18 -17 19 24 -18 -15 -1 27 -3 26 -26 -5 28 29 -6
right_child=2 3 -4 14 22 -7 12 8 -10 10 -12 -13 -14 20 -16 16 17 -19 -20 -21 -22 -23 -24 -25 25 -27 -28 -29 -30 -31
leaf_value=0.01420508690749335 -0.010116419540446793 0.049383398272824605 -0.053341779469248875 0.012736816786330422 -0.058642437708910769 -0.11001681327772561 -0.019172617609321763 -0.081662987660892861 0.045206440410461374 -0.030501470053633847 -0.070779546940270291 0.13505154827599086 -0.074963142411048928 0.092651222704292366 -0.058871152178048315 -0.078258149748164002 0.019365827051765636 -0.047582707760049955 -0.041879653221822855 0.14023429200542822 0.014651857263779641 -0.056372845016344403 -0.12492502787941472 0.13307323262442128 0.17056784818537238 0.03847329357362738 0.10496675705185932 0.036395314499945534 -0.0022425771622489855 -0.011043785129698995
leaf_weight=171.60444650053978 44.39639949798584 168.16833688318729 117.37823578715324 26.313484668731689 36.652867093682289 6.9817075133323661 48.772246837615967 24.077448025345802 10.290621921420096 4.0890690237283689 7.0452163815498343 4.5330169051885605 24.685614615678787 11.180790573358538 7.7684498876333228 9.9460745751857775 9.2729224562644976 6.2865906506776801 6.2071521878242484 4.522119313478469 20.780444398522377 8.3674604743719083 3.3392156213521949 5.5165273696184149 6.569462090730668 10.928678393363953 6.6243929713964453 11.326378375291823 47.856713384389877 26.736686870455742
leaf_count=874 257 736 766 136 220 45 300 144 61 24 42 26 161 63 41 51 47 31 32 21 119 49 21 24 30 52 35 63 275 160
internal_value=-0.000442599 0.0174881 -0.0321884 0.0396431 -0.00193203 -0.0201838 -0.0170456 -0.004913 -0.0302231 -0.0497531 -0.000714155 0.0565372 -0.0379211 0.0116721 0.0168409 0.0236271 -0.0087839 0.0256255 0.0408088 0.0589874 0.0419379 0.0109237 -0.0203073 0.0520415 0.0509852 0.0880666 0.0312859 -0.0174573 -0.0229402 -0.0385661
internal_weight=898.219 574.008 324.211 268.124 305.884 206.833 199.851 126.393 50.0354 39.7448 15.6673 8.62209 73.4579 76.3576 94.4393 86.6709 30.0277 20.0816 56.6432 13.795 31.9612 179.972 125.912 173.685 50.436 17.4981 32.9379 122.573 111.246 63.3896
internal_count=4906 2898 2008 1236 1662 1242 1197 736 297 236 92 50 461 439 476 435 150 99 285 68 182 923 739 760 253 82 171 718 655 380
is_linear=0
shrinkage=0.1


Tree=7
num_leaves=31
num_cat=0
split_feature=6 14 14 10 1 134 12 8 44 0 0 1 9 82 8 16 12 26 5 41 13 1 16 1 68 67 8 53 11 5
split_gain=42.0002 19.6513 7.66444 6.27344 10.1598 7.95507 6.09396 5.98562 5.70046 5.7925 16.7956 4.71241 6.77374 9.47323 6.08691 5.97844 5.53496 4.31699 3.99796 3.97207 3.82862 5.99324 4.60753 3.78414 3.6499 9.70673 5.0158 4.91479 5.78179 3.57092
threshold=1.0000000180025095e-35 1.0000000180025095e-35 1.0000000180025095e-35 1.0000000180025095e-35 0.90873831510543834 1.0000000180025095e-35 1.0000000180025095e-35 1.0000000180025095e-35 1.0000000180025095e-35 9.5838465690612811 8.6844625473022479 0.17408167570829394 1.0000000180025095e-35 1.0000000180025095e-35 1.0000000180025095e-35 1.0000000180025095e-35 1.0000000180025095e-35 1.0000000180025095e-35 1.0000000180025095e-35 1.0000000180025095e-35 1.0000000180025095e-35 -0.23431439697742459 1.0000000180025095e-35 0.83420792222023021 1.0000000180025095e-35 1.0000000180025095e-35 1.0000000180025095e-35 1.0000000180025095e-35 1.0000000180025095e-35 1.0000000180025095e-35
decision_type=2 2 2 2 2 2 2 2 2 2 2 2 2 2 2 2 2 2 2 2 2 2 2 2 2 2 2 2 2 2
left_child=1 3 11 4 24 8 -7 -3 -5 10 -10 14 -13 17 15 16 -2 -14 -18 20 23 -22 -23 -9 27 26 -26 28 -1 -16
right_child=2 7 -4 5 -6 6 -8 19 9 -11 -12 12 13 -15 29 -17 18 -19 -20 -21 21 22 -24 -25 25 -27 -28 -29 -30 -31
leaf_value=0.0010569105643980022 -0.025028732146312058 0.046137478840639568 -0.010633329883920059 0.097059738014085434 0.098277836679451114 0.025254028761739589 0.15213464501337548 0.04490691431313746 0.0027866047491346287 -0.020166181210198031 0.16615613569767373 -0.082959637825874663 -0.011372667325747071 0.10409978009216901 -0.036794234439903241 -0.045704349247124493 0.083530519775639953 -0.087269573406060896 -0.0073054409180532166 -0.054605820332905723 -0.073182310585168553 -0.014890404959476803 0.083186803023596295 -0.038462731195516693 0.13578462376308079 -0.043186090863516352 0.011816488022512539 -0.080089807131376589 -0.044214583201674262 -0.10028137822279062
leaf_weight=59.702871650457382 18.203471183776855 176.16775369644165 127.18007604777813 6.4390025585889807 7.5473038405179969 8.5053222328424436 6.8212253451347342 51.420401468873024 48.425278082489967 63.556368365883827 7.2328436821699134 50.93043926358223 16.120365992188454 4.8374602347612372 24.425277054309845 27.279214516282082 13.280192643404009 14.005458772182466 7.628674402832984 7.5494985431432715 9.5912160873413104 12.471284955739977 7.7769056558609 6.0891292393207541 6.6713721007108688 14.777536138892174 6.3897975385189056 15.669908568263052 53.481511458754539 13.902011170983313
leaf_count=337 118 760 742 34 38 43 34 253 257 339 37 346 107 32 163 183 81 93 48 41 51 62 37 32 36 83 37 89 298 95
internal_value=-0.000458928 0.015636 -0.0296456 -0.00176626 -0.0150489 0.0137079 0.0817235 0.035231 0.00541172 0.00046164 0.0240167 -0.042331 -0.0596921 -0.0257986 -0.0280908 -0.0097726 0.0152883 -0.046657 0.0503887 0.0149845 0.0209991 -0.00806564 0.022779 0.0360797 -0.0205074 0.0123278 0.0751368 -0.0276014 -0.0203346 -0.0598222
internal_weight=894.079 576.287 317.793 305.22 164.24 140.98 15.3265 271.066 125.653 119.214 55.6581 190.613 85.8937 34.9633 104.719 66.3916 39.1123 30.1258 20.9089 94.8984 87.3489 29.8394 20.2482 57.5095 156.693 27.8387 13.0612 128.854 113.184 38.3273
internal_count=4906 2898 2008 1662 918 744 77 1236 667 633 294 1266 578 232 688 430 247 200 129 476 435 150 99 285 880 156 73 724 635 258
is_linear=0
shrinkage=0.1


Tree=8
num_leaves=31
num_cat=0
split_feature=6 14 13 5 5 174 16 11 13 113 21 68 82 16 61 12 0 1 83 14 167 0 10 81 10 80 0 94 73 0
split_gain=34.4666 15.7382 7.23161 5.89952 5.84516 5.2428 4.97943 6.63778 6.34323 4.72553 4.45587 4.92789 4.74374 6.03409 4.61207 4.43024 6.17268 4.50678 4.22638 4.82437 4.80419 4.22458 5.16068 6.54819 4.0891 5.75609 4.99805 4.52504 3.92937 3.92533
threshold=1.0000000180025095e-35 1.0000000180025095e-35 1.0000000180025095e-35 1.0000000180025095e-35 1.0000000180025095e-35 1.0000000180025095e-35 1.0000000180025095e-35 1.0000000180025095e-35 1.0000000180025095e-35 1.0000000180025095e-35 1.0000000180025095e-35 1.0000000180025095e-35 1.0000000180025095e-35 1.0000000180025095e-35 1.0000000180025095e-35 1.0000000180025095e-35 3.2950034141540532 -0.52635180950164784 1.0000000180025095e-35 1.0000000180025095e-35 1.0000000180025095e-35 11.934291839599611 1.0000000180025095e-35 1.0000000180025095e-35 1.0000000180025095e-35 1.0000000180025095e-35 16.041068077087406 1.0000000180025095e-35 1.0000000180025095e-35 8.0082135200500506
decision_type=2 2 2 2 2 2 2 2 2 2 2 2 2 2 2 2 2 2 2 2 2 2 2 2 2 2 2 2 2 2
left_child=1 4 5 9 -1 18 7 21 -8 10 11 12 13 15 -13 17 -17 -3 19 20 -2 22 -5 28 25 26 -21 -26 -24 -20
right_child=2 3 -4 6 -6 -7 8 -9 -10 -11 -12 14 -14 -15 -16 16 -18 -19 29 24 -22 -23 23 -25 27 -27 -28 -29 -30 -31
leaf_value=0.0098272214219035352 -0.025415683399508445 0.071796877156944744 -0.047712706573642905 0.10798932020803742 -0.018365777011326159 -0.10533765350814316 0.0099235521294678396 -0.01500222604300952 -0.082543840856509565 -0.034978309696887228 0.089929532826060421 0.10787488539783248 -0.02165819498509345 0.066916147238351417 0.025859215477906129 -0.062350710507858433 0.066791792828299154 -0.030516761511384452 -0.0079344840390092233 -0.032164346440469983 0.090884955709019555 0.003423078760277181 0.016691993708726923 -0.051365869939672931 0.028192933442883483 0.10391922991276022 0.086697190391195805 0.14911998245770922 0.15213221406812139 -0.079093682931600073
leaf_weight=180.47756916284561 92.211888611316681 5.3146548122167578 111.3010378330946 17.044252276420593 124.1079438328743 6.3508340716361991 24.593908429145813 23.323615342378616 10.62333722412586 7.457689940929412 20.567163467407227 18.08942049741745 15.026494473218916 42.672717332839966 11.041635245084764 4.424919560551646 22.627233475446701 22.668120145797733 14.233835279941561 32.097851157188416 3.6941563040018073 13.316059499979017 4.3267247378826159 6.1698841750621787 23.194144606590275 4.2545619606971732 3.9758789241313925 3.5707829743623725 4.2422788590192795 17.02313457429409
leaf_count=923 598 24 766 79 739 45 116 112 50 33 88 78 68 188 47 20 100 100 86 187 23 64 21 29 131 24 21 20 19 107
internal_value=-0.000479278 0.0139753 -0.0272705 0.0313862 -0.00166044 -0.0159287 0.0125832 0.0283087 -0.0179694 0.0428568 0.0464304 0.040124 0.0306498 0.0386943 0.0767882 0.0168118 0.045668 -0.0110847 -0.0130057 -0.00654651 -0.020936 0.0507075 0.070518 0.0271857 0.0140224 -0.00608947 -0.019064 0.0443261 0.0837447 -0.0466891
internal_weight=890.024 578.116 311.908 273.53 304.586 200.607 103.64 68.4228 35.2172 169.89 162.432 141.865 112.734 97.7076 29.1311 55.0349 27.0522 27.9828 194.256 162.999 95.906 45.0992 31.7831 14.7389 67.0932 40.3283 36.0737 26.7649 8.569 31.257
internal_count=4906 2898 2008 1236 1662 1242 490 324 166 746 713 625 500 432 125 244 120 124 1197 1004 621 212 148 69 383 232 208 151 40 193
is_linear=0
shrinkage=0.1


Tree=9
num_leaves=31
num_cat=0
split_feature=6 14 13 8 8 174 5 16 8 0 11 0 81 7 61 0 51 26 84 82 83 99 13 15 0 0 0 0 10 13
split_gain=28.2903 12.5692 6.20998 5.45427 4.75998 4.6763 3.82752 4.57132 3.96822 6.25306 5.58489 5.02823 4.37746 4.14529 3.82073 3.6354 5.93621 3.44167 3.37267 3.26397 3.25339 3.2055 4.328 3.18562 6.19923 10.2558 6.23818 5.40249 4.39977 4.309
threshold=1.0000000180025095e-35 1.0000000180025095e-35 1.0000000180025095e-35 1.0000000180025095e-35 1.0000000180025095e-35 1.0000000180025095e-35 1.0000000180025095e-35 1.0000000180025095e-35 1.0000000180025095e-35 14.591375827789308 1.0000000180025095e-35 9.1197810173034686 1.0000000180025095e-35 1.0000000180025095e-35 1.0000000180025095e-35 4.9609856605529794 1.0000000180025095e-35 1.0000000180025095e-35 1.0000000180025095e-35 1.0000000180025095e-35 1.0000000180025095e-35 1.0000000180025095e-35 1.0000000180025095e-35 1.0000000180025095e-35 5.405886411666871 3.5961669683456425 4.273785114288331 8.2067074775695819 1.0000000180025095e-35 1.0000000180025095e-35
decision_type=2 2 2 2 2 2 2 2 2 2 2 2 2 2 2 2 2 2 2 2 2 2 2 2 2 2 2 2 2 2
left_child=1 3 5 -1 23 6 8 20 13 10 -10 12 -12 -2 18 -15 -17 -11 -6 21 -8 22 -16 24 25 -3 -27 -25 29 -29
right_child=2 4 -4 -5 14 -7 7 -9 9 17 11 -13 -14 15 19 16 -18 -19 -20 -21 -22 -23 -24 27 -26 26 -28 28 -30 -31
leaf_value=0.009976229107458932 -0.0071730841495136312 0.019331006395686686 -0.044357946677169573 -0.017128000882314722 -0.011305499907190902 -0.10210345006775919 -0.00096961390897075622 -0.067626181253646098 -0.074741583035273312 0.10284450544448168 -0.024720738364671146 -0.062726301370640669 0.11780088225960139 0.097224323900145293 0.063447502708252279 -0.010272513137412689 0.1016622939365653 -0.013073781717695607 0.080624053872345058 -0.03384306789239544 -0.071680085622491174 0.10606637944732732 -0.030042984410615495 -0.011796763124018452 0.035703521692897811 0.2386710490078513 0.097947057599013204 0.036624766952649705 0.0035721472102542666 0.11678508581960184
leaf_weight=175.31756456196308 43.526453465223312 10.379029735922815 107.9284605756402 128.78076915442944 57.291516199707985 5.9191700518131247 38.854452505707741 22.572370141744614 22.254430904984474 5.1623453646898252 3.922993451356886 6.4887250065803519 4.7820510715246201 8.2899722158908826 13.99494737386704 17.31982691586018 6.5218782871961585 5.0835854709148407 4.2896481752395621 5.5334362387657157 7.8156805187463751 7.542215719819068 7.6629938483238211 29.120099440217018 80.866523593664169 5.1096734851598731 8.213873162865637 17.327024906873703 17.258991688489914 10.9398609995842
leaf_count=933 257 44 766 729 296 45 248 161 144 31 24 42 26 46 64 97 39 30 20 27 52 33 36 127 342 21 34 73 73 46
internal_value=-0.000477187 0.012515 -0.0250517 -0.00150198 0.0279854 -0.0145552 -0.0118645 -0.0306804 -0.00130244 -0.0238926 -0.0428324 0.00390534 0.0535724 0.0129382 0.0100563 0.0401815 0.0203472 0.0453309 -0.00490183 0.0365765 -0.0128112 0.049921 0.0303688 0.037621 0.0488855 0.0938587 0.151916 0.021841 0.0433569 0.0676484
internal_weight=886.071 579.628 306.442 304.098 275.53 198.514 192.595 69.2425 123.352 47.6941 37.4482 15.1938 8.70504 75.6581 96.3148 32.1317 23.8417 10.2459 61.5812 34.7336 46.6701 29.2002 21.6579 179.215 104.569 23.7026 13.3235 74.646 45.5259 28.2669
internal_count=4906 2898 2008 1662 1236 1242 1197 461 736 297 236 92 50 439 476 182 136 61 316 160 300 133 100 760 441 99 55 319 192 119
is_linear=0
shrinkage=0.1


Tree=10
num_leaves=31
num_cat=0
split_feature=6 5 8 14 14 71 79 8 13 0 129 0 99 0 39 69 113 81 61 15 0 0 168 82 10 68 40 138 54 0
split_gain=23.2605 10.1681 6.27347 6.08081 6.00369 4.24343 4.88182 4.23565 3.98796 4.53202 6.19047 5.97874 4.96459 5.49727 7.63833 4.63035 3.71772 3.59206 5.88211 3.81732 3.53034 4.68716 3.52698 4.44328 4.22424 7.19627 4.99167 4.77231 3.68358 3.51635
threshold=1.0000000180025095e-35 1.0000000180025095e-35 1.0000000180025095e-35 1.0000000180025095e-35 1.0000000180025095e-35 1.0000000180025095e-35 1.0000000180025095e-35 1.0000000180025095e-35 1.0000000180025095e-35 3.4811772108078007 1.0000000180025095e-35 13.419575691223146 1.0000000180025095e-35 14.405201911926271 1.0000000180025095e-35 1.0000000180025095e-35 1.0000000180025095e-35 1.0000000180025095e-35 1.0000000180025095e-35 1.0000000180025095e-35 9.5838465690612811 6.7802875041961679 1.0000000180025095e-35 1.0000000180025095e-35 1.0000000180025095e-35 1.0000000180025095e-35 1.0000000180025095e-35 1.0000000180025095e-35 1.0000000180025095e-35 11.934291839599611
decision_type=2 2 2 2 2 2 2 2 2 2 2 2 2 2 2 2 2 2 2 2 2 2 2 2 2 2 2 2 2 2
left_child=1 3 8 -1 5 7 -7 -2 9 -3 11 15 13 -13 -15 17 -5 -11 19 -19 21 -10 23 24 26 29 27 -6 -28 -26
right_child=4 2 -4 16 22 6 -8 -9 20 10 -12 12 -14 14 -16 -17 -18 18 -20 -21 -22 -23 -24 -25 25 -27 28 -29 -30 -31
leaf_value=0.0090478448155454916 -0.010460431881040492 -0.048303508008842685 -0.028432086294881639 0.03841492250184813 -0.043090539324928699 -0.066578337068857199 0.046726612552449642 -0.048923182670302587 -0.025355308023107561 0.031731914250455476 0.080202163758622047 0.125582195820579 0.13951408150910172 -0.060028911428779586 0.10138633231096157 -0.091165899770664249 -0.033944723770219898 -0.1143644813961094 0.056816654982940334 -0.0012499082771871535 -0.041469197344783854 0.053925071527737484 -0.073412886135728925 0.05853575373067952 0.017884081049846439 -0.078206069057631167 -0.025792901035128626 0.06973393850293523 0.10798462979709984 0.093898945808011891
leaf_weight=181.01086992025375 78.36592672765255 8.9742085039615613 77.205133706331253 164.79529370367527 51.810683704912663 50.349610365927219 4.1132811605930319 45.113520957529545 17.342149540781978 21.467051103711128 17.092509672045708 4.390351399779326 5.2992517203092566 8.4352278858423215 4.4932429939508429 5.8513318449258795 7.4201225489377967 7.201128229498865 5.5124364495277396 5.0938898921012878 25.9544817507267 13.083026096224783 7.3143136948347083 11.038216970860956 26.263966128230095 6.6488769724965087 3.7272314727306348 4.0415036231279364 4.5966925695538521 7.9207553267478934
leaf_count=923 537 49 468 713 324 369 28 332 92 107 82 21 26 42 22 30 33 37 28 27 133 65 44 63 150 44 21 24 27 45
internal_value=-0.000471192 0.0112278 -0.00526556 0.0218457 -0.0230155 -0.0347687 -0.058021 -0.0245129 0.00664317 0.0192757 0.0264244 0.0128557 0.0548175 0.0289018 -0.00392963 -0.00817654 0.0352972 0.00418767 -0.0290172 -0.0675005 -0.0143762 0.00873578 -0.00606218 -0.00181717 -0.00816124 0.0169829 -0.0241598 -0.0349265 0.0480826 0.0354971
internal_weight=881.926 580.622 227.395 353.226 301.305 177.942 54.4629 123.479 150.19 93.8106 84.8364 67.7439 22.6181 17.3188 12.9285 45.1258 172.215 39.2745 17.8075 12.295 56.3797 30.4252 123.362 116.048 105.01 40.8336 64.1761 55.8522 8.32392 34.1847
internal_count=4906 2898 1229 1669 2008 1266 397 869 761 471 422 340 111 85 64 229 746 199 92 64 290 157 742 698 635 239 396 348 48 195
is_linear=0
shrinkage=0.1


Tree=11
num_leaves=31
num_cat=0
split_feature=6 8 13 113 5 5 41 128 79 49 62 54 67 26 99 174 56 0 7 81 11 132 0 61 0 9 68 11 9 10
split_gain=19.088 8.6753 5.34741 5.26543 5.58518 4.90467 4.32979 5.23639 4.68663 4.29209 4.82502 8.8544 8.8127 4.42274 4.17122 4.15897 3.97687 3.76328 3.71049 8.0654 5.83713 5.49164 5.6391 5.24033 5.71803 4.63241 3.87249 4.22704 7.50064 4.79405
threshold=1.0000000180025095e-35 1.0000000180025095e-35 1.0000000180025095e-35 1.0000000180025095e-35 1.0000000180025095e-35 1.0000000180025095e-35 1.0000000180025095e-35 1.0000000180025095e-35 1.0000000180025095e-35 1.0000000180025095e-35 1.0000000180025095e-35 1.0000000180025095e-35 1.0000000180025095e-35 1.0000000180025095e-35 1.0000000180025095e-35 1.0000000180025095e-35 1.0000000180025095e-35 9.5071868896484393 1.0000000180025095e-35 1.0000000180025095e-35 1.0000000180025095e-35 1.0000000180025095e-35 13.600273609161379 1.0000000180025095e-35 8.0082135200500506 1.0000000180025095e-35 1.0000000180025095e-35 1.0000000180025095e-35 1.0000000180025095e-35 1.0000000180025095e-35
decision_type=2 2 2 2 2 2 2 2 2 2 2 2 2 2 2 2 2 2 2 2 2 2 2 2 2 2 2 2 2 2
left_child=1 3 15 4 9 6 7 8 -3 18 -11 13 14 -12 -13 -2 -5 -10 20 -20 23 22 -22 24 -1 -26 27 28 -21 -29
right_child=2 5 -4 16 -6 -7 -8 -9 17 10 11 12 -14 -15 -16 -17 -18 -19 19 26 21 -23 -24 -25 25 -27 -28 29 -30 -31
leaf_value=-0.035269928896575063 -0.0088428620153860986 0.023848175733601679 -0.039516699368776456 -0.084051879049999806 0.0074119819591940105 -0.0260312152272799 -0.052173710770186614 -0.046801515049522492 0.0058308092671106289 0.022150761092157925 0.085493665277645015 0.1339337521320407 -0.030814547260410132 0.21444401680410446 0.022406902114893032 -0.098122239394215785 0.01419814669784634 -0.10349458967322972 0.011266461765350191 0.033148739514057467 -0.0082748259553029457 0.14070100778046596 0.085412210138039055 -0.067750532469438893 0.13879848712658457 0.0073755730486307486 0.16675893490999061 -0.050568779658893948 0.18371372870215708 0.090902161551798241
leaf_weight=13.15200947225094 188.21078153699636 108.61604422330856 103.04739746451378 8.333465576171875 143.8994932025671 75.961158633232117 12.069135263562201 14.351479530334471 7.5438396334648115 24.774828761816025 4.9015830904245359 9.4144081175327283 9.1762504428625107 5.81548872590065 5.209110528230668 5.3665335178375235 8.1478309780359268 5.4043054580688477 38.588930681347847 7.2392173409462011 19.667345255613331 4.5267035812139502 9.541580379009245 13.931818217039107 4.6127178221940976 6.4078494161367416 4.5199542194604865 5.1664079129695892 6.0937657803297043 4.4659147262573242
leaf_count=59 1197 534 766 41 727 468 64 74 38 109 22 41 40 25 22 45 40 27 181 32 91 19 42 62 20 28 20 25 27 20
internal_value=-0.000470952 0.0100586 -0.0211142 0.0197244 0.0223917 -0.00537522 0.00522758 0.0103247 0.0170689 0.0333223 0.0558223 0.0799904 0.0460032 0.155467 0.0942063 -0.0113179 -0.0354802 -0.0397995 0.0236492 0.0407525 0.00791866 0.0382129 0.0223296 -0.0189022 0.00925137 0.0623833 0.0821504 0.065498 0.101964 0.0150226
internal_weight=878.157 581.533 296.625 357.587 341.105 223.946 147.985 135.916 121.564 197.206 59.2917 34.5168 23.7998 10.7171 14.6235 193.577 16.4813 12.9481 137.914 66.0742 71.84 33.7356 29.2089 38.1044 24.1726 11.0206 27.4853 22.9653 13.333 9.63232
internal_count=4906 2898 2008 1693 1612 1205 737 673 599 885 259 150 103 47 63 1242 81 65 626 305 321 152 133 169 107 48 124 104 59 45
is_linear=0
shrinkage=0.1


Tree=12
num_leaves=31
num_cat=0
split_feature=6 14 214 14 10 1 134 44 0 0 0 1 15 12 0 9 82 1 39 32 5 12 11 81 71 7 9 62 11 26
split_gain=15.5957 8.30607 5.21789 5.71986 4.62804 7.84268 5.63342 4.49174 4.64966 12.8463 4.93366 4.22586 5.1543 4.07392 3.99986 9.12771 5.36923 4.12296 4.4761 8.02298 5.46385 5.7596 5.92094 4.09708 6.48278 6.51678 3.92384 3.82604 3.79829 3.49277
threshold=1.0000000180025095e-35 1.0000000180025095e-35 1.0000000180025095e-35 1.0000000180025095e-35 1.0000000180025095e-35 0.90873831510543834 1.0000000180025095e-35 1.0000000180025095e-35 9.5838465690612811 9.1197810173034686 9.9780974388122576 -0.14092326164245603 1.0000000180025095e-35 1.0000000180025095e-35 10.186173915863039 1.0000000180025095e-35 1.0000000180025095e-35 0.082515783607959761 1.0000000180025095e-35 1.0000000180025095e-35 1.0000000180025095e-35 1.0000000180025095e-35 1.0000000180025095e-35 1.0000000180025095e-35 1.0000000180025095e-35 1.0000000180025095e-35 1.0000000180025095e-35 1.0000000180025095e-35 1.0000000180025095e-35 1.0000000180025095e-35
decision_type=2 2 2 2 2 2 2 2 2 2 2 2 2 2 2 2 2 2 2 2 2 2 2 2 2 2 2 2 2 2
left_child=1 4 3 14 5 -1 7 -6 9 11 -10 12 26 -8 17 -16 23 18 20 -20 21 29 -23 24 25 -17 -9 -21 -28 -2
right_child=2 -3 -4 -5 6 -7 13 8 10 -11 -12 -13 -14 -15 15 16 -18 -19 19 27 -22 22 -24 -25 -26 -27 28 -29 -30 -31
leaf_value=-0.018896856578873258 0.0011610583321720858 0.021513997934315826 0.092132318121488699 -0.0041375735543528547 0.083324907238949919 0.083526734997131327 0.020233677840749809 -0.01627819417577081 -0.13596837435496079 0.18005545797144984 -0.012725818658023162 0.057440351160598591 -0.052429579574469226 0.12158953791096055 -0.078516464780843551 -0.0055027939524215962 0.082592539619000621 0.073643555015036319 0.1546353319279129 -0.052389003428320195 -0.07331441078264285 -0.01809122769129275 0.095537918724912935 -0.091616583661543682 -0.045315793570979659 0.18791184716056844 0.12590049126335551 0.05646799482295356 0.0037897463569842578 -0.075301979915784523
leaf_weight=154.43775188922882 9.7806795686483383 277.73608306050301 4.1432064175605765 119.39673747867346 6.7061253339052191 7.8562190830707541 8.644227668642996 12.750969901680946 3.4355397671461096 4.6096947789192191 59.580490484833717 12.142040878534315 16.611277475953102 7.3270234763622275 45.207389339804649 4.3580932021141097 5.3145319297909728 4.6191986724734297 3.6071512550115594 8.8541836738586408 24.022061713039875 11.481924861669542 7.6351636573672286 7.274881348013877 13.536850199103355 2.9020292907953262 5.2748069912195206 5.0819613486528405 4.9263044446706772 15.34940617531538
leaf_count=880 69 1236 27 731 34 38 43 70 18 22 321 62 88 34 356 32 35 33 25 65 182 80 48 55 103 20 27 37 25 110
internal_value=-0.0004577 0.00900972 -0.0192925 -0.0208931 -0.0024029 -0.0139388 0.0107809 0.00369082 -0.000784425 0.0200964 -0.0194448 0.00583553 -0.0100021 0.066732 -0.0327289 -0.04923 -0.00957421 -0.0183879 -0.0233418 0.021712 -0.0349194 -0.0140746 0.0272911 -0.0270231 -0.00442801 0.0718093 0.0207043 -0.0126932 0.066931 -0.0455424
internal_weight=874.604 582.039 292.565 288.422 304.302 162.294 142.009 126.037 119.331 56.3151 63.016 51.7054 39.5634 15.9713 169.026 78.5938 33.3864 90.4317 85.8125 17.5433 68.2692 44.2472 19.1171 28.0719 20.797 7.26012 22.9521 13.9361 10.2011 25.1301
internal_count=4906 2898 2008 1981 1662 918 744 667 633 294 339 272 210 77 1250 601 245 649 616 127 489 307 128 210 155 52 122 102 52 179
is_linear=0
shrinkage=0.1


end of trees

feature_importances:
Column_0=51
Column_5=35
Column_8=26
Column_14=22
Column_13=21
Column_10=14
Column_1=13
Column_6=13
Column_11=11
Column_16=11
Column_61=11
Column_68=9
Column_81=9
Column_15=8
Column_26=8
Column_7=7
Column_12=7
Column_41=6
Column_82=6
Column_99=6
Column_9=5
Column_174=5
Column_21=4
Column_83=4
Column_93=4
Column_113=4
Column_49=3
Column_62=3
Column_67=3
Column_73=3
Column_74=3
Column_79=3
Column_134=3
Column_135=3
Column_34=2
Column_39=2
Column_42=2
Column_44=2
Column_54=2
Column_71=2
Column_84=2
Column_94=2
Column_128=2
Column_138=2
Column_139=2
Column_178=2
Column_19=1
Column_31=1
Column_32=1
Column_33=1
Column_35=1
Column_40=1
Column_45=1
Column_51=1
Column_53=1
Column_56=1
Column_64=1
Column_69=1
Column_80=1
Column_129=1
Column_130=1
Column_132=1
Column_133=1
Column_140=1
Column_151=1
Column_167=1
Column_168=1
Column_214=1

parameters:
[boosting: gbdt]
[objective: binary]
[metric: binary_logloss]
[tree_learner: serial]
[device_type: cpu]
[data_sample_strategy: bagging]
[data: ]
[valid: ]
[num_iterations: 300]
[learning_rate: 0.1]
[num_leaves: 31]
[num_threads: 0]
[seed: 0]
[deterministic: 0]
[force_col_wise: 0]
[force_row_wise: 0]
[histogram_pool_size: -1]
[max_depth: -1]
[min_data_in_leaf: 20]
[min_sum_hessian_in_leaf: 0.001]
[bagging_fraction: 1]
[pos_bagging_fraction: 1]
[neg_bagging_fraction: 1]
[bagging_freq: 0]
[bagging_seed: 7719]
[bagging_by_query: 0]
[feature_fraction: 1]
[feature_fraction_bynode: 1]
[feature_fraction_seed: 2437]
[extra_trees: 0]
[extra_seed: 11797]
[early_stopping_round: 0]
[early_stopping_min_delta: 0]
[first_metric_only: 0]
[max_delta_step: 0]
[lambda_l1: 0]
[lambda_l2: 0]
[linear_lambda: 0]
[min_gain_to_split: 0]
[drop_rate: 0.1]
[max_drop: 50]
[skip_drop: 0.5]
[xgboost_dart_mode: 0]
[uniform_drop: 0]
[drop_seed: 21238]
[top_rate: 0.2]
[other_rate: 0.1]
[min_data_per_group: 100]
[max_cat_threshold: 32]
[cat_l2: 10]
[cat_smooth: 10]
[max_cat_to_onehot: 4]
[top_k: 20]
[monotone_constraints: ]
[monotone_constraints_method: basic]
[monotone_penalty: 0]
[feature_contri: ]
[forcedsplits_filename: ]
[refit_decay_rate: 0.9]
[cegb_tradeoff: 1]
[cegb_penalty_split: 0]
[cegb_penalty_feature_lazy: ]
[cegb_penalty_feature_coupled: ]
[path_smooth: 0]
[interaction_constraints: ]
[verbosity: -1]
[saved_feature_importance_type: 0]
[use_quantized_grad: 0]
[num_grad_quant_bins: 4]
[quant_train_renew_leaf: 0]
[stochastic_rounding: 1]
[linear_tree: 0]
[max_bin: 255]
[max_bin_by_feature: ]
[min_data_in_bin: 3]
[bin_construct_sample_cnt: 200000]
[data_random_seed: 38]
[is_enable_sparse: 1]
[enable_bundle: 1]
[use_missing: 1]
[zero_as_missing: 0]
[feature_pre_filter: 1]
[pre_partition: 0]
[two_round: 0]
[header: 0]
[label_column: ]
[weight_column: ]
[group_column: ]
[ignore_column: ]
[categorical_feature: ]
[forcedbins_filename: ]
[precise_float_parser: 0]
[parser_config_file: ]
[objective_seed: 8855]
[num_class: 1]
[is_unbalance: 0]
[scale_pos_weight: 1]
[sigmoid: 1]
[boost_from_average: 1]
[reg_sqrt: 0]
[alpha: 0.9]
[fair_c: 1]
[poisson_max_delta_step: 0.7]
[tweedie_variance_power: 1.5]
[lambdarank_truncation_level: 30]
[lambdarank_norm: 1]
[label_gain: ]
[lambdarank_position_bias_regularization: 0]
[eval_at: ]
[multi_error_top_k: 1]
[auc_mu_weights: ]
[num_machines: 1]
[local_listen_port: 12400]
[time_out: 120]
[machine_list_filename: ]
[machines: ]
[gpu_platform_id: -1]
[gpu_device_id: -1]
[gpu_device_id_list: ]
[gpu_use_dp: 0]
[num_gpu: 1]

end of parameters

pandas_categorical:null
